0.979347 0.984521 0.987106 0.981555 0.985746 0.984907 0.990088 0.990088 0.990088 0.990088
0.803028 0.953967 0.953224 0.949184 0.955956 0.956179 0.963564 0.963564 0.963564 0.963564
0.838822 0.993856 0.996218 0.989559 0.998221 0.997722 1.010681 1.010681 1.010681 1.010681
0.815742 0.971969 0.984336 0.977756 0.986315 0.985618 0.988544 0.988544 0.988544 0.988544
0.820913 0.975665 0.983240 0.979413 0.982365 0.996621 1.004537 1.004537 1.004537 1.004537
0.826964 0.983101 0.990252 0.983011 0.988677 1.001784 1.014890 1.014890 1.014891 1.014891
0.803992 0.933849 0.954674 0.933219 0.941314 0.942847 0.985856 0.985856 0.985857 0.985857
0.803110 0.938852 0.973701 0.940331 0.958028 0.914254 1.007633 1.007633 1.007634 1.007634
0.814231 0.951852 0.989979 0.908477 0.946169 0.916844 1.024461 1.024461 1.024462 1.024462
0.821549 0.968033 0.994155 0.912897 0.962931 0.927466 1.047070 1.047070 1.047071 1.047071
0.812054 0.960798 0.984924 0.901115 0.957352 0.925099 1.040002 1.040002 1.040003 1.040003
0.790202 0.965713 0.970423 0.905035 0.962299 0.925534 1.049487 1.049487 1.049488 1.049488
0.809012 0.991122 0.995956 0.927625 0.987618 0.949796 1.075949 1.075949 1.075949 1.075949
0.783138 0.947732 0.963705 0.898341 0.958551 0.916950 1.044068 1.044068 1.044068 1.044068
0.751389 0.755113 0.883324 0.861677 0.924666 0.871301 1.021446 1.021446 1.021446 1.021446
0.760270 0.751538 0.903099 0.881828 0.934957 0.884843 1.035953 1.035953 1.035954 1.035954
0.766722 0.765784 0.919249 0.891469 0.949283 0.901034 1.030477 1.030477 1.030477 1.030477
0.737075 0.632054 0.883705 0.856999 0.819149 0.869371 1.011179 1.011179 1.011179 1.011179
0.770878 0.659440 0.924702 0.893856 0.808967 0.909393 1.047297 1.047297 1.047298 1.047298
0.814198 0.591638 0.976666 0.944087 0.854428 0.960497 1.102689 1.102689 1.102690 1.102690
0.785747 0.558248 0.949743 0.910489 0.806208 0.920742 1.061628 1.061628 1.061629 1.061629
0.820289 0.587300 0.999168 0.957871 0.838946 0.968658 1.111055 1.111055 1.111056 1.111056
0.799975 0.569582 0.972189 0.931815 0.807570 0.943804 1.100691 1.100691 1.100692 1.100692
0.792090 0.562011 0.957942 0.914279 0.767170 0.934725 1.103171 1.103171 1.103171 1.103171
0.840889 0.596673 1.017772 0.970143 0.811235 0.991117 1.172470 1.172470 1.172470 1.172470
0.730830 0.518578 0.978163 0.932388 0.779664 0.952545 1.113609 1.113609 1.113610 1.113610
0.758512 0.541112 1.022359 0.972364 0.815520 0.997304 1.167462 1.167462 1.167463 1.167463
0.737505 0.530355 0.934463 0.924414 0.791187 0.971304 1.148954 1.148954 1.148954 1.148954
0.720207 0.516563 0.909062 0.902313 0.774418 0.929038 1.120113 1.120113 1.120114 1.120114
0.765604 0.547015 0.970138 0.956977 0.827685 0.991311 1.198353 1.198353 1.198354 1.198354
0.755318 0.540100 0.958227 0.944734 0.819417 0.980861 1.195117 1.195117 1.195118 1.195118
0.752572 0.538764 0.962063 0.938268 0.814358 0.982632 1.200142 1.200142 1.200142 1.200142
0.746455 0.531315 0.953038 0.929264 0.809446 0.978782 1.200462 1.200462 1.200463 1.200463
0.717325 0.521368 0.927220 0.885134 0.790142 0.941004 1.183718 1.183718 1.183719 1.183719
0.727592 0.514569 0.941557 0.885122 0.799051 0.953806 1.208093 1.208093 1.208094 1.208094
0.736531 0.520769 0.952164 0.893867 0.810598 0.964027 1.225487 1.225487 1.225488 1.225488
0.704490 0.500684 0.881421 0.847035 0.770421 0.925146 1.180335 1.180335 1.180336 1.180336
0.751942 0.534409 0.940790 0.904089 0.822314 0.987461 1.258531 1.258531 1.258532 1.258532
0.734689 0.523122 0.923640 0.882757 0.804515 0.969310 1.239194 1.239194 1.239195 1.239195
0.721682 0.470427 0.907155 0.867002 0.790272 0.952011 1.214123 1.214123 1.214123 1.214123
0.716516 0.459005 0.911346 0.870417 0.793795 0.956408 1.227517 1.227517 1.227518 1.227518
0.718063 0.460152 0.914523 0.878758 0.796337 0.965613 1.245398 1.245398 1.245399 1.245399
0.718180 0.462626 0.912222 0.880842 0.803323 0.968754 1.253963 1.253963 1.253965 1.253965
0.708279 0.457927 0.902559 0.873639 0.778010 0.958913 1.236899 1.236899 1.236900 1.236900
0.727165 0.470138 0.916453 0.896935 0.798756 0.984483 1.263267 1.263267 1.263268 1.263268
0.689550 0.451111 0.838172 0.857943 0.760849 0.924555 1.225795 1.225795 1.225796 1.225796
0.706079 0.462683 0.863892 0.881824 0.775136 0.953907 1.270725 1.270725 1.270727 1.270727
0.683318 0.449066 0.843391 0.849354 0.751734 0.921598 1.252222 1.252222 1.252224 1.252224
0.701453 0.460074 0.864621 0.870831 0.771944 0.946712 1.286970 1.286970 1.286971 1.286971
0.705519 0.459707 0.864720 0.866268 0.767131 0.937319 1.294317 1.294317 1.294319 1.294319
0.705369 0.461542 0.868537 0.869030 0.770163 0.937780 1.305394 1.305394 1.305396 1.305396
0.698838 0.454567 0.860496 0.860984 0.758044 0.914613 1.293458 1.293458 1.293460 1.293460
0.693053 0.447293 0.851066 0.844748 0.751199 0.900227 1.283361 1.283361 1.283363 1.283363
0.683395 0.442311 0.814936 0.835339 0.743634 0.891161 1.256468 1.256468 1.256470 1.256470
0.709278 0.458918 0.846199 0.867467 0.771335 0.923926 1.305031 1.305031 1.305033 1.305033
0.705340 0.438849 0.835011 0.852777 0.762222 0.901749 1.297495 1.297495 1.297496 1.297496
0.706359 0.438960 0.836188 0.858285 0.768083 0.889152 1.311813 1.311813 1.311814 1.311814
0.695854 0.421571 0.816342 0.843018 0.750334 0.878207 1.299336 1.299336 1.299337 1.299337
0.703982 0.426951 0.828781 0.849733 0.758010 0.885258 1.323444 1.323444 1.323445 1.323445
0.717761 0.435308 0.845002 0.866364 0.772846 0.902585 1.344756 1.344756 1.344757 1.344757
0.705498 0.429682 0.834216 0.853778 0.763478 0.889495 1.332497 1.332497 1.332498 1.332498
0.661151 0.402673 0.781778 0.800111 0.715487 0.833582 1.188888 1.188888 1.188890 1.188890
0.712661 0.437689 0.857765 0.872352 0.779352 0.904651 1.301804 1.301804 1.301805 1.301805
0.701163 0.434669 0.854081 0.869806 0.771364 0.894050 1.303076 1.303076 1.303077 1.303077
0.708163 0.438957 0.857900 0.873030 0.778678 0.900716 1.320342 1.320342 1.320343 1.320343
0.704605 0.433304 0.851091 0.866241 0.775419 0.897910 1.319521 1.319521 1.319522 1.319522
0.716149 0.440403 0.865035 0.880434 0.788124 0.912622 1.338779 1.338779 1.338780 1.338780
0.687784 0.427703 0.842488 0.836551 0.759910 0.875677 1.307215 1.307215 1.307216 1.307216
0.696438 0.432961 0.853783 0.846163 0.770273 0.882019 1.331297 1.331297 1.331298 1.331298
0.676547 0.426528 0.843827 0.838314 0.764752 0.872000 1.331233 1.331233 1.331234 1.331234
0.682921 0.428167 0.857684 0.852081 0.777310 0.886319 1.351976 1.351976 1.351977 1.351977
0.675865 0.422188 0.845110 0.842105 0.766202 0.875743 1.337298 1.337298 1.337299 1.337299
0.648291 0.407280 0.801864 0.814829 0.740676 0.808422 1.305542 1.305542 1.305543 1.305543
0.656260 0.407707 0.798614 0.797988 0.745204 0.766090 1.320600 1.320600 1.320600 1.320600
0.663812 0.411975 0.801646 0.804314 0.753780 0.763853 1.332932 1.332932 1.332933 1.332933
0.677867 0.422499 0.820215 0.823102 0.771506 0.783221 1.369114 1.369114 1.369115 1.369115
0.677794 0.420644 0.817961 0.813049 0.763454 0.778877 1.366954 1.366954 1.366955 1.366955
0.656786 0.397968 0.803153 0.801124 0.752227 0.772217 1.360468 1.360468 1.360469 1.360469
0.667038 0.404570 0.816222 0.810875 0.764251 0.784365 1.387194 1.387194 1.387195 1.387195
0.632266 0.389875 0.767606 0.765341 0.718197 0.752571 1.336837 1.336837 1.336838 1.336838
0.660509 0.408288 0.803540 0.795081 0.752567 0.785485 1.398940 1.398940 1.398940 1.398940
0.647830 0.402444 0.786100 0.784166 0.744868 0.771101 1.379907 1.379907 1.379908 1.379908
0.637123 0.403261 0.786876 0.779597 0.742927 0.769092 1.386095 1.386095 1.386095 1.386095
0.634979 0.404366 0.790246 0.782935 0.745188 0.773305 1.383121 1.383121 1.383122 1.383122
0.632242 0.403810 0.781652 0.778893 0.738883 0.772517 1.375603 1.375603 1.375604 1.375604
0.626910 0.405321 0.757347 0.762247 0.738350 0.778661 1.392481 1.392481 1.392482 1.392482
0.636111 0.410556 0.768191 0.771785 0.746646 0.787660 1.414164 1.414164 1.414164 1.414164
0.635849 0.409557 0.766548 0.764700 0.742480 0.786749 1.419585 1.419585 1.419585 1.419585
0.566828 0.358266 0.670550 0.677617 0.658702 0.700373 1.198974 1.198974 1.198974 1.198974
0.637415 0.406328 0.756814 0.746286 0.724998 0.779839 1.367958 1.367958 1.367959 1.367959
0.627629 0.397957 0.741223 0.734006 0.710062 0.746478 1.361014 1.361014 1.361015 1.361015
0.589142 0.372456 0.689454 0.460980 0.640462 0.674074 1.306724 1.306724 1.306724 1.306724
0.665044 0.415922 0.774270 0.515080 0.722613 0.756912 1.478729 1.478729 1.478730 1.478730
0.640436 0.367365 0.741866 0.493468 0.690032 0.719631 1.423451 1.423451 1.423452 1.423452
0.662832 0.380211 0.767809 0.499796 0.714163 0.744796 1.451956 1.451956 1.451956 1.451956
0.683126 0.391852 0.791316 0.515098 0.736028 0.726401 1.492686 1.492686 1.492686 1.492686
0.684826 0.391563 0.792232 0.513535 0.736248 0.723749 1.497756 1.497756 1.497756 1.497756
0.678854 0.387966 0.777970 0.508751 0.730477 0.719609 1.493449 1.493449 1.493449 1.493449
0.683139 0.390034 0.775647 0.506616 0.733393 0.719007 1.508032 1.508032 1.508032 1.508032
0.668390 0.379520 0.759139 0.496905 0.720687 0.705911 1.486781 1.486781 1.486780 1.486780
