0.972408 0.973449 0.975828 0.968837 0.971013 0.968898 0.979015 0.979015 0.979015 0.979015
0.949779 0.934397 0.964424 0.956867 0.959512 0.957576 0.973751 0.973751 0.973751 0.973751
0.961631 0.950109 0.978363 0.970882 0.973716 0.973497 0.991668 0.991668 0.991668 0.991668
0.962979 0.951168 0.980532 0.971193 0.976096 0.969720 0.998785 0.998785 0.998785 0.998785
0.906010 0.874968 0.929576 0.913127 0.897898 0.906257 0.937464 0.937464 0.937464 0.937464
0.963708 0.928854 0.987459 0.970094 0.955401 0.964639 0.998341 0.998341 0.998341 0.998341
0.983601 0.948028 1.007843 0.990119 0.975123 0.984551 1.017155 1.017155 1.017154 1.017154
0.946994 0.917900 0.985887 0.968549 0.953880 0.962904 0.984950 0.984950 0.984950 0.984950
0.944101 0.903945 0.982470 0.966003 0.953473 0.957386 0.984328 0.984328 0.984327 0.984327
0.963943 0.919974 1.001786 0.980871 0.971385 0.971520 1.005925 1.005925 1.005924 1.005924
0.959987 0.921039 1.005579 0.979048 0.973719 0.973026 1.012784 1.012784 1.012784 1.012784
0.961511 0.922501 0.996118 0.980603 0.975265 0.974571 1.009108 1.009108 1.009108 1.009108
0.943556 0.909014 0.979763 0.960978 0.962634 0.965085 0.995080 0.995080 0.995080 0.995080
0.929574 0.874984 0.957154 0.924463 0.928736 0.920416 0.979498 0.979498 0.979499 0.979499
0.939752 0.895425 0.945519 0.922391 0.946209 0.945871 1.010899 1.010899 1.010899 1.010899
0.948271 0.904270 0.955210 0.931358 0.958121 0.957246 1.031162 1.031162 1.031162 1.031162
0.936955 0.894947 0.950002 0.923718 0.941886 0.953005 1.031478 1.031478 1.031478 1.031478
0.921349 0.879137 0.927056 0.905117 0.926198 0.923765 1.012122 1.012122 1.012122 1.012122
0.943755 0.865944 0.942278 0.916517 0.942748 0.928673 1.036504 1.036504 1.036504 1.036504
0.953271 0.872906 0.950134 0.917638 0.947331 0.937338 1.051401 1.051401 1.051401 1.051401
0.957475 0.876974 0.954097 0.918302 0.950615 0.939425 1.059115 1.059115 1.059115 1.059115
0.953505 0.870133 0.945986 0.913223 0.942887 0.934016 1.054164 1.054164 1.054165 1.054165
0.902024 0.821161 0.895365 0.861560 0.842265 0.883736 0.987578 0.987578 0.987579 0.987579
0.852318 0.775910 0.935549 0.900227 0.880066 0.923398 1.019785 1.019785 1.019785 1.019785
0.860906 0.788793 0.964869 0.917235 0.905712 0.905410 1.053971 1.053971 1.053971 1.053971
0.881073 0.798594 0.982383 0.929178 0.926462 0.921740 1.081332 1.081332 1.081332 1.081332
0.875935 0.792992 0.976620 0.928385 0.926803 0.902261 1.085322 1.085322 1.085322 1.085322
0.867762 0.792189 0.984819 0.930286 0.927824 0.899935 1.092218 1.092218 1.092218 1.092218
0.834088 0.765802 0.936366 0.902025 0.898778 0.832482 1.068498 1.068498 1.068498 1.068498
0.838801 0.776718 0.945106 0.888414 0.884659 0.828946 1.090217 1.090217 1.090217 1.090217
0.859026 0.798814 0.972147 0.912202 0.910564 0.851163 1.125555 1.125555 1.125555 1.125555
0.801699 0.745505 0.907271 0.851326 0.849798 0.794360 1.000095 1.000095 1.000095 1.000095
0.857332 0.788383 0.954564 0.880760 0.903222 0.795226 1.068694 1.068694 1.068694 1.068694
0.859978 0.793060 0.929818 0.885985 0.909560 0.800807 1.064361 1.064361 1.064361 1.064361
0.886939 0.815861 0.951867 0.909543 0.928433 0.829872 1.108463 1.108463 1.108462 1.108462
0.886078 0.816019 0.958233 0.905734 0.925169 0.833594 1.116100 1.116100 1.116100 1.116100
0.876653 0.807338 0.950725 0.853920 0.891651 0.815768 1.107336 1.107336 1.107335 1.107335
0.871554 0.811644 0.958523 0.839906 0.889980 0.810285 1.119272 1.119272 1.119271 1.119271
0.879253 0.813976 0.966991 0.847326 0.891972 0.804700 1.129290 1.129290 1.129290 1.129290
0.896908 0.830373 0.987198 0.863929 0.906310 0.819871 1.153280 1.153280 1.153280 1.153280
0.878465 0.808626 0.965676 0.844911 0.889550 0.806420 1.139126 1.139126 1.139125 1.139125
0.899172 0.827686 0.988438 0.864826 0.910518 0.825428 1.164766 1.164766 1.164765 1.164765
0.800763 0.734935 0.872268 0.515294 0.779166 0.707154 1.060971 1.060971 1.060971 1.060971
0.893731 0.820261 0.973539 0.562813 0.869627 0.789254 1.167052 1.167052 1.167051 1.167051
0.886727 0.829188 0.983111 0.564478 0.875026 0.794154 1.182644 1.182644 1.182642 1.182642
0.898774 0.840187 0.996935 0.572470 0.886380 0.804084 1.199606 1.199606 1.199604 1.199604
0.902805 0.841725 1.001914 0.573916 0.890048 0.806819 1.209975 1.209975 1.209973 1.209973
0.898862 0.834830 1.001435 0.570091 0.890954 0.806314 1.212415 1.212415 1.212413 1.212413
0.879537 0.810519 0.977256 0.551883 0.871139 0.783051 1.186913 1.186913 1.186911 1.186911
0.902278 0.831476 1.002524 0.566153 0.893663 0.760183 1.214572 1.214572 1.214571 1.214571
0.876749 0.819348 0.991106 0.561056 0.887502 0.751755 1.214847 1.214847 1.214846 1.214846
0.880969 0.816793 0.992962 0.562198 0.892527 0.756823 1.226097 1.226097 1.226095 1.226095
0.865084 0.805015 0.978214 0.555200 0.860682 0.745911 1.204206 1.204206 1.204204 1.204204
0.873136 0.816744 0.984675 0.561605 0.876171 0.755180 1.223574 1.223574 1.223573 1.223573
0.824426 0.640406 0.888201 0.530123 0.831766 0.706180 1.178039 1.178039 1.178037 1.178037
0.888717 0.689674 0.948620 0.565497 0.894563 0.755844 1.274264 1.274264 1.274262 1.274262
0.849922 0.661478 0.915182 0.538249 0.857320 0.721628 1.240895 1.240895 1.240893 1.240893
0.867276 0.680343 0.929455 0.546996 0.882394 0.738258 1.282649 1.282649 1.282647 1.282647
0.855326 0.671198 0.917863 0.543455 0.871142 0.733510 1.280638 1.280638 1.280636 1.280636
0.824770 0.643634 0.883043 0.522730 0.829137 0.706657 1.254434 1.254434 1.254432 1.254432
0.860196 0.671201 0.915946 0.541795 0.864321 0.735167 1.312548 1.312548 1.312546 1.312546
0.845237 0.560235 0.900018 0.532373 0.849291 0.722382 1.285685 1.285685 1.285684 1.285684
0.825722 0.553798 0.848002 0.524610 0.833419 0.698899 1.285228 1.285228 1.285227 1.285227
0.843890 0.562879 0.866932 0.537479 0.855469 0.716741 1.323572 1.323572 1.323571 1.323571
0.852857 0.567873 0.875835 0.542031 0.861626 0.722129 1.338814 1.338814 1.338813 1.338813
0.852599 0.570089 0.879622 0.543711 0.864955 0.722420 1.350152 1.350152 1.350151 1.350151
0.850921 0.565236 0.872931 0.536686 0.852926 0.709730 1.347377 1.347377 1.347376 1.347376
0.834185 0.558408 0.862386 0.530203 0.833466 0.701157 1.324163 1.324163 1.324162 1.324162
0.836733 0.545007 0.865999 0.524310 0.833507 0.702806 1.336427 1.336427 1.336426 1.336426
0.812842 0.526624 0.836788 0.508770 0.805392 0.663723 1.311819 1.311819 1.311818 1.311818
0.808481 0.534866 0.842636 0.501583 0.813722 0.660456 1.338831 1.338831 1.338830 1.338830
0.828348 0.547751 0.855258 0.513600 0.834460 0.678734 1.379818 1.379818 1.379817 1.379817
0.752726 0.427348 0.777179 0.466712 0.680648 0.619032 1.279857 1.279857 1.279856 1.279856
0.818167 0.468860 0.854912 0.514101 0.744248 0.675869 1.415321 1.415321 1.415320 1.415320
0.826831 0.471206 0.869955 0.523147 0.757344 0.687762 1.439036 1.439036 1.439035 1.439035
0.831610 0.475090 0.877125 0.526766 0.763587 0.693366 1.449346 1.449346 1.449345 1.449345
0.802321 0.460639 0.844070 0.511047 0.743427 0.669548 1.406272 1.406272 1.406271 1.406271
0.812103 0.466705 0.854918 0.515526 0.752768 0.677793 1.429072 1.429072 1.429071 1.429071
0.723280 0.407880 0.747161 0.456397 0.667213 0.602821 1.205870 1.205870 1.205869 1.205869
0.807366 0.417596 0.829824 0.506834 0.738528 0.664341 1.345529 1.345529 1.345528 1.345528
0.843956 0.434651 0.865141 0.523390 0.764023 0.690672 1.404442 1.404442 1.404441 1.404441
0.804449 0.421213 0.818175 0.496770 0.722010 0.666392 1.361050 1.361050 1.361049 1.361049
0.794509 0.414922 0.804981 0.490404 0.714739 0.644638 1.341965 1.341965 1.341965 1.341965
0.827573 0.395660 0.838360 0.510739 0.744484 0.671368 1.394215 1.394215 1.394214 1.394214
0.842884 0.403732 0.857991 0.519842 0.759267 0.686984 1.431028 1.431028 1.431027 1.431027
0.811590 0.401537 0.836483 0.516621 0.755176 0.680090 1.428916 1.428916 1.428914 1.428914
0.809912 0.402859 0.840628 0.518035 0.759504 0.684640 1.440361 1.440361 1.440360 1.440360
0.765258 0.374420 0.802576 0.495069 0.717141 0.649273 1.364154 1.364154 1.364153 1.364153
0.774055 0.382656 0.819367 0.501975 0.730302 0.663127 1.360992 1.360992 1.360991 1.360991
0.669764 0.391267 0.834959 0.512240 0.747362 0.679354 1.397713 1.397713 1.397712 1.397712
0.683752 0.400616 0.846777 0.522489 0.759788 0.695834 1.425289 1.425289 1.425289 1.425289
0.682686 0.389945 0.837851 0.520131 0.752261 0.696556 1.430811 1.430811 1.430811 1.430811
0.706599 0.403604 0.867200 0.538350 0.778612 0.720956 1.475893 1.475893 1.475892 1.475892
0.695953 0.397431 0.853274 0.528979 0.768522 0.708993 1.456689 1.456689 1.456689 1.456689
0.696655 0.398806 0.855887 0.526567 0.771644 0.709074 1.460650 1.460650 1.460649 1.460649
0.670573 0.374798 0.834804 0.515393 0.755240 0.698335 1.444052 1.444052 1.444051 1.444051
0.650886 0.365671 0.784208 0.495613 0.728421 0.680080 1.411415 1.411415 1.411414 1.411414
0.659319 0.373385 0.746753 0.490871 0.736232 0.690041 1.447110 1.447110 1.447110 1.447110
0.669625 0.381545 0.764245 0.502370 0.752549 0.707046 1.471531 1.471531 1.471531 1.471531
0.645130 0.366313 0.732722 0.479613 0.695607 0.681346 1.435042 1.435042 1.435042 1.435042
