0.950733 0.967000 0.964526 0.961149 0.968243 0.967023 0.975335 0.975335 0.975335 0.975335
0.935334 0.956538 0.938015 0.947269 0.935011 0.955166 0.958636 0.958636 0.958636 0.958636
0.964864 0.983034 0.963995 0.964322 0.961779 0.980338 0.991192 0.991192 0.991192 0.991192
0.968440 0.976554 0.963066 0.963840 0.963688 0.978515 0.995248 0.995248 0.995247 0.995247
0.948547 0.965952 0.954496 0.958143 0.950908 0.963755 0.991485 0.991485 0.991485 0.991485
0.959591 0.979574 0.963422 0.960347 0.957070 0.969435 1.007453 1.007453 1.007452 1.007452
0.953373 0.971611 0.962475 0.954763 0.945663 0.965863 1.007727 1.007727 1.007727 1.007727
0.878431 0.928738 0.916641 0.900967 0.834041 0.929510 0.966469 0.966469 0.966469 0.966469
0.844575 0.926016 0.872026 0.885457 0.810118 0.897737 0.976271 0.976271 0.976271 0.976271
0.893798 0.958634 0.898102 0.942651 0.844018 0.953852 1.039098 1.039098 1.039098 1.039098
0.902301 0.967729 0.906464 0.954664 0.854896 0.967180 1.058813 1.058813 1.058813 1.058813
0.903740 0.969912 0.903171 0.952058 0.852311 0.964803 1.066734 1.066734 1.066733 1.066733
0.871573 0.948376 0.868521 0.916778 0.829807 0.935449 1.045769 1.045769 1.045768 1.045768
0.904295 0.983981 0.901128 0.951197 0.839762 0.970569 1.083071 1.083071 1.083071 1.083071
0.837110 0.891766 0.847154 0.890884 0.784884 0.908451 1.023466 1.023466 1.023466 1.023466
0.843936 0.906181 0.869124 0.887979 0.791848 0.913083 1.040186 1.040186 1.040185 1.040185
0.883689 0.941969 0.906381 0.925594 0.817919 0.953475 1.092279 1.092279 1.092278 1.092278
0.882838 0.939719 0.905285 0.926265 0.809047 0.950920 1.093169 1.093169 1.093169 1.093169
0.855301 0.878751 0.858530 0.893189 0.753292 0.926898 1.072680 1.072680 1.072679 1.072679
0.880046 0.897470 0.878044 0.917253 0.776677 0.956135 1.106641 1.106641 1.106640 1.106640
0.813193 0.848889 0.846273 0.885210 0.745241 0.901487 1.075610 1.075610 1.075610 1.075610
0.850536 0.883085 0.881080 0.924483 0.779693 0.936462 1.126318 1.126318 1.126317 1.126317
0.830242 0.856477 0.859945 0.901644 0.758198 0.876399 1.106773 1.106773 1.106772 1.106772
0.845136 0.871843 0.875372 0.917820 0.771801 0.892122 1.107386 1.107386 1.107385 1.107385
0.855384 0.876015 0.883620 0.922371 0.766416 0.891937 1.124681 1.124681 1.124680 1.124680
0.828006 0.850550 0.845018 0.821776 0.738417 0.797158 1.092515 1.092515 1.092514 1.092514
0.845303 0.874577 0.857310 0.817395 0.757915 0.813336 1.136571 1.136571 1.136570 1.136570
0.861485 0.898533 0.884220 0.840821 0.780537 0.834715 1.173174 1.173174 1.173174 1.173174
0.789886 0.827500 0.807847 0.773231 0.727001 0.770484 1.088490 1.088490 1.088489 1.088489
0.826989 0.822685 0.812047 0.797308 0.757184 0.802678 1.156140 1.156140 1.156140 1.156140
0.845707 0.827994 0.826595 0.815681 0.769369 0.811794 1.188795 1.188795 1.188794 1.188794
0.826620 0.815100 0.797583 0.740262 0.702245 0.801674 1.176320 1.176320 1.176319 1.176319
0.840032 0.828326 0.595468 0.752273 0.713639 0.814681 1.191324 1.191324 1.191323 1.191323
0.883996 0.871943 0.625650 0.792712 0.744888 0.855721 1.256049 1.256049 1.256049 1.256049
0.881209 0.860354 0.620554 0.791320 0.739305 0.849856 1.260470 1.260470 1.260469 1.260469
0.861409 0.847044 0.610129 0.770827 0.723412 0.825248 1.245872 1.245872 1.245872 1.245872
0.863643 0.851430 0.615051 0.772935 0.724058 0.808869 1.257549 1.257549 1.257548 1.257548
0.878918 0.864838 0.622720 0.784183 0.735027 0.822522 1.281508 1.281508 1.281508 1.281508
0.804139 0.806412 0.583191 0.727162 0.689491 0.770000 1.212857 1.212857 1.212857 1.212857
0.853830 0.845890 0.617388 0.749463 0.731691 0.815671 1.288844 1.288844 1.288844 1.288844
0.845868 0.837524 0.615129 0.743235 0.712898 0.810789 1.289610 1.289610 1.289610 1.289610
0.810690 0.803279 0.582970 0.667084 0.632162 0.771267 1.232952 1.232952 1.232952 1.232952
0.846076 0.808831 0.584218 0.690282 0.657738 0.794565 1.294715 1.294715 1.294715 1.294715
0.833406 0.765159 0.551249 0.664306 0.634885 0.785850 1.287919 1.287919 1.287918 1.287918
0.860137 0.788159 0.568272 0.677388 0.655515 0.812969 1.334757 1.334757 1.334757 1.334757
0.819604 0.749504 0.500933 0.644166 0.624625 0.716635 1.280718 1.280718 1.280718 1.280718
0.871946 0.795297 0.531773 0.685579 0.661705 0.761074 1.365236 1.365236 1.365236 1.365236
0.806565 0.762712 0.507675 0.658570 0.634042 0.734319 1.321057 1.321057 1.321057 1.321057
0.851447 0.797470 0.531093 0.695217 0.663290 0.775181 1.393758 1.393758 1.393758 1.393758
0.797945 0.746666 0.487798 0.661865 0.621034 0.718766 1.325316 1.325316 1.325316 1.325316
0.836030 0.786909 0.514141 0.695768 0.653909 0.757165 1.404575 1.404575 1.404575 1.404575
0.781180 0.731171 0.478976 0.641727 0.610850 0.698310 1.322968 1.322968 1.322968 1.322968
0.738173 0.737629 0.429372 0.577949 0.616245 0.702679 1.332599 1.332599 1.332599 1.332599
0.764840 0.774132 0.457127 0.612359 0.653029 0.745591 1.420897 1.420897 1.420897 1.420897
0.752897 0.770594 0.452396 0.606700 0.646961 0.744212 1.410522 1.410522 1.410522 1.410522
0.757855 0.778907 0.455375 0.559178 0.651222 0.749113 1.416756 1.416756 1.416756 1.416756
0.750829 0.785329 0.459541 0.565504 0.657257 0.755289 1.427270 1.427270 1.427271 1.427271
0.754371 0.781915 0.454957 0.546768 0.660009 0.752943 1.438002 1.438002 1.438002 1.438002
0.732570 0.762849 0.435303 0.527818 0.638149 0.733795 1.394363 1.394363 1.394364 1.394364
0.762354 0.792405 0.451142 0.548611 0.663659 0.758379 1.453816 1.453816 1.453816 1.453816
0.759624 0.789719 0.445588 0.546626 0.662723 0.753253 1.452924 1.452924 1.452925 1.452925
0.768024 0.798452 0.450515 0.552671 0.670051 0.761582 1.458860 1.458860 1.458861 1.458861
0.727378 0.742336 0.425320 0.527043 0.641383 0.730960 1.397457 1.397457 1.397459 1.397459
0.775081 0.791020 0.453213 0.561607 0.683446 0.778898 1.489080 1.489080 1.489081 1.489081
0.681119 0.744148 0.430512 0.531611 0.607297 0.697454 1.417730 1.417730 1.417731 1.417731
0.660456 0.742865 0.432150 0.524012 0.613389 0.697391 1.436333 1.436333 1.436335 1.436335
0.690640 0.770392 0.451173 0.546817 0.637370 0.727562 1.505482 1.505482 1.505483 1.505483
0.684247 0.768533 0.448064 0.541360 0.635523 0.722511 1.507704 1.507704 1.507706 1.507706
0.652135 0.753833 0.439836 0.519075 0.622869 0.691967 1.480742 1.480742 1.480744 1.480744
0.650643 0.749539 0.435722 0.505943 0.607144 0.690421 1.483215 1.483215 1.483216 1.483216
0.664981 0.774522 0.449781 0.523338 0.628332 0.714024 1.534866 1.534866 1.534867 1.534867
0.626305 0.685437 0.431273 0.490496 0.600505 0.685735 1.480729 1.480729 1.480731 1.480731
0.615199 0.673283 0.423626 0.481799 0.433632 0.673575 1.444096 1.444096 1.444097 1.444097
0.589468 0.644776 0.417745 0.461647 0.404588 0.645056 1.428145 1.428145 1.428147 1.428147
0.641721 0.712369 0.460988 0.511417 0.444664 0.706787 1.581528 1.581528 1.581530 1.581530
0.641621 0.709397 0.461040 0.507690 0.443532 0.703590 1.583112 1.583112 1.583114 1.583114
0.620507 0.695987 0.450662 0.495183 0.432803 0.680784 1.561100 1.561100 1.561103 1.561103
0.600983 0.680291 0.441882 0.486446 0.423581 0.662135 1.556306 1.556306 1.556308 1.556308
0.618389 0.699309 0.455198 0.498440 0.435929 0.677694 1.600801 1.600801 1.600804 1.600804
0.603233 0.685391 0.440897 0.467582 0.428831 0.660643 1.581769 1.581769 1.581771 1.581771
0.594634 0.652178 0.426720 0.446153 0.422883 0.643314 1.559910 1.559910 1.559912 1.559912
0.577385 0.633252 0.414341 0.440115 0.415908 0.626308 1.515320 1.515320 1.515322 1.515322
0.609565 0.661998 0.436641 0.462789 0.439957 0.660021 1.597193 1.597193 1.597196 1.597196
0.616713 0.665178 0.439606 0.463499 0.441090 0.665910 1.619738 1.619738 1.619741 1.619741
0.516088 0.589077 0.367878 0.387872 0.386526 0.564151 1.458867 1.458867 1.458870 1.458870
0.571811 0.642362 0.412615 0.429511 0.430828 0.629525 1.637815 1.637815 1.637818 1.637818
0.579728 0.649393 0.417229 0.436111 0.436278 0.634820 1.662756 1.662756 1.662759 1.662759
0.563894 0.633734 0.404936 0.420404 0.422465 0.615363 1.611354 1.611354 1.611357 1.611357
0.577833 0.655759 0.419009 0.430796 0.410512 0.636749 1.666058 1.666058 1.666061 1.666061
0.568282 0.644699 0.411609 0.416418 0.402090 0.629827 1.652062 1.652062 1.652065 1.652065
0.571275 0.650766 0.415602 0.422859 0.405522 0.625604 1.679309 1.679309 1.679311 1.679311
0.536885 0.611590 0.382795 0.375738 0.371291 0.513490 1.575543 1.575543 1.575545 1.575545
0.583306 0.664470 0.415893 0.408226 0.392451 0.557888 1.705904 1.705904 1.705906 1.705906
0.558130 0.634160 0.399601 0.385063 0.366384 0.530960 1.655798 1.655798 1.655800 1.655800
0.550539 0.601692 0.387238 0.359330 0.359692 0.526012 1.657811 1.657811 1.657813 1.657813
0.567272 0.621052 0.386353 0.359305 0.356998 0.542000 1.709652 1.709652 1.709654 1.709654
0.564541 0.618062 0.384493 0.317920 0.355279 0.539391 1.693213 1.693213 1.693215 1.693215
0.577784 0.631281 0.393247 0.325006 0.362960 0.549683 1.739181 1.739181 1.739183 1.739183
0.565756 0.611767 0.384081 0.315935 0.355620 0.537880 1.701564 1.701564 1.701566 1.701566
0.561753 0.602176 0.382789 0.315034 0.353961 0.494283 1.710291 1.710291 1.710293 1.710293
