0.950051 0.950051 0.961862 0.961446 0.961446 0.958768 0.960634 0.924896 0.924896 0.924896
0.898306 0.966600 0.978616 0.978193 0.909079 0.975469 0.977367 0.926641 0.926641 0.926641
0.943691 1.014449 1.028059 1.010634 0.955009 1.024753 1.026746 0.968936 0.968936 0.968936
0.937333 1.009241 1.004407 0.985559 0.931314 1.019493 1.019829 0.961244 0.961243 0.961243
0.950302 1.023205 1.018303 0.999195 0.944199 1.033598 1.033939 0.964975 0.964975 0.964975
0.916231 0.979349 0.981794 0.956368 0.903729 0.989297 0.996870 0.909344 0.909344 0.909344
0.955344 1.021157 1.001545 0.997195 0.942309 1.017207 1.039425 0.933250 0.933250 0.933250
0.936806 1.002146 0.891898 0.979166 0.850721 0.998591 1.017389 0.915065 0.915065 0.915065
0.984397 1.053057 0.937207 1.028909 0.893939 1.049321 1.069074 0.948824 0.948824 0.948824
0.976631 1.046989 0.929442 1.020655 0.888619 1.041720 1.060308 0.934923 0.934923 0.934923
0.993974 1.066145 0.946448 1.038781 0.904400 1.060781 1.079708 0.945502 0.945501 0.945501
0.974576 1.045338 0.927977 1.018507 0.886749 1.040078 1.058636 0.893798 0.893797 0.893797
1.003196 1.076037 0.955229 1.048418 0.912790 1.070622 1.089725 0.909968 0.909967 0.909967
1.013011 1.086564 0.964574 1.058675 0.921720 1.081096 1.100386 0.916805 0.916804 0.916804
1.007314 1.077031 0.959150 1.052722 0.914882 1.075017 1.094199 0.903764 0.903763 0.903763
1.007091 1.076838 0.959127 1.047448 0.914860 1.072628 1.093097 0.894247 0.894246 0.894246
1.010158 1.080764 0.962632 1.051439 0.917697 1.075605 1.097227 0.886544 0.886543 0.886543
1.006173 1.076501 0.958835 1.047292 0.914077 1.071362 1.092899 0.861883 0.861881 0.861881
1.011918 1.082279 0.963976 1.052042 0.916336 1.076696 1.099246 0.848725 0.848724 0.848724
1.028224 1.099718 0.979509 1.068994 0.931101 1.094046 1.116959 0.852005 0.852004 0.852004
1.021351 1.092368 0.971371 1.061849 0.924878 1.086733 1.109494 0.825829 0.825827 0.825827
0.985002 1.053491 0.936801 1.024059 0.891962 1.048057 1.070008 0.732723 0.732722 0.732722
1.027083 1.099915 0.969010 1.062881 0.924551 1.090095 1.106292 0.749991 0.749990 0.749990
1.067437 1.144168 1.007996 1.106393 0.960877 1.132439 1.149264 0.776068 0.776068 0.776068
1.024970 1.098648 0.967893 1.062375 0.915029 1.082718 1.103541 0.713716 0.713715 0.713715
1.072741 1.149853 1.012731 1.111890 0.957676 1.133153 1.155441 0.737313 0.737312 0.737312
1.079110 1.155240 1.018744 1.118834 0.965424 1.142089 1.160855 0.735584 0.735583 0.735583
1.041986 1.115497 0.983696 1.081814 0.932210 1.102798 1.122445 0.683166 0.683165 0.683165
1.083348 1.157860 1.020669 1.124757 0.967248 1.146020 1.165788 0.700247 0.700245 0.700245
1.067001 1.140589 1.005359 1.095668 0.952407 1.128728 1.148326 0.666576 0.666575 0.666575
1.096266 1.172864 1.033366 1.126192 0.977511 1.160207 1.180800 0.673559 0.673558 0.673558
1.106068 1.183367 1.042316 1.134449 0.986066 1.170361 1.190850 0.667657 0.667656 0.667656
1.084680 1.159730 1.021496 1.113007 0.967953 1.148241 1.168342 0.628354 0.628352 0.628352
1.119470 1.196927 1.054260 1.147662 0.998091 1.185070 1.205816 0.637510 0.637509 0.637509
1.109009 1.180296 1.035351 1.136044 0.988830 1.171621 1.194548 0.619042 0.619041 0.619041
1.139596 1.212849 1.063907 1.167376 1.016103 1.203935 1.227495 0.631615 0.631614 0.631614
1.058298 1.126325 0.988008 1.084096 0.943615 1.118047 1.139926 0.529399 0.529398 0.529398
1.146268 1.219949 1.070135 1.174210 1.016112 1.210983 1.234680 0.560886 0.560885 0.560885
1.166505 1.241544 1.088785 1.194734 1.034099 1.232420 1.249406 0.566976 0.566975 0.566975
1.156040 1.230322 1.079017 1.184016 1.022565 1.221280 1.238197 0.550558 0.550556 0.550556
1.165341 1.240221 1.085794 1.193542 1.030793 1.231158 1.246129 0.546524 0.546523 0.546523
1.159699 1.234216 1.080537 1.187763 1.025802 1.225197 1.240095 0.530397 0.530396 0.530396
1.171037 1.234770 1.091101 1.199375 1.035830 1.222959 1.215313 0.531877 0.531876 0.531876
1.164542 1.227922 1.082406 1.189818 1.029148 1.217351 1.205628 0.518735 0.518734 0.518734
1.192908 1.257727 1.108602 1.218521 1.052489 1.247454 1.234713 0.528040 0.528039 0.528039
1.188707 1.253117 1.100670 1.211578 1.048586 1.241834 1.230209 0.519828 0.519827 0.519827
1.166412 1.246405 1.088448 1.206840 1.034634 1.236210 1.221312 0.516984 0.516983 0.516983
1.173038 1.255056 1.094631 1.212443 1.036187 1.243920 1.229691 0.513087 0.513086 0.513086
1.188553 1.271655 1.109108 1.228479 1.049892 1.260372 1.245955 0.514808 0.514807 0.514807
1.162602 1.243890 1.084893 1.201657 1.026969 1.232854 1.218751 0.485200 0.485199 0.485199
1.185242 1.271147 1.108666 1.228531 1.043894 1.258517 1.238837 0.490191 0.490190 0.490190
1.183069 1.268817 1.103553 1.222866 1.044082 1.226877 1.233124 0.486609 0.486608 0.486608
1.204465 1.290082 1.123511 1.245206 1.063156 1.249290 1.253790 0.492589 0.492588 0.492588
1.195742 1.279961 1.112225 1.233970 1.054575 1.239763 1.239862 0.485133 0.485132 0.485132
1.184001 1.270336 1.102850 1.219637 1.047876 1.222265 1.224029 0.474972 0.474971 0.474971
1.209164 1.297334 1.126289 1.245558 1.070146 1.248242 1.250044 0.479759 0.479758 0.479758
1.208693 1.296828 1.095909 1.245072 1.069728 1.247755 1.249556 0.473859 0.473858 0.473858
1.167932 1.242448 1.057813 1.202101 1.024509 1.194250 1.206430 0.434169 0.434168 0.434168
1.234280 1.313030 1.117906 1.270390 1.082709 1.262093 1.274966 0.455386 0.455384 0.455384
1.226099 1.307460 1.112106 1.264253 1.078000 1.255742 1.268940 0.447874 0.447873 0.447873
1.190528 1.269528 1.079842 1.227575 1.046726 1.219311 1.232126 0.413706 0.413704 0.413704
1.237565 1.315045 1.118567 1.275164 1.087301 1.261171 1.278893 0.426108 0.426107 0.426107
1.246246 1.324130 1.124242 1.279820 1.094928 1.270018 1.287735 0.426261 0.426260 0.426260
1.168778 1.241821 1.032415 1.175286 1.020340 1.191073 1.200012 0.378770 0.378769 0.378769
1.267804 1.347556 1.119990 1.275278 1.107259 1.292573 1.301975 0.409109 0.409108 0.409108
1.258703 1.337545 1.111325 1.265412 1.099602 1.282970 1.292972 0.401406 0.401405 0.401405
1.225131 1.301871 1.081685 1.232789 1.071254 1.249895 1.257084 0.375904 0.375903 0.375903
1.276045 1.355974 1.126637 1.284021 1.115773 1.301838 1.309326 0.389170 0.389170 0.389170
1.260561 1.339086 1.113426 1.268964 1.099226 1.283145 1.293315 0.378139 0.378138 0.378138
1.274308 1.353689 1.125569 1.282803 1.111214 1.297139 1.307419 0.378093 0.378093 0.378093
1.264294 1.341653 1.116736 1.272983 1.102482 1.286180 1.295743 0.367852 0.367852 0.367852
1.248982 1.321817 1.103212 1.257566 1.089130 1.270603 1.276586 0.359122 0.359122 0.359122
1.209246 1.328776 1.109019 1.264186 1.094863 1.277292 1.283307 0.350426 0.350425 0.350425
1.228905 1.350378 1.127049 1.280810 1.112662 1.298057 1.300182 0.348695 0.348694 0.348694
1.228313 1.350252 1.121231 1.274198 1.106919 1.297936 1.299556 0.343770 0.343769 0.343769
1.247721 1.371587 1.138946 1.294331 1.124408 1.318444 1.320090 0.344083 0.344083 0.344083
1.249397 1.373429 1.140476 1.290321 1.125894 1.318495 1.310140 0.340663 0.340662 0.340662
1.228986 1.350991 1.121844 1.269241 1.107500 1.296955 1.288736 0.323087 0.323086 0.323086
1.264232 1.389180 1.155201 1.305392 1.137900 1.333640 1.326565 0.330546 0.330545 0.330545
1.247417 1.375002 1.113735 1.292069 1.126286 1.315902 1.313026 0.322675 0.322674 0.322674
1.264841 1.396894 1.130952 1.312402 1.141503 1.336316 1.333931 0.325790 0.325789 0.325789
1.248869 1.383108 1.121398 1.301032 1.132157 1.322976 1.315492 0.318820 0.318819 0.318819
1.249198 1.384213 1.121907 1.302071 1.133061 1.324033 1.315497 0.312152 0.312151 0.312151
1.265592 1.402380 1.136632 1.319160 1.147932 1.341410 1.332190 0.312774 0.312774 0.312774
1.256383 1.392176 1.125824 1.309454 1.137075 1.329093 1.318114 0.306439 0.306438 0.306438
1.277934 1.416267 1.145135 1.332115 1.137400 1.351905 1.340924 0.311078 0.311077 0.311077
1.238392 1.377529 1.099296 1.292067 1.088684 1.316265 1.305574 0.301021 0.301021 0.301021
1.273500 1.416891 1.130708 1.325904 1.119879 1.353877 1.335532 0.307011 0.307010 0.307010
1.279938 1.424054 1.136424 1.332607 1.125540 1.360721 1.342284 0.306204 0.306203 0.306203
1.279955 1.424074 1.136440 1.332626 1.125556 1.360740 1.342302 0.303644 0.303644 0.303644
1.276177 1.419642 1.135335 1.331258 1.124688 1.358996 1.337980 0.300953 0.300952 0.300952
1.281456 1.425515 1.140032 1.336765 1.129340 1.354195 1.343515 0.300212 0.300211 0.300211
1.239073 1.404068 1.122880 1.316650 1.112350 1.333822 1.299430 0.291733 0.291732 0.291732
1.209193 1.370210 1.091361 1.284900 1.085526 1.301657 1.268095 0.268580 0.268579 0.268579
1.280761 1.451308 1.155955 1.360949 1.149775 1.378698 1.343149 0.283709 0.283708 0.283708
1.266362 1.434864 1.142958 1.337171 1.136806 1.363147 1.327999 0.276707 0.276706 0.276706
1.255702 1.422785 1.133337 1.325915 1.127237 1.351673 1.316820 0.267332 0.267331 0.267331
1.254152 1.421029 1.131938 1.314968 1.125846 1.350005 1.315195 0.259655 0.259654 0.259654
1.279730 1.450011 1.155024 1.341786 1.148807 1.377537 1.342018 0.261913 0.261912 0.261912
1.264724 1.433008 1.141480 1.326052 1.135336 1.361384 1.326282 0.252455 0.252454 0.252454
