0.994395 0.994395 0.994395 0.994395 0.994395 0.994395 0.994395 0.986921 0.986921 0.986921
0.996102 0.996102 0.996102 0.996102 0.996102 0.988494 0.996102 0.982116 0.982116 0.982116
0.983958 0.986707 0.988123 0.987908 0.988382 0.979058 0.982767 0.961529 0.961529 0.961529
0.992774 0.994309 0.996977 0.997064 0.999372 0.989744 0.990338 0.962156 0.962156 0.962156
0.965026 0.958306 0.968069 0.968405 0.962845 0.952963 0.961872 0.886834 0.886834 0.886834
1.007149 1.000135 1.010324 1.007584 1.004872 0.994558 1.000787 0.906239 0.906238 0.906238
1.015714 1.011054 1.021355 1.019035 1.010443 1.004337 1.006335 0.905711 0.905710 0.905710
1.013800 1.009149 1.016593 1.014284 1.010574 0.979037 1.001643 0.899045 0.899045 0.899045
1.036153 1.031555 1.039008 1.036804 1.015729 1.000636 1.023882 0.917049 0.917049 0.917049
1.026298 1.021673 1.029126 1.026942 1.003853 0.991050 1.014143 0.890007 0.890007 0.890007
1.046856 1.042138 1.049740 1.047513 1.023961 1.010902 1.034457 0.905385 0.905385 0.905385
1.043031 1.038330 1.045904 1.043685 1.020219 1.007208 1.030678 0.894523 0.894523 0.894523
1.001443 0.996931 1.004203 1.002072 0.971452 0.962899 0.989583 0.822579 0.822579 0.822579
1.031753 1.024324 1.034596 1.032401 1.000854 0.992042 1.016775 0.837506 0.837506 0.837506
1.055290 1.047692 1.058197 1.054993 1.022755 1.014673 1.039970 0.842085 0.842085 0.842085
1.064445 1.057012 1.067612 1.061909 1.031933 1.023700 1.043481 0.842410 0.842410 0.842410
1.065256 1.057817 1.068425 1.062718 1.032719 1.024480 1.044276 0.830695 0.830695 0.830695
1.072355 1.064867 1.075545 1.069800 1.039601 1.031307 1.051235 0.827071 0.827070 0.827070
1.065084 1.058971 1.068252 1.061449 1.028260 1.024881 1.045332 0.810665 0.810665 0.810665
1.063137 1.057036 1.066300 1.052060 1.026382 1.023008 1.043422 0.786917 0.786917 0.786917
1.090685 1.084426 1.093930 1.079322 1.052977 1.049516 1.070459 0.801596 0.801596 0.801596
1.080802 1.074599 1.083724 1.069541 1.043435 1.039979 1.061187 0.784051 0.784051 0.784051
1.063494 1.071830 1.074684 1.068335 1.032429 1.038162 1.056456 0.781941 0.781940 0.781940
1.041661 1.049826 1.048355 1.046403 1.011234 1.016849 1.034768 0.722528 0.722528 0.722528
1.084276 1.092775 1.089459 1.089211 1.052603 1.058449 1.077100 0.733885 0.733885 0.733885
1.100219 1.104943 1.101599 1.104438 1.067316 1.068662 1.091305 0.737849 0.737849 0.737849
1.101747 1.109136 1.104729 1.107973 1.071250 1.071866 1.094914 0.731535 0.731535 0.731535
1.107304 1.114731 1.110302 1.113562 1.076654 1.077273 1.100437 0.726796 0.726796 0.726796
1.110861 1.118218 1.113697 1.116884 1.078343 1.081125 1.103719 0.724561 0.724561 0.724561
1.105288 1.112607 1.084121 1.111280 1.072932 1.060764 1.098181 0.709586 0.709586 0.709586
1.114690 1.122087 1.093038 1.118944 1.081856 1.069587 1.107050 0.703065 0.703065 0.703065
1.082044 1.081306 1.061026 1.078278 1.042538 1.030715 1.074628 0.667044 0.667044 0.667044
1.135463 1.134689 1.113407 1.131511 1.094006 1.081600 1.127681 0.693103 0.693103 0.693103
1.134569 1.133796 1.112531 1.130621 1.093145 1.080748 1.126793 0.683391 0.683390 0.683390
1.103527 1.123338 1.102269 1.120189 1.083063 1.070780 1.096260 0.668015 0.668014 0.668014
1.106587 1.121278 1.095741 1.122412 1.086138 1.071577 1.099300 0.656597 0.656597 0.656597
1.083284 1.097665 1.086000 1.111953 1.076018 1.058636 1.088137 0.625751 0.625751 0.625751
1.124397 1.138633 1.124034 1.152084 1.115923 1.098389 1.125035 0.644334 0.644334 0.644334
1.131490 1.145714 1.131124 1.152048 1.122921 1.105277 1.132090 0.639588 0.639588 0.639588
1.129666 1.142676 1.129315 1.150427 1.121112 1.102839 1.129044 0.626182 0.626182 0.626182
1.139103 1.152056 1.134597 1.157504 1.130265 1.110954 1.138332 0.623791 0.623791 0.623791
1.111351 1.125438 1.098102 1.124093 1.096187 1.081174 1.101214 0.597413 0.597414 0.597414
1.118909 1.133092 1.105570 1.131738 1.103642 1.088527 1.108703 0.572190 0.572190 0.572190
1.151166 1.165757 1.137442 1.164364 1.135459 1.119907 1.140665 0.573568 0.573568 0.573568
1.157769 1.172044 1.143570 1.169676 1.138294 1.125513 1.147321 0.564826 0.564827 0.564827
1.151265 1.165460 1.137146 1.163105 1.131900 1.119190 1.140876 0.541523 0.541523 0.541523
1.148087 1.162243 1.134008 1.160957 1.129809 1.117123 1.136458 0.519577 0.519578 0.519578
1.168343 1.185495 1.155634 1.179296 1.153766 1.131901 1.153063 0.522803 0.522803 0.522803
1.180591 1.198565 1.167973 1.192297 1.166486 1.144380 1.164848 0.517098 0.517098 0.517098
1.182227 1.203989 1.142807 1.197693 1.171765 1.145965 1.170120 0.512298 0.512299 0.512299
1.196878 1.218602 1.156319 1.211854 1.186601 1.159873 1.184935 0.512561 0.512561 0.512561
1.200716 1.222509 1.129179 1.215740 1.190406 1.163593 1.188735 0.508080 0.508080 0.508080
1.095125 1.199772 1.108177 1.193128 1.085722 1.141951 1.166625 0.491018 0.491018 0.491018
1.144567 1.256354 1.159911 1.249169 1.134228 1.195326 1.221645 0.511003 0.511003 0.511003
1.140586 1.251985 1.153854 1.244825 1.130283 1.191219 1.215416 0.501460 0.501460 0.501460
1.148752 1.260949 1.162115 1.253737 1.138376 1.199748 1.224117 0.499542 0.499542 0.499542
1.144648 1.258472 1.138995 1.226525 1.113667 1.197391 1.219744 0.497154 0.497155 0.497155
1.144546 1.259426 1.139372 1.226931 1.112410 1.197823 1.220647 0.488909 0.488909 0.488909
1.152767 1.256756 1.147556 1.235744 1.120401 1.192565 1.193181 0.489014 0.489014 0.489014
1.173199 1.277787 1.167896 1.236865 1.140259 1.213702 1.214329 0.495370 0.495370 0.495370
1.153652 1.256986 1.143059 1.210562 1.116010 1.193944 1.194097 0.480468 0.480468 0.480468
1.150077 1.253091 1.139517 1.206810 1.112552 1.190244 1.190397 0.461508 0.461509 0.461509
1.147189 1.249132 1.135916 1.204316 1.110853 1.187785 1.187936 0.441793 0.441793 0.441793
1.179432 1.284240 1.165217 1.238064 1.139565 1.218824 1.217278 0.448271 0.448271 0.448271
1.192939 1.300126 1.179630 1.254227 1.152616 1.232253 1.230689 0.451433 0.451433 0.451433
1.142243 1.244875 1.129500 1.202563 1.103633 1.179886 1.179994 0.415749 0.415749 0.415749
1.208800 1.317411 1.195314 1.272633 1.167940 1.248636 1.248750 0.438985 0.438985 0.438985
1.202504 1.310610 1.188822 1.265786 1.161910 1.242189 1.235253 0.433782 0.433782 0.433782
1.203586 1.310081 1.189892 1.267153 1.163166 1.243532 1.234755 0.431701 0.431701 0.431701
1.200968 1.307022 1.189662 1.266839 1.163174 1.242905 1.231737 0.428209 0.428208 0.428208
1.168082 1.272252 1.050800 1.233814 1.041574 1.210231 1.195814 0.416449 0.416448 0.416448
1.136223 1.237551 1.022139 1.200161 1.013165 1.177222 1.163198 0.365616 0.365616 0.365616
1.243317 1.354196 1.118481 1.313282 1.108661 1.288181 1.272835 0.395700 0.395699 0.395699
1.234623 1.344291 1.111119 1.304638 1.097905 1.276294 1.263815 0.386484 0.386484 0.386484
1.234535 1.341975 1.108786 1.304546 1.095600 1.275587 1.262413 0.380995 0.380995 0.380995
1.222834 1.329256 1.098277 1.292181 1.085216 1.263497 1.250448 0.363848 0.363848 0.363848
1.256249 1.365579 1.128288 1.327491 1.114870 1.298023 1.284066 0.369684 0.369684 0.369684
1.253445 1.362531 1.125770 1.318654 1.112358 1.293439 1.269838 0.364702 0.364702 0.364702
1.257859 1.368148 1.130420 1.324306 1.116337 1.297645 1.275241 0.361732 0.361732 0.361732
1.264901 1.375256 1.137913 1.331465 1.121243 1.304410 1.283220 0.361780 0.361779 0.361779
1.229697 1.341933 1.095870 1.295583 1.076665 1.274099 1.253401 0.351208 0.351208 0.351208
1.266526 1.382123 1.128690 1.334384 1.108910 1.312257 1.290939 0.358202 0.358202 0.358202
1.241395 1.354698 1.103599 1.304721 1.085917 1.287460 1.262242 0.344329 0.344329 0.344329
1.271444 1.383094 1.130313 1.336303 1.110193 1.318624 1.292795 0.349614 0.349613 0.349613
1.278109 1.390346 1.136239 1.343309 1.116014 1.325538 1.299573 0.349332 0.349332 0.349332
1.256775 1.370069 1.116827 1.320710 1.099530 1.304261 1.277481 0.341161 0.341160 0.341160
1.271945 1.386606 1.130307 1.336652 1.112801 1.320003 1.292901 0.341116 0.341116 0.341116
1.258424 1.371867 1.118292 1.322443 1.100972 1.305972 1.279157 0.329125 0.329125 0.329125
1.282105 1.397682 1.139335 1.347328 1.121690 1.330547 1.303228 0.332755 0.332754 0.332754
1.276093 1.391187 1.134217 1.334589 1.116651 1.321658 1.296098 0.327780 0.327779 0.327779
1.287450 1.404112 1.144417 1.346905 1.127068 1.334025 1.307926 0.329286 0.329285 0.329285
1.241334 1.354054 1.103524 1.284454 1.086416 1.286241 1.261217 0.306855 0.306854 0.306854
1.214867 1.375934 1.121355 1.305210 1.103971 1.307025 1.281597 0.302669 0.302668 0.302668
1.235546 1.399355 1.140443 1.327427 1.116238 1.329273 1.303412 0.301101 0.301100 0.301100
1.256318 1.422731 1.157381 1.345236 1.135004 1.351621 1.325193 0.304139 0.304139 0.304139
1.239636 1.403839 1.142012 1.327373 1.119933 1.333673 1.307596 0.292908 0.292907 0.292907
1.241486 1.405934 1.143717 1.329354 1.121605 1.335664 1.309548 0.286107 0.286107 0.286107
1.264906 1.433215 1.165910 1.354432 1.142763 1.361581 1.334958 0.289659 0.289658 0.289658
1.181523 1.338737 1.066387 1.238817 1.060647 1.271825 1.239032 0.256356 0.256355 0.256355
1.194895 1.353888 1.078456 1.252837 1.072651 1.286219 1.253054 0.238516 0.238516 0.238516
