0.877767 0.877767 0.877767 0.877767 0.877767 0.877767 0.877767 0.714789 0.714789 0.714789
1.049249 1.049249 1.049249 1.049249 1.049249 1.049249 1.049249 0.844416 0.844417 0.844417
1.053973 1.053973 1.053973 1.053973 1.053973 1.053973 1.053973 0.839870 0.839871 0.839871
1.052983 1.052983 1.052983 1.052983 1.052983 1.052983 1.052983 0.827156 0.827156 0.827156
1.064488 1.064488 1.064488 1.064488 1.064488 1.064488 1.064488 0.831987 0.831988 0.831988
1.069186 1.069186 1.069186 1.069186 1.069186 1.069186 1.069186 0.834746 0.834746 0.834746
1.068624 1.068624 1.068624 1.068624 1.068624 1.068624 1.068624 0.832561 0.832562 0.832562
1.065585 1.065585 1.065585 1.065585 1.065585 1.065585 1.065585 0.824944 0.824945 0.824945
1.067021 1.067021 1.067021 1.067021 1.067021 1.067021 1.067021 0.820595 0.820596 0.820596
1.062787 1.062787 1.062787 1.062787 1.062787 1.062787 1.062787 0.806175 0.806176 0.806176
1.077031 1.077031 1.077031 1.077031 1.077031 1.077031 1.077031 0.815980 0.815981 0.815981
1.074901 1.074901 1.074901 1.074901 1.074901 1.074901 1.074901 0.811059 0.811060 0.811060
1.073287 1.073287 1.073287 1.073287 1.073287 1.073287 1.073287 0.804036 0.804036 0.804036
1.078027 1.078027 1.078027 1.078027 1.078027 1.078027 1.078027 0.804470 0.804470 0.804470
1.080908 1.080908 1.080908 1.080908 1.080908 1.080908 1.080908 0.805241 0.805242 0.805242
1.068830 1.068830 1.068830 1.068830 1.068830 1.068830 1.068830 0.783334 0.783335 0.783335
1.076159 1.076159 1.076159 1.076159 1.076159 1.076159 1.076159 0.778816 0.778817 0.778817
1.080766 1.080766 1.080766 1.080766 1.080766 1.080766 1.080766 0.773600 0.773601 0.773601
1.082579 1.082579 1.082579 1.082579 1.082579 1.082579 1.082579 0.765573 0.765573 0.765573
1.075382 1.075382 1.075382 1.075382 1.075382 1.075382 1.075382 0.742418 0.742418 0.742418
1.097911 1.097911 1.097911 1.097911 1.097911 1.097911 1.097911 0.754202 0.754202 0.754202
1.097215 1.097215 1.097215 1.097215 1.097215 1.097215 1.097215 0.748352 0.748352 0.748352
1.102464 1.102464 1.102464 1.102464 1.102464 1.102464 1.102464 0.749466 0.749466 0.749466
1.100242 1.100242 1.100242 1.100242 1.100242 1.100242 1.100242 0.742992 0.742992 0.742992
1.079922 1.079922 1.079922 1.079922 1.079922 1.079922 1.079922 0.706434 0.706434 0.706434
1.099969 1.099969 1.099969 1.099969 1.099969 1.099969 1.099969 0.707136 0.707136 0.707136
1.109075 1.109075 1.109075 1.109075 1.109075 1.109075 1.109075 0.704583 0.704583 0.704583
1.092827 1.092827 1.092827 1.092827 1.092827 1.092827 1.092827 0.671523 0.671523 0.671523
1.122429 1.122429 1.122429 1.122429 1.122429 1.122429 1.122429 0.683621 0.683621 0.683621
1.126162 1.126162 1.126162 1.126162 1.126162 1.126162 1.126162 0.681054 0.681054 0.681054
1.123995 1.123995 1.123995 1.123995 1.123995 1.123995 1.123995 0.672211 0.672211 0.672211
1.134454 1.134454 1.134454 1.134454 1.134454 1.134454 1.134454 0.676585 0.676584 0.676584
1.070334 1.070334 1.070334 1.070334 1.070334 1.070334 1.070334 0.591259 0.591258 0.591258
1.151283 1.151283 1.151283 1.151283 1.151283 1.151283 1.151283 0.633517 0.633517 0.633517
1.142952 1.142952 1.142952 1.142952 1.142952 1.142952 1.142952 0.620615 0.620615 0.620615
1.142008 1.142008 1.142008 1.142008 1.142008 1.142008 1.142008 0.609486 0.609486 0.609486
1.154973 1.154973 1.154973 1.154973 1.154973 1.154973 1.154973 0.611672 0.611671 0.611671
1.155833 1.155833 1.155833 1.155833 1.155833 1.155833 1.155833 0.606944 0.606943 0.606943
1.163013 1.163013 1.163013 1.163013 1.163013 1.163013 1.163013 0.608823 0.608823 0.608823
1.148576 1.148576 1.148576 1.148576 1.148576 1.148576 1.148576 0.590289 0.590289 0.590289
1.161798 1.161798 1.161798 1.161798 1.161798 1.161798 1.161798 0.591820 0.591820 0.591820
1.157033 1.157033 1.157033 1.157033 1.157033 1.157033 1.157033 0.580319 0.580319 0.580319
1.171007 1.171007 1.171007 1.171007 1.171007 1.171007 1.171007 0.584562 0.584561 0.584561
1.160058 1.160058 1.160058 1.160058 1.160058 1.160058 1.160058 0.569552 0.569552 0.569552
1.175031 1.175031 1.175031 1.175031 1.175031 1.175031 1.175031 0.573991 0.573991 0.573991
1.171953 1.171953 1.171953 1.171953 1.171953 1.171953 1.171953 0.567305 0.567304 0.567304
1.181411 1.181411 1.181411 1.181411 1.181411 1.181411 1.181411 0.570939 0.570938 0.570938
1.165728 1.165728 1.165728 1.165728 1.165728 1.165728 1.165728 0.553631 0.553630 0.553630
1.168608 1.168608 1.168608 1.168608 1.168608 1.168608 1.168608 0.545123 0.545123 0.545123
1.181852 1.181852 1.181852 1.181852 1.181852 1.181852 1.181852 0.546709 0.546708 0.546708
1.190494 1.190494 1.190494 1.190494 1.190494 1.190494 1.190494 0.549808 0.549808 0.549808
1.192330 1.192330 1.192330 1.192330 1.192330 1.192330 1.192330 0.550548 0.550548 0.550548
1.169057 1.169057 1.169057 1.169057 1.169057 1.169057 1.169057 0.527575 0.527574 0.527574
1.161721 1.161721 1.161721 1.161721 1.161721 1.161721 1.161721 0.506407 0.506407 0.506407
1.070092 1.070092 1.070092 1.070092 1.070092 1.070092 1.070092 0.402739 0.402739 0.402739
1.205285 1.205285 1.205285 1.205285 1.205285 1.205285 1.205285 0.443392 0.443391 0.443391
1.223179 1.223179 1.223179 1.223179 1.223179 1.223179 1.223179 0.445619 0.445619 0.445619
1.218260 1.218260 1.218260 1.218260 1.218260 1.218260 1.218260 0.436925 0.436925 0.436925
1.233360 1.233360 1.233360 1.233360 1.233360 1.233360 1.233360 0.440431 0.440430 0.440430
1.234851 1.234851 1.234851 1.234851 1.234851 1.234851 1.234851 0.439365 0.439365 0.439365
1.228348 1.228348 1.228348 1.228348 1.228348 1.228348 1.228348 0.432715 0.432714 0.432714
1.238211 1.238211 1.238211 1.238211 1.238211 1.238211 1.238211 0.435049 0.435049 0.435049
1.238597 1.238597 1.238597 1.238597 1.238597 1.238597 1.238597 0.434034 0.434033 0.434033
1.217254 1.217254 1.217254 1.217254 1.217254 1.217254 1.217254 0.417149 0.417148 0.417148
1.244135 1.244135 1.244135 1.244135 1.244135 1.244135 1.244135 0.425806 0.425806 0.425806
1.241755 1.241755 1.241755 1.241755 1.241755 1.241755 1.241755 0.423479 0.423479 0.423479
1.243191 1.243191 1.243191 1.243191 1.243191 1.243191 1.243191 0.422783 0.422782 0.422782
1.236234 1.236234 1.236234 1.236234 1.236234 1.236234 1.236234 0.416513 0.416512 0.416512
1.247670 1.247670 1.247670 1.247670 1.247670 1.247670 1.247670 0.420129 0.420128 0.420128
1.245609 1.245609 1.245609 1.245609 1.245609 1.245609 1.245609 0.418415 0.418414 0.418414
1.245538 1.245538 1.245538 1.245538 1.245538 1.245538 1.245538 0.417209 0.417208 0.417208
1.226612 1.226612 1.226612 1.226612 1.226612 1.226612 1.226612 0.402705 0.402703 0.402703
1.247745 1.247745 1.247745 1.247745 1.247745 1.247745 1.247745 0.408009 0.408007 0.408007
1.237691 1.237691 1.237691 1.237691 1.237691 1.237691 1.237691 0.399344 0.399342 0.399342
1.230678 1.230678 1.230678 1.230678 1.230678 1.230678 1.230678 0.388655 0.388654 0.388654
1.255697 1.255697 1.255697 1.255697 1.255697 1.255697 1.255697 0.395684 0.395683 0.395683
1.257321 1.257321 1.257321 1.257321 1.257321 1.257321 1.257321 0.395763 0.395762 0.395762
1.245655 1.245655 1.245655 1.245655 1.245655 1.245655 1.245655 0.387669 0.387668 0.387668
1.235600 1.235600 1.235600 1.235600 1.235600 1.235600 1.235600 0.376280 0.376279 0.376279
1.257043 1.257043 1.257043 1.257043 1.257043 1.257043 1.257043 0.380660 0.380659 0.380659
1.259222 1.259222 1.259222 1.259222 1.259222 1.259222 1.259222 0.379623 0.379622 0.379622
1.247371 1.247371 1.247371 1.247371 1.247371 1.247371 1.247371 0.370351 0.370349 0.370349
1.264431 1.264431 1.264431 1.264431 1.264431 1.264431 1.264431 0.374503 0.374502 0.374502
1.260054 1.260054 1.260054 1.260054 1.260054 1.260054 1.260054 0.370807 0.370805 0.370805
1.260634 1.260634 1.260634 1.260634 1.260634 1.260634 1.260634 0.368488 0.368487 0.368487
1.262605 1.262605 1.262605 1.262605 1.262605 1.262605 1.262605 0.366909 0.366908 0.366908
1.226492 1.226492 1.226492 1.226492 1.226492 1.226492 1.226492 0.342951 0.342950 0.342950
1.275696 1.275696 1.275696 1.275696 1.275696 1.275696 1.275696 0.356710 0.356709 0.356709
1.262770 1.262770 1.262770 1.262770 1.262770 1.262770 1.262770 0.349271 0.349270 0.349270
1.271312 1.271312 1.271312 1.271312 1.271312 1.271312 1.271312 0.349917 0.349917 0.349917
1.266242 1.266242 1.266242 1.266242 1.266242 1.266242 1.266242 0.345150 0.345149 0.345149
1.243980 1.243980 1.243980 1.243980 1.243980 1.243980 1.243980 0.329009 0.329008 0.329008
1.267681 1.267681 1.267681 1.267681 1.267681 1.267681 1.267681 0.330980 0.330980 0.330980
1.276542 1.276542 1.276542 1.276542 1.276542 1.276542 1.276542 0.331025 0.331024 0.331024
1.268223 1.268223 1.268223 1.268223 1.268223 1.268223 1.268223 0.324115 0.324114 0.324114
1.280142 1.280142 1.280142 1.280142 1.280142 1.280142 1.280142 0.325174 0.325174 0.325174
1.273858 1.273858 1.273858 1.273858 1.273858 1.273858 1.273858 0.319728 0.319728 0.319728
1.286300 1.286300 1.286300 1.286300 1.286300 1.286300 1.286300 0.321923 0.321922 0.321922
1.263163 1.263163 1.263163 1.263163 1.263163 1.263163 1.263163 0.309072 0.309071 0.309071
1.258084 1.258084 1.258084 1.258084 1.258084 1.258084 1.258084 0.298946 0.298946 0.298946
