0.987213 0.987213 0.987213 0.987213 0.987213 0.987213 0.987213 0.970164 0.970164 0.970164
0.911312 0.911312 0.911312 0.911312 0.911312 0.911312 0.911312 0.773225 0.773225 0.773225
1.046222 1.046222 1.046222 1.046222 1.046222 1.046222 1.046222 0.886176 0.886176 0.886176
1.022961 1.022961 1.022961 1.022961 1.022961 1.022961 1.022961 0.839342 0.839342 0.839342
1.056444 1.056444 1.056444 1.056444 1.056444 1.056444 1.056444 0.866325 0.866325 0.866325
1.056048 1.056048 1.056048 1.056048 1.056048 1.056048 1.056048 0.864941 0.864941 0.864941
1.033797 1.033797 1.033797 1.033797 1.033797 1.033797 1.033797 0.822283 0.822282 0.822282
1.060652 1.060652 1.060652 1.060652 1.060652 1.060652 1.060652 0.838907 0.838905 0.838905
1.059076 1.059076 1.059076 1.059076 1.059076 1.059076 1.059076 0.829883 0.829881 0.829881
1.058245 1.058245 1.058245 1.058245 1.058245 1.058245 1.058245 0.818265 0.818263 0.818263
1.069891 1.069891 1.069891 1.069891 1.069891 1.069891 1.069891 0.824272 0.824271 0.824271
1.072563 1.072563 1.072563 1.072563 1.072563 1.072563 1.072563 0.824982 0.824980 0.824980
1.073461 1.073461 1.073461 1.073461 1.073461 1.073461 1.073461 0.824770 0.824769 0.824769
1.057805 1.057805 1.057805 1.057805 1.057805 1.057805 1.057805 0.796589 0.796588 0.796588
1.076263 1.076263 1.076263 1.076263 1.076263 1.076263 1.076263 0.806991 0.806989 0.806989
1.077792 1.077792 1.077792 1.077792 1.077792 1.077792 1.077792 0.805019 0.805017 0.805017
1.074811 1.074811 1.074811 1.074811 1.074811 1.074811 1.074811 0.795995 0.795993 0.795993
1.078619 1.078619 1.078619 1.078619 1.078619 1.078619 1.078619 0.793534 0.793533 0.793533
1.077666 1.077666 1.077666 1.077666 1.077666 1.077666 1.077666 0.785162 0.785161 0.785161
1.085066 1.085066 1.085066 1.085066 1.085066 1.085066 1.085066 0.787343 0.787342 0.787342
1.086801 1.086801 1.086801 1.086801 1.086801 1.086801 1.086801 0.786015 0.786014 0.786014
1.083773 1.083773 1.083773 1.083773 1.083773 1.083773 1.083773 0.777806 0.777804 0.777804
1.090371 1.090371 1.090371 1.090371 1.090371 1.090371 1.090371 0.780638 0.780637 0.780637
1.078879 1.078879 1.078879 1.078879 1.078879 1.078879 1.078879 0.759888 0.759886 0.759886
1.095157 1.095157 1.095157 1.095157 1.095157 1.095157 1.095157 0.769478 0.769476 0.769476
1.094379 1.094379 1.094379 1.094379 1.094379 1.094379 1.094379 0.765864 0.765862 0.765862
1.088504 1.088504 1.088504 1.088504 1.088504 1.088504 1.088504 0.752823 0.752822 0.752822
1.091998 1.091998 1.091998 1.091998 1.091998 1.091998 1.091998 0.746871 0.746869 0.746869
1.071310 1.071310 1.071310 1.071310 1.071310 1.071310 1.071310 0.705043 0.705042 0.705042
1.112356 1.112356 1.112356 1.112356 1.112356 1.112356 1.112356 0.730523 0.730522 0.730522
1.112239 1.112239 1.112239 1.112239 1.112239 1.112239 1.112239 0.728421 0.728420 0.728420
1.113065 1.113065 1.113065 1.113065 1.113065 1.113065 1.113065 0.727057 0.727056 0.727056
0.964282 0.964282 0.964282 0.964282 0.964282 0.964282 0.964282 0.512921 0.512921 0.512921
1.142352 1.142352 1.142352 1.142352 1.142352 1.142352 1.142352 0.594748 0.594747 0.594747
1.164834 1.164834 1.164834 1.164834 1.164834 1.164834 1.164834 0.604575 0.604574 0.604574
1.160226 1.160226 1.160226 1.160226 1.160226 1.160226 1.160226 0.597167 0.597167 0.597167
1.148880 1.148880 1.148880 1.148880 1.148880 1.148880 1.148880 0.578626 0.578625 0.578625
1.161942 1.161942 1.161942 1.161942 1.161942 1.161942 1.161942 0.577704 0.577704 0.577704
1.170410 1.170410 1.170410 1.170410 1.170410 1.170410 1.170410 0.577808 0.577807 0.577807
1.156416 1.156416 1.156416 1.156416 1.156416 1.156416 1.156416 0.558148 0.558148 0.558148
1.169088 1.169088 1.169088 1.169088 1.169088 1.169088 1.169088 0.556245 0.556244 0.556244
1.179707 1.179707 1.179707 1.179707 1.179707 1.179707 1.179707 0.557573 0.557573 0.557573
1.178752 1.178752 1.178752 1.178752 1.178752 1.178752 1.178752 0.552201 0.552201 0.552201
1.179619 1.179619 1.179619 1.179619 1.179619 1.179619 1.179619 0.547259 0.547258 0.547258
1.189326 1.189326 1.189326 1.189326 1.189326 1.189326 1.189326 0.550548 0.550548 0.550548
1.186853 1.186853 1.186853 1.186853 1.186853 1.186853 1.186853 0.546671 0.546671 0.546671
1.175860 1.175860 1.175860 1.175860 1.175860 1.175860 1.175860 0.532681 0.532681 0.532681
1.193263 1.193263 1.193263 1.193263 1.193263 1.193263 1.193263 0.539011 0.539011 0.539011
1.122460 1.122460 1.122460 1.122460 1.122460 1.122460 1.122460 0.469630 0.469629 0.469629
1.197843 1.197843 1.197843 1.197843 1.197843 1.197843 1.197843 0.494885 0.494885 0.494885
1.205887 1.205887 1.205887 1.205887 1.205887 1.205887 1.205887 0.494637 0.494636 0.494636
1.214985 1.214985 1.214985 1.214985 1.214985 1.214985 1.214985 0.498369 0.498368 0.498368
1.195272 1.195272 1.195272 1.195272 1.195272 1.195272 1.195272 0.481332 0.481331 0.481331
1.203835 1.203835 1.203835 1.203835 1.203835 1.203835 1.203835 0.478339 0.478338 0.478338
1.207789 1.207789 1.207789 1.207789 1.207789 1.207789 1.207789 0.474251 0.474250 0.474250
1.205760 1.205760 1.205760 1.205760 1.205760 1.205760 1.205760 0.466092 0.466091 0.466091
1.218002 1.218002 1.218002 1.218002 1.218002 1.218002 1.218002 0.467618 0.467617 0.467617
1.214259 1.214259 1.214259 1.214259 1.214259 1.214259 1.214259 0.460924 0.460923 0.460923
1.225563 1.225563 1.225563 1.225563 1.225563 1.225563 1.225563 0.463914 0.463913 0.463913
1.218142 1.218142 1.218142 1.218142 1.218142 1.218142 1.218142 0.456529 0.456528 0.456528
1.225414 1.225414 1.225414 1.225414 1.225414 1.225414 1.225414 0.457012 0.457012 0.457012
1.223737 1.223737 1.223737 1.223737 1.223737 1.223737 1.223737 0.453134 0.453133 0.453133
1.231059 1.231059 1.231059 1.231059 1.231059 1.231059 1.231059 0.455093 0.455092 0.455092
1.230017 1.230017 1.230017 1.230017 1.230017 1.230017 1.230017 0.453423 0.453422 0.453422
1.213871 1.213871 1.213871 1.213871 1.213871 1.213871 1.213871 0.439509 0.439508 0.439508
1.229825 1.229825 1.229825 1.229825 1.229825 1.229825 1.229825 0.442581 0.442580 0.442580
1.233310 1.233310 1.233310 1.233310 1.233310 1.233310 1.233310 0.442119 0.442119 0.442119
1.213133 1.213133 1.213133 1.213133 1.213133 1.213133 1.213133 0.425080 0.425079 0.425079
1.224664 1.224664 1.224664 1.224664 1.224664 1.224664 1.224664 0.422514 0.422513 0.422513
1.206446 1.206446 1.206446 1.206446 1.206446 1.206446 1.206446 0.402051 0.402051 0.402051
1.246985 1.246985 1.246985 1.246985 1.246985 1.246985 1.246985 0.414462 0.414461 0.414461
1.242725 1.242725 1.242725 1.242725 1.242725 1.242725 1.242725 0.410274 0.410274 0.410274
1.244760 1.244760 1.244760 1.244760 1.244760 1.244760 1.244760 0.408547 0.408546 0.408546
1.218657 1.218657 1.218657 1.218657 1.218657 1.218657 1.218657 0.388097 0.388096 0.388096
1.246771 1.246771 1.246771 1.246771 1.246771 1.246771 1.246771 0.393550 0.393550 0.393550
1.241592 1.241592 1.241592 1.241592 1.241592 1.241592 1.241592 0.386253 0.386252 0.386252
1.253116 1.253116 1.253116 1.253116 1.253116 1.253116 1.253116 0.387373 0.387372 0.387372
1.249950 1.249950 1.249950 1.249950 1.249950 1.249950 1.249950 0.382591 0.382591 0.382591
1.246951 1.246951 1.246951 1.246951 1.246951 1.246951 1.246951 0.376460 0.376460 0.376460
1.252077 1.252077 1.252077 1.252077 1.252077 1.252077 1.252077 0.373876 0.373875 0.373875
1.248713 1.248713 1.248713 1.248713 1.248713 1.248713 1.248713 0.367220 0.367219 0.367219
1.242154 1.242154 1.242154 1.242154 1.242154 1.242154 1.242154 0.357017 0.357016 0.357016
1.243971 1.243971 1.243971 1.243971 1.243971 1.243971 1.243971 0.349045 0.349044 0.349044
1.273911 1.273911 1.273911 1.273911 1.273911 1.273911 1.273911 0.357056 0.357055 0.357055
1.264558 1.264558 1.264558 1.264558 1.264558 1.264558 1.264558 0.351226 0.351225 0.351225
1.270959 1.270959 1.270959 1.270959 1.270959 1.270959 1.270959 0.351341 0.351340 0.351340
1.262866 1.262866 1.262866 1.262866 1.262866 1.262866 1.262866 0.344903 0.344902 0.344902
1.274590 1.274590 1.274590 1.274590 1.274590 1.274590 1.274590 0.346866 0.346865 0.346865
1.277788 1.277788 1.277788 1.277788 1.277788 1.277788 1.277788 0.347284 0.347283 0.347283
1.273468 1.273468 1.273468 1.273468 1.273468 1.273468 1.273468 0.344369 0.344367 0.344367
1.274831 1.274831 1.274831 1.274831 1.274831 1.274831 1.274831 0.343203 0.343202 0.343202
1.274699 1.274699 1.274699 1.274699 1.274699 1.274699 1.274699 0.341435 0.341434 0.341434
1.273697 1.273697 1.273697 1.273697 1.273697 1.273697 1.273697 0.338972 0.338971 0.338971
1.243445 1.243445 1.243445 1.243445 1.243445 1.243445 1.243445 0.320083 0.320082 0.320082
1.260084 1.260084 1.260084 1.260084 1.260084 1.260084 1.260084 0.317213 0.317212 0.317212
1.268683 1.268683 1.268683 1.268683 1.268683 1.268683 1.268683 0.313910 0.313909 0.313909
1.291367 1.291367 1.291367 1.291367 1.291367 1.291367 1.291367 0.319461 0.319460 0.319460
1.277096 1.277096 1.277096 1.277096 1.277096 1.277096 1.277096 0.312172 0.312171 0.312171
1.272065 1.272065 1.272065 1.272065 1.272065 1.272065 1.272065 0.305578 0.305577 0.305577
1.281911 1.281911 1.281911 1.281911 1.281911 1.281911 1.281911 0.304608 0.304607 0.304607
