0.990479 0.990479 0.990479 0.990479 0.990479 0.990479 0.990479 0.977785 0.977785 0.977785
0.998741 0.998741 0.998741 0.998741 0.998741 0.998741 0.998741 0.979227 0.979227 0.979227
0.980701 0.980701 0.980701 0.980701 0.980701 0.980701 0.980701 0.928789 0.928789 0.928789
1.014258 1.014258 1.014258 1.014258 1.014258 1.014258 1.014258 0.958234 0.958234 0.958234
1.000045 1.000045 1.000045 1.000045 1.000045 1.000045 1.000045 0.923971 0.923971 0.923971
1.017794 1.017794 1.017794 1.017794 1.017794 1.017794 1.017794 0.933668 0.933668 0.933668
1.022296 1.022296 1.022296 1.022296 1.022296 1.022296 1.022296 0.934057 0.934057 0.934057
1.024668 1.024668 1.024668 1.024668 1.024668 1.024668 1.024668 0.933949 0.933949 0.933949
1.025983 1.025983 1.025983 1.025983 1.025983 1.025983 1.025983 0.933603 0.933604 0.933604
1.024719 1.024719 1.024719 1.024719 1.024719 1.024719 1.024719 0.928855 0.928855 0.928855
1.023643 1.023643 1.023643 1.023643 1.023643 1.023643 1.023643 0.921723 0.921723 0.921723
1.017244 1.017244 1.017244 1.017244 1.017244 1.017244 1.017244 0.900161 0.900161 0.900161
1.006266 1.006266 1.006266 1.006266 1.006266 1.006266 1.006266 0.856810 0.856811 0.856811
1.041873 1.041873 1.041873 1.041873 1.041873 1.041873 1.041873 0.881948 0.881949 0.881949
0.914065 0.914065 0.914065 0.914065 0.914065 0.914065 0.914065 0.630093 0.630093 0.630093
1.092642 1.092642 1.092642 1.092642 1.092642 1.092642 1.092642 0.744698 0.744698 0.744698
1.095835 1.095835 1.095835 1.095835 1.095835 1.095835 1.095835 0.738785 0.738786 0.738786
1.100304 1.100304 1.100304 1.100304 1.100304 1.100304 1.100304 0.735246 0.735247 0.735247
1.109533 1.109533 1.109533 1.109533 1.109533 1.109533 1.109533 0.740603 0.740603 0.740603
1.100059 1.100059 1.100059 1.100059 1.100059 1.100059 1.100059 0.725621 0.725621 0.725621
1.109080 1.109080 1.109080 1.109080 1.109080 1.109080 1.109080 0.727878 0.727878 0.727878
1.113765 1.113765 1.113765 1.113765 1.113765 1.113765 1.113765 0.730003 0.730003 0.730003
1.098594 1.098594 1.098594 1.098594 1.098594 1.098594 1.098594 0.706914 0.706914 0.706914
1.112638 1.112638 1.112638 1.112638 1.112638 1.112638 1.112638 0.710453 0.710452 0.710452
1.120032 1.120032 1.120032 1.120032 1.120032 1.120032 1.120032 0.713952 0.713952 0.713952
1.093344 1.093344 1.093344 1.093344 1.093344 1.093344 1.093344 0.675116 0.675116 0.675116
1.121091 1.121091 1.121091 1.121091 1.121091 1.121091 1.121091 0.685982 0.685982 0.685982
1.128393 1.128393 1.128393 1.128393 1.128393 1.128393 1.128393 0.687993 0.687992 0.687992
1.128379 1.128379 1.128379 1.128379 1.128379 1.128379 1.128379 0.684923 0.684922 0.684922
1.119099 1.119099 1.119099 1.119099 1.119099 1.119099 1.119099 0.668831 0.668831 0.668831
1.110077 1.110077 1.110077 1.110077 1.110077 1.110077 1.110077 0.644295 0.644294 0.644294
1.130314 1.130314 1.130314 1.130314 1.130314 1.130314 1.130314 0.646717 0.646716 0.646716
1.145208 1.145208 1.145208 1.145208 1.145208 1.145208 1.145208 0.653867 0.653866 0.653866
1.133720 1.133720 1.133720 1.133720 1.133720 1.133720 1.133720 0.637955 0.637953 0.637953
1.119488 1.119488 1.119488 1.119488 1.119488 1.119488 1.119488 0.609314 0.609313 0.609313
1.158173 1.158173 1.158173 1.158173 1.158173 1.158173 1.158173 0.630247 0.630246 0.630246
1.088581 1.088581 1.088581 1.088581 1.088581 1.088581 1.088581 0.548683 0.548682 0.548682
1.170387 1.170387 1.170387 1.170387 1.170387 1.170387 1.170387 0.587369 0.587368 0.587368
1.158983 1.158983 1.158983 1.158983 1.158983 1.158983 1.158983 0.572060 0.572059 0.572059
1.176871 1.176871 1.176871 1.176871 1.176871 1.176871 1.176871 0.579610 0.579610 0.579610
1.176865 1.176865 1.176865 1.176865 1.176865 1.176865 1.176865 0.578074 0.578073 0.578073
1.167942 1.167942 1.167942 1.167942 1.167942 1.167942 1.167942 0.566866 0.566865 0.566865
1.168543 1.168543 1.168543 1.168543 1.168543 1.168543 1.168543 0.559411 0.559410 0.559410
1.175097 1.175097 1.175097 1.175097 1.175097 1.175097 1.175097 0.556966 0.556965 0.556965
1.182133 1.182133 1.182133 1.182133 1.182133 1.182133 1.182133 0.557482 0.557482 0.557482
1.178314 1.178314 1.178314 1.178314 1.178314 1.178314 1.178314 0.550303 0.550303 0.550303
1.185210 1.185210 1.185210 1.185210 1.185210 1.185210 1.185210 0.550822 0.550822 0.550822
1.179055 1.179055 1.179055 1.179055 1.179055 1.179055 1.179055 0.541538 0.541538 0.541538
1.183288 1.183288 1.183288 1.183288 1.183288 1.183288 1.183288 0.538134 0.538134 0.538134
1.192617 1.192617 1.192617 1.192617 1.192617 1.192617 1.192617 0.540872 0.540872 0.540872
1.194363 1.194363 1.194363 1.194363 1.194363 1.194363 1.194363 0.540780 0.540780 0.540780
1.171614 1.171614 1.171614 1.171614 1.171614 1.171614 1.171614 0.517878 0.517878 0.517878
1.183905 1.183905 1.183905 1.183905 1.183905 1.183905 1.183905 0.514827 0.514826 0.514826
1.194739 1.194739 1.194739 1.194739 1.194739 1.194739 1.194739 0.514958 0.514957 0.514957
1.181800 1.181800 1.181800 1.181800 1.181800 1.181800 1.181800 0.497842 0.497842 0.497842
1.201114 1.201114 1.201114 1.201114 1.201114 1.201114 1.201114 0.501764 0.501763 0.501763
1.199681 1.199681 1.199681 1.199681 1.199681 1.199681 1.199681 0.495611 0.495611 0.495611
1.206698 1.206698 1.206698 1.206698 1.206698 1.206698 1.206698 0.495304 0.495304 0.495304
1.201812 1.201812 1.201812 1.201812 1.201812 1.201812 1.201812 0.487362 0.487362 0.487362
1.080554 1.080554 1.080554 1.080554 1.080554 1.080554 1.080554 0.378326 0.378326 0.378326
1.238442 1.238442 1.238442 1.238442 1.238442 1.238442 1.238442 0.432184 0.432184 0.432184
1.218533 1.218533 1.218533 1.218533 1.218533 1.218533 1.218533 0.416102 0.416102 0.416102
1.235593 1.235593 1.235593 1.235593 1.235593 1.235593 1.235593 0.418010 0.418009 0.418009
1.243008 1.243008 1.243008 1.243008 1.243008 1.243008 1.243008 0.418811 0.418810 0.418810
1.233209 1.233209 1.233209 1.233209 1.233209 1.233209 1.233209 0.410014 0.410014 0.410014
1.242149 1.242149 1.242149 1.242149 1.242149 1.242149 1.242149 0.410026 0.410025 0.410025
1.250255 1.250255 1.250255 1.250255 1.250255 1.250255 1.250255 0.412250 0.412250 0.412250
1.231325 1.231325 1.231325 1.231325 1.231325 1.231325 1.231325 0.398784 0.398783 0.398783
1.247942 1.247942 1.247942 1.247942 1.247942 1.247942 1.247942 0.401896 0.401895 0.401895
1.252273 1.252273 1.252273 1.252273 1.252273 1.252273 1.252273 0.402237 0.402237 0.402237
1.252363 1.252363 1.252363 1.252363 1.252363 1.252363 1.252363 0.401110 0.401109 0.401109
1.240786 1.240786 1.240786 1.240786 1.240786 1.240786 1.240786 0.392121 0.392121 0.392121
1.250347 1.250347 1.250347 1.250347 1.250347 1.250347 1.250347 0.392491 0.392491 0.392491
1.247906 1.247906 1.247906 1.247906 1.247906 1.247906 1.247906 0.387935 0.387934 0.387934
1.259182 1.259182 1.259182 1.259182 1.259182 1.259182 1.259182 0.390961 0.390961 0.390961
1.257485 1.257485 1.257485 1.257485 1.257485 1.257485 1.257485 0.389331 0.389331 0.389331
1.261220 1.261220 1.261220 1.261220 1.261220 1.261220 1.261220 0.390488 0.390487 0.390487
1.235363 1.235363 1.235363 1.235363 1.235363 1.235363 1.235363 0.373939 0.373939 0.373939
1.244359 1.244359 1.244359 1.244359 1.244359 1.244359 1.244359 0.370158 0.370157 0.370157
1.257051 1.257051 1.257051 1.257051 1.257051 1.257051 1.257051 0.370767 0.370767 0.370767
1.241869 1.241869 1.241869 1.241869 1.241869 1.241869 1.241869 0.358030 0.358029 0.358029
1.253093 1.253093 1.253093 1.253093 1.253093 1.253093 1.253093 0.355648 0.355647 0.355647
1.238781 1.238781 1.238781 1.238781 1.238781 1.238781 1.238781 0.341141 0.341141 0.341141
1.264681 1.264681 1.264681 1.264681 1.264681 1.264681 1.264681 0.344467 0.344466 0.344466
1.274581 1.274581 1.274581 1.274581 1.274581 1.274581 1.274581 0.345822 0.345821 0.345821
1.271797 1.271797 1.271797 1.271797 1.271797 1.271797 1.271797 0.342785 0.342784 0.342784
1.276897 1.276897 1.276897 1.276897 1.276897 1.276897 1.276897 0.343094 0.343093 0.343093
1.276669 1.276669 1.276669 1.276669 1.276669 1.276669 1.276669 0.341790 0.341789 0.341789
1.266450 1.266450 1.266450 1.266450 1.266450 1.266450 1.266450 0.334803 0.334802 0.334802
1.274646 1.274646 1.274646 1.274646 1.274646 1.274646 1.274646 0.334591 0.334590 0.334590
1.276442 1.276442 1.276442 1.276442 1.276442 1.276442 1.276442 0.332944 0.332943 0.332943
1.266644 1.266644 1.266644 1.266644 1.266644 1.266644 1.266644 0.325381 0.325380 0.325380
1.261327 1.261327 1.261327 1.261327 1.261327 1.261327 1.261327 0.317140 0.317139 0.317139
1.265539 1.265539 1.265539 1.265539 1.265539 1.265539 1.265539 0.311875 0.311875 0.311875
1.286318 1.286318 1.286318 1.286318 1.286318 1.286318 1.286318 0.315504 0.315503 0.315503
1.289240 1.289240 1.289240 1.289240 1.289240 1.289240 1.289240 0.315336 0.315335 0.315335
1.285563 1.285563 1.285563 1.285563 1.285563 1.285563 1.285563 0.312526 0.312526 0.312526
1.272869 1.272869 1.272869 1.272869 1.272869 1.272869 1.272869 0.304143 0.304142 0.304142
1.289724 1.289724 1.289724 1.289724 1.289724 1.289724 1.289724 0.306638 0.306637 0.306637
1.295768 1.295768 1.295768 1.295768 1.295768 1.295768 1.295768 0.307901 0.307900 0.307900
