0.980349 0.981887 0.980691 0.982335 0.982042 0.982145 0.982122 0.960339 0.960339 0.960339
0.985079 0.986624 0.985422 0.987074 0.986780 0.986883 0.986861 0.938831 0.938830 0.938830
0.983326 0.988493 0.990418 0.985292 0.991821 0.984882 0.993568 0.926173 0.926172 0.926172
1.004261 1.009654 1.010101 1.007257 1.012978 1.006574 1.014872 0.938924 0.938924 0.938924
0.986487 0.991785 0.992224 0.995458 1.001112 0.994783 1.001050 0.909154 0.909154 0.909154
1.017799 1.023265 1.023717 1.027054 1.032888 1.026358 1.032824 0.937758 0.937758 0.937758
1.008036 1.010071 1.013898 1.014987 1.021565 1.015593 1.021991 0.920425 0.920425 0.920425
1.012460 1.013675 1.018419 1.018041 1.025604 1.019769 1.026318 0.916702 0.916702 0.916702
0.995053 0.983159 0.987760 0.987394 0.998232 1.002237 1.008673 0.881664 0.881664 0.881664
1.001162 0.988150 1.000296 1.000114 1.006897 1.002725 1.024089 0.891894 0.891894 0.891894
0.957540 0.945094 0.972371 0.957069 0.986846 0.982758 0.998160 0.839941 0.839941 0.839941
1.020307 1.007101 1.036534 1.019252 1.049746 1.046161 1.063638 0.890017 0.890017 0.890017
1.018956 1.005636 1.035160 1.017902 1.039610 1.044775 1.061213 0.878658 0.878658 0.878658
1.020762 1.003343 1.026836 1.019571 1.032928 1.046627 1.055313 0.873510 0.873510 0.873510
1.024733 1.006128 1.026503 1.023423 1.023084 1.050699 1.059301 0.866316 0.866315 0.866315
1.006566 0.988291 1.008305 1.005280 1.013088 1.040432 1.048950 0.849890 0.849889 0.849889
1.025986 1.006199 1.027360 1.024141 1.031464 1.060235 1.065064 0.854838 0.854837 0.854837
1.037520 1.017510 1.038909 1.035654 1.043060 1.072154 1.077037 0.855074 0.855074 0.855074
0.992547 0.968885 0.993879 0.990022 0.996723 1.019136 1.027076 0.769836 0.769836 0.769836
1.039877 1.013680 1.039830 1.036078 1.044252 1.067734 1.075285 0.785393 0.785393 0.785393
1.068527 1.041608 1.068479 1.064623 1.073023 1.097152 1.104911 0.800934 0.800934 0.800934
1.067568 1.040673 1.067519 1.063667 1.072059 1.096166 1.103919 0.791450 0.791449 0.791449
1.051195 1.029857 1.060821 1.056993 1.065333 1.085299 1.096164 0.773322 0.773322 0.773322
1.063742 1.042149 1.073483 1.069609 1.078048 1.098252 1.109247 0.771082 0.771082 0.771082
1.076103 1.054260 1.085958 1.082039 1.090576 1.111015 1.122138 0.776415 0.776414 0.776414
1.066839 1.047145 1.078537 1.074790 1.083087 1.103626 1.110495 0.764689 0.764689 0.764689
1.057707 1.045269 1.076379 1.072557 1.079316 1.098708 1.108832 0.757556 0.757556 0.757556
0.969869 0.977238 0.986991 1.002750 1.009069 0.997671 1.036665 0.687301 0.687301 0.687301
1.023976 1.036719 1.041849 1.066254 1.065363 1.057501 1.099324 0.699855 0.699855 0.699855
1.071972 1.085312 1.090683 1.116231 1.115299 1.107068 1.150852 0.726915 0.726915 0.726915
1.047680 1.064008 1.055621 1.080348 1.092535 1.085337 1.128261 0.700530 0.700530 0.700530
1.055312 1.071700 1.063715 1.089364 1.101011 1.093122 1.138199 0.684966 0.684965 0.684965
1.081845 1.098645 1.073368 1.116752 1.114838 1.120605 1.166816 0.698388 0.698387 0.698387
1.059547 1.090898 1.068514 1.094138 1.108692 1.115538 1.159172 0.693615 0.693614 0.693614
1.035787 1.093798 1.071354 1.097046 1.111639 1.118503 1.161829 0.685018 0.685017 0.685017
1.060889 1.120305 1.097317 1.123632 1.138579 1.145609 1.189985 0.700042 0.700041 0.700041
1.038481 1.096357 1.073413 1.099155 1.113578 1.120817 1.161750 0.665031 0.665030 0.665030
1.042635 1.099435 1.068194 1.101587 1.115538 1.122790 1.166680 0.648502 0.648501 0.648501
1.052699 1.092683 1.078331 1.112219 1.108687 1.133627 1.161618 0.651185 0.651184 0.651184
1.052506 1.092483 1.078133 1.112016 1.108484 1.133419 1.161405 0.626763 0.626763 0.626763
1.084626 1.118989 1.111036 1.138995 1.142313 1.168009 1.196849 0.640380 0.640380 0.640380
1.045866 1.063710 1.072500 1.092442 1.105124 1.133716 1.159918 0.593234 0.593234 0.593234
1.078275 1.090851 1.102035 1.130233 1.013139 1.173189 1.195557 0.614436 0.614436 0.614436
1.083640 1.096782 1.106901 1.136378 1.018021 1.179795 1.201318 0.598210 0.598210 0.598210
1.117258 1.130808 1.141241 1.171632 1.049603 1.216397 1.238587 0.610714 0.610713 0.610713
1.112849 1.128180 1.138588 1.168909 1.045461 1.213570 1.235708 0.600564 0.600563 0.600563
1.095282 1.110371 1.120615 1.128409 1.028958 1.160488 1.216202 0.574067 0.574066 0.574066
1.123504 1.138981 1.149489 1.157484 0.966186 1.190390 1.246532 0.583733 0.583732 0.583732
1.151055 1.166912 1.177677 1.185868 0.989879 1.219581 1.277100 0.595441 0.595441 0.595441
1.143130 1.158878 1.169569 1.177704 0.983063 1.211184 1.268307 0.583514 0.583513 0.583513
1.143168 1.158917 1.169608 1.157999 0.983097 1.211225 1.268349 0.575728 0.575727 0.575727
1.139560 1.155384 1.163957 1.152800 0.980100 1.207533 1.262760 0.560424 0.560423 0.560423
1.140816 1.153267 1.164916 1.153518 0.979858 1.207611 1.263800 0.546944 0.546943 0.546943
1.153330 1.165918 1.177695 1.166172 0.990607 1.220858 1.277664 0.540898 0.540897 0.540897
1.150223 1.163926 1.179100 1.167563 0.990278 1.222315 1.278935 0.532586 0.532584 0.532584
1.167521 1.161586 1.196833 1.184808 1.005171 1.219857 1.298169 0.537437 0.537436 0.537436
1.173463 1.165897 1.200903 1.189335 1.009088 1.220435 1.303338 0.535073 0.535072 0.535072
1.147633 1.140234 1.168275 1.155902 0.986877 1.193572 1.274650 0.507645 0.507644 0.507644
1.183988 1.176354 1.205082 1.192518 1.017080 1.231382 1.314808 0.517388 0.517387 0.517387
1.168133 1.079780 1.188945 1.176550 1.003461 1.214892 1.297202 0.499998 0.499997 0.499997
1.205037 1.113893 1.226507 1.213720 1.035162 1.253274 1.338184 0.511917 0.511916 0.511916
1.202210 1.111280 1.223629 1.210872 1.032734 1.250333 1.335044 0.504863 0.504862 0.504862
1.205896 1.114687 1.227381 1.214585 1.035900 1.254167 1.339137 0.501348 0.501346 0.501346
1.179782 1.090548 1.201521 1.177899 1.004612 1.227742 1.298690 0.484908 0.484907 0.484907
1.212517 1.118651 1.234344 1.210582 1.032487 1.254367 1.334725 0.493873 0.493872 0.493872
1.212340 1.118487 1.234163 1.210405 1.032336 1.254184 1.334530 0.487032 0.487031 0.487031
1.215785 1.121019 1.237671 1.213145 1.035270 1.257022 1.338323 0.482371 0.482370 0.482370
1.203918 1.110076 1.225590 1.055251 1.025164 1.244752 1.325259 0.472333 0.472332 0.472332
1.239777 1.143140 1.262331 1.086334 1.055897 1.280055 1.365229 0.481741 0.481740 0.481740
1.244408 1.147536 1.267045 1.090512 1.059840 1.284977 1.370479 0.480006 0.480005 0.480005
1.237305 1.140986 1.259813 1.084288 1.053791 1.277643 1.362657 0.469164 0.469162 0.469162
1.254198 1.156643 1.277386 1.099458 1.068381 1.295297 1.381486 0.474266 0.474265 0.474265
1.222698 1.127593 1.245304 1.071844 1.041547 1.262765 1.346788 0.446987 0.446986 0.446986
1.241447 1.149198 1.268442 1.091855 1.058029 1.276824 1.372117 0.449971 0.449970 0.449970
1.245299 1.156724 1.277004 1.098562 1.061120 1.284561 1.376240 0.448800 0.448798 0.448798
1.253690 1.164519 1.285609 1.105965 1.068270 1.293217 1.385514 0.447452 0.447451 0.447451
1.252219 1.162907 1.283401 1.103211 1.066594 1.292063 1.380406 0.442053 0.442052 0.442052
1.216144 1.134331 1.250834 1.051208 1.040450 1.256339 1.339691 0.425288 0.425287 0.425287
1.256444 1.171921 1.291814 1.086043 1.074928 1.294391 1.381085 0.434087 0.434086 0.434086
1.219171 1.117245 1.253491 1.049220 1.043039 1.250504 1.316650 0.405346 0.405345 0.405345
1.255936 1.150936 1.291292 1.080861 1.074494 1.279574 1.356356 0.406311 0.406309 0.406309
1.245192 1.139599 1.276968 1.071201 1.053770 1.255889 1.329271 0.390533 0.390532 0.390532
1.279942 1.164610 1.312755 1.101354 1.083021 1.290519 1.366674 0.393681 0.393680 0.393680
1.195584 1.087853 1.226234 1.028766 1.011642 1.205464 1.276599 0.331043 0.331042 0.331042
1.298642 1.179603 1.331934 1.117445 1.098844 1.298652 1.386641 0.353473 0.353472 0.353472
1.257250 1.142005 1.289481 1.081828 1.063821 1.257260 1.342444 0.321754 0.321753 0.321753
1.242383 1.126887 1.272411 0.975647 1.049570 1.242393 1.324461 0.296460 0.296459 0.296459
1.319418 1.196760 1.351307 1.036142 1.114649 1.319428 1.406584 0.304305 0.304304 0.304304
1.331579 1.207014 1.363809 1.045557 1.122708 1.325843 1.419058 0.302458 0.302457 0.302457
1.354944 1.229031 1.388773 1.064696 1.143258 1.345084 1.439697 0.305357 0.305356 0.305356
1.354965 1.230375 1.392315 1.065252 1.146366 1.348741 1.442606 0.304989 0.304988 0.304988
1.354426 1.229886 1.380244 1.064828 1.145910 1.348205 1.442033 0.301629 0.301628 0.301628
1.361642 1.236438 1.387598 1.070501 1.152015 1.355388 1.449715 0.300786 0.300784 0.300784
1.358706 1.233772 1.384605 1.050899 1.149406 1.352465 1.446589 0.297557 0.297555 0.297555
1.331416 1.208372 1.356100 1.029792 1.104165 1.323838 1.416808 0.283976 0.283975 0.283975
1.333739 1.210480 1.358466 1.031589 1.106091 1.326147 1.419279 0.273496 0.273495 0.273495
1.363155 1.235204 1.367788 1.055766 1.131519 1.357142 1.448274 0.277328 0.277327 0.277327
1.380595 1.252910 1.385386 1.070256 1.145972 1.369487 1.469274 0.280588 0.280587 0.280587
1.360396 1.234579 1.362037 1.054598 1.129206 1.346012 1.447777 0.270209 0.270207 0.270207
1.371109 1.244064 1.372763 1.062700 1.138126 1.356645 1.458900 0.267612 0.267610 0.267610
