0.940213 0.972762 0.979704 0.976552 0.967599 0.970129 0.974601 0.974601 0.974601 0.974601
0.949681 0.978926 0.981018 0.982036 0.974650 0.974555 0.984603 0.984603 0.984603 0.984603
0.942640 0.976327 0.971840 0.974740 0.967500 0.967916 0.983781 0.983781 0.983781 0.983781
0.922176 0.964191 0.970422 0.970269 0.958374 0.955606 0.981917 0.981917 0.981917 0.981917
0.887895 0.922400 0.943133 0.935426 0.929272 0.913071 0.946288 0.946288 0.946288 0.946288
0.926614 0.965490 0.986786 0.975322 0.972309 0.961408 0.999043 0.999043 0.999043 0.999043
0.903844 0.936786 0.961510 0.945496 0.952408 0.936139 0.957807 0.957807 0.957807 0.957807
0.928930 0.956842 0.981748 0.956460 0.966935 0.959476 0.982792 0.982792 0.982792 0.982792
0.929661 0.957084 0.984571 0.953221 0.975162 0.957040 0.992268 0.992268 0.992269 0.992269
0.913100 0.935518 0.970495 0.936549 0.960211 0.939134 0.975668 0.975668 0.975669 0.975669
0.938898 0.955464 0.996641 0.961592 0.986352 0.956620 1.002268 1.002268 1.002268 1.002268
0.915720 0.945632 0.982792 0.940693 0.971980 0.946267 0.992800 0.992800 0.992800 0.992800
0.928165 0.959187 0.998113 0.955708 0.977025 0.957968 1.010756 1.010756 1.010756 1.010756
0.911817 0.946581 0.978539 0.942577 0.957300 0.942508 1.001903 1.001903 1.001904 1.001904
0.905309 0.936448 0.977581 0.932914 0.946555 0.930993 0.996555 0.996555 0.996556 0.996556
0.917771 0.949147 0.989727 0.944036 0.955415 0.941050 1.013990 1.013990 1.013991 1.013991
0.899585 0.942583 0.984742 0.931100 0.948008 0.933710 1.010975 1.010975 1.010976 1.010976
0.905883 0.954229 0.991061 0.942825 0.949746 0.938998 1.017510 1.017510 1.017511 1.017511
0.893717 0.948151 0.989368 0.945056 0.937235 0.942013 1.021383 1.021383 1.021383 1.021383
0.877101 0.931535 0.970546 0.926875 0.908147 0.919439 1.008383 1.008383 1.008383 1.008383
0.873450 0.937789 0.974567 0.931077 0.905923 0.924193 1.017573 1.017573 1.017573 1.017573
0.888737 0.954297 0.989605 0.944049 0.915374 0.943208 1.037890 1.037890 1.037890 1.037890
0.887671 0.948637 0.985862 0.934005 0.908959 0.929590 1.038439 1.038439 1.038440 1.038440
0.880995 0.929854 0.979169 0.925018 0.893036 0.923989 1.026310 1.026310 1.026311 1.026311
0.871590 0.910401 0.958889 0.905900 0.875502 0.905452 1.017831 1.017831 1.017832 1.017832
0.891143 0.939772 0.986929 0.928563 0.895494 0.930578 1.054811 1.054811 1.054812 1.054812
0.882487 0.922294 0.974070 0.914916 0.883294 0.917598 1.044503 1.044503 1.044504 1.044504
0.861304 0.902632 0.941837 0.886136 0.825609 0.900751 1.020712 1.020712 1.020713 1.020713
0.894674 0.943422 0.974930 0.926594 0.862972 0.940852 1.063716 1.063716 1.063717 1.063717
0.883910 0.934666 0.960566 0.921701 0.857962 0.933920 1.062032 1.062032 1.062032 1.062032
0.880878 0.931677 0.951856 0.920798 0.849905 0.912832 1.061539 1.061539 1.061540 1.061540
0.826981 0.899729 0.880464 0.863423 0.799647 0.869127 0.978771 0.978771 0.978772 0.978772
0.874750 0.964321 0.931222 0.926650 0.848399 0.928527 1.054757 1.054757 1.054758 1.054758
0.883765 0.971616 0.935642 0.928551 0.852160 0.930781 1.067500 1.067500 1.067501 1.067501
0.889210 0.981970 0.944981 0.938242 0.859887 0.939800 1.082235 1.082235 1.082237 1.082237
0.869609 0.973513 0.935846 0.922031 0.845337 0.913824 1.075094 1.075094 1.075095 1.075095
0.868880 0.973155 0.938094 0.910578 0.841369 0.908178 1.081023 1.081023 1.081024 1.081024
0.864665 0.972947 0.936709 0.907907 0.838526 0.907347 1.080480 1.080480 1.080481 1.080481
0.858778 0.974213 0.934116 0.909536 0.839158 0.901802 1.079268 1.079268 1.079270 1.079270
0.835441 0.935732 0.902271 0.882173 0.808890 0.868122 1.045698 1.045698 1.045700 1.045700
0.841971 0.933572 0.905701 0.882320 0.809234 0.869082 1.053659 1.053659 1.053661 1.053661
0.860378 0.961112 0.929908 0.903693 0.822776 0.897283 1.088474 1.088474 1.088475 1.088475
0.872281 0.975226 0.941760 0.914224 0.834468 0.907059 1.104600 1.104600 1.104601 1.104601
0.823892 0.910757 0.893818 0.860953 0.774312 0.840775 1.029216 1.029216 1.029217 1.029217
0.855690 0.944574 0.938212 0.901761 0.799275 0.855773 1.084465 1.084465 1.084466 1.084466
0.871004 0.962687 0.955686 0.918333 0.815844 0.873007 1.106935 1.106935 1.106936 1.106936
0.851823 0.937819 0.922483 0.897789 0.793976 0.855073 1.088231 1.088231 1.088232 1.088232
0.860047 0.940363 0.937904 0.909918 0.802222 0.864218 1.102114 1.102114 1.102116 1.102116
0.848117 0.928492 0.930051 0.901373 0.789606 0.857390 1.089512 1.089512 1.089513 1.089513
0.865523 0.949017 0.942246 0.918940 0.805413 0.874051 1.116149 1.116149 1.116150 1.116150
0.862200 0.952023 0.942062 0.918838 0.806560 0.866498 1.117918 1.117918 1.117919 1.117919
0.843727 0.904941 0.916545 0.890505 0.770521 0.839356 1.090457 1.090457 1.090458 1.090458
0.875905 0.940241 0.952277 0.917347 0.800174 0.870385 1.136194 1.136194 1.136195 1.136195
0.857720 0.932686 0.944062 0.909096 0.782232 0.854071 1.130836 1.130836 1.130837 1.130837
0.823818 0.892204 0.903802 0.873712 0.750480 0.817874 1.060871 1.060871 1.060872 1.060872
0.854055 0.922477 0.938115 0.905678 0.776218 0.839025 1.111879 1.111879 1.111880 1.111880
0.863910 0.930321 0.944675 0.916413 0.784658 0.844421 1.125895 1.125895 1.125897 1.125897
0.861557 0.931022 0.943092 0.915497 0.786778 0.846899 1.132298 1.132298 1.132300 1.132300
0.849503 0.920124 0.924283 0.901082 0.758909 0.834937 1.124734 1.124734 1.124735 1.124735
0.786829 0.844031 0.875450 0.818214 0.718402 0.746913 1.076736 1.076736 1.076737 1.076737
