0.958507 0.970339 0.970094 0.970054 0.969846 0.969218 0.968534 0.960255 0.960255 0.960255
0.981964 0.994642 0.994952 0.994828 0.989399 0.992006 0.993411 0.982259 0.982258 0.982258
0.959439 0.973287 0.976986 0.972172 0.968569 0.965678 0.973876 0.933421 0.933421 0.933421
0.994860 1.010323 1.014096 1.005820 1.005211 0.999626 1.010381 0.967948 0.967947 0.967947
0.987313 1.004548 1.009351 0.997285 0.998705 0.993781 1.006099 0.962343 0.962342 0.962342
0.981758 0.983102 1.006438 0.984991 0.999151 0.992872 1.005104 0.962682 0.962681 0.962681
0.983782 0.985142 1.008971 0.983235 1.002106 0.989150 1.007058 0.961265 0.961263 0.961263
0.985151 0.987085 1.010442 0.985547 1.006174 0.994973 1.011826 0.968161 0.968159 0.968159
0.984693 0.987148 1.013817 0.983437 1.005904 0.995569 1.011433 0.970714 0.970712 0.970712
0.985555 0.987057 1.012657 0.985589 1.001001 0.996349 1.012679 0.972540 0.972538 0.972538
0.990453 0.991384 1.016311 0.987593 1.006787 1.001397 1.017415 0.976560 0.976558 0.976558
0.984439 0.983441 1.005866 0.979779 0.992185 0.994561 1.007172 0.972214 0.972213 0.972213
0.979432 0.978909 1.003221 0.976781 0.989894 0.987767 1.006446 0.973363 0.973361 0.973361
0.981920 0.980873 1.003546 0.976961 0.992043 0.987927 0.935777 0.974831 0.974829 0.974829
0.981623 0.986335 1.002131 0.982906 0.999741 0.966969 0.943042 0.979652 0.979650 0.979650
0.978997 0.995355 1.003532 0.990918 1.006787 0.972161 0.951654 0.985750 0.985749 0.985749
0.972737 0.988389 1.000825 0.987831 1.003995 0.967613 0.948354 0.971247 0.971246 0.971246
0.965869 0.994630 1.009087 0.994666 1.012015 0.969047 0.948915 0.976443 0.976441 0.976441
0.964126 0.985945 1.003071 0.992402 0.999256 0.968453 0.945939 0.968547 0.968546 0.968546
0.952904 0.979089 0.991968 0.980772 0.992707 0.956371 0.939672 0.932567 0.932565 0.932565
0.959852 0.987995 0.996938 0.996104 1.007946 0.926578 0.947847 0.945976 0.945974 0.945974
0.974879 1.003107 1.011283 1.001158 1.024782 0.938560 0.958684 0.956653 0.956652 0.956652
0.959454 1.000772 1.007712 0.999685 1.024790 0.926064 0.955519 0.953038 0.953037 0.953037
0.975404 1.017114 1.023449 1.013492 1.040847 0.941520 0.971673 0.969267 0.969265 0.969265
0.942396 0.982346 0.992519 0.985043 1.011696 0.910081 0.945036 0.908044 0.908043 0.908043
0.975447 1.019675 1.029675 1.021614 1.048275 0.945581 0.981851 0.938278 0.938276 0.938276
0.974707 1.009529 1.014058 1.013376 1.047655 0.945160 0.981631 0.934167 0.934166 0.934166
0.984136 1.020719 1.025592 1.025115 1.054999 0.956135 0.990616 0.944494 0.944493 0.944493
0.976203 1.016446 1.024592 1.019512 1.055377 0.954589 0.990134 0.940666 0.940664 0.940664
0.985214 1.025948 1.031397 1.026436 1.064246 0.962588 0.999340 0.949254 0.949252 0.949252
0.966936 1.006985 1.013668 1.008261 1.043218 0.945303 0.980614 0.918635 0.918634 0.918634
0.974579 1.014684 1.019976 1.009771 1.051257 0.948925 0.988022 0.920719 0.920718 0.920718
0.978835 1.023090 1.029441 1.018247 1.061003 0.957002 0.995560 0.923282 0.923280 0.923280
0.984565 1.029474 1.034372 1.022302 1.068446 0.961445 1.000978 0.927877 0.927876 0.927876
0.935238 1.005593 1.008807 1.000272 1.042656 0.916943 0.977028 0.889313 0.889312 0.889312
0.965395 1.037453 1.039482 1.033310 1.075328 0.940207 1.005734 0.918963 0.918961 0.918961
0.885004 0.931983 0.978698 0.964013 1.005350 0.844624 0.903489 0.847021 0.847020 0.847020
0.966045 1.018934 1.068898 1.053122 1.097311 0.922862 0.986982 0.919961 0.919960 0.919960
0.957818 1.006577 1.053383 1.045502 1.088700 0.913554 0.971365 0.913016 0.913014 0.913014
0.972136 1.021674 1.068954 1.060226 1.105444 0.925039 0.984588 0.922730 0.922728 0.922728
0.964743 1.010649 1.059090 1.053825 1.098996 0.919795 0.974208 0.913970 0.913969 0.913969
0.954909 0.998897 1.023809 1.004700 1.086443 0.874334 0.938964 0.904914 0.904913 0.904913
0.964219 1.010909 1.032291 1.014761 1.101326 0.881775 0.951329 0.891268 0.891268 0.891268
0.994425 1.042000 1.065267 1.046401 1.135645 0.909518 0.979980 0.920007 0.920006 0.920006
0.989709 1.038093 1.051280 1.042865 1.132503 0.897304 0.974984 0.917785 0.917784 0.917784
0.986940 1.036441 1.050693 1.031400 1.109144 0.895714 0.972374 0.914886 0.914885 0.914885
0.959925 1.010029 1.002663 0.976634 1.080098 0.870363 0.948535 0.861911 0.861910 0.861910
0.985549 1.037803 1.029191 0.995464 1.113906 0.884028 0.975207 0.881803 0.881802 0.881802
0.995063 1.052834 1.038484 1.010053 1.127757 0.898239 0.990975 0.897795 0.897794 0.897794
1.000524 1.055437 1.045714 1.017381 1.134186 0.894372 0.997380 0.903868 0.903867 0.903867
0.987732 1.039959 1.030947 0.995419 1.115604 0.881565 0.979978 0.891379 0.891378 0.891378
1.010164 1.066078 1.056151 1.020085 1.142823 0.904133 1.004935 0.911037 0.911036 0.911036
1.007351 1.062899 1.051430 1.018624 1.139530 0.899900 1.002220 0.909216 0.909215 0.909215
0.991631 1.036292 1.035934 0.999513 1.109619 0.879724 0.989186 0.891270 0.891269 0.891269
1.006169 1.050399 1.050491 0.993471 1.124086 0.893691 0.981729 0.903978 0.903976 0.903976
0.981436 1.033190 1.025570 0.975625 1.103902 0.877233 0.964968 0.861948 0.861947 0.861947
1.008636 1.062150 1.054761 1.000357 1.136180 0.898139 0.992376 0.884660 0.884659 0.884659
1.000959 1.047184 1.039499 0.991555 1.124782 0.884502 0.944040 0.880287 0.880285 0.880285
1.016436 1.062862 1.056593 1.008172 1.146450 0.900097 0.958318 0.895052 0.895051 0.895051
1.011799 1.066344 1.058407 1.010570 1.150070 0.901041 0.961583 0.893870 0.893869 0.893869
