0.986238 0.985701 0.984481 0.986986 0.985368 0.979670 0.983501 0.987283 0.987283 0.987283
0.972933 0.970994 0.948515 0.937843 0.970868 0.928148 0.944763 0.974245 0.974245 0.974245
1.001959 1.001360 0.978458 0.967650 0.997195 0.957673 0.972448 1.004683 1.004683 1.004683
0.995669 0.985920 0.958295 0.954545 0.991100 0.951959 0.966860 0.994756 0.994756 0.994756
0.972708 0.965054 0.918542 0.907866 0.969424 0.929116 0.947337 0.941310 0.941310 0.941310
1.013195 1.008067 0.958960 0.947531 1.010832 0.971468 0.990470 0.978808 0.978808 0.978808
1.010562 1.009375 0.963302 0.947542 1.016762 0.975239 0.995440 0.980209 0.980209 0.980209
1.002004 1.012688 0.959044 0.949716 1.017981 0.974780 0.998695 0.980582 0.980582 0.980582
0.992199 1.002849 0.950979 0.941232 1.006781 0.965826 0.988734 0.957429 0.957429 0.957429
0.993108 1.001856 0.950561 0.933696 1.004030 0.965208 0.984966 0.957304 0.957305 0.957305
1.016298 1.024683 0.973342 0.955364 1.027312 0.987877 1.006785 0.980531 0.980531 0.980531
1.002452 1.010463 0.958480 0.936359 1.013115 0.970482 0.992724 0.961765 0.961765 0.961765
0.998487 0.999896 0.948090 0.931539 1.006646 0.959267 0.947850 0.960535 0.960535 0.960535
1.012912 1.014653 0.962489 0.942823 1.022706 0.969449 0.962189 0.973119 0.973119 0.973119
1.027679 1.029565 0.974014 0.954256 1.036765 0.982753 0.976280 0.987205 0.987205 0.987205
1.019274 1.021160 0.966488 0.942821 1.029206 0.969065 0.968183 0.975680 0.975679 0.975679
1.026158 1.027853 0.971371 0.950476 1.036056 0.973752 0.974802 0.983043 0.983043 0.983043
1.021929 1.025546 0.970201 0.945701 1.032945 0.971439 0.974060 0.980763 0.980763 0.980763
1.012226 1.023807 0.967051 0.943253 1.031072 0.967638 0.972535 0.974614 0.974614 0.974614
1.016628 1.029883 0.971782 0.948104 1.035460 0.972789 0.977516 0.973958 0.973957 0.973957
0.984053 0.996530 0.944168 0.923206 1.008334 0.942056 0.952489 0.914137 0.914137 0.914137
1.025672 1.038376 0.983124 0.959588 1.049992 0.981963 0.993048 0.953178 0.953178 0.953178
1.025141 1.038874 0.974335 0.960406 1.051532 0.972889 0.992179 0.954913 0.954912 0.954912
1.002384 1.017631 0.950547 0.946862 1.036415 0.914986 0.971510 0.940284 0.940283 0.940283
1.017418 1.025724 0.960785 0.960609 1.040574 0.929817 0.984764 0.948380 0.948380 0.948380
1.029553 1.038508 0.975945 0.970437 1.053193 0.941908 0.996586 0.962670 0.962670 0.962670
1.025664 1.033517 0.971674 0.947042 1.047536 0.939475 0.971100 0.958653 0.958652 0.958652
1.023695 1.030906 0.973418 0.948343 1.049335 0.939291 0.972091 0.948802 0.948801 0.948801
1.031806 1.035958 0.982569 0.957537 1.057873 0.937512 0.980743 0.957534 0.957533 0.957533
0.983231 1.015146 0.961334 0.939884 1.035623 0.896963 0.960324 0.920657 0.920657 0.920657
0.992884 1.029974 0.971333 0.949036 1.051172 0.905004 0.974674 0.905701 0.905701 0.905701
1.020458 1.059191 0.998375 0.976326 1.083242 0.934313 1.005087 0.936229 0.936228 0.936228
0.996844 1.036235 0.980144 0.953894 1.060217 0.909328 0.985118 0.889496 0.889496 0.889496
1.033616 1.075635 1.017344 0.986881 1.100293 0.941267 1.022014 0.922371 0.922370 0.922370
0.939140 0.957714 0.949360 0.912531 1.019567 0.838076 0.909971 0.842622 0.842621 0.842621
1.014240 1.040373 1.024141 0.991800 1.109977 0.886161 0.990667 0.914780 0.914779 0.914779
1.023768 1.050733 1.034924 1.002158 1.115688 0.893646 1.001157 0.921969 0.921968 0.921968
1.017734 1.028024 1.031660 0.989538 1.115886 0.892588 0.999897 0.922045 0.922044 0.922044
1.021927 1.030244 1.031528 0.991775 1.110979 0.895585 0.999981 0.927356 0.927354 0.927354
1.028337 1.039144 1.039761 1.000015 1.119793 0.903749 1.008965 0.932572 0.932571 0.932571
1.024834 1.034603 1.034128 0.997915 1.109567 0.900587 1.005886 0.930329 0.930328 0.930328
0.991059 1.008914 1.000927 0.971574 1.080288 0.876412 0.980223 0.879457 0.879456 0.879456
1.008369 1.040364 1.034118 1.002462 1.115816 0.899391 1.005030 0.906002 0.906000 0.906000
1.001305 1.023184 1.027780 0.992248 1.096021 0.886909 1.000627 0.895879 0.895877 0.895877
1.025206 1.046996 1.050887 1.012964 1.123087 0.908167 1.024212 0.916500 0.916499 0.916499
0.998878 1.020908 1.023664 0.979825 1.099156 0.875371 0.999296 0.889820 0.889819 0.889819
1.019706 1.041641 1.042700 0.997906 1.121663 0.891505 0.946100 0.907440 0.907438 0.907438
1.034121 1.056419 1.057267 1.011150 1.138004 0.901991 0.958212 0.916362 0.916360 0.916360
1.025426 1.047030 1.049392 1.003928 1.132660 0.896318 0.949839 0.909830 0.909829 0.909829
1.010299 1.033909 1.032411 0.989376 1.120315 0.882012 0.938996 0.874366 0.874365 0.874365
1.029635 1.054203 1.054767 1.010366 1.144943 0.897316 0.961165 0.896714 0.896713 0.896713
1.030673 1.056542 1.058200 1.003071 1.125606 0.899143 0.962251 0.897293 0.897291 0.897291
1.028992 1.054445 1.055157 0.991001 1.124930 0.895269 0.956687 0.891977 0.891976 0.891976
1.008015 1.045702 1.046142 0.982495 1.115035 0.886819 0.946990 0.875387 0.875386 0.875386
1.021868 1.056212 1.054103 0.997285 1.131121 0.897582 0.952929 0.888282 0.888281 0.888281
1.020218 1.059551 1.051750 1.000608 1.132406 0.901834 0.957530 0.894298 0.894297 0.894297
1.020719 1.064204 1.057411 1.005111 1.138492 0.905998 0.961111 0.893325 0.893324 0.893324
1.020500 1.060560 1.055457 1.006483 1.140281 0.907571 0.958060 0.891434 0.891433 0.891433
1.027472 1.068216 1.061544 1.011474 1.149397 0.912671 0.964211 0.896743 0.896742 0.896742
1.000663 1.054608 1.046758 0.999448 1.137413 0.891124 0.951000 0.884032 0.884031 0.884031
