0.978007 0.983750 0.976924 0.984256 0.985893 0.957548 0.985898 0.983141 0.983141 0.983141
0.955606 0.969296 0.955388 0.968237 0.969855 0.941530 0.970731 0.939041 0.939041 0.939041
0.972320 0.999535 0.987093 0.999042 1.001776 0.966240 0.995323 0.967408 0.967408 0.967408
0.956174 0.984698 0.968502 0.990588 0.993022 0.913930 0.980162 0.958036 0.958036 0.958036
0.965396 0.984674 0.978705 0.996935 0.991760 0.916358 0.992230 0.963216 0.963216 0.963216
0.974896 0.998248 0.995397 1.009380 1.010020 0.931387 1.009646 0.976625 0.976624 0.976624
0.893355 0.896404 0.936815 0.941309 0.943913 0.836364 0.906639 0.899808 0.899807 0.899807
0.943596 0.948655 0.970842 0.967948 0.998211 0.882555 0.960438 0.920578 0.920577 0.920577
0.979169 0.980833 1.001346 1.005737 1.036542 0.914376 0.989302 0.956214 0.956213 0.956213
0.984489 0.977091 0.992269 1.003808 1.042348 0.919632 0.995208 0.957923 0.957923 0.957923
0.944555 0.964008 0.977462 0.992039 1.027401 0.885873 0.981150 0.927329 0.927329 0.927329
0.983434 1.003103 1.016318 1.029855 1.070553 0.922426 1.021238 0.964696 0.964696 0.964696
0.978447 0.998399 1.010095 1.022726 1.066354 0.916643 1.015643 0.958968 0.958968 0.958968
0.978269 0.999611 1.011611 1.024473 1.063346 0.918235 1.014935 0.960104 0.960104 0.960104
0.966819 0.999619 1.003853 1.023473 1.061146 0.914807 1.014930 0.957335 0.957335 0.957335
0.964324 0.993838 0.999626 1.022445 1.060298 0.914227 1.009314 0.953047 0.953047 0.953047
0.964304 0.993338 1.000572 1.023729 1.064246 0.916161 1.008957 0.954259 0.954259 0.954259
0.963763 0.977082 1.002766 1.016259 1.070144 0.919985 1.013092 0.959457 0.959457 0.959457
0.966356 0.979189 1.003242 1.016600 1.072630 0.920273 0.942099 0.961049 0.961049 0.961049
0.973955 0.983930 1.012614 1.026394 1.081293 0.918476 0.950429 0.969836 0.969836 0.969836
0.960435 0.968865 0.975233 0.974902 1.064960 0.869827 0.912632 0.956649 0.956649 0.956649
0.981446 0.983189 0.992416 0.995758 1.076479 0.889916 0.931352 0.971425 0.971425 0.971425
1.000033 1.001925 1.008616 1.012164 1.095966 0.906005 0.949053 0.989722 0.989722 0.989722
0.964021 0.977768 0.984048 0.987470 1.068999 0.883139 0.924448 0.955821 0.955821 0.955821
0.978068 0.991761 0.996723 0.995492 1.084362 0.892388 0.937594 0.964328 0.964327 0.964327
0.970492 0.986296 0.987566 0.988038 1.080169 0.884388 0.933481 0.933328 0.933328 0.933328
0.997052 1.013856 1.015734 1.016135 1.105060 0.907739 0.960163 0.957413 0.957413 0.957413
1.000899 1.020162 1.021387 1.022120 1.111157 0.913818 0.966466 0.960490 0.960490 0.960490
0.999379 1.018662 1.019668 1.019697 1.109941 0.910293 0.963728 0.954960 0.954960 0.954960
0.984533 1.008329 1.003899 1.009525 1.096463 0.902474 0.955538 0.948676 0.948676 0.948676
0.989060 1.014191 1.010780 1.005832 1.081812 0.907556 0.960049 0.952694 0.952694 0.952694
0.995863 1.020871 1.016723 1.009947 1.088229 0.913858 0.966920 0.959628 0.959628 0.959628
0.969276 1.007240 1.001939 0.997319 1.076213 0.891728 0.953079 0.945438 0.945438 0.945438
0.981642 1.020682 1.014789 1.011010 1.092847 0.907160 0.968461 0.963029 0.963029 0.963029
0.958161 1.000991 0.991087 0.986747 1.072194 0.884711 0.950092 0.915732 0.915732 0.915732
0.980424 1.024742 1.016619 1.011732 1.100169 0.903680 0.976434 0.942912 0.942912 0.942912
0.962009 1.007005 1.002507 0.992895 1.081587 0.883438 0.961303 0.899842 0.899841 0.899841
0.984314 1.030670 1.026499 1.013580 1.108308 0.900506 0.984251 0.919484 0.919483 0.919483
0.989757 1.036385 1.032645 1.015275 1.115435 0.900236 0.989579 0.921309 0.921308 0.921308
0.999894 1.048144 1.044293 1.023391 1.127849 0.907909 1.000259 0.930808 0.930807 0.930807
0.984324 1.039947 1.034515 1.014480 1.118897 0.898808 0.992565 0.919296 0.919295 0.919295
0.973232 1.026270 1.021473 0.994106 1.102256 0.887298 0.976745 0.907987 0.907986 0.907986
0.978490 1.031887 1.028419 1.000337 1.106849 0.892633 0.981836 0.900146 0.900146 0.900146
0.995119 1.050470 1.037082 1.018731 1.127894 0.899880 0.998164 0.917584 0.917584 0.917584
0.975552 1.030622 1.016456 0.991488 1.110677 0.872739 0.979896 0.896375 0.896375 0.896375
0.990193 1.045720 1.030425 0.995884 1.128510 0.883462 0.990468 0.905916 0.905916 0.905916
1.000227 1.056875 1.044828 1.004290 1.140170 0.893363 1.000581 0.917936 0.917935 0.917935
0.999124 1.057378 1.044241 1.003976 1.138809 0.893244 1.000247 0.912339 0.912338 0.912338
0.984702 1.035312 1.022056 0.988300 1.119633 0.873633 0.944986 0.901586 0.901586 0.901586
0.998798 1.054227 1.041756 1.006466 1.141205 0.889795 0.961626 0.913050 0.913049 0.913049
0.998096 1.056467 1.043402 1.007755 1.141597 0.892550 0.964556 0.910842 0.910842 0.910842
1.000159 1.057558 1.044931 0.989231 1.142127 0.895468 0.945403 0.912363 0.912363 0.912363
1.009535 1.066440 1.052598 0.999814 1.146211 0.903779 0.954606 0.921841 0.921840 0.921840
1.012959 1.069465 1.056801 1.003062 1.149915 0.906963 0.956720 0.925790 0.925789 0.925789
1.007749 1.061887 1.046917 0.996055 1.134296 0.901613 0.947973 0.922532 0.922531 0.922531
1.008239 1.064405 1.050494 0.995636 1.136121 0.903632 0.951634 0.924650 0.924649 0.924649
0.998800 1.053800 1.044532 0.989570 1.129587 0.896719 0.945502 0.908325 0.908324 0.908324
0.975123 1.028454 1.023591 0.971881 1.109468 0.875868 0.929229 0.859878 0.859877 0.859877
1.017919 1.073379 1.066709 1.015912 1.158048 0.912568 0.970091 0.898325 0.898323 0.898323
1.013071 1.067685 1.059737 1.011841 1.151516 0.902174 0.962792 0.894994 0.894993 0.894993
