0.963660 0.954644 0.938573 0.951656 0.953177 0.941947 0.956303 0.946199 0.946199 0.946199
0.954393 0.932370 0.921685 0.939331 0.943609 0.932825 0.927875 0.938138 0.938139 0.938139
0.930050 0.933162 0.922257 0.941877 0.943268 0.933270 0.910760 0.927639 0.927639 0.927639
0.946523 0.957915 0.942562 0.955032 0.955035 0.948526 0.934789 0.938771 0.938772 0.938772
0.934837 0.937403 0.935016 0.942836 0.935808 0.926899 0.921614 0.933686 0.933687 0.933687
0.906830 0.929929 0.899958 0.936315 0.931006 0.899158 0.907180 0.905991 0.905992 0.905992
0.943905 0.967617 0.945376 0.975666 0.968150 0.927248 0.926342 0.942158 0.942158 0.942158
0.907841 0.907994 0.904805 0.941862 0.922006 0.901996 0.904343 0.933323 0.933323 0.933323
0.905815 0.923812 0.926863 0.927969 0.929597 0.902484 0.919705 0.950832 0.950832 0.950832
0.817711 0.897502 0.907411 0.913527 0.915130 0.876782 0.893511 0.839347 0.839347 0.839347
0.910064 0.995755 0.998436 1.011713 1.009561 0.959622 0.992322 0.920927 0.920928 0.920928
0.909735 0.985479 0.984934 1.000262 1.011042 0.954008 0.990949 0.917746 0.917746 0.917746
0.917288 0.999897 1.003705 1.014433 1.023282 0.963295 1.008728 0.935031 0.935031 0.935031
0.873935 0.938063 0.950962 0.934690 0.847549 0.865444 0.956706 0.874933 0.874933 0.874933
0.940609 0.992180 0.992968 1.011833 0.895938 0.937746 1.020261 0.942722 0.942722 0.942722
0.935636 0.987812 0.986416 1.008045 0.882581 0.928260 1.009342 0.897110 0.897111 0.897111
0.952073 1.012232 1.001449 1.038618 0.905960 0.956567 1.040271 0.922187 0.922187 0.922187
0.927340 0.985936 0.962187 1.008767 0.879894 0.879147 1.005972 0.888093 0.888093 0.888093
0.891980 0.994636 0.941194 1.008561 0.881688 0.851453 1.003925 0.902760 0.902761 0.902761
0.916030 1.030701 0.968523 1.037846 0.833323 0.862939 1.040327 0.918414 0.918415 0.918415
0.946863 1.069593 1.005170 1.068058 0.862766 0.895204 1.078640 0.955434 0.955434 0.955434
0.945332 1.072589 1.008182 1.069346 0.860502 0.895437 1.083081 0.958879 0.958880 0.958880
0.914357 1.037444 0.977765 1.016622 0.832451 0.866097 0.942738 0.912930 0.912931 0.912931
0.963431 1.093656 1.024968 1.068720 0.876635 0.906430 0.984400 0.961592 0.961593 0.961593
0.956736 1.084421 1.019525 1.067119 0.869848 0.892358 0.983931 0.962242 0.962243 0.962243
0.957417 1.085083 1.020047 1.068942 0.874775 0.892090 0.988680 0.968369 0.968370 0.968370
0.960349 1.076069 1.013957 1.070938 0.872016 0.892210 0.988320 0.971336 0.971336 0.971336
0.954754 1.076295 1.010452 1.067756 0.866913 0.880231 0.982359 0.959249 0.959249 0.959249
0.963004 1.075783 1.015219 1.070823 0.873798 0.887590 0.987069 0.961585 0.961586 0.961586
0.960276 1.076943 1.006101 1.070597 0.866950 0.886982 0.988865 0.954558 0.954559 0.954559
0.868398 0.877841 0.909839 0.968164 0.751970 0.777763 0.798063 0.848740 0.848740 0.848740
0.925499 0.957454 0.973322 1.055968 0.821314 0.827210 0.850230 0.899815 0.899815 0.899815
0.958140 0.963160 0.990839 1.032045 0.829514 0.848293 0.878660 0.932022 0.932023 0.932023
0.956729 0.962489 0.996901 1.031326 0.823998 0.831235 0.862232 0.946888 0.946888 0.946888
0.983990 0.994555 1.029367 1.024712 0.848105 0.852462 0.854639 0.978679 0.978679 0.978679
0.985122 1.003712 1.041919 1.039457 0.862298 0.853912 0.853705 0.996821 0.996821 0.996821
0.996681 1.015627 1.049116 1.029486 0.850243 0.865746 0.861750 1.006795 1.006794 1.006794
0.954208 0.900015 1.005342 0.929511 0.803943 0.761513 0.823938 0.957191 0.957190 0.957190
1.034467 0.940940 1.078148 1.007804 0.872944 0.827090 0.892834 1.042023 1.042023 1.042023
1.040926 0.953432 1.090122 1.005143 0.883045 0.829294 0.903712 1.053257 1.053257 1.053257
0.835465 0.719628 0.862565 0.592884 0.708747 0.686996 0.725334 0.830344 0.830344 0.830344
1.092859 0.941450 1.126606 0.774759 0.927101 0.897224 0.948069 1.085155 1.085155 1.085155
1.055767 0.895919 1.081063 0.748464 0.837377 0.866773 0.873799 1.031619 1.031619 1.031619
1.079805 0.914771 1.111630 0.767737 0.857954 0.882031 0.896645 1.064595 1.064595 1.064595
0.823249 0.886937 0.869713 0.744377 0.831849 0.855193 0.869363 1.026007 1.026007 1.026007
0.900310 0.966066 0.953290 0.814291 0.907790 0.930540 0.943156 1.123294 1.123294 1.123294
0.829087 0.671885 0.663000 0.749873 0.789092 0.816161 0.868544 1.028367 1.028367 1.028367
0.956090 0.765593 0.757829 0.849430 0.903259 0.931082 0.990336 1.178612 1.178611 1.178611
0.962303 0.770504 0.765140 0.855936 0.907781 0.934837 0.995647 1.193253 1.193253 1.193253
0.983073 0.787135 0.781655 0.874411 0.927375 0.955014 1.017138 1.215941 1.215940 1.215940
0.939450 0.749569 0.735382 0.834284 0.885081 0.887659 0.965186 1.166844 1.166843 1.166843
0.927805 0.759873 0.746212 0.845753 0.896002 0.887141 0.955624 1.157417 1.157416 1.157416
0.773299 0.642995 0.594296 0.704528 0.721259 0.742581 0.761497 0.976238 0.976237 0.976237
0.959482 0.800888 0.730949 0.873726 0.897896 0.927193 0.943748 1.214287 1.214286 1.214286
0.848911 0.786278 0.717615 0.848856 0.883537 0.910279 0.926532 1.163277 1.163277 1.163277
0.887211 0.823759 0.729454 0.889112 0.919932 0.952126 0.968227 1.216038 1.216037 1.216037
0.841007 0.775971 0.661078 0.847787 0.875950 0.851437 0.928774 1.140526 1.140526 1.140526
0.862792 0.812327 0.691547 0.874514 0.916569 0.895474 0.976936 1.199439 1.199439 1.199439
0.860687 0.814364 0.692997 0.872419 0.925153 0.901836 0.978034 1.202190 1.202190 1.202190
0.844741 0.801124 0.680175 0.861397 0.843157 0.834593 0.962410 1.192172 1.192172 1.192172
0.870048 0.819469 0.696998 0.883626 0.866499 0.837263 0.947844 1.216605 1.216605 1.216605
0.840588 0.805584 0.683703 0.866014 0.844069 0.825048 0.946348 1.202609 1.202608 1.202608
0.869543 0.835608 0.710559 0.899184 0.876264 0.856221 0.980738 1.244491 1.244490 1.244490
0.845102 0.821818 0.693129 0.869203 0.863922 0.836605 0.963367 1.229911 1.229910 1.229910
0.866472 0.838971 0.710154 0.891800 0.886408 0.854162 0.974935 1.261654 1.261653 1.261653
0.784791 0.826871 0.703748 0.878916 0.870460 0.843623 0.958317 1.245902 1.245901 1.245901
0.748541 0.716790 0.671796 0.761906 0.830700 0.741919 0.920650 1.187378 1.187377 1.187377
0.808445 0.773880 0.723538 0.809876 0.884714 0.799449 0.989618 1.291878 1.291877 1.291877
0.772727 0.730205 0.687326 0.734725 0.801695 0.729481 0.899391 1.216782 1.216781 1.216781
0.834810 0.787442 0.742016 0.794325 0.863593 0.789287 0.966723 1.304889 1.304888 1.304888
0.797202 0.773341 0.730833 0.774775 0.845708 0.778314 0.899084 1.279644 1.279643 1.279643
0.823687 0.787496 0.749723 0.796551 0.863786 0.797475 0.924867 1.318272 1.318272 1.318272
0.806443 0.706090 0.727651 0.775816 0.841908 0.777276 0.882575 1.292226 1.292225 1.292225
0.755149 0.711821 0.731760 0.793063 0.855460 0.785081 0.875535 1.308507 1.308506 1.308506
0.737374 0.705418 0.696922 0.770724 0.841844 0.734107 0.865427 1.258719 1.258719 1.258719
0.785440 0.740967 0.742191 0.821206 0.889240 0.780372 0.921674 1.326039 1.326039 1.326039
0.793379 0.748456 0.739450 0.808815 0.896597 0.788260 0.930097 1.320223 1.320222 1.320222
0.779983 0.730426 0.723774 0.795623 0.791285 0.775728 0.839200 1.287973 1.287973 1.287973
0.732665 0.644837 0.691132 0.669655 0.753806 0.746342 0.790866 1.190928 1.190927 1.190927
0.756386 0.668279 0.713019 0.679602 0.778896 0.771365 0.797174 1.202566 1.202566 1.202566
0.831925 0.733669 0.768750 0.749973 0.855291 0.836881 0.877975 1.321409 1.321408 1.321408
0.855620 0.754566 0.790646 0.771334 0.879652 0.860718 0.902983 1.335854 1.335852 1.335852
0.854457 0.751849 0.788481 0.770119 0.871614 0.856221 0.892210 1.328738 1.328737 1.328737
0.853509 0.755208 0.792449 0.765346 0.873325 0.856451 0.893206 1.331863 1.331862 1.331862
0.825582 0.708699 0.750891 0.709616 0.846621 0.826775 0.843762 1.292209 1.292208 1.292208
0.852635 0.739839 0.783420 0.741807 0.877756 0.859720 0.881402 1.353176 1.353175 1.353175
0.843135 0.731733 0.776313 0.733378 0.822353 0.843774 0.869468 1.340519 1.340518 1.340518
0.812017 0.715521 0.755853 0.708487 0.792047 0.778742 0.793223 1.278556 1.278555 1.278555
0.859099 0.744670 0.799765 0.744445 0.839506 0.827887 0.835803 1.350763 1.350761 1.350761
0.862570 0.744059 0.799649 0.748635 0.842262 0.824280 0.834378 1.345912 1.345910 1.345910
0.858196 0.745991 0.800926 0.749654 0.845811 0.825759 0.830561 1.347016 1.347014 1.347014
0.861759 0.748160 0.800174 0.753593 0.848586 0.830382 0.825806 1.355763 1.355761 1.355761
0.838951 0.726918 0.792163 0.746644 0.843307 0.819773 0.820520 1.347076 1.347074 1.347074
0.856989 0.739363 0.807401 0.763728 0.861713 0.837225 0.839381 1.380574 1.380572 1.380572
0.847347 0.729404 0.794590 0.752639 0.853060 0.808386 0.829322 1.357835 1.357833 1.357833
0.859809 0.738961 0.806972 0.765064 0.865554 0.819763 0.840330 1.376799 1.376797 1.376797
0.852100 0.720417 0.800340 0.759486 0.849942 0.814837 0.824861 1.371474 1.371472 1.371472
0.850079 0.717674 0.794998 0.757693 0.844663 0.810657 0.825818 1.358962 1.358960 1.358960
0.837594 0.705032 0.789548 0.753583 0.839211 0.693931 0.821429 1.355983 1.355981 1.355981
0.853212 0.719651 0.804703 0.770533 0.852558 0.707598 0.836712 1.382145 1.382143 1.382143
