0.982764 0.964671 0.982744 0.982719 0.982979 0.981754 0.984806 0.984806 0.984806 0.984806
0.972395 0.957184 0.948935 0.967372 0.968320 0.949657 0.981782 0.981782 0.981782 0.981782
0.974553 0.954139 0.948564 0.968593 0.971564 0.949059 0.984922 0.984922 0.984923 0.984923
0.969814 0.936227 0.950695 0.969039 0.957366 0.943182 0.991205 0.991205 0.991206 0.991206
0.970126 0.936322 0.936513 0.972676 0.961050 0.946274 0.996346 0.996346 0.996347 0.996347
0.974248 0.933626 0.938852 0.975522 0.969136 0.953940 1.008345 1.008345 1.008345 1.008345
0.984865 0.944851 0.950979 0.986059 0.980889 0.966030 1.020674 1.020674 1.020674 1.020674
0.974283 0.932473 0.938407 0.970890 0.958514 0.957080 1.016264 1.016264 1.016264 1.016264
0.973215 0.932839 0.942298 0.980073 0.958775 0.959474 1.026922 1.026922 1.026922 1.026922
0.958207 0.925042 0.933052 0.971824 0.953994 0.948438 1.021770 1.021770 1.021770 1.021770
0.953316 0.918360 0.921399 0.965588 0.947653 0.921377 1.015886 1.015886 1.015886 1.015886
0.939365 0.911730 0.908564 0.949710 0.928459 0.894110 1.009018 1.009018 1.009017 1.009017
0.941898 0.910821 0.921411 0.950047 0.941820 0.903383 1.026738 1.026738 1.026738 1.026738
0.951891 0.921051 0.931953 0.964526 0.954177 0.914722 1.043829 1.043829 1.043828 1.043828
0.953971 0.922222 0.913701 0.967354 0.957108 0.916755 1.049304 1.049304 1.049304 1.049304
0.955293 0.923698 0.916584 0.969408 0.959120 0.917918 1.047800 1.047800 1.047800 1.047800
0.953546 0.921409 0.912092 0.944905 0.950241 0.916996 1.047923 1.047923 1.047923 1.047923
0.964239 0.933155 0.919191 0.955289 0.962356 0.916445 1.062148 1.062148 1.062148 1.062148
0.939203 0.905805 0.885842 0.934318 0.944254 0.896692 1.037413 1.037413 1.037413 1.037413
0.944111 0.918082 0.893954 0.947464 0.945323 0.903851 1.048034 1.048034 1.048034 1.048034
0.949661 0.924465 0.901118 0.956811 0.955885 0.911555 1.060919 1.060919 1.060919 1.060919
0.897154 0.883508 0.855889 0.909314 0.891778 0.883891 1.035329 1.035329 1.035330 1.035330
0.925233 0.901483 0.876029 0.938396 0.916882 0.913199 1.072100 1.072100 1.072101 1.072101
0.923151 0.870194 0.878272 0.942617 0.913760 0.918578 1.081873 1.081873 1.081873 1.081873
0.924756 0.873793 0.879081 0.939377 0.913939 0.915355 1.086291 1.086291 1.086291 1.086291
0.864515 0.862582 0.864689 0.922134 0.896664 0.896633 1.071508 1.071508 1.071507 1.071507
0.854485 0.864968 0.837517 0.925366 0.898924 0.900953 1.080388 1.080388 1.080387 1.080387
0.865497 0.862874 0.846420 0.930896 0.909211 0.905671 1.097470 1.097470 1.097470 1.097470
0.867242 0.868563 0.849400 0.933579 0.911955 0.899801 1.109181 1.109181 1.109180 1.109180
0.866472 0.869689 0.837586 0.935904 0.913957 0.899119 1.118229 1.118229 1.118228 1.118228
0.843126 0.832094 0.819047 0.885371 0.885872 0.860607 1.093262 1.093262 1.093262 1.093262
0.842064 0.831245 0.816895 0.884742 0.860795 0.808998 1.111265 1.111265 1.111264 1.111264
0.864737 0.859212 0.843946 0.913713 0.878746 0.825476 1.150180 1.150180 1.150179 1.150179
0.872727 0.866383 0.853331 0.922732 0.890479 0.835341 1.167709 1.167709 1.167708 1.167708
0.827823 0.827223 0.807606 0.869004 0.827419 0.796617 1.123156 1.123156 1.123155 1.123155
0.850340 0.855973 0.836735 0.890634 0.852199 0.814754 1.161584 1.161584 1.161583 1.161583
0.848280 0.836688 0.840261 0.895070 0.855964 0.817780 1.168660 1.168660 1.168659 1.168659
0.847636 0.832621 0.825620 0.879530 0.856709 0.815735 1.172709 1.172709 1.172708 1.172708
0.858247 0.843749 0.828592 0.888676 0.869679 0.827632 1.191655 1.191655 1.191654 1.191654
0.781407 0.775398 0.760702 0.820622 0.780685 0.758554 1.078116 1.078116 1.078115 1.078115
0.839507 0.837885 0.818469 0.868104 0.833373 0.815906 1.171490 1.171490 1.171489 1.171489
0.839855 0.848836 0.827735 0.878421 0.844262 0.827334 1.188034 1.188034 1.188033 1.188033
0.820535 0.838853 0.804477 0.864501 0.833618 0.817121 1.172194 1.172194 1.172193 1.172193
0.830838 0.848844 0.810767 0.873350 0.845038 0.819275 1.186040 1.186040 1.186038 1.186038
0.826012 0.844470 0.766655 0.868098 0.840950 0.814275 1.181369 1.181369 1.181368 1.181368
0.823908 0.839937 0.766852 0.799521 0.838901 0.804754 1.187185 1.187185 1.187184 1.187184
0.809521 0.760597 0.754677 0.788429 0.831565 0.780524 1.162620 1.162620 1.162619 1.162619
0.844017 0.790020 0.787367 0.817877 0.839813 0.817129 1.217232 1.217232 1.217231 1.217231
0.850481 0.794055 0.793643 0.825740 0.840723 0.820181 1.234092 1.234092 1.234091 1.234091
0.826335 0.766766 0.769135 0.796269 0.816419 0.790716 1.196514 1.196514 1.196513 1.196513
0.848624 0.789405 0.790818 0.818847 0.841027 0.810813 1.236592 1.236592 1.236591 1.236591
0.831989 0.776772 0.779725 0.809296 0.824522 0.791612 1.213621 1.213621 1.213620 1.213620
0.849129 0.792128 0.792625 0.826350 0.843009 0.809802 1.241074 1.241074 1.241073 1.241073
0.826442 0.768738 0.775828 0.799531 0.818843 0.783853 1.219346 1.219346 1.219345 1.219345
0.820987 0.745053 0.775784 0.798883 0.817000 0.785597 1.225446 1.225446 1.225445 1.225445
0.827815 0.755883 0.786878 0.801848 0.830073 0.799590 1.251839 1.251839 1.251838 1.251838
0.821497 0.749856 0.777524 0.795269 0.821081 0.793295 1.246552 1.246552 1.246552 1.246552
0.827613 0.754433 0.783192 0.804182 0.820457 0.798241 1.261905 1.261905 1.261905 1.261905
0.821044 0.752175 0.772435 0.798349 0.814822 0.778665 1.260376 1.260376 1.260376 1.260376
0.828798 0.755487 0.779442 0.803295 0.820162 0.777995 1.269214 1.269214 1.269214 1.269214
