0.959899 0.936505 0.966222 0.965493 0.964102 0.968426 0.971110 0.971110 0.971110 0.971110
0.966688 0.945787 0.949598 0.967343 0.966640 0.953449 0.985372 0.985372 0.985372 0.985372
0.984944 0.964454 0.959010 0.983549 0.987446 0.973439 1.007588 1.007588 1.007588 1.007588
0.970067 0.955746 0.950129 0.964270 0.979942 0.967764 1.005381 1.005381 1.005381 1.005381
0.977002 0.961726 0.958705 0.971771 0.990968 0.977300 1.018588 1.018588 1.018589 1.018589
0.958904 0.941900 0.933962 0.952512 0.971103 0.936609 0.999062 0.999062 0.999063 0.999063
0.949434 0.943332 0.919917 0.950016 0.971746 0.937478 0.998989 0.998989 0.998989 0.998989
0.972364 0.967579 0.938937 0.972743 0.996725 0.948902 1.025504 1.025504 1.025504 1.025504
0.929169 0.852139 0.898675 0.932927 0.960898 0.895078 0.976726 0.976726 0.976727 0.976727
0.907461 0.878800 0.923467 0.956730 0.984868 0.915955 1.006491 1.006491 1.006492 1.006492
0.923251 0.884596 0.932459 0.974024 0.998947 0.933572 1.028193 1.028193 1.028194 1.028194
0.926103 0.885215 0.932999 0.972451 0.989810 0.937857 1.038067 1.038067 1.038067 1.038067
0.921510 0.874572 0.926753 0.966354 0.988986 0.936786 1.040936 1.040936 1.040936 1.040936
0.914843 0.874630 0.927991 0.957206 0.984458 0.925995 1.040461 1.040461 1.040462 1.040462
0.927815 0.888020 0.943030 0.970686 0.999632 0.940776 1.056602 1.056602 1.056602 1.056602
0.915602 0.872734 0.915096 0.941992 0.988082 0.926774 1.047101 1.047101 1.047101 1.047101
0.923676 0.879628 0.903113 0.951007 0.997678 0.934982 1.059560 1.059560 1.059560 1.059560
0.908925 0.863133 0.891189 0.864094 0.981854 0.911616 1.050449 1.050449 1.050449 1.050449
0.908711 0.860438 0.896038 0.858799 0.979658 0.906414 1.060139 1.060139 1.060140 1.060140
0.919437 0.874934 0.901316 0.869536 0.992290 0.901779 1.079925 1.079925 1.079926 1.079926
0.908494 0.869537 0.891903 0.845996 0.974215 0.892085 1.079243 1.079243 1.079244 1.079244
0.910480 0.872012 0.850158 0.847670 0.977297 0.893769 1.083636 1.083636 1.083637 1.083637
0.897440 0.865991 0.838581 0.833994 0.957806 0.867594 1.076650 1.076650 1.076651 1.076651
0.912165 0.862459 0.858010 0.853970 0.980197 0.887254 1.103656 1.103656 1.103657 1.103657
0.906157 0.867617 0.861651 0.858072 0.986056 0.893385 1.111410 1.111410 1.111410 1.111410
0.898666 0.860148 0.850863 0.850486 0.974750 0.885785 1.106008 1.106008 1.106008 1.106008
0.907812 0.866701 0.859788 0.860809 0.978245 0.891315 1.124129 1.124129 1.124130 1.124130
0.908469 0.866622 0.856992 0.861831 0.980700 0.894039 1.127170 1.127170 1.127171 1.127171
0.876460 0.822095 0.830883 0.808351 0.942464 0.848453 1.092614 1.092614 1.092615 1.092615
0.900375 0.846373 0.842431 0.833216 0.971168 0.871717 1.132590 1.132590 1.132591 1.132591
0.898710 0.845327 0.841565 0.835485 0.971780 0.871777 1.137247 1.137247 1.137248 1.137248
0.890949 0.841855 0.835550 0.828986 0.964352 0.856919 1.137163 1.137163 1.137164 1.137164
0.880513 0.835048 0.830458 0.825908 0.953034 0.843358 1.125019 1.125019 1.125019 1.125019
0.893498 0.849468 0.843705 0.839216 0.970071 0.854497 1.148861 1.148861 1.148861 1.148861
0.888397 0.846640 0.838203 0.830112 0.963046 0.845167 1.144975 1.144975 1.144975 1.144975
0.869338 0.823382 0.818120 0.806201 0.941884 0.820623 1.118037 1.118037 1.118037 1.118037
0.877454 0.828215 0.817012 0.817079 0.957661 0.832035 1.131577 1.131577 1.131577 1.131577
0.891567 0.840988 0.827598 0.810719 0.965822 0.846114 1.152018 1.152018 1.152018 1.152018
0.890518 0.836835 0.827183 0.805678 0.934436 0.848593 1.155476 1.155476 1.155476 1.155476
0.885526 0.827660 0.820404 0.800397 0.930247 0.841438 1.150122 1.150122 1.150122 1.150122
0.880501 0.811459 0.821576 0.800111 0.915903 0.835544 1.156513 1.156513 1.156513 1.156513
0.892478 0.807355 0.832735 0.810957 0.928565 0.846040 1.174681 1.174681 1.174682 1.174682
0.818210 0.747099 0.769809 0.754050 0.839328 0.780805 1.070133 1.070133 1.070133 1.070133
0.887015 0.815223 0.839572 0.822092 0.904528 0.841059 1.169265 1.169265 1.169265 1.169265
0.888269 0.817248 0.842545 0.826518 0.910576 0.844464 1.178388 1.178388 1.178388 1.178388
0.875298 0.811090 0.834970 0.820242 0.906789 0.835444 1.173451 1.173451 1.173451 1.173451
0.871198 0.781028 0.835067 0.821922 0.901498 0.838316 1.181259 1.181259 1.181258 1.181258
0.863701 0.774137 0.815267 0.817644 0.896890 0.833557 1.176788 1.176788 1.176788 1.176788
0.878237 0.783235 0.828682 0.828729 0.909375 0.838935 1.193710 1.193710 1.193710 1.193710
0.878400 0.783549 0.830301 0.829494 0.910195 0.838993 1.190572 1.190572 1.190572 1.190572
0.846855 0.755592 0.799387 0.800146 0.853744 0.761317 1.168189 1.168189 1.168190 1.168190
0.872778 0.779881 0.828180 0.833352 0.881083 0.787447 1.217910 1.217910 1.217910 1.217910
0.839410 0.760968 0.780544 0.813742 0.859505 0.769923 1.194917 1.194917 1.194918 1.194918
0.821457 0.749602 0.762133 0.790650 0.823952 0.757503 1.185754 1.185754 1.185754 1.185754
0.853592 0.777888 0.791825 0.824647 0.849210 0.786190 1.238097 1.238097 1.238096 1.238096
0.849507 0.773671 0.784349 0.818819 0.846100 0.774762 1.231265 1.231265 1.231265 1.231265
0.833238 0.756058 0.778107 0.801262 0.839573 0.765740 1.225589 1.225589 1.225588 1.225588
0.799220 0.733626 0.750368 0.773146 0.795260 0.753871 1.214340 1.214340 1.214340 1.214340
0.819677 0.758637 0.772585 0.799912 0.812293 0.775288 1.251632 1.251632 1.251631 1.251631
0.817717 0.745386 0.769021 0.792555 0.809197 0.767593 1.252245 1.252245 1.252245 1.252245
