0.968437 0.967886 0.967979 0.965938 0.960167 0.955950 0.959749 0.959749 0.959749 0.959749
0.971266 0.940971 0.948416 0.904452 0.968446 0.923068 0.966286 0.966286 0.966286 0.966286
0.986917 0.957298 0.966907 0.917998 0.984380 0.925119 0.990547 0.990547 0.990547 0.990547
0.987530 0.859435 0.967547 0.914666 0.981066 0.921718 0.996579 0.996579 0.996579 0.996579
0.990216 0.867125 0.964658 0.910246 0.990458 0.932417 1.014165 1.014165 1.014165 1.014165
0.992598 0.850701 0.943280 0.899871 0.979208 0.929131 1.016946 1.016946 1.016946 1.016946
0.975648 0.794973 0.937628 0.882318 0.968712 0.920111 1.001335 1.001335 1.001335 1.001335
1.004946 0.795916 0.964720 0.908814 0.981584 0.947741 1.026970 1.026970 1.026970 1.026970
0.939750 0.761133 0.928238 0.848256 0.919747 0.848437 0.995465 0.995465 0.995466 0.995466
0.989742 0.794861 0.977617 0.885845 0.953400 0.893572 1.036725 1.036725 1.036725 1.036725
0.968464 0.736921 0.897222 0.869618 0.910408 0.877547 1.008066 1.008066 1.008066 1.008066
1.011319 0.773255 0.938948 0.913648 0.955893 0.922031 1.063349 1.063349 1.063350 1.063350
0.981463 0.767216 0.933883 0.902083 0.944314 0.915189 1.056301 1.056301 1.056301 1.056301
0.937061 0.726738 0.905289 0.845734 0.924364 0.892057 1.040867 1.040867 1.040868 1.040868
0.931786 0.742028 0.923888 0.857554 0.945991 0.908852 1.069087 1.069087 1.069088 1.069088
0.918698 0.744408 0.911887 0.865286 0.946404 0.917047 1.084237 1.084237 1.084238 1.084238
0.932723 0.755403 0.918395 0.868071 0.952843 0.930454 1.106421 1.106421 1.106421 1.106421
0.839769 0.588636 0.715646 0.774403 0.851619 0.725042 0.979179 0.979179 0.979179 0.979179
0.904822 0.633697 0.775727 0.807117 0.913113 0.772762 1.073401 1.073401 1.073402 1.073402
0.951151 0.664656 0.780416 0.842920 0.955119 0.813192 1.139434 1.139434 1.139435 1.139435
0.926915 0.620279 0.756633 0.824232 0.927306 0.778683 1.131973 1.131973 1.131974 1.131974
0.968843 0.649896 0.792213 0.859990 0.971448 0.815876 1.191414 1.191414 1.191415 1.191415
0.968256 0.649426 0.788472 0.857973 0.972234 0.807727 1.195537 1.195537 1.195538 1.195538
0.954875 0.641421 0.783265 0.851539 0.965735 0.797320 1.193262 1.193262 1.193263 1.193263
0.913412 0.621074 0.723947 0.821944 0.932619 0.773119 1.168912 1.168912 1.168912 1.168912
0.877760 0.606396 0.717811 0.809493 0.919194 0.770219 1.177012 1.177012 1.177013 1.177013
0.887781 0.611851 0.718948 0.770538 0.927698 0.757955 1.194619 1.194619 1.194619 1.194619
0.490852 0.474550 0.647704 0.608772 0.646655 0.682846 1.079211 1.079211 1.079212 1.079212
0.597773 0.572119 0.781133 0.743052 0.777125 0.828817 1.297508 1.297508 1.297509 1.297509
0.590489 0.563465 0.757576 0.737099 0.752936 0.813359 1.282022 1.282022 1.282022 1.282022
0.606980 0.581398 0.778420 0.753005 0.765611 0.840753 1.323149 1.323149 1.323150 1.323150
0.596159 0.528253 0.761844 0.684174 0.749471 0.823029 1.297577 1.297577 1.297578 1.297578
0.628158 0.556411 0.801779 0.718059 0.788712 0.865549 1.371182 1.371182 1.371183 1.371183
0.611718 0.548766 0.792081 0.709577 0.773246 0.852501 1.354944 1.354944 1.354946 1.354946
0.575971 0.522651 0.754969 0.688351 0.739389 0.827044 1.322669 1.322669 1.322670 1.322670
0.590150 0.543043 0.785392 0.713521 0.758577 0.859937 1.381194 1.381194 1.381196 1.381196
0.557131 0.529191 0.754196 0.661065 0.729675 0.840273 1.355334 1.355334 1.355335 1.355335
0.566369 0.536804 0.763361 0.676788 0.742604 0.858197 1.390960 1.390960 1.390962 1.390962
0.582068 0.551684 0.784520 0.695547 0.763188 0.881984 1.427715 1.427715 1.427716 1.427716
0.558057 0.528747 0.748140 0.630061 0.724118 0.851243 1.374703 1.374703 1.374704 1.374704
0.576032 0.545779 0.772238 0.650356 0.747442 0.878662 1.406823 1.406823 1.406823 1.406823
0.571943 0.544241 0.767436 0.648216 0.741671 0.826460 1.404239 1.404239 1.404239 1.404239
0.555971 0.528907 0.691954 0.630918 0.712421 0.802493 1.384325 1.384325 1.384325 1.384325
0.528936 0.487119 0.654786 0.606903 0.675679 0.767662 1.300490 1.300490 1.300490 1.300490
0.573963 0.531942 0.716581 0.662411 0.736827 0.833348 1.424980 1.424980 1.424980 1.424980
0.443352 0.492172 0.653559 0.597935 0.683320 0.748239 1.347850 1.347850 1.347850 1.347850
0.391256 0.490028 0.644229 0.606702 0.665850 0.729109 1.371885 1.371885 1.371884 1.371884
0.424755 0.533065 0.701996 0.660849 0.728174 0.795256 1.505023 1.505023 1.505023 1.505023
0.391912 0.506896 0.687387 0.642517 0.717064 0.783122 1.477207 1.477207 1.477206 1.477206
0.392638 0.504494 0.687875 0.631907 0.700808 0.753942 1.474630 1.474630 1.474630 1.474630
0.396989 0.513689 0.698385 0.644486 0.712563 0.764659 1.511756 1.511756 1.511755 1.511755
0.353575 0.450732 0.621599 0.558183 0.617038 0.700346 1.369411 1.369411 1.369411 1.369411
0.390451 0.498792 0.689546 0.619844 0.682269 0.770346 1.532791 1.532791 1.532790 1.532790
0.386164 0.491096 0.676392 0.610532 0.671455 0.759752 1.497508 1.497508 1.497508 1.497508
0.392331 0.500187 0.682886 0.623747 0.684098 0.778964 1.535710 1.535710 1.535710 1.535710
0.375462 0.486998 0.671065 0.610407 0.668559 0.765804 1.512305 1.512305 1.512305 1.512305
0.372675 0.491094 0.669117 0.615074 0.664555 0.752835 1.530545 1.530545 1.530545 1.530545
0.377917 0.497223 0.674606 0.622042 0.673519 0.752670 1.558472 1.558472 1.558472 1.558472
0.330969 0.437507 0.613712 0.564365 0.613317 0.659167 1.382943 1.382943 1.382943 1.382943
0.346244 0.472812 0.647315 0.598577 0.646000 0.696132 1.474254 1.474254 1.474254 1.474254
0.358368 0.480379 0.671930 0.626313 0.660555 0.717208 1.545488 1.545488 1.545488 1.545488
0.340584 0.453891 0.643261 0.564365 0.621530 0.686526 1.477826 1.477826 1.477826 1.477826
0.361094 0.481222 0.671788 0.589468 0.657966 0.724601 1.571159 1.571159 1.571159 1.571159
0.367608 0.489904 0.683907 0.600102 0.669836 0.737672 1.594650 1.594650 1.594650 1.594650
0.331599 0.456749 0.649807 0.570898 0.630021 0.702443 1.538398 1.538398 1.538399 1.538399
0.326974 0.435802 0.610411 0.560146 0.616918 0.656077 1.523868 1.523868 1.523868 1.523868
0.342928 0.457021 0.642413 0.588795 0.649734 0.687420 1.611519 1.611519 1.611519 1.611519
0.337003 0.450238 0.630725 0.572883 0.633010 0.677091 1.590136 1.590136 1.590136 1.590136
0.344132 0.459517 0.641177 0.581114 0.645019 0.688051 1.624791 1.624791 1.624791 1.624791
0.334074 0.448815 0.537631 0.566850 0.627905 0.667659 1.588063 1.588063 1.588063 1.588063
0.329666 0.441265 0.521509 0.553354 0.616877 0.666166 1.583026 1.583026 1.583026 1.583026
0.321707 0.441364 0.520512 0.558099 0.607937 0.663512 1.600505 1.600505 1.600505 1.600505
0.330661 0.453969 0.532392 0.574703 0.624020 0.683241 1.650869 1.650869 1.650869 1.650869
0.316260 0.429070 0.475202 0.521998 0.596843 0.640582 1.573595 1.573595 1.573595 1.573595
0.321254 0.438269 0.476909 0.529009 0.613729 0.663504 1.642003 1.642003 1.642003 1.642003
0.324388 0.424307 0.479352 0.531888 0.619033 0.668602 1.657436 1.657436 1.657435 1.657435
0.322661 0.426419 0.479843 0.532010 0.617264 0.673873 1.674828 1.674828 1.674828 1.674828
0.319096 0.425743 0.478299 0.531666 0.616337 0.665182 1.683934 1.683934 1.683934 1.683934
0.321260 0.425057 0.479112 0.534615 0.620287 0.669205 1.701061 1.701061 1.701061 1.701061
0.318176 0.421239 0.475030 0.527912 0.611716 0.662434 1.694228 1.694228 1.694227 1.694227
0.321447 0.426712 0.480569 0.532082 0.619652 0.670922 1.712191 1.712191 1.712190 1.712190
0.298103 0.397744 0.465144 0.501090 0.595139 0.644872 1.662204 1.662204 1.662203 1.662203
0.298178 0.394689 0.467278 0.494586 0.587082 0.645009 1.665572 1.665572 1.665571 1.665571
0.305584 0.404892 0.477764 0.507618 0.603548 0.658669 1.709673 1.709673 1.709673 1.709673
0.302444 0.398352 0.471224 0.499007 0.594348 0.648532 1.701460 1.701460 1.701459 1.701459
0.289010 0.380658 0.307412 0.442616 0.567948 0.619725 1.621155 1.621155 1.621155 1.621155
0.305808 0.404347 0.327156 0.468333 0.603870 0.646168 1.723818 1.723818 1.723818 1.723818
0.308648 0.407546 0.326940 0.471481 0.609851 0.654225 1.752998 1.752998 1.752997 1.752997
0.297432 0.395559 0.318957 0.457996 0.596267 0.632968 1.706738 1.706738 1.706737 1.706737
0.296974 0.397749 0.316370 0.456281 0.598749 0.627394 1.723113 1.723113 1.723113 1.723113
0.303822 0.404990 0.321927 0.464676 0.609348 0.639572 1.764260 1.764260 1.764260 1.764260
0.294835 0.366921 0.312804 0.451260 0.583263 0.616717 1.723029 1.723029 1.723029 1.723029
0.303421 0.376159 0.320021 0.464879 0.599424 0.632046 1.779665 1.779665 1.779665 1.779665
0.284088 0.351546 0.289808 0.434493 0.561649 0.587773 1.649432 1.649432 1.649431 1.649431
0.291233 0.359791 0.297937 0.449260 0.575845 0.587489 1.696498 1.696498 1.696497 1.696497
0.277360 0.335291 0.278364 0.447359 0.560860 0.579595 1.663495 1.663495 1.663494 1.663494
0.296446 0.359968 0.297834 0.479477 0.601364 0.622070 1.793088 1.793088 1.793087 1.793087
0.293209 0.354034 0.294719 0.470932 0.594783 0.615961 1.781243 1.781243 1.781243 1.781243
0.280626 0.340048 0.267580 0.442407 0.570276 0.573326 1.714077 1.714077 1.714075 1.714075
0.269771 0.347881 0.270795 0.453929 0.580176 0.580724 1.743644 1.743644 1.743643 1.743643
