0.979081 0.980048 0.976791 0.980525 0.982147 0.975584 0.980648 0.980648 0.980648 0.980648
0.934352 0.933726 0.934802 0.943795 0.937393 0.907734 0.938936 0.938936 0.938936 0.938936
0.966064 0.963332 0.962319 0.982742 0.970293 0.942928 0.980072 0.980072 0.980072 0.980072
0.967609 0.959144 0.960535 0.977663 0.966968 0.939556 0.987068 0.987068 0.987068 0.987068
0.941351 0.949444 0.935469 0.973379 0.954544 0.935439 0.987763 0.987763 0.987763 0.987763
0.942932 0.946759 0.929370 0.971029 0.951438 0.934383 0.977378 0.977378 0.977378 0.977378
0.929122 0.929465 0.900176 0.946517 0.933353 0.930924 0.972846 0.972846 0.972846 0.972846
0.966356 0.966373 0.935133 0.980572 0.969544 0.966380 1.014760 1.014760 1.014760 1.014760
0.937056 0.943714 0.900811 0.948742 0.945516 0.930261 0.994967 0.994967 0.994967 0.994967
0.955671 0.963063 0.919709 0.964720 0.960194 0.948246 1.020453 1.020453 1.020453 1.020453
0.939859 0.950808 0.909708 0.948741 0.948880 0.918937 1.008505 1.008505 1.008505 1.008505
0.742250 0.899432 0.848291 0.875582 0.899690 0.843573 0.975290 0.975290 0.975290 0.975290
0.755000 0.925422 0.873478 0.917602 0.929385 0.884105 1.028515 1.028515 1.028515 1.028515
0.768768 0.879746 0.890544 0.935017 0.933433 0.894518 1.053972 1.053972 1.053972 1.053972
0.755366 0.874983 0.845465 0.927041 0.925915 0.890932 1.060515 1.060515 1.060515 1.060515
0.786613 0.903581 0.875994 0.964206 0.963860 0.927112 1.108103 1.108103 1.108103 1.108103
0.781636 0.897859 0.857419 0.943880 0.956318 0.917108 1.104139 1.104139 1.104139 1.104139
0.757628 0.870059 0.770868 0.916057 0.915966 0.887957 1.085358 1.085358 1.085358 1.085358
0.777928 0.895259 0.795119 0.945861 0.941720 0.908164 1.129590 1.129590 1.129590 1.129590
0.742446 0.877340 0.778827 0.920517 0.925002 0.888059 1.113564 1.113564 1.113564 1.113564
0.737845 0.869815 0.766475 0.860959 0.917301 0.858699 1.110538 1.110538 1.110538 1.110538
0.753693 0.890700 0.782209 0.870729 0.928935 0.879153 1.139019 1.139019 1.139020 1.139020
0.701365 0.882074 0.766289 0.864834 0.914834 0.862015 1.121610 1.121610 1.121610 1.121610
0.709605 0.903829 0.786498 0.887896 0.931819 0.882081 1.151485 1.151485 1.151485 1.151485
0.674940 0.864064 0.780763 0.857609 0.917894 0.869562 1.146518 1.146518 1.146519 1.146519
0.651743 0.827798 0.765477 0.813194 0.908734 0.857235 1.142633 1.142633 1.142633 1.142633
0.686267 0.873989 0.807127 0.854253 0.959423 0.904907 1.203544 1.203544 1.203545 1.203545
0.678421 0.864606 0.794010 0.846061 0.947182 0.896216 1.193991 1.193991 1.193991 1.193991
0.678896 0.861896 0.789896 0.847526 0.946545 0.893128 1.199181 1.199181 1.199181 1.199181
0.680196 0.862197 0.786835 0.846857 0.947818 0.882233 1.206432 1.206432 1.206433 1.206433
0.680703 0.862839 0.787421 0.847488 0.948524 0.882890 1.196985 1.196985 1.196985 1.196985
0.665092 0.856499 0.772866 0.840623 0.928111 0.854376 1.192491 1.192491 1.192491 1.192491
0.663552 0.848894 0.770197 0.823301 0.903296 0.819118 1.185457 1.185457 1.185457 1.185457
0.605960 0.763727 0.702883 0.731119 0.802021 0.769232 1.101044 1.101044 1.101043 1.101043
0.637868 0.829866 0.752615 0.755296 0.860215 0.838114 1.204724 1.204724 1.204724 1.204724
0.631352 0.821388 0.508556 0.693921 0.851427 0.829551 1.188949 1.188949 1.188948 1.188948
0.625050 0.787221 0.500787 0.694622 0.840319 0.825780 1.162317 1.162317 1.162316 1.162316
0.626298 0.771848 0.492273 0.727732 0.861105 0.857142 1.199102 1.199102 1.199102 1.199102
0.645479 0.753704 0.475858 0.752457 0.866078 0.886612 1.228065 1.228065 1.228064 1.228064
0.636235 0.767440 0.472899 0.751936 0.859496 0.882205 1.233471 1.233471 1.233471 1.233471
0.659208 0.803384 0.493101 0.783436 0.892737 0.926196 1.298330 1.298330 1.298330 1.298330
0.647671 0.781400 0.479766 0.771461 0.865542 0.906952 1.259316 1.259316 1.259316 1.259316
0.678627 0.818747 0.502697 0.808334 0.906911 0.950301 1.315504 1.315504 1.315503 1.315503
0.657515 0.768970 0.475825 0.731197 0.883693 0.886477 1.279522 1.279522 1.279522 1.279522
0.688923 0.805703 0.498554 0.766126 0.925906 0.928823 1.338955 1.338955 1.338954 1.338954
0.621291 0.750997 0.473583 0.728668 0.870662 0.884253 1.291415 1.291415 1.291414 1.291414
0.633832 0.767318 0.486678 0.748142 0.894664 0.902959 1.333404 1.333404 1.333402 1.333402
0.629156 0.765343 0.484130 0.747160 0.892920 0.901825 1.336990 1.336990 1.336988 1.336988
0.625954 0.730070 0.479456 0.740183 0.887397 0.895394 1.329716 1.329716 1.329714 1.329714
0.589835 0.708992 0.479461 0.734953 0.892439 0.900481 1.332892 1.332892 1.332890 1.332890
0.561885 0.674157 0.441769 0.698894 0.850782 0.852010 1.256897 1.256897 1.256895 1.256895
0.578200 0.691667 0.446326 0.722227 0.858699 0.871011 1.293721 1.293721 1.293719 1.293719
0.604639 0.703040 0.466221 0.755251 0.883369 0.910839 1.347061 1.347061 1.347059 1.347059
0.601283 0.705828 0.467304 0.758957 0.886945 0.904090 1.361914 1.361914 1.361912 1.361912
0.577403 0.669791 0.418779 0.692119 0.851720 0.851040 1.303371 1.303371 1.303369 1.303369
0.599709 0.705444 0.441613 0.727240 0.885775 0.896990 1.379659 1.379659 1.379656 1.379656
0.585290 0.686944 0.412480 0.705134 0.860202 0.876353 1.359699 1.359699 1.359697 1.359697
0.577591 0.682781 0.412091 0.701446 0.861278 0.868278 1.355667 1.355667 1.355665 1.355665
0.598324 0.706911 0.424967 0.721795 0.890285 0.895070 1.405207 1.405207 1.405205 1.405205
0.586883 0.622122 0.416857 0.704985 0.869780 0.874184 1.385868 1.385868 1.385866 1.385866
0.562985 0.593326 0.402811 0.641208 0.826062 0.844628 1.337612 1.337612 1.337610 1.337610
0.583500 0.614740 0.415259 0.627905 0.847285 0.881247 1.392312 1.392312 1.392310 1.392310
0.584918 0.611346 0.418073 0.621105 0.837635 0.883354 1.398170 1.398170 1.398168 1.398168
0.596029 0.619453 0.426213 0.628487 0.853526 0.901133 1.430944 1.430944 1.430942 1.430942
0.576880 0.602884 0.407566 0.606882 0.836270 0.889349 1.422714 1.422714 1.422712 1.422712
0.585248 0.610795 0.409403 0.614120 0.848920 0.905093 1.454277 1.454277 1.454274 1.454274
0.522571 0.472022 0.316386 0.543330 0.752470 0.699455 1.276401 1.276401 1.276398 1.276398
0.581439 0.508197 0.335362 0.601540 0.831419 0.737161 1.426672 1.426672 1.426669 1.426669
0.610023 0.533128 0.353068 0.632528 0.875953 0.772648 1.509262 1.509262 1.509259 1.509259
0.608275 0.532681 0.353369 0.632824 0.879864 0.774056 1.520781 1.520781 1.520778 1.520778
0.592869 0.522414 0.342460 0.612150 0.863441 0.761138 1.504328 1.504328 1.504325 1.504325
0.312675 0.386493 0.294293 0.461328 0.574102 0.654084 1.296314 1.296314 1.296312 1.296312
0.386791 0.479303 0.361769 0.573867 0.712186 0.816548 1.618648 1.618648 1.618646 1.618646
0.364326 0.462738 0.348521 0.558661 0.677457 0.785012 1.579610 1.579610 1.579608 1.579608
0.345381 0.448607 0.339957 0.528613 0.643517 0.712433 1.552230 1.552230 1.552227 1.552227
0.356791 0.466263 0.303340 0.548710 0.666624 0.735659 1.614451 1.614451 1.614448 1.614448
0.352622 0.426292 0.298737 0.501672 0.656653 0.724655 1.593153 1.593153 1.593151 1.593151
0.340740 0.411579 0.290409 0.468921 0.631430 0.692666 1.566275 1.566275 1.566273 1.566273
0.347084 0.401480 0.294301 0.479274 0.640785 0.693287 1.626434 1.626434 1.626432 1.626432
0.350786 0.414840 0.304834 0.492802 0.659236 0.716638 1.682555 1.682555 1.682553 1.682553
0.350793 0.417779 0.306105 0.497113 0.662959 0.718873 1.706044 1.706044 1.706042 1.706042
0.348543 0.416889 0.304412 0.495819 0.658295 0.676631 1.704085 1.704085 1.704083 1.704083
0.349236 0.414195 0.305017 0.492615 0.649203 0.677976 1.688425 1.688425 1.688423 1.688423
0.343437 0.387247 0.303334 0.483237 0.642552 0.671715 1.663303 1.663303 1.663301 1.663301
0.339630 0.389609 0.308024 0.488672 0.648896 0.682388 1.692574 1.692574 1.692573 1.692573
0.344397 0.396847 0.312677 0.496914 0.660100 0.694861 1.730929 1.730929 1.730928 1.730928
0.343628 0.394083 0.310304 0.493546 0.655178 0.690837 1.728450 1.728450 1.728449 1.728449
0.343785 0.394216 0.309166 0.492911 0.656404 0.684662 1.736274 1.736274 1.736273 1.736273
0.339465 0.389040 0.305137 0.485460 0.642620 0.667341 1.699073 1.699073 1.699072 1.699072
0.329187 0.378606 0.280696 0.462077 0.624278 0.629352 1.656594 1.656594 1.656593 1.656593
0.344758 0.397469 0.294477 0.483077 0.655290 0.660718 1.747034 1.747034 1.747033 1.747033
0.302501 0.350396 0.268403 0.439116 0.597848 0.579734 1.553203 1.553203 1.553202 1.553202
0.332572 0.378151 0.295943 0.488047 0.649349 0.634444 1.729550 1.729550 1.729549 1.729549
0.309965 0.358094 0.284597 0.466178 0.620726 0.613028 1.689084 1.689084 1.689083 1.689083
0.317808 0.367602 0.292769 0.477439 0.636645 0.619945 1.747151 1.747151 1.747149 1.747149
0.319799 0.369723 0.292244 0.474729 0.635293 0.623431 1.767089 1.767089 1.767087 1.767087
0.316867 0.358533 0.282469 0.463900 0.620826 0.614063 1.751479 1.751479 1.751478 1.751478
0.259346 0.331073 0.258235 0.436552 0.561064 0.554952 1.653373 1.653373 1.653372 1.653372
0.276044 0.353725 0.274751 0.461789 0.590742 0.593987 1.766932 1.766932 1.766931 1.766931
0.277659 0.358054 0.278713 0.467203 0.597140 0.597705 1.794630 1.794630 1.794628 1.794628
