0.993969 0.993969 0.993969 0.993969 0.993969 0.993969 0.990954 0.990954 0.990954 0.990954
0.912281 0.926899 0.941289 0.934955 0.935669 0.945775 0.953014 0.953014 0.953014 0.953014
0.915300 0.881120 0.885783 0.941098 0.916129 0.952362 0.950163 0.950163 0.950163 0.950163
0.903145 0.898127 0.881206 0.941441 0.910129 0.948630 0.955355 0.955355 0.955354 0.955354
0.945104 0.919839 0.899546 0.971614 0.939335 0.986831 1.000076 1.000076 1.000075 1.000075
0.961743 0.936033 0.915383 0.988719 0.955873 1.004205 1.008962 1.008962 1.008961 1.008961
0.951833 0.927793 0.912580 0.984803 0.952868 0.994801 1.010632 1.010632 1.010631 1.010631
0.917641 0.865513 0.838146 0.944719 0.912254 0.908429 0.978775 0.978775 0.978773 0.978773
0.932541 0.894959 0.852669 0.982516 0.940685 0.944774 1.023134 1.023134 1.023133 1.023133
0.897036 0.882380 0.838889 0.976796 0.913819 0.927577 1.019664 1.019664 1.019663 1.019663
0.811150 0.801658 0.787986 0.915050 0.859203 0.838767 0.934249 0.934249 0.934248 0.934248
0.866439 0.854882 0.844076 0.985845 0.917879 0.873535 1.001223 1.001223 1.001222 1.001222
0.898210 0.891857 0.882484 1.027961 0.956248 0.905933 1.048075 1.048075 1.048074 1.048074
0.805994 0.788432 0.791358 0.896995 0.834277 0.835971 0.956523 0.956523 0.956522 0.956522
0.850379 0.858673 0.849290 0.928781 0.896862 0.912916 1.048993 1.048993 1.048991 1.048991
0.813020 0.839538 0.835474 0.886306 0.859182 0.835564 1.039585 1.039585 1.039583 1.039583
0.789364 0.797600 0.795785 0.899738 0.853114 0.840385 1.039206 1.039206 1.039204 1.039204
0.778857 0.813400 0.827057 0.936272 0.877700 0.875342 1.096622 1.096622 1.096620 1.096620
0.792477 0.823900 0.834631 0.948751 0.888650 0.888152 1.102217 1.102217 1.102215 1.102215
0.728342 0.655367 0.663903 0.863983 0.810767 0.706476 0.995750 0.995750 0.995748 0.995748
0.854768 0.768715 0.775646 1.007215 0.949466 0.825074 1.169324 1.169324 1.169322 1.169322
0.831554 0.757384 0.765487 0.994308 0.929904 0.811812 1.154305 1.154305 1.154304 1.154304
0.448096 0.572517 0.672130 0.765628 0.631742 0.712805 1.016328 1.016328 1.016326 1.016326
0.523296 0.667372 0.759197 0.892542 0.738310 0.826799 1.174893 1.174893 1.174891 1.174891
0.564145 0.719382 0.815090 0.960541 0.797070 0.882972 1.271761 1.271761 1.271759 1.271759
0.558582 0.715360 0.807769 0.954718 0.788717 0.828204 1.265894 1.265894 1.265893 1.265893
0.538865 0.688054 0.765079 0.924909 0.746287 0.793740 1.221520 1.221520 1.221518 1.221518
0.552355 0.705040 0.780043 0.895753 0.757036 0.819039 1.257479 1.257479 1.257477 1.257477
0.553538 0.704972 0.748133 0.891829 0.754906 0.821666 1.272538 1.272538 1.272537 1.272537
0.534493 0.676767 0.727681 0.816488 0.721681 0.799110 1.236311 1.236311 1.236309 1.236309
0.561237 0.715651 0.767264 0.864824 0.762056 0.841694 1.316268 1.316268 1.316266 1.316266
0.562045 0.718139 0.771236 0.868965 0.768765 0.846870 1.332042 1.332042 1.332040 1.332040
0.531693 0.687667 0.704944 0.829486 0.734192 0.812082 1.290426 1.290426 1.290424 1.290424
0.549832 0.711124 0.718081 0.845050 0.758096 0.836015 1.338145 1.338145 1.338143 1.338143
0.543630 0.698477 0.709171 0.820201 0.731198 0.794314 1.318300 1.318300 1.318298 1.318298
0.544528 0.703910 0.613559 0.825517 0.734440 0.795289 1.329486 1.329486 1.329484 1.329484
0.549252 0.688262 0.604608 0.777403 0.745022 0.772339 1.346220 1.346220 1.346219 1.346219
0.563469 0.686305 0.619575 0.797526 0.751884 0.792331 1.375128 1.375128 1.375127 1.375127
0.565987 0.688431 0.616210 0.799054 0.755706 0.798380 1.391729 1.391729 1.391728 1.391728
0.556320 0.680875 0.602238 0.779490 0.747875 0.791698 1.388321 1.388321 1.388319 1.388319
0.544703 0.665062 0.583930 0.718284 0.730691 0.754213 1.364091 1.364091 1.364090 1.364090
0.545562 0.681014 0.599391 0.731919 0.744972 0.772607 1.398472 1.398472 1.398471 1.398471
0.424972 0.635418 0.551292 0.666255 0.696706 0.699558 1.333945 1.333945 1.333943 1.333943
0.454410 0.686470 0.593242 0.716384 0.746814 0.757949 1.449029 1.449029 1.449027 1.449027
0.451920 0.684150 0.592672 0.716441 0.743678 0.750832 1.460680 1.460680 1.460679 1.460679
0.441531 0.679086 0.581684 0.710599 0.727632 0.726542 1.455115 1.455115 1.455113 1.455113
0.430117 0.666285 0.573658 0.697787 0.719168 0.710585 1.432133 1.432133 1.432132 1.432132
0.438662 0.651521 0.582371 0.708611 0.732649 0.723216 1.460072 1.460072 1.460070 1.460070
0.443647 0.659575 0.587611 0.717721 0.743295 0.728821 1.479026 1.479026 1.479024 1.479024
0.407774 0.586883 0.537209 0.667011 0.681077 0.673567 1.342382 1.342382 1.342380 1.342380
0.441324 0.635942 0.583344 0.721083 0.737360 0.719018 1.465686 1.465686 1.465684 1.465684
0.429352 0.622131 0.560705 0.699892 0.726185 0.713282 1.464786 1.464786 1.464783 1.464783
0.420699 0.607351 0.540055 0.678410 0.708399 0.706668 1.449841 1.449841 1.449838 1.449838
0.434968 0.628396 0.555653 0.702730 0.731445 0.731990 1.504321 1.504321 1.504318 1.504318
0.430036 0.624277 0.550538 0.699006 0.727105 0.728152 1.502345 1.502345 1.502343 1.502343
0.411810 0.599950 0.500120 0.657031 0.697535 0.678129 1.446500 1.446500 1.446497 1.446497
0.411091 0.598903 0.340833 0.608806 0.696317 0.676946 1.439775 1.439775 1.439772 1.439772
0.447335 0.653455 0.371389 0.660921 0.759728 0.738475 1.567212 1.567212 1.567209 1.567209
0.435972 0.642951 0.364822 0.650907 0.747578 0.718372 1.552866 1.552866 1.552863 1.552863
0.429407 0.642168 0.364826 0.648580 0.737278 0.718017 1.558783 1.558783 1.558779 1.558779
0.428623 0.640934 0.365422 0.648850 0.739022 0.716010 1.568884 1.568884 1.568881 1.568881
0.428927 0.640386 0.363568 0.647557 0.739125 0.706425 1.576471 1.576471 1.576468 1.576468
0.421327 0.564382 0.357140 0.633380 0.723135 0.690927 1.556998 1.556998 1.556995 1.556995
0.420037 0.557007 0.352589 0.632866 0.711411 0.686516 1.532409 1.532409 1.532406 1.532406
0.412305 0.561416 0.355209 0.633465 0.718699 0.690453 1.553727 1.553727 1.553724 1.553724
0.405857 0.511234 0.348419 0.576842 0.705115 0.677404 1.527093 1.527093 1.527090 1.527090
0.417420 0.527793 0.358201 0.589612 0.717376 0.700601 1.576942 1.576942 1.576939 1.576939
0.422118 0.530729 0.362401 0.592087 0.725432 0.709272 1.601644 1.601644 1.601642 1.601642
0.426068 0.531230 0.363946 0.596896 0.731950 0.715389 1.622076 1.622076 1.622074 1.622074
0.416355 0.509584 0.356685 0.589669 0.706637 0.695879 1.605474 1.605474 1.605472 1.605472
0.416496 0.509467 0.356636 0.588346 0.700839 0.687139 1.591609 1.591609 1.591606 1.591606
0.412109 0.470637 0.353331 0.582573 0.684004 0.675589 1.584919 1.584919 1.584917 1.584917
0.343328 0.442358 0.328791 0.558028 0.629208 0.621468 1.522884 1.522884 1.522882 1.522882
0.380028 0.489644 0.363937 0.617679 0.696468 0.687900 1.683551 1.683551 1.683548 1.683548
0.349735 0.447065 0.340057 0.558187 0.657140 0.646304 1.599058 1.599058 1.599055 1.599055
0.362313 0.464302 0.350078 0.581492 0.682690 0.675689 1.672123 1.672123 1.672121 1.672121
0.363198 0.465274 0.350515 0.580619 0.683504 0.676047 1.681062 1.681062 1.681059 1.681059
0.355682 0.454662 0.341767 0.572633 0.670109 0.665150 1.661992 1.661992 1.661990 1.661990
0.357780 0.457119 0.341030 0.569175 0.668442 0.668647 1.680346 1.680346 1.680344 1.680344
0.357048 0.458227 0.340691 0.569595 0.669200 0.670070 1.691170 1.691170 1.691168 1.691168
0.344486 0.420322 0.332411 0.548197 0.649832 0.651341 1.634536 1.634536 1.634534 1.634534
0.333587 0.409101 0.335960 0.539080 0.651705 0.653718 1.656940 1.656940 1.656938 1.656938
0.313353 0.408957 0.332224 0.540477 0.647861 0.647016 1.646992 1.646992 1.646990 1.646990
0.324274 0.421204 0.341958 0.556767 0.666932 0.667180 1.705766 1.705766 1.705764 1.705764
0.309753 0.397591 0.304832 0.505057 0.637067 0.624718 1.623830 1.623830 1.623828 1.623828
0.313259 0.409078 0.316557 0.522307 0.657932 0.649022 1.689841 1.689841 1.689839 1.689839
0.317536 0.414921 0.321228 0.527867 0.664073 0.657538 1.722564 1.722564 1.722562 1.722562
0.308431 0.405881 0.309964 0.511600 0.648716 0.634038 1.691835 1.691835 1.691833 1.691833
0.302315 0.397731 0.281805 0.502095 0.628321 0.620778 1.681732 1.681732 1.681730 1.681730
0.313039 0.410261 0.290086 0.520441 0.649717 0.640135 1.747734 1.747734 1.747732 1.747732
0.310572 0.403595 0.287800 0.511985 0.634433 0.635091 1.714616 1.714616 1.714615 1.714615
0.312282 0.403406 0.288386 0.511324 0.634723 0.635286 1.733585 1.733585 1.733584 1.733584
0.313955 0.406544 0.290428 0.513154 0.639571 0.640237 1.755009 1.755009 1.755007 1.755007
0.288009 0.372629 0.268030 0.455357 0.583851 0.580975 1.637999 1.637999 1.637997 1.637997
0.288291 0.377292 0.271594 0.469612 0.593519 0.599195 1.699888 1.699888 1.699887 1.699887
0.295711 0.387962 0.278324 0.476920 0.603551 0.616025 1.750751 1.750751 1.750750 1.750750
0.278192 0.376144 0.277872 0.472776 0.605988 0.618511 1.752061 1.752061 1.752060 1.752060
0.277668 0.376895 0.278948 0.471877 0.607777 0.608330 1.757365 1.757365 1.757364 1.757364
0.274851 0.370112 0.277315 0.460911 0.593315 0.602134 1.742618 1.742618 1.742617 1.742617
0.266472 0.343627 0.267483 0.448378 0.573080 0.573622 1.722320 1.722320 1.722319 1.722319
