0.948636 0.948394 0.879904 0.949847 0.937401 0.947588 0.962049 0.962049 0.962049 0.962049
0.984824 0.979903 0.908565 0.981589 0.968065 0.980227 0.999550 0.999550 0.999550 0.999550
0.984856 0.981927 0.911985 0.984903 0.975215 0.984869 1.010108 1.010108 1.010108 1.010108
0.966972 0.963547 0.895000 0.964522 0.949328 0.954516 0.982867 0.982867 0.982867 0.982867
0.929045 0.920384 0.866193 0.878636 0.903021 0.923684 0.950125 0.950125 0.950125 0.950125
0.984237 0.973730 0.908606 0.928467 0.957251 0.981641 1.014187 1.014187 1.014187 1.014187
0.931261 0.951028 0.874479 0.862145 0.922852 0.961353 0.997438 0.997438 0.997438 0.997438
0.942672 0.966331 0.884838 0.867319 0.924077 0.978578 1.013737 1.013737 1.013737 1.013737
0.925278 0.945015 0.853732 0.842159 0.903011 0.971189 1.005139 1.005139 1.005139 1.005139
0.922648 0.942329 0.581181 0.779490 0.900444 0.968429 0.999367 0.999367 0.999367 0.999367
0.979173 1.010415 0.620722 0.831862 0.957977 1.041405 1.077457 1.077457 1.077457 1.077457
0.968414 1.013358 0.623297 0.832316 0.948684 1.045195 1.086034 1.086034 1.086034 1.086034
0.968342 1.013914 0.623930 0.829785 0.944574 1.044571 1.092074 1.092074 1.092075 1.092075
0.967720 1.013980 0.620491 0.830800 0.942702 1.045832 1.095234 1.095234 1.095234 1.095234
0.964976 0.982791 0.618050 0.828443 0.924749 1.042866 1.087431 1.087431 1.087432 1.087432
0.965477 0.985377 0.621179 0.833507 0.926420 1.039304 1.102787 1.102787 1.102787 1.102787
0.890197 0.939044 0.603283 0.810512 0.890659 1.011595 1.087455 1.087455 1.087456 1.087456
0.875601 0.948418 0.609010 0.812940 0.901627 1.019481 1.104843 1.104843 1.104843 1.104843
0.883290 0.950453 0.613658 0.805046 0.887282 0.988282 1.110543 1.110543 1.110544 1.110544
0.909284 0.970266 0.628528 0.827721 0.913055 1.016626 1.147074 1.147074 1.147075 1.147075
0.878613 0.935294 0.601422 0.752718 0.880367 0.955780 1.112263 1.112263 1.112263 1.112263
0.901833 0.861335 0.617341 0.769328 0.900032 0.976826 1.147896 1.147896 1.147896 1.147896
0.911735 0.852250 0.608824 0.767066 0.897421 0.981712 1.160891 1.160891 1.160891 1.160891
0.938113 0.876907 0.626439 0.789258 0.923385 1.010114 1.190853 1.190853 1.190854 1.190854
0.825497 0.760202 0.550872 0.675366 0.790003 0.914054 1.065780 1.065780 1.065781 1.065781
0.889511 0.823706 0.586462 0.726047 0.861741 1.004322 1.179724 1.179724 1.179724 1.179724
0.901129 0.829768 0.594398 0.730397 0.872975 1.018568 1.200344 1.200344 1.200344 1.200344
0.878022 0.768654 0.585688 0.709910 0.856091 0.999889 1.171619 1.171619 1.171619 1.171619
0.871324 0.722725 0.545142 0.706784 0.829075 0.995877 1.155379 1.155379 1.155380 1.155380
0.489609 0.569685 0.499131 0.567509 0.587334 0.911822 1.060784 1.060784 1.060784 1.060784
0.593215 0.695127 0.600771 0.686081 0.715683 1.096733 1.299589 1.299589 1.299590 1.299590
0.599403 0.706839 0.612212 0.697285 0.726730 1.108624 1.325974 1.325974 1.325975 1.325975
0.597508 0.698661 0.610276 0.689218 0.713009 1.105119 1.307036 1.307036 1.307037 1.307037
0.613037 0.718744 0.626993 0.705465 0.733491 1.136682 1.341433 1.341433 1.341433 1.341433
0.584608 0.690340 0.605315 0.678151 0.709685 1.088298 1.292433 1.292433 1.292434 1.292434
0.560907 0.669983 0.587919 0.670368 0.691509 1.075866 1.285625 1.285625 1.285626 1.285626
0.585208 0.696330 0.609785 0.700132 0.720479 1.117827 1.346212 1.346212 1.346213 1.346213
0.547706 0.650512 0.551999 0.654111 0.674809 1.039117 1.247207 1.247207 1.247207 1.247207
0.568358 0.624468 0.570791 0.627923 0.697934 1.074727 1.292259 1.292259 1.292259 1.292259
0.593252 0.654630 0.596321 0.657940 0.728048 1.062697 1.356009 1.356009 1.356009 1.356009
0.460730 0.608963 0.546817 0.597112 0.678830 0.959326 1.289549 1.289549 1.289549 1.289549
0.510182 0.674325 0.605509 0.661202 0.751691 1.062294 1.426163 1.426163 1.426162 1.426162
0.480285 0.614263 0.543041 0.619369 0.702724 0.947244 1.348718 1.348718 1.348717 1.348717
0.484692 0.612578 0.511427 0.593581 0.709172 0.937059 1.356457 1.356457 1.356456 1.356456
0.504221 0.635884 0.529716 0.621873 0.738572 0.979370 1.424583 1.424583 1.424583 1.424583
0.497799 0.635800 0.530528 0.623006 0.734079 0.977914 1.427135 1.427135 1.427135 1.427135
0.479318 0.611181 0.512276 0.605046 0.706912 0.918063 1.378688 1.378688 1.378687 1.378687
0.496525 0.634082 0.534549 0.630784 0.737587 0.951923 1.445439 1.445439 1.445438 1.445438
0.496810 0.634136 0.530574 0.623657 0.731860 0.951864 1.453669 1.453669 1.453668 1.453668
0.491481 0.631766 0.527061 0.622351 0.728084 0.944570 1.458121 1.458121 1.458120 1.458120
0.484501 0.611354 0.521088 0.620223 0.709087 0.926891 1.455890 1.455890 1.455889 1.455889
0.464521 0.561311 0.497039 0.596667 0.677307 0.873208 1.422973 1.422973 1.422972 1.422972
0.475636 0.568972 0.503990 0.612322 0.684365 0.891121 1.438413 1.438413 1.438412 1.438412
0.478037 0.570566 0.484774 0.611406 0.684416 0.896569 1.459857 1.459857 1.459856 1.459856
0.482423 0.581312 0.493096 0.623506 0.697365 0.903105 1.497813 1.497813 1.497812 1.497812
0.443268 0.568422 0.476968 0.611474 0.678117 0.874333 1.456318 1.456318 1.456317 1.456317
0.422523 0.554088 0.467802 0.581761 0.647680 0.797851 1.438930 1.438930 1.438928 1.438928
0.440237 0.580904 0.484642 0.601586 0.679446 0.838669 1.521574 1.521574 1.521573 1.521573
0.359979 0.535903 0.442643 0.565584 0.613458 0.757217 1.434983 1.434983 1.434982 1.434982
0.392274 0.583067 0.479565 0.614660 0.668112 0.813525 1.570166 1.570166 1.570165 1.570165
0.380997 0.569769 0.402317 0.599868 0.650708 0.789804 1.535431 1.535431 1.535430 1.535430
0.378120 0.578119 0.409207 0.605685 0.657380 0.801693 1.559787 1.559787 1.559786 1.559786
0.352208 0.521304 0.379125 0.570442 0.610434 0.750853 1.434670 1.434670 1.434670 1.434670
0.383264 0.543894 0.410662 0.618090 0.663528 0.815383 1.560623 1.560623 1.560622 1.560622
0.379832 0.522509 0.397599 0.571893 0.661326 0.778014 1.552648 1.552648 1.552647 1.552647
0.375559 0.525672 0.393547 0.578686 0.663491 0.787255 1.579118 1.579118 1.579117 1.579117
0.376081 0.527043 0.395406 0.578843 0.664635 0.777570 1.595309 1.595309 1.595307 1.595307
0.379411 0.532235 0.397975 0.584830 0.672621 0.781654 1.612011 1.612011 1.612010 1.612010
0.362679 0.507249 0.373503 0.561402 0.630631 0.742293 1.541314 1.541314 1.541313 1.541313
0.345965 0.473478 0.349535 0.559937 0.615219 0.733511 1.513791 1.513791 1.513790 1.513790
0.362029 0.491533 0.367350 0.578186 0.634910 0.767541 1.586890 1.586890 1.586889 1.586889
0.355691 0.491320 0.370606 0.580892 0.637015 0.774672 1.604330 1.604330 1.604329 1.604329
0.357923 0.496795 0.373737 0.588108 0.644517 0.784340 1.630768 1.630768 1.630767 1.630767
0.361063 0.501154 0.377016 0.593268 0.650171 0.791221 1.630979 1.630979 1.630976 1.630976
0.358674 0.499083 0.372173 0.592634 0.647688 0.793195 1.635402 1.635402 1.635400 1.635400
0.330914 0.467835 0.354287 0.560357 0.612880 0.758674 1.580995 1.580995 1.580993 1.580993
0.326962 0.467902 0.338233 0.558681 0.611341 0.759854 1.599699 1.599699 1.599696 1.599696
0.333234 0.478059 0.344400 0.563751 0.617703 0.776205 1.637037 1.637037 1.637035 1.637035
0.329226 0.472150 0.338441 0.526240 0.603946 0.771986 1.624299 1.624299 1.624297 1.624297
0.332131 0.478166 0.343395 0.530872 0.612224 0.767422 1.646687 1.646687 1.646685 1.646685
0.335704 0.483264 0.348292 0.537788 0.621409 0.774925 1.678253 1.678253 1.678251 1.678251
0.312976 0.465422 0.327381 0.508311 0.583289 0.729314 1.594352 1.594352 1.594350 1.594350
0.320233 0.444602 0.335401 0.520478 0.588678 0.741492 1.641759 1.641759 1.641757 1.641757
0.328817 0.457617 0.344980 0.533482 0.605827 0.763210 1.697499 1.697499 1.697497 1.697497
0.326783 0.456823 0.343208 0.531660 0.603997 0.761661 1.701346 1.701346 1.701343 1.701343
0.324781 0.454023 0.335999 0.520559 0.599393 0.753597 1.695607 1.695607 1.695605 1.695605
0.325990 0.455658 0.335860 0.521587 0.602475 0.749300 1.708843 1.708843 1.708841 1.708841
0.321687 0.446975 0.330285 0.511225 0.591539 0.735589 1.695612 1.695612 1.695610 1.695610
0.300919 0.430910 0.327883 0.503917 0.590569 0.734383 1.687287 1.687287 1.687285 1.687285
0.286223 0.406639 0.316648 0.470661 0.575916 0.713126 1.656376 1.656376 1.656374 1.656374
0.265159 0.326041 0.253886 0.432030 0.529637 0.571780 1.508325 1.508325 1.508324 1.508324
0.310911 0.382093 0.296357 0.503208 0.619694 0.667177 1.769685 1.769685 1.769683 1.769683
0.309942 0.380769 0.295082 0.499666 0.616993 0.663829 1.769280 1.769280 1.769279 1.769279
0.293844 0.362279 0.265383 0.464974 0.585993 0.612055 1.686511 1.686511 1.686509 1.686509
0.300530 0.376433 0.272657 0.482773 0.600192 0.619982 1.758742 1.758742 1.758740 1.758740
0.267419 0.336538 0.252026 0.445039 0.555315 0.551676 1.585699 1.585699 1.585698 1.585698
0.280444 0.354730 0.275849 0.473947 0.603122 0.599627 1.740798 1.740798 1.740796 1.740796
0.264523 0.334309 0.261756 0.432428 0.566107 0.559471 1.670563 1.670563 1.670562 1.670562
0.281426 0.354070 0.276202 0.458178 0.599313 0.593551 1.755672 1.755672 1.755671 1.755671
0.270833 0.349250 0.271861 0.455716 0.582459 0.583009 1.750506 1.750506 1.750505 1.750505
