0.997488 0.997488 0.997488 0.997488 0.997488 0.997488 0.996232 0.996232 0.996231 0.996231
0.965086 0.971081 0.959595 0.957818 0.971682 0.973640 0.978219 0.978219 0.978219 0.978219
0.935060 0.957217 0.954694 0.948973 0.961402 0.969077 0.975273 0.975273 0.975273 0.975273
0.921228 0.942816 0.872423 0.936128 0.935962 0.953686 0.974431 0.974431 0.974431 0.974431
0.892947 0.924401 0.856044 0.934878 0.921347 0.952465 0.979243 0.979243 0.979242 0.979242
0.920994 0.960173 0.886597 0.972657 0.955634 0.985425 1.024079 1.024079 1.024078 1.024078
0.846852 0.854683 0.810864 0.904286 0.875982 0.911071 0.929827 0.929827 0.929826 0.929826
0.896228 0.911017 0.868760 0.964695 0.940588 0.968040 0.994201 0.994201 0.994200 0.994200
0.911757 0.932687 0.891345 0.987139 0.961623 0.985213 1.021307 1.021307 1.021306 1.021306
0.919588 0.939227 0.893805 0.992931 0.969331 0.979677 1.034327 1.034327 1.034326 1.034326
0.898853 0.921530 0.873298 0.964547 0.937247 0.962945 1.015086 1.015086 1.015086 1.015086
0.864085 0.890406 0.876201 0.941608 0.933113 0.959429 1.021516 1.021516 1.021516 1.021516
0.815879 0.868953 0.871430 0.937659 0.918676 0.956318 1.031549 1.031549 1.031549 1.031549
0.803635 0.866382 0.829362 0.931957 0.913528 0.954836 1.040516 1.040516 1.040516 1.040516
0.819521 0.892658 0.851154 0.955685 0.933895 0.986640 1.077957 1.077957 1.077957 1.077957
0.752679 0.802238 0.766910 0.917743 0.877190 0.938708 1.019335 1.019335 1.019335 1.019335
0.776619 0.827754 0.540217 0.878964 0.905089 0.968564 1.048696 1.048696 1.048696 1.048696
0.817845 0.862944 0.563369 0.927711 0.940562 1.016579 1.090261 1.090261 1.090261 1.090261
0.742059 0.786669 0.530986 0.872027 0.887358 0.922377 1.002333 1.002333 1.002333 1.002333
0.828471 0.878191 0.594873 0.975759 0.994849 1.028787 1.128365 1.128365 1.128365 1.128365
0.816060 0.873312 0.590601 0.971249 0.989404 1.011480 1.129989 1.129989 1.129989 1.129989
0.757371 0.809819 0.551428 0.871934 0.913769 0.928588 1.066983 1.066983 1.066984 1.066984
0.806747 0.773949 0.587400 0.924831 0.969460 0.984877 1.142754 1.142754 1.142754 1.142754
0.773681 0.736383 0.571953 0.870925 0.953208 0.964262 1.131075 1.131075 1.131075 1.131075
0.789828 0.761348 0.592329 0.902211 0.979658 0.995603 1.171672 1.171672 1.171672 1.171672
0.769696 0.746067 0.570299 0.877171 0.966436 0.989322 1.172923 1.172923 1.172923 1.172923
0.782678 0.759123 0.580550 0.889319 0.978551 1.005482 1.199428 1.199428 1.199428 1.199428
0.725093 0.719194 0.553399 0.822338 0.908374 0.891754 1.151817 1.151817 1.151817 1.151817
0.762086 0.759544 0.582889 0.869573 0.959938 0.943030 1.222858 1.222858 1.222858 1.222858
0.746875 0.756259 0.573856 0.865154 0.942138 0.915351 1.221975 1.221975 1.221975 1.221975
0.742409 0.754659 0.573715 0.859966 0.941041 0.896590 1.220643 1.220643 1.220644 1.220644
0.752502 0.764544 0.576858 0.861314 0.945884 0.908200 1.243567 1.243567 1.243568 1.243568
0.582559 0.708962 0.527299 0.779212 0.879152 0.817266 1.178881 1.178881 1.178881 1.178881
0.631781 0.747333 0.571221 0.845049 0.937937 0.886318 1.272990 1.272990 1.272990 1.272990
0.635765 0.755414 0.575430 0.852751 0.946858 0.895639 1.291913 1.291913 1.291913 1.291913
0.632858 0.752492 0.570007 0.850435 0.941264 0.893193 1.290553 1.290553 1.290553 1.290553
0.624035 0.738661 0.557459 0.835150 0.923570 0.878270 1.257070 1.257070 1.257070 1.257070
0.619596 0.731653 0.548113 0.780396 0.915038 0.848452 1.252500 1.252500 1.252500 1.252500
0.612507 0.722083 0.543373 0.778115 0.904678 0.817771 1.242255 1.242255 1.242255 1.242255
0.572175 0.664539 0.507258 0.706842 0.821672 0.785582 1.180262 1.180262 1.180262 1.180262
0.632535 0.736194 0.563316 0.785776 0.909521 0.865039 1.322508 1.322508 1.322508 1.322508
0.626807 0.729112 0.557951 0.776650 0.893587 0.846152 1.298774 1.298774 1.298774 1.298774
0.633493 0.740067 0.564403 0.787946 0.902554 0.810123 1.319585 1.319585 1.319585 1.319585
0.619048 0.687557 0.557752 0.768076 0.887678 0.797584 1.291759 1.291759 1.291759 1.291759
0.621957 0.695684 0.556684 0.769982 0.896943 0.795501 1.312304 1.312304 1.312304 1.312304
0.626941 0.702113 0.563014 0.775284 0.904432 0.790912 1.334528 1.334528 1.334528 1.334528
0.623378 0.685300 0.561443 0.779311 0.888446 0.782817 1.344002 1.344002 1.344002 1.344002
0.619302 0.690387 0.566307 0.783243 0.883785 0.789199 1.360794 1.360794 1.360794 1.360794
0.577634 0.663639 0.560556 0.769802 0.879771 0.785614 1.350177 1.350177 1.350177 1.350177
0.590062 0.677917 0.572616 0.786365 0.898699 0.802517 1.367407 1.367407 1.367407 1.367407
0.589033 0.678363 0.572597 0.783604 0.899166 0.803057 1.374526 1.374526 1.374526 1.374526
0.524867 0.523159 0.441591 0.691848 0.795366 0.619324 1.203920 1.203920 1.203919 1.203919
0.605747 0.600190 0.507881 0.793064 0.913321 0.711065 1.397120 1.397120 1.397119 1.397119
0.594723 0.587951 0.477217 0.773562 0.892264 0.698866 1.385153 1.385153 1.385152 1.385152
0.609479 0.600229 0.486182 0.793571 0.913147 0.713238 1.424692 1.424692 1.424691 1.424691
0.319650 0.441595 0.415480 0.594727 0.603779 0.609516 1.220870 1.220870 1.220869 1.220869
0.397203 0.548732 0.508554 0.728048 0.749137 0.753995 1.521277 1.521277 1.521276 1.521276
0.397802 0.550676 0.511221 0.731582 0.755783 0.758682 1.539611 1.539611 1.539610 1.539610
0.380723 0.487551 0.487546 0.647719 0.720940 0.723705 1.471264 1.471264 1.471263 1.471263
0.383975 0.489909 0.483344 0.646227 0.723879 0.737994 1.498903 1.498903 1.498903 1.498903
0.395640 0.504103 0.493119 0.664166 0.746326 0.762809 1.556130 1.556130 1.556129 1.556129
0.396430 0.505049 0.492069 0.664334 0.748875 0.757156 1.565582 1.565582 1.565581 1.565581
0.385638 0.487404 0.480748 0.637701 0.718445 0.736516 1.525664 1.525664 1.525664 1.525664
0.382187 0.493849 0.488291 0.642976 0.724788 0.746548 1.547678 1.547678 1.547678 1.547678
0.382526 0.495036 0.492299 0.647671 0.730679 0.747919 1.567769 1.567769 1.567768 1.567768
0.364794 0.484750 0.481837 0.629827 0.717150 0.730793 1.544325 1.544325 1.544324 1.544324
0.349640 0.463760 0.446682 0.602600 0.687869 0.695697 1.465209 1.465209 1.465208 1.465208
0.376656 0.497225 0.478613 0.646204 0.737139 0.746780 1.579690 1.579690 1.579689 1.579689
0.374031 0.489594 0.475277 0.636287 0.720459 0.741575 1.551179 1.551179 1.551179 1.551179
0.369459 0.451507 0.470068 0.628969 0.701952 0.727865 1.542024 1.542024 1.542023 1.542023
0.381597 0.466177 0.484932 0.647075 0.724107 0.750341 1.597293 1.597293 1.597293 1.597293
0.307410 0.423697 0.436351 0.599345 0.644103 0.667439 1.484092 1.484092 1.484092 1.484092
0.333730 0.460427 0.472603 0.651620 0.701441 0.721996 1.613737 1.613737 1.613738 1.613738
0.320020 0.418322 0.425058 0.626882 0.656406 0.694858 1.537725 1.537725 1.537725 1.537725
0.330138 0.418326 0.428383 0.603772 0.681009 0.690154 1.592495 1.592495 1.592495 1.592495
0.334656 0.421261 0.433751 0.600816 0.673433 0.672287 1.608495 1.608495 1.608495 1.608495
0.322217 0.403249 0.420686 0.548484 0.641950 0.651960 1.558229 1.558229 1.558229 1.558229
0.326658 0.395575 0.406294 0.553287 0.646275 0.626049 1.586915 1.586915 1.586915 1.586915
0.341806 0.414955 0.422470 0.582179 0.678149 0.661090 1.676101 1.676101 1.676101 1.676101
0.323114 0.375645 0.397321 0.552213 0.638671 0.614066 1.615228 1.615228 1.615228 1.615228
0.340458 0.395597 0.416769 0.577987 0.671514 0.643880 1.702993 1.702993 1.702993 1.702993
0.316047 0.379357 0.390067 0.543963 0.627616 0.603383 1.610915 1.610915 1.610916 1.610916
0.323992 0.391274 0.345391 0.560327 0.645182 0.618291 1.662681 1.662681 1.662682 1.662682
0.324362 0.391588 0.343938 0.530015 0.639220 0.623127 1.671732 1.671732 1.671733 1.671733
0.317457 0.384618 0.319323 0.509161 0.626731 0.593102 1.645044 1.645044 1.645044 1.645044
0.318530 0.384769 0.314573 0.513041 0.616792 0.591212 1.651023 1.651023 1.651024 1.651024
0.330582 0.390824 0.318475 0.525121 0.631340 0.609952 1.714069 1.714069 1.714070 1.714070
0.321864 0.387176 0.310409 0.523233 0.623721 0.607758 1.716630 1.716630 1.716630 1.716630
0.332162 0.399564 0.320340 0.539973 0.643676 0.627203 1.766178 1.766178 1.766178 1.766178
0.300148 0.384234 0.304731 0.520784 0.615546 0.597166 1.688811 1.688811 1.688811 1.688811
0.313339 0.402197 0.318558 0.542391 0.644311 0.624973 1.763594 1.763594 1.763593 1.763593
0.291025 0.385600 0.300958 0.494389 0.609741 0.600807 1.702588 1.702588 1.702587 1.702587
0.277027 0.372935 0.295593 0.482308 0.595295 0.592907 1.698215 1.698215 1.698214 1.698214
0.283733 0.381138 0.301429 0.497483 0.610387 0.610096 1.755927 1.755927 1.755926 1.755926
0.287471 0.382940 0.303859 0.503419 0.618200 0.617685 1.785052 1.785052 1.785051 1.785051
0.283006 0.361457 0.297767 0.493484 0.607928 0.606843 1.756707 1.756707 1.756706 1.756706
0.269782 0.353171 0.290319 0.486197 0.585253 0.590437 1.734999 1.734999 1.734997 1.734997
0.275658 0.358832 0.296780 0.493320 0.597985 0.603966 1.780518 1.780518 1.780517 1.780517
0.264556 0.340313 0.265807 0.449613 0.573901 0.568195 1.702988 1.702988 1.702986 1.702986
0.274998 0.354622 0.276042 0.462725 0.591417 0.591976 1.777429 1.777429 1.777428 1.777428
