0.994063 0.994063 0.994063 0.994063 0.994063 0.994063 0.994063 0.986147 0.986147 0.986147
0.998223 0.998223 0.998223 0.998223 0.998223 0.998223 0.998223 0.984768 0.984768 0.984768
1.004060 1.004060 1.004060 1.004060 1.004060 1.004060 1.004060 0.990526 0.990526 0.990526
0.996756 0.996756 0.996756 0.996756 0.996756 0.996756 0.996756 0.973749 0.973750 0.973750
0.980985 0.980985 0.980985 0.980985 0.980985 0.980985 0.980985 0.924719 0.924720 0.924720
1.010726 1.010726 1.010726 1.010726 1.010726 1.010726 1.010726 0.944369 0.944369 0.944369
1.013604 1.013604 1.013604 1.013604 1.013604 1.013604 1.013604 0.939127 0.939126 0.939126
1.019317 1.019317 1.019317 1.019317 1.019317 1.019317 1.019317 0.940520 0.940520 0.940520
1.016003 1.016003 1.016003 1.016003 1.016003 1.016003 1.016003 0.928151 0.928151 0.928151
1.024924 1.024924 1.024924 1.024924 1.024924 1.024924 1.024924 0.934272 0.934272 0.934272
1.016259 1.016259 1.016259 1.016259 1.016259 1.016259 1.016259 0.913342 0.913341 0.913341
1.024154 1.024154 1.024154 1.024154 1.024154 1.024154 1.024154 0.912081 0.912080 0.912080
1.017288 1.017288 1.017288 1.017288 1.017288 1.017288 1.017288 0.886810 0.886809 0.886809
1.037828 1.037828 1.037828 1.037828 1.037828 1.037828 1.037828 0.902262 0.902262 0.902262
1.039509 1.039509 1.039509 1.039509 1.039509 1.039509 1.039509 0.902297 0.902297 0.902297
1.039815 1.039815 1.039815 1.039815 1.039815 1.039815 1.039815 0.900984 0.900984 0.900984
1.041726 1.041726 1.041726 1.041726 1.041726 1.041726 1.041726 0.902640 0.902640 0.902640
1.012061 1.012061 1.012061 1.012061 1.012061 1.012061 1.012061 0.843999 0.843999 0.843999
1.049988 1.049988 1.049988 1.049988 1.049988 1.049988 1.049988 0.873040 0.873040 0.873040
1.047304 1.047304 1.047304 1.047304 1.047304 1.047304 1.047304 0.864530 0.864530 0.864530
1.053079 1.053079 1.053079 1.053079 1.053079 1.053079 1.053079 0.867028 0.867027 0.867027
1.025853 1.025853 1.025853 1.025853 1.025853 1.025853 1.025853 0.813255 0.813255 0.813255
1.059816 1.059816 1.059816 1.059816 1.059816 1.059816 1.059816 0.833735 0.833735 0.833735
1.062499 1.062499 1.062499 1.062499 1.062499 1.062499 1.062499 0.830057 0.830057 0.830057
1.068176 1.068176 1.068176 1.068176 1.068176 1.068176 1.068176 0.832474 0.832474 0.832474
1.070890 1.070890 1.070890 1.070890 1.070890 1.070890 1.070890 0.834589 0.834589 0.834589
1.066380 1.066380 1.066380 1.066380 1.066380 1.066380 1.066380 0.826680 0.826680 0.826680
1.069666 1.069666 1.069666 1.069666 1.069666 1.069666 1.069666 0.826669 0.826668 0.826668
1.048312 1.048312 1.048312 1.048312 1.048312 1.048312 1.048312 0.786270 0.786269 0.786269
1.078155 1.078155 1.078155 1.078155 1.078155 1.078155 1.078155 0.805944 0.805943 0.805943
1.075918 1.075918 1.075918 1.075918 1.075918 1.075918 1.075918 0.798688 0.798687 0.798687
1.068711 1.068711 1.068711 1.068711 1.068711 1.068711 1.068711 0.779527 0.779526 0.779526
1.077623 1.077623 1.077623 1.077623 1.077623 1.077623 1.077623 0.776399 0.776398 0.776398
1.069535 1.069535 1.069535 1.069535 1.069535 1.069535 1.069535 0.751143 0.751142 0.751142
1.095934 1.095934 1.095934 1.095934 1.095934 1.095934 1.095934 0.767854 0.767854 0.767854
1.059087 1.059087 1.059087 1.059087 1.059087 1.059087 1.059087 0.708316 0.708315 0.708315
1.100324 1.100324 1.100324 1.100324 1.100324 1.100324 1.100324 0.727821 0.727820 0.727820
1.107720 1.107720 1.107720 1.107720 1.107720 1.107720 1.107720 0.728469 0.728468 0.728468
1.109798 1.109798 1.109798 1.109798 1.109798 1.109798 1.109798 0.726138 0.726137 0.726137
1.113226 1.113226 1.113226 1.113226 1.113226 1.113226 1.113226 0.726424 0.726424 0.726424
1.115806 1.115806 1.115806 1.115806 1.115806 1.115806 1.115806 0.727667 0.727667 0.727667
1.112972 1.112972 1.112972 1.112972 1.112972 1.112972 1.112972 0.723041 0.723041 0.723041
1.106291 1.106291 1.106291 1.106291 1.106291 1.106291 1.106291 0.710000 0.710000 0.710000
1.114024 1.114024 1.114024 1.114024 1.114024 1.114024 1.114024 0.710059 0.710058 0.710058
1.122041 1.122041 1.122041 1.122041 1.122041 1.122041 1.122041 0.715152 0.715151 0.715151
1.116697 1.116697 1.116697 1.116697 1.116697 1.116697 1.116697 0.707648 0.707648 0.707648
1.112709 1.112709 1.112709 1.112709 1.112709 1.112709 1.112709 0.696988 0.696988 0.696988
1.122124 1.122124 1.122124 1.122124 1.122124 1.122124 1.122124 0.699817 0.699817 0.699817
1.112523 1.112523 1.112523 1.112523 1.112523 1.112523 1.112523 0.682885 0.682885 0.682885
1.130494 1.130494 1.130494 1.130494 1.130494 1.130494 1.130494 0.693521 0.693521 0.693521
1.102434 1.102434 1.102434 1.102434 1.102434 1.102434 1.102434 0.655440 0.655440 0.655440
1.138471 1.138471 1.138471 1.138471 1.138471 1.138471 1.138471 0.676857 0.676857 0.676857
1.134590 1.134590 1.134590 1.134590 1.134590 1.134590 1.134590 0.671815 0.671815 0.671815
1.125858 1.125858 1.125858 1.125858 1.125858 1.125858 1.125858 0.657184 0.657185 0.657185
1.137224 1.137224 1.137224 1.137224 1.137224 1.137224 1.137224 0.660056 0.660056 0.660056
1.143965 1.143965 1.143965 1.143965 1.143965 1.143965 1.143965 0.663942 0.663942 0.663942
1.137815 1.137815 1.137815 1.137815 1.137815 1.137815 1.137815 0.656147 0.656147 0.656147
1.138599 1.138599 1.138599 1.138599 1.138599 1.138599 1.138599 0.651951 0.651950 0.651950
1.145996 1.145996 1.145996 1.145996 1.145996 1.145996 1.145996 0.655456 0.655456 0.655456
1.140374 1.140374 1.140374 1.140374 1.140374 1.140374 1.140374 0.647579 0.647579 0.647579
