0.996913 0.996913 0.996913 0.996913 0.996913 0.996913 0.996913 0.992796 0.992796 0.992796
0.998728 0.998728 0.998728 0.998728 0.998728 0.998728 0.998728 0.991272 0.991272 0.991272
0.996844 0.996844 0.996844 0.996844 0.996844 0.996844 0.996844 0.982270 0.982270 0.982270
0.993876 0.993876 0.993876 0.993876 0.993876 0.993876 0.993876 0.965569 0.965568 0.965568
0.999898 0.999898 0.999898 0.999898 0.999898 0.999898 0.999898 0.960214 0.960214 0.960214
1.009993 1.009993 1.009993 1.009993 1.009993 1.009993 1.009993 0.967303 0.967303 0.967303
1.005263 1.005263 1.005263 1.005263 1.005263 1.005263 1.005263 0.953211 0.953211 0.953211
1.009345 1.009345 1.009345 1.009345 1.009345 1.009345 1.009345 0.949065 0.949065 0.949065
1.016401 1.016401 1.016401 1.016401 1.016401 1.016401 1.016401 0.953430 0.953430 0.953430
1.016834 1.016834 1.016834 1.016834 1.016834 1.016834 1.016834 0.951249 0.951249 0.951249
1.012205 1.012205 1.012205 1.012205 1.012205 1.012205 1.012205 0.937701 0.937703 0.937703
1.020690 1.020690 1.020690 1.020690 1.020690 1.020690 1.020690 0.943275 0.943276 0.943276
1.000651 1.000651 1.000651 1.000651 1.000651 1.000651 1.000651 0.897479 0.897480 0.897480
1.027506 1.027506 1.027506 1.027506 1.027506 1.027506 1.027506 0.916441 0.916443 0.916443
0.998370 0.998370 0.998370 0.998370 0.998370 0.998370 0.998370 0.849988 0.849989 0.849989
1.046172 1.046172 1.046172 1.046172 1.046172 1.046172 1.046172 0.890146 0.890148 0.890148
1.017226 1.017226 1.017226 1.017226 1.017226 1.017226 1.017226 0.833385 0.833386 0.833386
1.057293 1.057293 1.057293 1.057293 1.057293 1.057293 1.057293 0.866175 0.866176 0.866176
1.051567 1.051567 1.051567 1.051567 1.051567 1.051567 1.051567 0.855505 0.855505 0.855505
1.052611 1.052611 1.052611 1.052611 1.052611 1.052611 1.052611 0.849534 0.849535 0.849535
1.053843 1.053843 1.053843 1.053843 1.053843 1.053843 1.053843 0.842807 0.842807 0.842807
1.059143 1.059143 1.059143 1.059143 1.059143 1.059143 1.059143 0.842244 0.842245 0.842245
1.055164 1.055164 1.055164 1.055164 1.055164 1.055164 1.055164 0.828802 0.828802 0.828802
1.067441 1.067441 1.067441 1.067441 1.067441 1.067441 1.067441 0.837122 0.837123 0.837123
1.066692 1.066692 1.066692 1.066692 1.066692 1.066692 1.066692 0.834063 0.834064 0.834064
1.057998 1.057998 1.057998 1.057998 1.057998 1.057998 1.057998 0.815525 0.815526 0.815526
1.068865 1.068865 1.068865 1.068865 1.068865 1.068865 1.068865 0.819129 0.819130 0.819130
1.061916 1.061916 1.061916 1.061916 1.061916 1.061916 1.061916 0.800967 0.800968 0.800968
1.075006 1.075006 1.075006 1.075006 1.075006 1.075006 1.075006 0.806554 0.806554 0.806554
1.059395 1.059395 1.059395 1.059395 1.059395 1.059395 1.059395 0.774800 0.774801 0.774801
1.069280 1.069280 1.069280 1.069280 1.069280 1.069280 1.069280 0.765494 0.765495 0.765495
1.090850 1.090850 1.090850 1.090850 1.090850 1.090850 1.090850 0.778896 0.778897 0.778897
1.093832 1.093832 1.093832 1.093832 1.093832 1.093832 1.093832 0.781015 0.781016 0.781016
1.088164 1.088164 1.088164 1.088164 1.088164 1.088164 1.088164 0.771998 0.771998 0.771998
1.064877 1.064877 1.064877 1.064877 1.064877 1.064877 1.064877 0.728971 0.728971 0.728971
1.096572 1.096572 1.096572 1.096572 1.096572 1.096572 1.096572 0.744062 0.744061 0.744061
1.096798 1.096798 1.096798 1.096798 1.096798 1.096798 1.096798 0.736049 0.736049 0.736049
1.075946 1.075946 1.075946 1.075946 1.075946 1.075946 1.075946 0.694936 0.694935 0.694935
1.112499 1.112499 1.112499 1.112499 1.112499 1.112499 1.112499 0.713616 0.713615 0.713615
1.120529 1.120529 1.120529 1.120529 1.120529 1.120529 1.120529 0.718766 0.718766 0.718766
1.113881 1.113881 1.113881 1.113881 1.113881 1.113881 1.113881 0.709395 0.709395 0.709395
1.118469 1.118469 1.118469 1.118469 1.118469 1.118469 1.118469 0.709430 0.709430 0.709430
1.119649 1.119649 1.119649 1.119649 1.119649 1.119649 1.119649 0.707461 0.707460 0.707460
1.119405 1.119405 1.119405 1.119405 1.119405 1.119405 1.119405 0.703722 0.703722 0.703722
1.118178 1.118178 1.118178 1.118178 1.118178 1.118178 1.118178 0.697559 0.697558 0.697558
1.115855 1.115855 1.115855 1.115855 1.115855 1.115855 1.115855 0.687683 0.687682 0.687682
1.129035 1.129035 1.129035 1.129035 1.129035 1.129035 1.129035 0.695032 0.695032 0.695032
1.101657 1.101657 1.101657 1.101657 1.101657 1.101657 1.101657 0.657253 0.657253 0.657253
1.133491 1.133491 1.133491 1.133491 1.133491 1.133491 1.133491 0.673294 0.673293 0.673293
1.138143 1.138143 1.138143 1.138143 1.138143 1.138143 1.138143 0.675672 0.675672 0.675672
1.135853 1.135853 1.135853 1.135853 1.135853 1.135853 1.135853 0.672232 0.672232 0.672232
1.137448 1.137448 1.137448 1.137448 1.137448 1.137448 1.137448 0.671717 0.671717 0.671717
1.133376 1.133376 1.133376 1.133376 1.133376 1.133376 1.133376 0.664677 0.664677 0.664677
1.141634 1.141634 1.141634 1.141634 1.141634 1.141634 1.141634 0.669520 0.669520 0.669520
1.141634 1.141634 1.141634 1.141634 1.141634 1.141634 1.141634 0.669520 0.669520 0.669520
1.134805 1.134805 1.134805 1.134805 1.134805 1.134805 1.134805 0.660803 0.660803 0.660803
1.141562 1.141562 1.141562 1.141562 1.141562 1.141562 1.141562 0.663574 0.663574 0.663574
1.126936 1.126936 1.126936 1.126936 1.126936 1.126936 1.126936 0.643668 0.643668 0.643668
1.147621 1.147621 1.147621 1.147621 1.147621 1.147621 1.147621 0.655467 0.655467 0.655467
1.142036 1.142036 1.142036 1.142036 1.142036 1.142036 1.142036 0.648523 0.648523 0.648523
