0.972602 0.972602 0.972602 0.972602 0.972602 0.972602 0.972602 0.936072 0.936071 0.936071
1.005900 1.005900 1.005900 1.005900 1.005900 1.005900 1.005900 0.961139 0.961139 0.961139
1.008629 1.008629 1.008629 1.008629 1.008629 1.008629 1.008629 0.957581 0.957580 0.957580
1.014977 1.014977 1.014977 1.014977 1.014977 1.014977 1.014977 0.963060 0.963059 0.963059
1.014235 1.014235 1.014235 1.014235 1.014235 1.014235 1.014235 0.960671 0.960671 0.960671
1.009975 1.009975 1.009975 1.009975 1.009975 1.009975 1.009975 0.949019 0.949019 0.949019
1.006327 1.006327 1.006327 1.006327 1.006327 1.006327 1.006327 0.930676 0.930675 0.930675
1.021838 1.021838 1.021838 1.021838 1.021838 1.021838 1.021838 0.943530 0.943529 0.943529
1.012515 1.012515 1.012515 1.012515 1.012515 1.012515 1.012515 0.921653 0.921653 0.921653
1.019871 1.019871 1.019871 1.019871 1.019871 1.019871 1.019871 0.919128 0.919127 0.919127
1.025049 1.025049 1.025049 1.025049 1.025049 1.025049 1.025049 0.917382 0.917381 0.917381
1.028508 1.028508 1.028508 1.028508 1.028508 1.028508 1.028508 0.915814 0.915813 0.915813
1.032058 1.032058 1.032058 1.032058 1.032058 1.032058 1.032058 0.916752 0.916751 0.916751
1.034648 1.034648 1.034648 1.034648 1.034648 1.034648 1.034648 0.919016 0.919015 0.919015
1.028023 1.028023 1.028023 1.028023 1.028023 1.028023 1.028023 0.905484 0.905483 0.905483
1.027317 1.027317 1.027317 1.027317 1.027317 1.027317 1.027317 0.893778 0.893777 0.893777
1.038408 1.038408 1.038408 1.038408 1.038408 1.038408 1.038408 0.901001 0.901001 0.901001
1.038841 1.038841 1.038841 1.038841 1.038841 1.038841 1.038841 0.898595 0.898595 0.898595
1.042200 1.042200 1.042200 1.042200 1.042200 1.042200 1.042200 0.901489 0.901489 0.901489
1.040287 1.040287 1.040287 1.040287 1.040287 1.040287 1.040287 0.897697 0.897697 0.897697
1.039344 1.039344 1.039344 1.039344 1.039344 1.039344 1.039344 0.892968 0.892969 0.892969
1.040758 1.040758 1.040758 1.040758 1.040758 1.040758 1.040758 0.890491 0.890491 0.890491
1.043147 1.043147 1.043147 1.043147 1.043147 1.043147 1.043147 0.890203 0.890204 0.890204
1.016443 1.016443 1.016443 1.016443 1.016443 1.016443 1.016443 0.835212 0.835212 0.835212
1.049218 1.049218 1.049218 1.049218 1.049218 1.049218 1.049218 0.854555 0.854555 0.854555
1.055554 1.055554 1.055554 1.055554 1.055554 1.055554 1.055554 0.856231 0.856231 0.856231
1.054138 1.054138 1.054138 1.054138 1.054138 1.054138 1.054138 0.849027 0.849027 0.849027
1.055565 1.055565 1.055565 1.055565 1.055565 1.055565 1.055565 0.843655 0.843655 0.843655
1.061797 1.061797 1.061797 1.061797 1.061797 1.061797 1.061797 0.846335 0.846335 0.846335
1.062325 1.062325 1.062325 1.062325 1.062325 1.062325 1.062325 0.844253 0.844254 0.844254
1.056393 1.056393 1.056393 1.056393 1.056393 1.056393 1.056393 0.830327 0.830327 0.830327
1.068603 1.068603 1.068603 1.068603 1.068603 1.068603 1.068603 0.839925 0.839925 0.839925
1.050848 1.050848 1.050848 1.050848 1.050848 1.050848 1.050848 0.808504 0.808504 0.808504
1.068446 1.068446 1.068446 1.068446 1.068446 1.068446 1.068446 0.816405 0.816405 0.816405
1.071371 1.071371 1.071371 1.071371 1.071371 1.071371 1.071371 0.814089 0.814088 0.814088
1.062736 1.062736 1.062736 1.062736 1.062736 1.062736 1.062736 0.793468 0.793468 0.793468
1.043824 1.043824 1.043824 1.043824 1.043824 1.043824 1.043824 0.743930 0.743930 0.743930
1.089170 1.089170 1.089170 1.089170 1.089170 1.089170 1.089170 0.771753 0.771752 0.771752
1.073639 1.073639 1.073639 1.073639 1.073639 1.073639 1.073639 0.741566 0.741566 0.741566
1.097089 1.097089 1.097089 1.097089 1.097089 1.097089 1.097089 0.753401 0.753402 0.753402
1.103730 1.103730 1.103730 1.103730 1.103730 1.103730 1.103730 0.757962 0.757963 0.757963
1.103708 1.103708 1.103708 1.103708 1.103708 1.103708 1.103708 0.757929 0.757929 0.757929
1.103736 1.103736 1.103736 1.103736 1.103736 1.103736 1.103736 0.757948 0.757949 0.757949
1.076339 1.076339 1.076339 1.076339 1.076339 1.076339 1.076339 0.716328 0.716328 0.716328
1.103233 1.103233 1.103233 1.103233 1.103233 1.103233 1.103233 0.727561 0.727562 0.727562
1.107412 1.107412 1.107412 1.107412 1.107412 1.107412 1.107412 0.725259 0.725260 0.725260
1.112384 1.112384 1.112384 1.112384 1.112384 1.112384 1.112384 0.726075 0.726075 0.726075
1.112758 1.112758 1.112758 1.112758 1.112758 1.112758 1.112758 0.723540 0.723540 0.723540
1.116673 1.116673 1.116673 1.116673 1.116673 1.116673 1.116673 0.725646 0.725646 0.725646
1.115371 1.115371 1.115371 1.115371 1.115371 1.115371 1.115371 0.723230 0.723230 0.723230
1.107265 1.107265 1.107265 1.107265 1.107265 1.107265 1.107265 0.709692 0.709692 0.709692
1.115795 1.115795 1.115795 1.115795 1.115795 1.115795 1.115795 0.711378 0.711378 0.711378
1.108948 1.108948 1.108948 1.108948 1.108948 1.108948 1.108948 0.697067 0.697067 0.697067
1.098171 1.098171 1.098171 1.098171 1.098171 1.098171 1.098171 0.669932 0.669932 0.669932
1.125700 1.125700 1.125700 1.125700 1.125700 1.125700 1.125700 0.681818 0.681817 0.681817
1.124916 1.124916 1.124916 1.124916 1.124916 1.124916 1.124916 0.674711 0.674711 0.674711
1.103571 1.103571 1.103571 1.103571 1.103571 1.103571 1.103571 0.638685 0.638685 0.638685
1.132965 1.132965 1.132965 1.132965 1.132965 1.132965 1.132965 0.647759 0.647759 0.647759
1.146331 1.146331 1.146331 1.146331 1.146331 1.146331 1.146331 0.654673 0.654673 0.654673
1.142141 1.142141 1.142141 1.142141 1.142141 1.142141 1.142141 0.648582 0.648582 0.648582
