0.942073 0.946824 0.942931 0.942545 0.934037 0.952226 0.956406 0.956406 0.956406 0.956406
0.969933 0.960694 0.964747 0.958902 0.960103 0.960381 0.984735 0.984735 0.984735 0.984735
0.974069 0.964637 0.965158 0.925526 0.961684 0.941072 0.987642 0.987642 0.987642 0.987642
0.947154 0.931809 0.930756 0.850904 0.916656 0.902680 0.965717 0.965717 0.965717 0.965717
0.982701 0.966402 0.967636 0.885047 0.941029 0.893011 1.008268 1.008268 1.008268 1.008268
1.001034 0.983227 0.981235 0.899674 0.955203 0.907409 1.029943 1.029943 1.029942 1.029942
0.980837 0.933778 0.962667 0.885485 0.939448 0.890871 1.018062 1.018062 1.018061 1.018061
0.975551 0.920470 0.960009 0.873253 0.934977 0.870574 1.024067 1.024067 1.024067 1.024067
0.967768 0.911472 0.942905 0.860302 0.923998 0.866387 1.032817 1.032817 1.032816 1.032816
0.933877 0.893099 0.928842 0.831609 0.907017 0.844375 1.009514 1.009514 1.009514 1.009514
0.838084 0.806449 0.853674 0.540475 0.820459 0.778343 0.923924 0.923924 0.923924 0.923924
0.943946 0.918333 0.969663 0.616984 0.920369 0.893957 1.059979 1.059979 1.059979 1.059979
0.946132 0.931923 0.992420 0.620167 0.935192 0.909224 1.086009 1.086009 1.086008 1.086008
0.946392 0.931006 0.999723 0.618951 0.917010 0.909423 1.097214 1.097214 1.097213 1.097213
0.899182 0.923389 0.977779 0.596576 0.902946 0.898672 1.094767 1.094767 1.094767 1.094767
0.893770 0.909383 0.949722 0.593781 0.895659 0.891795 1.105152 1.105152 1.105151 1.105151
0.862860 0.871388 0.931577 0.583984 0.868244 0.876215 1.096086 1.096086 1.096085 1.096085
0.892963 0.901397 0.953250 0.604389 0.892715 0.905514 1.137059 1.137059 1.137059 1.137059
0.871762 0.874975 0.936634 0.593067 0.867110 0.894378 1.113622 1.113622 1.113621 1.113621
0.857518 0.896255 0.939476 0.606652 0.885549 0.878568 1.142080 1.142080 1.142079 1.142079
0.859243 0.892711 0.940952 0.611944 0.883073 0.882512 1.152379 1.152379 1.152378 1.152378
0.843445 0.895463 0.945342 0.612972 0.886457 0.884853 1.159588 1.159588 1.159587 1.159587
0.830431 0.889856 0.923469 0.594395 0.848056 0.879249 1.144527 1.144527 1.144527 1.144527
0.845780 0.905094 0.944196 0.596522 0.866845 0.899774 1.172228 1.172228 1.172227 1.172227
0.843179 0.888677 0.941016 0.591991 0.859114 0.847413 1.171254 1.171254 1.171253 1.171253
0.839171 0.881377 0.944621 0.586178 0.859110 0.847919 1.176547 1.176547 1.176547 1.176547
0.819176 0.838039 0.897794 0.572370 0.834890 0.818980 1.163899 1.163899 1.163898 1.163898
0.819967 0.850910 0.869914 0.571516 0.836428 0.829623 1.180804 1.180804 1.180804 1.180804
0.846317 0.884985 0.900620 0.588546 0.868689 0.861196 1.226265 1.226265 1.226265 1.226265
0.837274 0.874841 0.879044 0.579708 0.859864 0.853109 1.216979 1.216979 1.216979 1.216979
0.828021 0.866770 0.868759 0.578611 0.846143 0.845788 1.220465 1.220465 1.220464 1.220464
0.811590 0.856319 0.856177 0.570264 0.832091 0.782866 1.216228 1.216228 1.216227 1.216227
0.822786 0.868174 0.865946 0.578468 0.847543 0.783818 1.241164 1.241164 1.241163 1.241163
0.815769 0.847380 0.839510 0.576656 0.845052 0.747063 1.238212 1.238212 1.238212 1.238212
0.818281 0.856627 0.819937 0.573772 0.854813 0.751693 1.250141 1.250141 1.250140 1.250140
0.801810 0.834746 0.806880 0.561079 0.828664 0.742860 1.221958 1.221958 1.221958 1.221958
0.816464 0.852671 0.816369 0.570642 0.847573 0.756736 1.260008 1.260008 1.260008 1.260008
0.813879 0.851680 0.811297 0.572604 0.839521 0.756646 1.269086 1.269086 1.269086 1.269086
0.810935 0.851242 0.808191 0.564829 0.831296 0.720917 1.271167 1.271167 1.271166 1.271166
0.827022 0.852772 0.823911 0.574108 0.845550 0.730217 1.295723 1.295723 1.295722 1.295722
0.827917 0.853047 0.822952 0.568108 0.844770 0.729156 1.300114 1.300114 1.300113 1.300113
0.797614 0.826351 0.794712 0.552223 0.820896 0.707744 1.268054 1.268054 1.268053 1.268053
0.806761 0.827870 0.796575 0.548919 0.821117 0.704104 1.287211 1.287211 1.287210 1.287210
0.812251 0.832818 0.807134 0.552593 0.823097 0.704046 1.306562 1.306562 1.306562 1.306562
0.815839 0.837334 0.801702 0.554606 0.823116 0.705085 1.317267 1.317267 1.317267 1.317267
0.809572 0.837862 0.801673 0.551984 0.820007 0.704856 1.323281 1.323281 1.323280 1.323280
0.785762 0.785693 0.769746 0.535073 0.765171 0.621980 1.283452 1.283452 1.283451 1.283451
0.798607 0.809737 0.797263 0.554743 0.796666 0.641284 1.337454 1.337454 1.337453 1.337453
0.790833 0.807144 0.782477 0.549857 0.780084 0.636537 1.340945 1.340945 1.340944 1.340944
0.786421 0.802228 0.774660 0.542675 0.750496 0.636030 1.337307 1.337307 1.337307 1.337307
0.785479 0.803679 0.754483 0.535177 0.750057 0.638231 1.342692 1.342692 1.342691 1.342691
0.808958 0.827360 0.771823 0.551813 0.773072 0.657354 1.385723 1.385723 1.385722 1.385722
0.795923 0.816596 0.761201 0.545564 0.761001 0.647948 1.373578 1.373578 1.373577 1.373577
0.763478 0.755967 0.729642 0.520548 0.717887 0.627177 1.328153 1.328153 1.328152 1.328152
0.787455 0.785201 0.750436 0.538562 0.745950 0.651068 1.379702 1.379702 1.379701 1.379701
0.782154 0.772896 0.744416 0.534963 0.735629 0.648671 1.380839 1.380839 1.380837 1.380837
0.759880 0.756904 0.734592 0.493251 0.722940 0.641367 1.366006 1.366006 1.366005 1.366005
0.751305 0.745564 0.724988 0.480997 0.718289 0.628612 1.344324 1.344324 1.344323 1.344323
0.686913 0.672899 0.641397 0.426958 0.649802 0.558693 1.203207 1.203207 1.203206 1.203206
0.781471 0.772629 0.742239 0.491178 0.743276 0.642813 1.389027 1.389027 1.389026 1.389026
