0.999077 0.999077 0.999077 0.999077 0.999077 0.999077 0.998616 0.998616 0.998615 0.998615
0.961992 0.961992 0.961992 0.961992 0.961992 0.961992 0.942462 0.942462 0.942462 0.942462
1.008187 1.008187 1.008187 1.008187 1.008187 1.008187 0.987719 0.987719 0.987719 0.987719
0.998158 0.998158 0.998158 0.998158 0.998158 0.998158 0.972993 0.972993 0.972993 0.972993
1.002759 1.002759 1.002759 1.002759 1.002759 1.002759 0.973869 0.973869 0.973868 0.973868
1.003017 1.003017 1.003017 1.003017 1.003017 1.003017 0.969937 0.969937 0.969936 0.969936
1.007174 1.007174 1.007174 1.007174 1.007174 1.007174 0.970974 0.970974 0.970974 0.970974
1.012784 1.012784 1.012784 1.012784 1.012784 1.012784 0.975516 0.975516 0.975516 0.975516
1.002677 1.002677 1.002677 1.002677 1.002677 1.002677 0.959903 0.959903 0.959904 0.959904
0.973032 0.973032 0.973032 0.973032 0.973032 0.973032 0.910420 0.910420 0.910420 0.910420
1.015971 1.015971 1.015971 1.015971 1.015971 1.015971 0.945747 0.945747 0.945748 0.945748
1.021308 1.021308 1.021308 1.021308 1.021308 1.021308 0.947427 0.947427 0.947428 0.947428
1.014180 1.014180 1.014180 1.014180 1.014180 1.014180 0.933636 0.933636 0.933637 0.933637
1.024528 1.024528 1.024528 1.024528 1.024528 1.024528 0.939387 0.939387 0.939388 0.939388
1.033814 1.033814 1.033814 1.033814 1.033814 1.033814 0.947642 0.947642 0.947644 0.947644
1.025030 1.025030 1.025030 1.025030 1.025030 1.025030 0.935300 0.935300 0.935302 0.935302
1.032835 1.032835 1.032835 1.032835 1.032835 1.032835 0.940865 0.940865 0.940866 0.940866
1.031493 1.031493 1.031493 1.031493 1.031493 1.031493 0.937191 0.937191 0.937192 0.937192
1.036917 1.036917 1.036917 1.036917 1.036917 1.036917 0.941652 0.941652 0.941653 0.941653
1.002530 1.002530 1.002530 1.002530 1.002530 1.002530 0.894441 0.894441 0.894442 0.894442
1.028139 1.028139 1.028139 1.028139 1.028139 1.028139 0.909839 0.909839 0.909841 0.909841
1.040927 1.040927 1.040927 1.040927 1.040927 1.040927 0.917964 0.917964 0.917965 0.917965
1.045631 1.045631 1.045631 1.045631 1.045631 1.045631 0.920391 0.920391 0.920392 0.920392
1.045306 1.045306 1.045306 1.045306 1.045306 1.045306 0.917930 0.917930 0.917932 0.917932
1.050337 1.050337 1.050337 1.050337 1.050337 1.050337 0.921959 0.921959 0.921960 0.921960
1.047776 1.047776 1.047776 1.047776 1.047776 1.047776 0.918142 0.918142 0.918143 0.918143
1.051058 1.051058 1.051058 1.051058 1.051058 1.051058 0.920584 0.920584 0.920585 0.920585
1.012316 1.012316 1.012316 1.012316 1.012316 1.012316 0.869446 0.869446 0.869447 0.869447
1.051856 1.051856 1.051856 1.051856 1.051856 1.051856 0.900042 0.900042 0.900043 0.900043
1.060041 1.060041 1.060041 1.060041 1.060041 1.060041 0.906529 0.906529 0.906530 0.906530
1.009195 1.009195 1.009195 1.009195 1.009195 1.009195 0.841116 0.841116 0.841117 0.841117
1.066690 1.066690 1.066690 1.066690 1.066690 1.066690 0.887125 0.887125 0.887126 0.887126
1.070716 1.070716 1.070716 1.070716 1.070716 1.070716 0.889870 0.889870 0.889871 0.889871
1.029698 1.029698 1.029698 1.029698 1.029698 1.029698 0.838409 0.838409 0.838409 0.838409
1.067941 1.067941 1.067941 1.067941 1.067941 1.067941 0.864646 0.864646 0.864647 0.864647
1.076969 1.076969 1.076969 1.076969 1.076969 1.076969 0.869801 0.869801 0.869803 0.869803
1.071071 1.071071 1.071071 1.071071 1.071071 1.071071 0.860199 0.860199 0.860200 0.860200
1.082353 1.082353 1.082353 1.082353 1.082353 1.082353 0.868033 0.868033 0.868035 0.868035
1.083598 1.083598 1.083598 1.083598 1.083598 1.083598 0.868086 0.868086 0.868088 0.868088
1.076167 1.076167 1.076167 1.076167 1.076167 1.076167 0.858127 0.858127 0.858129 0.858129
1.088164 1.088164 1.088164 1.088164 1.088164 1.088164 0.867683 0.867683 0.867685 0.867685
1.081225 1.081225 1.081225 1.081225 1.081225 1.081225 0.859444 0.859444 0.859446 0.859446
1.086948 1.086948 1.086948 1.086948 1.086948 1.086948 0.863052 0.863052 0.863053 0.863053
1.088553 1.088553 1.088553 1.088553 1.088553 1.088553 0.863847 0.863847 0.863849 0.863849
1.087149 1.087149 1.087149 1.087149 1.087149 1.087149 0.861631 0.861631 0.861632 0.861632
1.089205 1.089205 1.089205 1.089205 1.089205 1.089205 0.862767 0.862767 0.862768 0.862768
1.087007 1.087007 1.087007 1.087007 1.087007 1.087007 0.859603 0.859603 0.859604 0.859604
1.089982 1.089982 1.089982 1.089982 1.089982 1.089982 0.861440 0.861440 0.861440 0.861440
1.085312 1.085312 1.085312 1.085312 1.085312 1.085312 0.855351 0.855351 0.855352 0.855352
1.090753 1.090753 1.090753 1.090753 1.090753 1.090753 0.858931 0.858931 0.858932 0.858932
1.047358 1.047358 1.047358 1.047358 1.047358 1.047358 0.807333 0.807333 0.807334 0.807334
1.093009 1.093009 1.093009 1.093009 1.093009 1.093009 0.839564 0.839564 0.839564 0.839564
1.099321 1.099321 1.099321 1.099321 1.099321 1.099321 0.843327 0.843327 0.843327 0.843327
1.091747 1.091747 1.091747 1.091747 1.091747 1.091747 0.833437 0.833437 0.833438 0.833438
1.091954 1.091954 1.091954 1.091954 1.091954 1.091954 0.828942 0.828942 0.828942 0.828942
1.106502 1.106502 1.106502 1.106502 1.106502 1.106502 0.839943 0.839943 0.839944 0.839944
1.085792 1.085792 1.085792 1.085792 1.085792 1.085792 0.816561 0.816561 0.816562 0.816562
1.105711 1.105711 1.105711 1.105711 1.105711 1.105711 0.829942 0.829942 0.829943 0.829943
1.102596 1.102596 1.102596 1.102596 1.102596 1.102596 0.824619 0.824619 0.824620 0.824620
1.111125 1.111125 1.111125 1.111125 1.111125 1.111125 0.830625 0.830625 0.830627 0.830627
