0.994440 0.994440 0.994440 0.994440 0.994440 0.994440 0.991660 0.991660 0.991660 0.991660
0.994135 0.994135 0.994135 0.994135 0.994135 0.994135 0.987875 0.987875 0.987875 0.987875
0.995621 0.995621 0.995621 0.995621 0.995621 0.995621 0.985923 0.985923 0.985924 0.985924
1.000599 1.000599 1.000599 1.000599 1.000599 1.000599 0.989216 0.989216 0.989216 0.989216
0.999351 0.999351 0.999351 0.999351 0.999351 0.999351 0.985404 0.985404 0.985404 0.985404
0.996496 0.996496 0.996496 0.996496 0.996496 0.996496 0.978102 0.978102 0.978102 0.978102
1.005776 1.005776 1.005776 1.005776 1.005776 1.005776 0.986397 0.986397 0.986397 0.986397
1.006766 1.006766 1.006766 1.006766 1.006766 1.006766 0.986878 0.986878 0.986878 0.986878
1.001813 1.001813 1.001813 1.001813 1.001813 1.001813 0.979015 0.979015 0.979015 0.979015
1.009186 1.009186 1.009186 1.009186 1.009186 1.009186 0.986220 0.986220 0.986221 0.986221
1.000571 1.000571 1.000571 1.000571 1.000571 1.000571 0.973604 0.973604 0.973604 0.973604
1.001560 1.001560 1.001560 1.001560 1.001560 1.001560 0.970038 0.970038 0.970038 0.970038
1.002483 1.002483 1.002483 1.002483 1.002483 1.002483 0.965979 0.965979 0.965980 0.965980
1.013840 1.013840 1.013840 1.013840 1.013840 1.013840 0.976471 0.976471 0.976472 0.976472
0.976034 0.976034 0.976034 0.976034 0.976034 0.976034 0.921400 0.921400 0.921399 0.921399
1.020007 1.020007 1.020007 1.020007 1.020007 1.020007 0.961553 0.961553 0.961553 0.961553
1.020066 1.020066 1.020066 1.020066 1.020066 1.020066 0.960020 0.960020 0.960019 0.960019
1.024090 1.024090 1.024090 1.024090 1.024090 1.024090 0.963795 0.963795 0.963795 0.963795
1.022724 1.022724 1.022724 1.022724 1.022724 1.022724 0.961859 0.961859 0.961858 0.961858
1.019970 1.019970 1.019970 1.019970 1.019970 1.019970 0.957206 0.957206 0.957206 0.957206
1.017662 1.017662 1.017662 1.017662 1.017662 1.017662 0.951514 0.951514 0.951514 0.951514
0.976638 0.976638 0.976638 0.976638 0.976638 0.976638 0.889952 0.889952 0.889952 0.889952
1.036705 1.036705 1.036705 1.036705 1.036705 1.036705 0.944640 0.944640 0.944640 0.944640
1.025145 1.025145 1.025145 1.025145 1.025145 1.025145 0.928841 0.928841 0.928842 0.928842
1.031274 1.031274 1.031274 1.031274 1.031274 1.031274 0.930916 0.930916 0.930916 0.930916
1.035326 1.035326 1.035326 1.035326 1.035326 1.035326 0.932265 0.932265 0.932266 0.932266
1.040525 1.040525 1.040525 1.040525 1.040525 1.040525 0.936526 0.936526 0.936527 0.936527
1.033269 1.033269 1.033269 1.033269 1.033269 1.033269 0.926274 0.926274 0.926275 0.926275
1.001978 1.001978 1.001978 1.001978 1.001978 1.001978 0.879989 0.879989 0.879990 0.879990
1.039382 1.039382 1.039382 1.039382 1.039382 1.039382 0.907733 0.907733 0.907733 0.907733
1.048334 1.048334 1.048334 1.048334 1.048334 1.048334 0.913388 0.913388 0.913389 0.913389
1.051957 1.051957 1.051957 1.051957 1.051957 1.051957 0.915548 0.915548 0.915548 0.915548
1.050718 1.050718 1.050718 1.050718 1.050718 1.050718 0.912761 0.912761 0.912762 0.912762
1.047745 1.047745 1.047745 1.047745 1.047745 1.047745 0.906896 0.906896 0.906896 0.906896
1.016667 1.016667 1.016667 1.016667 1.016667 1.016667 0.862920 0.862920 0.862920 0.862920
1.063362 1.063362 1.063362 1.063362 1.063362 1.063362 0.902128 0.902128 0.902128 0.902128
1.060410 1.060410 1.060410 1.060410 1.060410 1.060410 0.897893 0.897893 0.897894 0.897894
1.054528 1.054528 1.054528 1.054528 1.054528 1.054528 0.888438 0.888438 0.888438 0.888438
1.023088 1.023088 1.023088 1.023088 1.023088 1.023088 0.843739 0.843739 0.843739 0.843739
1.073463 1.073463 1.073463 1.073463 1.073463 1.073463 0.884498 0.884498 0.884498 0.884498
1.074528 1.074528 1.074528 1.074528 1.074528 1.074528 0.884885 0.884885 0.884885 0.884885
1.055872 1.055872 1.055872 1.055872 1.055872 1.055872 0.861440 0.861440 0.861440 0.861440
1.072618 1.072618 1.072618 1.072618 1.072618 1.072618 0.872355 0.872355 0.872355 0.872355
1.077889 1.077889 1.077889 1.077889 1.077889 1.077889 0.875522 0.875522 0.875522 0.875522
1.033181 1.033181 1.033181 1.033181 1.033181 1.033181 0.820196 0.820196 0.820196 0.820196
1.082179 1.082179 1.082179 1.082179 1.082179 1.082179 0.856122 0.856122 0.856122 0.856122
1.090563 1.090563 1.090563 1.090563 1.090563 1.090563 0.862519 0.862519 0.862520 0.862520
1.088403 1.088403 1.088403 1.088403 1.088403 1.088403 0.859704 0.859704 0.859705 0.859705
1.090420 1.090420 1.090420 1.090420 1.090420 1.090420 0.860782 0.860782 0.860783 0.860783
1.075119 1.075119 1.075119 1.075119 1.075119 1.075119 0.842228 0.842228 0.842228 0.842228
1.082433 1.082433 1.082433 1.082433 1.082433 1.082433 0.843224 0.843224 0.843224 0.843224
1.078924 1.078924 1.078924 1.078924 1.078924 1.078924 0.833663 0.833663 0.833664 0.833664
1.097558 1.097558 1.097558 1.097558 1.097558 1.097558 0.847137 0.847137 0.847138 0.847138
1.086796 1.086796 1.086796 1.086796 1.086796 1.086796 0.833725 0.833725 0.833726 0.833726
1.101412 1.101412 1.101412 1.101412 1.101412 1.101412 0.844455 0.844455 0.844456 0.844456
1.101632 1.101632 1.101632 1.101632 1.101632 1.101632 0.844143 0.844143 0.844144 0.844144
1.099271 1.099271 1.099271 1.099271 1.099271 1.099271 0.840898 0.840898 0.840899 0.840899
1.065158 1.065158 1.065158 1.065158 1.065158 1.065158 0.800498 0.800498 0.800499 0.800499
1.099289 1.099289 1.099289 1.099289 1.099289 1.099289 0.822124 0.822124 0.822126 0.822126
1.111193 1.111193 1.111193 1.111193 1.111193 1.111193 0.830676 0.830676 0.830677 0.830677
