0.961158 0.957414 0.948656 0.960814 0.956458 0.962613 0.966194 0.966194 0.966194 0.966194
0.968493 0.966956 0.950123 0.966424 0.942810 0.969827 0.980785 0.980785 0.980785 0.980785
0.980961 0.980922 0.955366 0.977873 0.954476 0.981262 0.997232 0.997232 0.997232 0.997232
0.930499 0.919988 0.910603 0.924825 0.889450 0.913438 0.933143 0.933143 0.933143 0.933143
0.955641 0.932876 0.928559 0.946971 0.905131 0.928308 0.954485 0.954485 0.954485 0.954485
0.979830 0.953931 0.953221 0.970830 0.925886 0.941850 0.989385 0.989385 0.989385 0.989385
0.986451 0.960182 0.958392 0.975613 0.928091 0.945441 0.999734 0.999734 0.999734 0.999734
0.973266 0.954128 0.956816 0.977985 0.915923 0.948538 1.003604 1.003604 1.003604 1.003604
0.966648 0.935916 0.951011 0.969278 0.900532 0.943507 0.992602 0.992602 0.992602 0.992602
0.958162 0.923243 0.946037 0.961086 0.894883 0.934372 0.984975 0.984975 0.984975 0.984975
0.901235 0.860026 0.909951 0.886233 0.860255 0.848828 0.957564 0.957564 0.957564 0.957564
0.966354 0.922601 0.978864 0.939252 0.918855 0.905295 1.033282 1.033282 1.033282 1.033282
0.960741 0.917455 0.967672 0.936093 0.908052 0.882742 1.030337 1.030337 1.030337 1.030337
0.922547 0.875338 0.937940 0.900058 0.878118 0.841188 0.990289 0.990289 0.990290 0.990290
0.946915 0.911719 0.973365 0.926629 0.910661 0.875680 1.032329 1.032329 1.032329 1.032329
0.928808 0.885301 0.950949 0.902012 0.886696 0.853217 1.012385 1.012385 1.012385 1.012385
0.938944 0.906741 0.975822 0.917542 0.907404 0.873102 1.041018 1.041018 1.041018 1.041018
0.923328 0.900117 0.979455 0.918073 0.903509 0.866472 1.044438 1.044438 1.044438 1.044438
0.921039 0.901970 0.975038 0.919408 0.898905 0.865621 1.051238 1.051238 1.051238 1.051238
0.906414 0.878457 0.949822 0.895671 0.876621 0.843793 1.037070 1.037070 1.037071 1.037071
0.934406 0.903130 0.973769 0.915788 0.898441 0.863069 1.070978 1.070978 1.070978 1.070978
0.933441 0.905342 0.973786 0.916424 0.902396 0.867070 1.078895 1.078895 1.078895 1.078895
0.932644 0.905706 0.973650 0.916074 0.904136 0.868237 1.080964 1.080964 1.080964 1.080964
0.927784 0.896718 0.966071 0.902687 0.894193 0.852264 1.077192 1.077192 1.077192 1.077192
0.932221 0.898303 0.966330 0.907287 0.897879 0.852017 1.083486 1.083486 1.083487 1.083487
0.907334 0.883871 0.948376 0.890776 0.875412 0.837044 1.068619 1.068619 1.068620 1.068620
0.904638 0.882359 0.950830 0.892165 0.871169 0.839609 1.068077 1.068077 1.068078 1.068078
0.910920 0.890961 0.954815 0.904499 0.882748 0.849432 1.086869 1.086869 1.086869 1.086869
0.924973 0.905463 0.970338 0.911379 0.896665 0.861564 1.107681 1.107681 1.107681 1.107681
0.904849 0.885292 0.951209 0.887833 0.883925 0.840019 1.093171 1.093171 1.093171 1.093171
0.902034 0.874618 0.945073 0.880616 0.877694 0.833823 1.089704 1.089704 1.089704 1.089704
0.905566 0.886483 0.955091 0.886299 0.881477 0.841441 1.108842 1.108842 1.108842 1.108842
0.893741 0.881447 0.947109 0.876747 0.865602 0.839058 1.106336 1.106336 1.106336 1.106336
0.891431 0.883384 0.942812 0.874467 0.863433 0.837396 1.110791 1.110791 1.110791 1.110791
0.861990 0.850760 0.908713 0.846118 0.833991 0.807332 1.049118 1.049118 1.049118 1.049118
0.885285 0.874702 0.932861 0.868412 0.845670 0.824612 1.083909 1.083909 1.083909 1.083909
0.897969 0.881134 0.952845 0.884218 0.858406 0.837288 1.102818 1.102818 1.102818 1.102818
0.905347 0.889027 0.962569 0.893569 0.858287 0.843148 1.116811 1.116811 1.116811 1.116811
0.896086 0.882552 0.955167 0.883617 0.851709 0.841984 1.118247 1.118247 1.118247 1.118247
0.895898 0.888573 0.958460 0.886738 0.856030 0.837750 1.124101 1.124101 1.124101 1.124101
0.871378 0.859686 0.931233 0.857157 0.836105 0.813394 1.074614 1.074614 1.074615 1.074615
0.897537 0.890201 0.958632 0.887791 0.856786 0.836700 1.106284 1.106284 1.106284 1.106284
0.894254 0.891079 0.958366 0.886249 0.854916 0.836937 1.107056 1.107056 1.107056 1.107056
0.895693 0.898051 0.956574 0.893582 0.861658 0.842944 1.112452 1.112452 1.112452 1.112452
0.894430 0.896874 0.953280 0.889192 0.854464 0.844297 1.113573 1.113573 1.113574 1.113574
0.858891 0.891052 0.953851 0.886862 0.844412 0.836547 1.108437 1.108437 1.108437 1.108437
0.847354 0.877843 0.951072 0.882367 0.827972 0.808816 1.109431 1.109431 1.109432 1.109432
0.849897 0.892570 0.965998 0.889327 0.834806 0.806601 1.130334 1.130334 1.130335 1.130335
0.853400 0.892937 0.961598 0.889055 0.835938 0.805510 1.135210 1.135210 1.135211 1.135211
0.823624 0.864153 0.919408 0.851484 0.772631 0.781901 1.096979 1.096979 1.096980 1.096980
0.842389 0.880666 0.946188 0.868151 0.786981 0.795624 1.124005 1.124005 1.124006 1.124006
0.861263 0.904420 0.971061 0.891374 0.806938 0.816303 1.157918 1.157918 1.157919 1.157919
0.793788 0.857445 0.881813 0.820556 0.745345 0.763015 1.048124 1.048124 1.048125 1.048125
0.861462 0.924272 0.955771 0.889201 0.808080 0.820306 1.136386 1.136386 1.136387 1.136387
0.850812 0.920299 0.947794 0.885815 0.804166 0.810735 1.128764 1.128764 1.128765 1.128765
0.862050 0.933237 0.959281 0.895584 0.815091 0.819062 1.144779 1.144779 1.144780 1.144780
0.850095 0.914612 0.939803 0.869278 0.794009 0.805481 1.127069 1.127069 1.127070 1.127070
0.843661 0.881691 0.927294 0.854403 0.769271 0.791299 1.114951 1.114951 1.114952 1.114952
0.847804 0.897771 0.931747 0.871152 0.775391 0.803140 1.141473 1.141473 1.141474 1.141474
0.847932 0.909576 0.943434 0.881754 0.774191 0.804916 1.160352 1.160352 1.160353 1.160353
