0.968889 0.974763 0.984593 0.980837 0.972528 0.985425 0.983155 0.983155 0.983155 0.983155
0.950377 0.944289 0.965961 0.959317 0.949004 0.956862 0.971880 0.971880 0.971880 0.971880
0.917145 0.958871 0.966846 0.974072 0.961506 0.970549 0.993181 0.993181 0.993181 0.993181
0.932325 0.971183 0.982187 0.987627 0.970118 0.983872 1.011104 1.011104 1.011104 1.011104
0.907688 0.950932 0.967166 0.967954 0.952665 0.960076 0.995885 0.995885 0.995885 0.995885
0.917979 0.962953 0.975682 0.975886 0.964472 0.973045 1.009856 1.009856 1.009856 1.009856
0.810430 0.841263 0.840026 0.855667 0.846645 0.860539 0.895298 0.895298 0.895298 0.895298
0.904108 0.920786 0.928212 0.945154 0.936063 0.952103 1.006215 1.006215 1.006215 1.006215
0.907842 0.936436 0.940229 0.960568 0.930796 0.960699 1.023817 1.023817 1.023817 1.023817
0.875983 0.818431 0.917937 0.937793 0.908727 0.922765 0.984002 0.984002 0.984002 0.984002
0.899811 0.847849 0.946867 0.965618 0.938152 0.952160 1.011793 1.011793 1.011793 1.011793
0.916846 0.861433 0.959484 0.972174 0.954034 0.971149 1.036866 1.036866 1.036866 1.036866
0.925186 0.867966 0.966680 0.979950 0.962256 0.973878 1.044628 1.044628 1.044628 1.044628
0.932317 0.874724 0.973970 0.986804 0.969172 0.978691 1.052863 1.052863 1.052863 1.052863
0.932091 0.876683 0.976151 0.989014 0.957864 0.980883 1.053234 1.053234 1.053234 1.053234
0.919467 0.865283 0.963309 0.976152 0.943285 0.966309 1.043678 1.043678 1.043678 1.043678
0.914052 0.864973 0.967752 0.973398 0.943421 0.968112 1.046275 1.046275 1.046275 1.046275
0.909507 0.862320 0.959896 0.964546 0.930423 0.958545 1.041314 1.041314 1.041314 1.041314
0.913448 0.857669 0.963114 0.968221 0.936734 0.965771 1.046820 1.046820 1.046820 1.046820
0.916399 0.859007 0.959572 0.964421 0.937797 0.969340 1.049638 1.049638 1.049638 1.049638
0.916433 0.860676 0.960525 0.963775 0.935317 0.969376 1.050212 1.050212 1.050212 1.050212
0.894539 0.837453 0.941487 0.947265 0.918310 0.946687 1.035267 1.035267 1.035267 1.035267
0.902734 0.839390 0.939011 0.953722 0.913319 0.932797 1.037710 1.037710 1.037710 1.037710
0.897032 0.841393 0.939255 0.951876 0.913942 0.930867 1.039347 1.039347 1.039347 1.039347
0.912847 0.847220 0.957593 0.962757 0.929983 0.948005 1.061545 1.061545 1.061545 1.061545
0.911162 0.846316 0.937651 0.939724 0.929103 0.921674 1.061986 1.061986 1.061986 1.061986
0.851888 0.800436 0.894627 0.874838 0.883709 0.878615 1.025708 1.025708 1.025708 1.025708
0.900477 0.844648 0.948126 0.923074 0.929612 0.927318 1.082995 1.082995 1.082995 1.082995
0.898643 0.825967 0.943869 0.919407 0.923225 0.921755 1.078366 1.078366 1.078366 1.078366
0.905438 0.834379 0.952248 0.923427 0.930518 0.930201 1.088932 1.088932 1.088932 1.088932
0.907187 0.835816 0.946495 0.923836 0.930608 0.929360 1.092674 1.092674 1.092674 1.092674
0.874476 0.791983 0.912718 0.893419 0.896258 0.895224 1.065892 1.065892 1.065892 1.065892
0.895662 0.810477 0.940043 0.916101 0.919969 0.922168 1.097229 1.097229 1.097229 1.097229
0.856069 0.753120 0.863939 0.847356 0.879901 0.873191 1.062111 1.062111 1.062111 1.062111
0.896018 0.790439 0.901927 0.890047 0.924232 0.913939 1.111644 1.111644 1.111644 1.111644
0.903520 0.797180 0.900901 0.887071 0.930884 0.919630 1.121841 1.121841 1.121841 1.121841
0.891829 0.781142 0.875249 0.861813 0.915251 0.890284 1.111689 1.111689 1.111689 1.111689
0.907937 0.789519 0.893682 0.871188 0.934265 0.910961 1.136565 1.136565 1.136565 1.136565
0.913057 0.793541 0.899717 0.875159 0.940200 0.919434 1.146949 1.146949 1.146949 1.146949
0.892495 0.776795 0.875666 0.857233 0.919965 0.892406 1.127929 1.127929 1.127929 1.127929
0.892564 0.776775 0.882075 0.860750 0.921560 0.897214 1.138770 1.138770 1.138770 1.138770
0.898719 0.776232 0.884670 0.865612 0.913071 0.902950 1.143741 1.143741 1.143741 1.143741
0.894598 0.773560 0.878438 0.863053 0.910111 0.897354 1.138593 1.138593 1.138593 1.138593
0.901923 0.780318 0.886619 0.869646 0.918163 0.902381 1.151724 1.151724 1.151724 1.151724
0.822776 0.732587 0.842881 0.815311 0.874807 0.841779 1.093286 1.093286 1.093286 1.093286
0.857316 0.771346 0.885106 0.857049 0.922630 0.885172 1.151585 1.151585 1.151585 1.151585
0.845684 0.767560 0.868742 0.856017 0.920664 0.865331 1.151844 1.151844 1.151844 1.151844
0.848011 0.767425 0.867450 0.856594 0.913853 0.865110 1.156689 1.156689 1.156689 1.156689
0.855156 0.771378 0.869732 0.863624 0.919768 0.870745 1.166086 1.166086 1.166086 1.166086
0.860612 0.775306 0.871654 0.866481 0.924895 0.869717 1.171336 1.171336 1.171336 1.171336
0.855323 0.765761 0.859351 0.859418 0.919043 0.863548 1.158322 1.158322 1.158322 1.158322
0.834093 0.746753 0.752027 0.734190 0.895126 0.840284 1.134107 1.134107 1.134107 1.134107
0.862559 0.779329 0.784142 0.768205 0.925689 0.876980 1.186924 1.186924 1.186924 1.186924
0.824822 0.746741 0.725465 0.695231 0.883293 0.833618 1.130666 1.130666 1.130666 1.130666
0.886666 0.802891 0.780120 0.743196 0.947429 0.893824 1.216648 1.216648 1.216648 1.216648
0.878743 0.797210 0.775974 0.730752 0.942837 0.889834 1.210017 1.210017 1.210017 1.210017
0.855178 0.757924 0.752487 0.717069 0.905491 0.879885 1.196311 1.196311 1.196311 1.196311
0.850482 0.752283 0.746040 0.711994 0.896895 0.863040 1.181339 1.181339 1.181339 1.181339
0.870678 0.767612 0.762906 0.728578 0.911816 0.881383 1.209022 1.209022 1.209022 1.209022
0.880110 0.773594 0.770295 0.737814 0.923387 0.888607 1.225156 1.225156 1.225156 1.225156
0.846575 0.752792 0.740723 0.711582 0.893175 0.863693 1.183786 1.183786 1.183786 1.183786
0.863804 0.769820 0.755403 0.726328 0.912708 0.877815 1.202007 1.202007 1.202007 1.202007
0.873656 0.778670 0.768205 0.735553 0.927019 0.889331 1.225410 1.225410 1.225410 1.225410
0.825589 0.722676 0.732192 0.688363 0.882488 0.838938 1.173222 1.173222 1.173222 1.173222
0.850557 0.750223 0.755379 0.713336 0.912748 0.865252 1.213355 1.213355 1.213355 1.213355
0.847924 0.714790 0.744487 0.707854 0.908916 0.847247 1.213760 1.213760 1.213760 1.213760
0.827949 0.702448 0.723725 0.702031 0.878129 0.836718 1.183232 1.183232 1.183232 1.183232
0.867883 0.737335 0.758151 0.734631 0.918750 0.876641 1.242170 1.242170 1.242170 1.242170
0.864202 0.734821 0.748677 0.728474 0.907101 0.863505 1.241222 1.241222 1.241222 1.241222
0.854537 0.724536 0.746769 0.722155 0.902415 0.860594 1.228574 1.228574 1.228574 1.228574
0.818938 0.696718 0.705996 0.688919 0.855452 0.815025 1.168170 1.168170 1.168170 1.168170
0.851751 0.727242 0.742865 0.724107 0.900002 0.856366 1.228845 1.228845 1.228845 1.228845
0.857180 0.734781 0.746604 0.727816 0.906543 0.862656 1.243832 1.243832 1.243832 1.243832
0.850853 0.732445 0.744429 0.725340 0.895037 0.857148 1.242288 1.242288 1.242288 1.242288
0.844634 0.729363 0.738544 0.712275 0.891119 0.854230 1.237882 1.237882 1.237882 1.237882
0.842747 0.730777 0.738838 0.713790 0.893608 0.854570 1.244181 1.244181 1.244181 1.244181
0.812777 0.701993 0.719880 0.682729 0.834753 0.822596 1.222609 1.222609 1.222609 1.222609
0.840192 0.725685 0.739592 0.706550 0.861487 0.846374 1.261360 1.261360 1.261360 1.261360
0.839522 0.724701 0.744739 0.712340 0.866240 0.851555 1.272745 1.272745 1.272745 1.272745
0.840068 0.727010 0.744878 0.714812 0.866454 0.850798 1.275638 1.275638 1.275638 1.275638
0.845970 0.730852 0.745722 0.717604 0.867308 0.850862 1.284163 1.284163 1.284163 1.284163
0.846723 0.731180 0.744154 0.719835 0.866905 0.851822 1.287376 1.287376 1.287376 1.287376
0.827477 0.720207 0.727471 0.706071 0.850316 0.836875 1.274787 1.274787 1.274787 1.274787
0.817501 0.717554 0.723771 0.703356 0.838598 0.829820 1.271979 1.271979 1.271979 1.271979
0.821562 0.725970 0.731621 0.710484 0.846531 0.816221 1.289724 1.289724 1.289724 1.289724
0.800288 0.701934 0.720236 0.694276 0.807988 0.795830 1.272323 1.272323 1.272323 1.272323
0.819369 0.717891 0.727531 0.706183 0.824195 0.808504 1.305240 1.305240 1.305240 1.305240
0.809407 0.706396 0.722644 0.696205 0.819894 0.799860 1.300972 1.300972 1.300972 1.300972
0.814162 0.710545 0.715704 0.699665 0.811186 0.803790 1.305337 1.305337 1.305337 1.305337
0.806821 0.708960 0.713613 0.695255 0.796950 0.795811 1.304715 1.304715 1.304715 1.304715
0.810977 0.710806 0.710592 0.699566 0.800474 0.801542 1.316412 1.316412 1.316412 1.316412
0.816791 0.714259 0.711194 0.702040 0.798350 0.805873 1.327454 1.327454 1.327454 1.327454
0.776838 0.690816 0.679324 0.676886 0.772634 0.782164 1.297871 1.297871 1.297871 1.297871
0.792915 0.699228 0.693985 0.690254 0.789978 0.795477 1.321125 1.321125 1.321125 1.321125
0.778154 0.654053 0.670914 0.672063 0.765968 0.777190 1.296368 1.296368 1.296368 1.296368
0.802592 0.675429 0.692185 0.691562 0.792560 0.801354 1.342904 1.342904 1.342904 1.342904
0.796683 0.668543 0.689488 0.679083 0.786387 0.796914 1.336164 1.336164 1.336164 1.336164
0.783241 0.665938 0.682068 0.673030 0.775043 0.767705 1.328453 1.328453 1.328453 1.328453
0.794729 0.638650 0.692448 0.668607 0.787739 0.779715 1.350212 1.350212 1.350212 1.350212
0.792319 0.637361 0.692464 0.666634 0.784285 0.779731 1.352273 1.352273 1.352273 1.352273
