0.974212 0.978337 0.978598 0.978118 0.968999 0.975190 0.980238 0.980238 0.980238 0.980238
0.980815 0.977868 0.988131 0.977799 0.978166 0.986779 0.991063 0.991063 0.991063 0.991063
0.968598 0.965588 0.982888 0.969506 0.967581 0.979662 0.988049 0.988049 0.988049 0.988049
0.960490 0.961511 0.977233 0.965594 0.964317 0.974025 0.986971 0.986971 0.986971 0.986971
0.971965 0.970073 0.987785 0.978913 0.977631 0.983091 1.001244 1.001244 1.001244 1.001244
0.962181 0.966769 0.983562 0.974041 0.972116 0.952514 1.000025 1.000025 1.000025 1.000025
0.947157 0.960029 0.963375 0.970850 0.968032 0.929232 0.998175 0.998175 0.998175 0.998175
0.943650 0.966504 0.967284 0.975807 0.976191 0.934294 1.005307 1.005307 1.005307 1.005307
0.956609 0.978083 0.974828 0.986142 0.983662 0.940587 1.018765 1.018765 1.018765 1.018765
0.908114 0.934481 0.921306 0.950849 0.923932 0.903083 0.965541 0.965541 0.965541 0.965541
0.950996 0.977548 0.951888 0.989241 0.963986 0.938416 1.013139 1.013139 1.013139 1.013139
0.946088 0.969301 0.945920 0.983698 0.952350 0.931298 1.007602 1.007602 1.007602 1.007602
0.920459 0.927012 0.920650 0.960160 0.925730 0.905437 0.992049 0.992049 0.992049 0.992049
0.907214 0.827579 0.918108 0.957509 0.923174 0.888346 0.973929 0.973929 0.973929 0.973929
0.966869 0.882065 0.978317 1.019748 0.983370 0.944162 1.038150 1.038150 1.038150 1.038150
0.953808 0.867944 0.956089 1.007023 0.969382 0.933307 1.028013 1.028013 1.028013 1.028013
0.928839 0.845222 0.835521 0.859090 0.942841 0.906901 1.005122 1.005122 1.005122 1.005122
0.963007 0.837520 0.856417 0.886593 0.976444 0.923555 1.045681 1.045681 1.045681 1.045681
0.985647 0.857675 0.877529 0.906941 1.000053 0.942841 1.073815 1.073815 1.073815 1.073815
0.961984 0.821280 0.848316 0.876433 0.967317 0.912629 1.055832 1.055832 1.055832 1.055832
0.986309 0.835695 0.866351 0.897481 0.975911 0.935239 1.079808 1.079808 1.079808 1.079808
0.961681 0.821964 0.850309 0.878929 0.958245 0.915785 1.061210 1.061210 1.061210 1.061210
0.983508 0.840443 0.862687 0.897542 0.978199 0.933919 1.086925 1.086925 1.086925 1.086925
0.986593 0.841145 0.859962 0.897110 0.971698 0.935206 1.091653 1.091653 1.091653 1.091653
0.976675 0.830313 0.854290 0.878535 0.961516 0.927504 1.083230 1.083230 1.083230 1.083230
0.984214 0.838843 0.860486 0.887811 0.968547 0.933225 1.093361 1.093361 1.093361 1.093361
0.982312 0.834503 0.853888 0.885902 0.964803 0.929656 1.090921 1.090921 1.090921 1.090921
0.991354 0.841813 0.859171 0.896039 0.972365 0.938436 1.102736 1.102736 1.102736 1.102736
0.970305 0.817947 0.827694 0.863211 0.948003 0.900857 1.083576 1.083576 1.083576 1.083576
0.961194 0.807702 0.823342 0.861028 0.944594 0.892842 1.084026 1.084026 1.084026 1.084026
0.963875 0.816818 0.831463 0.870605 0.945574 0.898618 1.097890 1.097890 1.097890 1.097890
0.953050 0.812268 0.831525 0.866581 0.943056 0.890570 1.098243 1.098243 1.098243 1.098243
0.959611 0.820116 0.835095 0.875645 0.952919 0.896700 1.105773 1.105773 1.105773 1.105773
0.975552 0.835810 0.851075 0.892401 0.957679 0.913860 1.124811 1.124811 1.124811 1.124811
0.941208 0.768595 0.808874 0.854195 0.912876 0.877760 1.085077 1.085077 1.085077 1.085077
0.976333 0.798367 0.838529 0.884555 0.945160 0.910067 1.127265 1.127265 1.127265 1.127265
0.967317 0.791905 0.828734 0.877822 0.937696 0.900204 1.116952 1.116952 1.116952 1.116952
0.969129 0.793823 0.830613 0.879946 0.937855 0.900688 1.124116 1.124116 1.124116 1.124116
0.970500 0.793621 0.826060 0.874905 0.937219 0.902379 1.125101 1.125101 1.125101 1.125101
0.922368 0.756831 0.774491 0.827726 0.881088 0.847521 1.060925 1.060925 1.060925 1.060925
0.970446 0.798049 0.814434 0.871187 0.928391 0.888201 1.110799 1.110799 1.110799 1.110799
0.974896 0.799368 0.814710 0.873369 0.923209 0.889598 1.117512 1.117512 1.117512 1.117512
0.980958 0.805335 0.820015 0.876763 0.931933 0.894858 1.129359 1.129359 1.129359 1.129359
0.976224 0.802075 0.800541 0.853233 0.928271 0.867406 1.126456 1.126456 1.126456 1.126456
0.990604 0.812848 0.808968 0.863159 0.941191 0.873570 1.140917 1.140917 1.140917 1.140917
0.984363 0.799904 0.803086 0.857275 0.937543 0.870838 1.134807 1.134807 1.134807 1.134807
0.932046 0.796954 0.788678 0.854061 0.931998 0.866653 1.137831 1.137831 1.137831 1.137831
0.920738 0.777528 0.779254 0.841261 0.915921 0.847515 1.132778 1.132778 1.132778 1.132778
0.929427 0.786002 0.783219 0.850970 0.925508 0.849495 1.150414 1.150414 1.150414 1.150414
0.939694 0.796176 0.794764 0.853590 0.939592 0.862754 1.167212 1.167212 1.167212 1.167212
0.867074 0.743165 0.748378 0.784258 0.881997 0.811692 1.112595 1.112595 1.112595 1.112595
0.905790 0.774141 0.788622 0.821356 0.926987 0.854635 1.163443 1.163443 1.163443 1.163443
0.914552 0.783663 0.797290 0.826676 0.936267 0.864273 1.177305 1.177305 1.177305 1.177305
0.893176 0.775448 0.783495 0.813889 0.916658 0.827090 1.162770 1.162770 1.162770 1.162770
0.904559 0.785345 0.788608 0.825187 0.926811 0.833721 1.175272 1.175272 1.175272 1.175272
0.895424 0.783356 0.781724 0.821639 0.921054 0.826201 1.167880 1.167880 1.167880 1.167880
0.894041 0.786888 0.793167 0.830486 0.923086 0.839004 1.183246 1.183246 1.183246 1.183246
0.889492 0.787240 0.797468 0.828811 0.923963 0.841248 1.187146 1.187146 1.187146 1.187146
0.866514 0.761224 0.785107 0.809954 0.881950 0.820283 1.171203 1.171203 1.171203 1.171203
0.884728 0.734602 0.802045 0.809669 0.902009 0.838332 1.197838 1.197838 1.197838 1.197838
0.846821 0.683585 0.738160 0.749976 0.863949 0.794936 1.161147 1.161147 1.161147 1.161147
0.884358 0.714613 0.773243 0.783284 0.901022 0.832715 1.218163 1.218163 1.218163 1.218163
0.899045 0.726627 0.786348 0.791858 0.913969 0.844375 1.239624 1.239624 1.239624 1.239624
0.887845 0.718500 0.774608 0.779563 0.903526 0.835646 1.227439 1.227439 1.227439 1.227439
0.878588 0.708234 0.770753 0.769894 0.900385 0.828160 1.225570 1.225570 1.225570 1.225570
0.839971 0.665001 0.743221 0.728937 0.867169 0.790380 1.187113 1.187113 1.187113 1.187113
0.874335 0.686431 0.774299 0.758056 0.904197 0.819754 1.232316 1.232316 1.232316 1.232316
0.878820 0.682694 0.779719 0.757302 0.908764 0.824590 1.243173 1.243173 1.243173 1.243173
0.884785 0.686297 0.783768 0.761612 0.914498 0.825015 1.249613 1.249613 1.249613 1.249613
0.886948 0.685464 0.785156 0.761496 0.909885 0.824735 1.254511 1.254511 1.254511 1.254511
0.862532 0.665286 0.761181 0.739352 0.881277 0.791021 1.211360 1.211360 1.211360 1.211360
0.871649 0.680934 0.775981 0.756230 0.881939 0.803282 1.240456 1.240456 1.240456 1.240456
0.842265 0.655368 0.757521 0.724710 0.825435 0.774712 1.221288 1.221288 1.221288 1.221288
0.861891 0.675940 0.775420 0.744336 0.847776 0.796969 1.266308 1.266308 1.266308 1.266308
0.874264 0.685272 0.787424 0.754210 0.860558 0.811354 1.288955 1.288955 1.288955 1.288955
0.859830 0.675249 0.771975 0.738685 0.838860 0.794020 1.267969 1.267969 1.267969 1.267969
0.845166 0.648413 0.756119 0.732125 0.813713 0.793018 1.266181 1.266181 1.266181 1.266181
0.854227 0.654998 0.770158 0.746634 0.827635 0.807071 1.292339 1.292339 1.292339 1.292339
0.815016 0.635507 0.737976 0.722163 0.803513 0.785808 1.267541 1.267541 1.267541 1.267541
0.827093 0.640547 0.740161 0.731160 0.803624 0.778617 1.277653 1.277653 1.277653 1.277653
0.842970 0.651730 0.756341 0.743857 0.815104 0.792358 1.300719 1.300719 1.300719 1.300719
0.823149 0.641823 0.741661 0.728113 0.799953 0.777234 1.271424 1.271424 1.271424 1.271424
0.840939 0.656944 0.758414 0.743323 0.815049 0.794031 1.299562 1.299562 1.299562 1.299562
0.825210 0.646977 0.752926 0.737142 0.809040 0.787162 1.289814 1.289814 1.289814 1.289814
0.830624 0.638119 0.756003 0.740539 0.810404 0.789181 1.295365 1.295365 1.295365 1.295365
0.766519 0.606031 0.727040 0.702320 0.781088 0.744716 1.243893 1.243893 1.243893 1.243893
0.798245 0.635437 0.761789 0.733392 0.806412 0.774827 1.306542 1.306542 1.306542 1.306542
0.800855 0.635693 0.760074 0.727021 0.807458 0.778132 1.318338 1.318338 1.318338 1.318338
0.804076 0.638308 0.767313 0.730882 0.814132 0.782586 1.334195 1.334195 1.334195 1.334195
0.790118 0.629187 0.753540 0.710451 0.802362 0.772025 1.316003 1.316003 1.316003 1.316003
0.797790 0.635296 0.749150 0.716705 0.796868 0.778777 1.325454 1.325454 1.325454 1.325454
0.760198 0.606585 0.690648 0.646337 0.757691 0.737661 1.258179 1.258179 1.258179 1.258179
0.794991 0.640172 0.728247 0.683893 0.792381 0.778540 1.331594 1.331594 1.331594 1.331594
0.795914 0.640367 0.733158 0.685463 0.795028 0.783912 1.339874 1.339874 1.339874 1.339874
0.799685 0.643500 0.729684 0.680709 0.797864 0.785950 1.347289 1.347289 1.347289 1.347289
0.795709 0.642841 0.725090 0.676482 0.794603 0.782797 1.348347 1.348347 1.348347 1.348347
0.701095 0.560492 0.623040 0.591973 0.696148 0.690918 1.193025 1.193025 1.193025 1.193025
0.795178 0.631763 0.700981 0.670057 0.789422 0.782888 1.346361 1.346361 1.346361 1.346361
0.800098 0.636203 0.699471 0.671399 0.787576 0.779232 1.359422 1.359422 1.359422 1.359422
0.774608 0.623115 0.676985 0.651733 0.766754 0.762302 1.322046 1.322046 1.322046 1.322046
