0.975617 0.978309 0.973106 0.979082 0.979082 0.975617 0.975591 0.975591 0.975591 0.975591
0.987086 0.988543 0.980466 0.987569 0.989798 0.979671 0.985219 0.985219 0.985219 0.985219
0.976840 0.983724 0.980539 0.980334 0.985469 0.977066 0.983209 0.983209 0.983209 0.983209
0.982276 0.987718 0.984436 0.984718 0.990484 0.976384 0.987103 0.987103 0.987103 0.987103
0.984522 0.987704 0.980494 0.983409 0.983067 0.976900 0.990557 0.990557 0.990557 0.990557
0.983405 0.986734 0.970143 0.970879 0.980806 0.973714 0.990217 0.990217 0.990217 0.990217
0.979542 0.983625 0.947958 0.945674 0.977834 0.944694 0.988562 0.988562 0.988562 0.988562
0.916431 0.930923 0.905066 0.880965 0.930680 0.901162 0.955430 0.955430 0.955430 0.955430
0.963110 0.977503 0.956469 0.926887 0.980213 0.952491 1.009166 1.009166 1.009166 1.009166
0.965416 0.978173 0.961266 0.927437 0.977826 0.953322 1.010449 1.010449 1.010449 1.010449
0.967717 0.977320 0.958019 0.929444 0.978257 0.953781 1.012552 1.012552 1.012552 1.012552
0.963412 0.974090 0.951402 0.926823 0.975220 0.948001 1.008134 1.008134 1.008134 1.008134
0.966547 0.966980 0.956274 0.924175 0.978317 0.951815 1.015119 1.015119 1.015119 1.015119
0.926096 0.942187 0.920205 0.897679 0.953836 0.930673 0.999868 0.999868 0.999868 0.999868
0.837928 0.843591 0.811964 0.806669 0.858130 0.843533 0.908487 0.908487 0.908487 0.908487
0.941520 0.951848 0.914753 0.910358 0.969079 0.950319 1.028294 1.028294 1.028294 1.028294
0.904426 0.888934 0.844924 0.846279 0.931532 0.904372 1.000388 1.000388 1.000388 1.000388
0.929707 0.870959 0.855595 0.863074 0.946080 0.925510 1.028222 1.028222 1.028222 1.028222
0.966673 0.902283 0.889016 0.895064 0.976347 0.959637 1.070677 1.070677 1.070677 1.070677
0.951094 0.884278 0.879506 0.878882 0.967360 0.945573 1.062900 1.062900 1.062900 1.062900
0.936645 0.875828 0.876047 0.871313 0.960917 0.933349 1.058980 1.058980 1.058980 1.058980
0.945744 0.884354 0.879127 0.880766 0.968653 0.938018 1.067164 1.067164 1.067164 1.067164
0.947472 0.889484 0.879560 0.881277 0.971285 0.940639 1.075298 1.075298 1.075298 1.075298
0.906561 0.770880 0.851510 0.853173 0.940310 0.895925 1.024821 1.024821 1.024821 1.024821
0.931209 0.798774 0.880450 0.880233 0.972678 0.924219 1.061047 1.061047 1.061047 1.061047
0.937358 0.809554 0.891715 0.888471 0.970670 0.929467 1.077258 1.077258 1.077258 1.077258
0.955567 0.827330 0.911295 0.907980 0.978219 0.949876 1.098838 1.098838 1.098838 1.098838
0.939671 0.813112 0.903091 0.900910 0.968024 0.940542 1.091182 1.091182 1.091182 1.091182
0.925192 0.765141 0.879076 0.882945 0.952054 0.909595 1.078064 1.078064 1.078064 1.078064
0.922299 0.745143 0.873220 0.887504 0.936599 0.921319 1.091798 1.091798 1.091798 1.091798
0.891134 0.721421 0.816292 0.811563 0.903012 0.884887 1.050881 1.050881 1.050881 1.050881
0.943327 0.768812 0.869155 0.863512 0.960173 0.916807 1.122374 1.122374 1.122374 1.122374
0.938238 0.762482 0.867485 0.849612 0.954583 0.913535 1.118955 1.118955 1.118955 1.118955
0.953935 0.775395 0.882294 0.859017 0.968417 0.926438 1.138806 1.138806 1.138806 1.138806
0.931842 0.763423 0.862135 0.842221 0.949468 0.909782 1.127173 1.127173 1.127173 1.127173
0.936072 0.724833 0.866518 0.828335 0.955389 0.914792 1.134200 1.134200 1.134200 1.134200
0.901044 0.702205 0.830395 0.809858 0.909924 0.890598 1.089976 1.089976 1.089976 1.089976
0.916469 0.708937 0.853570 0.826327 0.906845 0.906693 1.122751 1.122751 1.122751 1.122751
0.921102 0.719062 0.864999 0.840303 0.911442 0.919684 1.142003 1.142003 1.142003 1.142003
0.925328 0.722757 0.869309 0.844619 0.914067 0.922672 1.152442 1.152442 1.152442 1.152442
0.914563 0.721839 0.865888 0.842174 0.914434 0.920314 1.151437 1.151437 1.151437 1.151437
0.916478 0.724729 0.868531 0.843341 0.913890 0.922240 1.154435 1.154435 1.154435 1.154435
0.886343 0.688985 0.840297 0.818262 0.883058 0.891294 1.129851 1.129851 1.129851 1.129851
0.893023 0.692816 0.844012 0.823115 0.886133 0.885684 1.130327 1.130327 1.130327 1.130327
0.907927 0.706579 0.857582 0.827829 0.903583 0.904007 1.153547 1.153547 1.153547 1.153547
0.906337 0.706364 0.852392 0.828101 0.902921 0.896075 1.158521 1.158521 1.158521 1.158521
0.917816 0.715160 0.856318 0.837343 0.912683 0.904856 1.174955 1.174955 1.174955 1.174955
0.902984 0.707870 0.856135 0.833971 0.901307 0.905427 1.172990 1.172990 1.172990 1.172990
0.897085 0.703961 0.853150 0.828591 0.894205 0.902267 1.170657 1.170657 1.170657 1.170657
0.898996 0.691267 0.852866 0.828746 0.891770 0.900600 1.170521 1.170521 1.170521 1.170521
0.883035 0.684774 0.841243 0.815988 0.880354 0.888618 1.150904 1.150904 1.150904 1.150904
0.902116 0.700437 0.859671 0.831688 0.902266 0.907543 1.180894 1.180894 1.180894 1.180894
0.893869 0.695575 0.851366 0.824384 0.895346 0.895721 1.164411 1.164411 1.164411 1.164411
0.875027 0.680913 0.747899 0.706963 0.875391 0.874934 1.144444 1.144444 1.144444 1.144444
0.899588 0.691350 0.769035 0.724707 0.895300 0.890434 1.185729 1.185729 1.185729 1.185729
0.916406 0.699905 0.777130 0.736765 0.911871 0.906215 1.201861 1.201861 1.201861 1.201861
0.922540 0.703416 0.776945 0.736406 0.916057 0.912703 1.209256 1.209256 1.209256 1.209256
0.918870 0.701959 0.771407 0.730438 0.904338 0.904586 1.204724 1.204724 1.204724 1.204724
0.922433 0.702895 0.767168 0.734036 0.907186 0.909946 1.213985 1.213985 1.213985 1.213985
0.933444 0.710056 0.771781 0.740496 0.912510 0.914453 1.228058 1.228058 1.228058 1.228058
0.926065 0.704443 0.753899 0.733983 0.890452 0.906358 1.215300 1.215300 1.215300 1.215300
0.918978 0.697063 0.754662 0.730214 0.889014 0.906527 1.207211 1.207211 1.207211 1.207211
0.929260 0.699782 0.765353 0.733175 0.901356 0.921320 1.225891 1.225891 1.225891 1.225891
0.934376 0.703254 0.770420 0.736419 0.906962 0.929765 1.236927 1.236927 1.236927 1.236927
0.912113 0.681505 0.740227 0.707559 0.881895 0.890168 1.212214 1.212214 1.212214 1.212214
0.927040 0.693238 0.746105 0.716149 0.888733 0.894975 1.236357 1.236357 1.236357 1.236357
0.922839 0.684337 0.743369 0.712243 0.886225 0.887711 1.227403 1.227403 1.227403 1.227403
0.931409 0.692443 0.749925 0.720884 0.894094 0.894577 1.240810 1.240810 1.240810 1.240810
0.851228 0.651276 0.714233 0.677079 0.853431 0.836024 1.180004 1.180004 1.180004 1.180004
0.852797 0.654698 0.705887 0.675237 0.845741 0.827696 1.172917 1.172917 1.172917 1.172917
0.905351 0.695107 0.753494 0.717767 0.901655 0.880192 1.255127 1.255127 1.255127 1.255127
0.892927 0.688472 0.746500 0.710756 0.884524 0.868985 1.245560 1.245560 1.245560 1.245560
0.901131 0.692709 0.752504 0.718596 0.894292 0.874682 1.260130 1.260130 1.260130 1.260130
0.880555 0.682834 0.731654 0.710988 0.884004 0.847045 1.248574 1.248574 1.248574 1.248574
0.870868 0.677753 0.732061 0.710610 0.884374 0.846309 1.248935 1.248935 1.248935 1.248935
0.882966 0.681985 0.739316 0.719589 0.882316 0.857638 1.263102 1.263102 1.263102 1.263102
0.873678 0.670231 0.722992 0.710366 0.860407 0.828574 1.241391 1.241391 1.241391 1.241391
0.876880 0.677830 0.726645 0.717146 0.866953 0.832517 1.250736 1.250736 1.250736 1.250736
0.858623 0.671453 0.711303 0.704076 0.853654 0.823714 1.230215 1.230215 1.230215 1.230215
0.883357 0.692593 0.732749 0.722064 0.878539 0.848789 1.268462 1.268462 1.268462 1.268462
0.889812 0.697346 0.735897 0.728953 0.883760 0.855195 1.279790 1.279790 1.279790 1.279790
0.837492 0.644610 0.698591 0.679456 0.837941 0.803508 1.220383 1.220383 1.220383 1.220383
0.878220 0.675226 0.722753 0.707842 0.875444 0.836069 1.282269 1.282269 1.282269 1.282269
0.875141 0.666342 0.719515 0.704993 0.874503 0.835797 1.278987 1.278987 1.278987 1.278987
0.873334 0.662776 0.717229 0.703225 0.866636 0.832040 1.275955 1.275955 1.275955 1.275955
0.863213 0.663490 0.715142 0.703506 0.848270 0.826409 1.277952 1.277952 1.277952 1.277952
0.852752 0.643074 0.699756 0.688121 0.830496 0.809671 1.271855 1.271855 1.271855 1.271855
0.833935 0.626389 0.691342 0.667388 0.786655 0.790284 1.267293 1.267293 1.267293 1.267293
0.856642 0.643379 0.715308 0.688320 0.809412 0.816113 1.314211 1.314211 1.314211 1.314211
0.860616 0.647576 0.721251 0.686063 0.816521 0.823598 1.324949 1.324949 1.324949 1.324949
0.842613 0.639402 0.711145 0.677294 0.798045 0.809329 1.310172 1.310172 1.310172 1.310172
0.860902 0.653330 0.726460 0.691504 0.814945 0.824626 1.338841 1.338841 1.338841 1.338841
0.829515 0.627518 0.702893 0.670908 0.789826 0.794956 1.302797 1.302797 1.302797 1.302797
0.849326 0.643382 0.719225 0.685755 0.807166 0.813539 1.335919 1.335919 1.335919 1.335919
0.841122 0.635348 0.708358 0.671038 0.797797 0.806481 1.330610 1.330610 1.330610 1.330610
0.825249 0.631585 0.699310 0.663704 0.784689 0.775341 1.320240 1.320240 1.320240 1.320240
0.841306 0.644223 0.713713 0.676249 0.800480 0.788399 1.350394 1.350394 1.350394 1.350394
0.831762 0.635056 0.702634 0.667193 0.783389 0.777118 1.337012 1.337012 1.337012 1.337012
0.836069 0.639168 0.704504 0.668564 0.788269 0.782819 1.347513 1.347513 1.347513 1.347513
0.789058 0.634738 0.689614 0.663891 0.781057 0.776522 1.346708 1.346708 1.346708 1.346708
