0.958685 0.913757 0.944394 0.951125 0.947180 0.954414 0.958565 0.958565 0.958565 0.958565
0.991403 0.945732 0.968528 0.979496 0.971206 0.976337 0.994741 0.994741 0.994741 0.994741
0.987012 0.943347 0.961191 0.971118 0.958349 0.967216 0.990566 0.990566 0.990566 0.990566
0.982314 0.942784 0.959140 0.970721 0.958594 0.965152 0.993087 0.993087 0.993087 0.993087
0.985254 0.942905 0.956716 0.962025 0.959573 0.969002 1.001777 1.001777 1.001777 1.001777
0.984481 0.948504 0.961558 0.966213 0.963106 0.947666 1.009939 1.009939 1.009939 1.009939
0.964391 0.934467 0.952706 0.952821 0.951626 0.930462 1.000887 1.000887 1.000887 1.000887
0.981229 0.952081 0.968726 0.967796 0.966417 0.946239 1.019895 1.019895 1.019895 1.019895
0.927078 0.902602 0.902905 0.910221 0.903191 0.883485 0.956061 0.956061 0.956061 0.956061
0.982347 0.958234 0.957648 0.963804 0.954469 0.936155 1.013573 1.013573 1.013573 1.013573
0.975013 0.953194 0.950001 0.956956 0.948751 0.925523 1.001117 1.001117 1.001117 1.001117
0.966982 0.927494 0.933215 0.939707 0.932523 0.910341 1.000256 1.000256 1.000256 1.000256
0.966266 0.905415 0.929217 0.946820 0.919582 0.924282 1.015424 1.015424 1.015424 1.015424
0.971722 0.911847 0.930438 0.954150 0.925718 0.922962 1.027360 1.027360 1.027360 1.027360
0.948968 0.900875 0.908379 0.934277 0.909102 0.910782 1.007825 1.007825 1.007825 1.007825
0.973043 0.924452 0.913715 0.936790 0.933006 0.909629 1.035735 1.035735 1.035735 1.035735
0.985102 0.928848 0.921406 0.947224 0.929458 0.920442 1.045934 1.045934 1.045934 1.045934
0.982738 0.920869 0.911823 0.943043 0.927058 0.917357 1.038211 1.038211 1.038211 1.038211
0.960130 0.899685 0.799433 0.807131 0.904614 0.894307 1.018401 1.018401 1.018401 1.018401
1.012054 0.948485 0.834718 0.840895 0.952425 0.940664 1.074327 1.074327 1.074327 1.074327
1.017002 0.950935 0.833535 0.841958 0.947747 0.943606 1.080885 1.080885 1.080885 1.080885
0.987358 0.931301 0.814594 0.821019 0.926602 0.920018 1.057715 1.057715 1.057715 1.057715
0.994500 0.935369 0.827651 0.829057 0.938984 0.933994 1.066437 1.066437 1.066437 1.066437
1.000489 0.941020 0.827522 0.834986 0.943081 0.935233 1.070747 1.070747 1.070747 1.070747
1.003080 0.943974 0.829992 0.837606 0.943916 0.936406 1.078386 1.078386 1.078386 1.078386
0.999238 0.941440 0.824771 0.835764 0.941570 0.931309 1.074348 1.074348 1.074348 1.074348
1.004985 0.943779 0.824748 0.840387 0.945151 0.934889 1.080202 1.080202 1.080202 1.080202
0.988199 0.939906 0.818093 0.836372 0.920333 0.923758 1.076294 1.076294 1.076294 1.076294
0.994221 0.943237 0.815393 0.842348 0.925271 0.931284 1.086963 1.086963 1.086963 1.086963
0.992483 0.945324 0.812884 0.839830 0.924474 0.930554 1.091340 1.091340 1.091340 1.091340
0.980067 0.939158 0.815725 0.839550 0.916338 0.934595 1.093556 1.093556 1.093556 1.093556
0.966028 0.934204 0.810708 0.837287 0.903225 0.929708 1.090860 1.090860 1.090860 1.090860
0.958302 0.933816 0.805337 0.835458 0.899521 0.923278 1.086301 1.086301 1.086301 1.086301
0.969766 0.943377 0.817102 0.843933 0.905896 0.932904 1.098064 1.098064 1.098064 1.098064
0.981614 0.955094 0.827361 0.849487 0.914945 0.941881 1.112584 1.112584 1.112584 1.112584
0.974826 0.949005 0.822557 0.843153 0.909212 0.932968 1.108556 1.108556 1.108556 1.108556
0.981162 0.955246 0.827766 0.848032 0.914649 0.936455 1.115955 1.115955 1.115955 1.115955
0.964535 0.936379 0.816580 0.824690 0.898763 0.922275 1.099633 1.099633 1.099633 1.099633
0.922850 0.879896 0.788018 0.781419 0.866273 0.880879 1.065949 1.065949 1.065949 1.065949
0.851112 0.803027 0.708750 0.715751 0.794400 0.813816 0.987227 0.987227 0.987227 0.987227
0.968007 0.911797 0.800542 0.808249 0.901618 0.926018 1.122215 1.122215 1.122215 1.122215
0.974555 0.916590 0.804682 0.812830 0.907286 0.926474 1.128003 1.128003 1.128003 1.128003
0.954682 0.905781 0.784341 0.806235 0.899090 0.899442 1.120451 1.120451 1.120451 1.120451
0.961955 0.913813 0.790546 0.810495 0.908849 0.906019 1.133905 1.133905 1.133905 1.133905
0.881315 0.861606 0.754779 0.763124 0.869657 0.848807 1.081000 1.081000 1.081000 1.081000
0.938293 0.916904 0.801174 0.814261 0.924627 0.903898 1.152742 1.152742 1.152742 1.152742
0.935160 0.912674 0.795191 0.809067 0.920803 0.894113 1.146751 1.146751 1.146751 1.146751
0.926059 0.901154 0.784124 0.799535 0.902613 0.882757 1.137239 1.137239 1.137239 1.137239
0.909026 0.878027 0.777866 0.787310 0.868150 0.867331 1.130534 1.130534 1.130534 1.130534
0.928734 0.847869 0.795161 0.787543 0.888470 0.886988 1.156993 1.156993 1.156993 1.156993
0.923191 0.845442 0.789940 0.774402 0.885775 0.885162 1.154446 1.154446 1.154446 1.154446
0.891512 0.739499 0.771832 0.756650 0.865471 0.850896 1.110446 1.110446 1.110446 1.110446
0.918453 0.760352 0.792699 0.778274 0.888038 0.864576 1.135925 1.135925 1.135925 1.135925
0.939721 0.771467 0.811759 0.795558 0.910162 0.881412 1.159064 1.159064 1.159064 1.159064
0.940769 0.774457 0.810572 0.799273 0.914412 0.882394 1.160325 1.160325 1.160325 1.160325
0.898081 0.740812 0.748642 0.722118 0.871049 0.837338 1.103449 1.103449 1.103449 1.103449
0.947488 0.784876 0.793384 0.764899 0.914052 0.884290 1.171354 1.171354 1.171354 1.171354
0.898501 0.783176 0.780341 0.763196 0.910034 0.881385 1.176270 1.176270 1.176270 1.176270
0.894050 0.744796 0.767655 0.755920 0.904524 0.861436 1.174470 1.174470 1.174470 1.174470
0.917558 0.761589 0.787309 0.773784 0.921371 0.881630 1.207122 1.207122 1.207122 1.207122
0.914155 0.753295 0.786699 0.765475 0.920400 0.882816 1.207742 1.207742 1.207742 1.207742
0.908927 0.741108 0.783655 0.756460 0.915065 0.878439 1.205232 1.205232 1.205232 1.205232
0.908237 0.741500 0.781099 0.753537 0.915325 0.879656 1.207522 1.207522 1.207522 1.207522
0.904829 0.736285 0.777301 0.750376 0.905557 0.874221 1.202623 1.202623 1.202623 1.202623
0.913113 0.742870 0.778175 0.756120 0.912174 0.879727 1.215455 1.215455 1.215455 1.215455
0.907476 0.723430 0.771470 0.749996 0.902153 0.870826 1.205244 1.205244 1.205244 1.205244
0.916321 0.729690 0.768555 0.752356 0.907580 0.872515 1.219403 1.219403 1.219403 1.219403
0.915591 0.729108 0.756126 0.751081 0.891986 0.870987 1.215380 1.215380 1.215380 1.215380
0.901416 0.720404 0.753120 0.747281 0.888316 0.866287 1.210223 1.210223 1.210223 1.210223
0.910801 0.729799 0.761955 0.752670 0.897866 0.876698 1.225538 1.225538 1.225538 1.225538
0.900925 0.721812 0.759150 0.747507 0.889601 0.871796 1.223807 1.223807 1.223807 1.223807
0.908150 0.725413 0.764369 0.754876 0.898382 0.876495 1.236687 1.236687 1.236687 1.236687
0.865050 0.688245 0.735570 0.713121 0.828862 0.833295 1.200256 1.200256 1.200256 1.200256
0.853442 0.660137 0.697793 0.680853 0.818296 0.814453 1.199261 1.199261 1.199261 1.199261
0.867851 0.659872 0.709848 0.694599 0.831374 0.827626 1.234118 1.234118 1.234118 1.234118
0.888784 0.675411 0.732614 0.717755 0.856808 0.853458 1.276312 1.276312 1.276312 1.276312
0.875689 0.670718 0.722050 0.709791 0.847289 0.845343 1.274171 1.274171 1.274171 1.274171
0.857659 0.654829 0.710132 0.699991 0.834696 0.828349 1.260288 1.260288 1.260288 1.260288
0.859735 0.661976 0.716873 0.707517 0.835256 0.833402 1.275939 1.275939 1.275939 1.275939
0.849227 0.662516 0.712513 0.704527 0.827100 0.806653 1.274575 1.274575 1.274575 1.274575
0.863468 0.673687 0.728433 0.717260 0.844525 0.821570 1.306283 1.306283 1.306283 1.306283
0.847194 0.656183 0.703456 0.692666 0.825372 0.790593 1.286715 1.286715 1.286715 1.286715
0.870218 0.675690 0.724368 0.713257 0.838115 0.814096 1.322470 1.322470 1.322470 1.322470
0.855390 0.663609 0.715995 0.701899 0.825627 0.804811 1.306502 1.306502 1.306502 1.306502
0.848270 0.653619 0.701739 0.694438 0.806912 0.779262 1.286893 1.286893 1.286893 1.286893
0.862222 0.657935 0.712584 0.705493 0.822185 0.794607 1.309303 1.309303 1.309303 1.309303
0.843076 0.648801 0.699689 0.691485 0.807982 0.780483 1.281528 1.281528 1.281528 1.281528
0.852491 0.653487 0.711399 0.697812 0.822744 0.790370 1.307498 1.307498 1.307498 1.307498
0.821214 0.633567 0.682260 0.682764 0.784187 0.770052 1.257471 1.257471 1.257471 1.257471
0.851295 0.660428 0.714723 0.709958 0.817846 0.804487 1.314517 1.314517 1.314517 1.314517
0.787462 0.617991 0.674685 0.653917 0.769625 0.758758 1.256127 1.256127 1.256127 1.256127
0.821852 0.651743 0.709635 0.688509 0.813016 0.799167 1.325259 1.325259 1.325259 1.325259
0.805866 0.631145 0.695960 0.673165 0.793071 0.775730 1.309598 1.309598 1.309598 1.309598
0.830478 0.650069 0.718011 0.692980 0.817874 0.802333 1.354290 1.354290 1.354290 1.354290
0.822723 0.645631 0.710977 0.688443 0.809909 0.793617 1.343818 1.343818 1.343818 1.343818
0.828414 0.648973 0.711704 0.691057 0.810621 0.793591 1.352652 1.352652 1.352652 1.352652
0.814886 0.639025 0.702228 0.679828 0.796302 0.783023 1.336649 1.336649 1.336649 1.336649
0.820674 0.644771 0.709799 0.679261 0.805266 0.792142 1.350877 1.350877 1.350877 1.350877
0.806697 0.638130 0.702001 0.669520 0.784735 0.777935 1.339313 1.339313 1.339313 1.339313
0.776756 0.624842 0.678863 0.653540 0.768880 0.764416 1.325712 1.325712 1.325712 1.325712
