0.993047 0.993123 0.992882 0.992344 0.992534 0.990322 0.993220 0.993220 0.993220 0.993220
0.975495 0.980998 0.985637 0.977813 0.980909 0.980408 0.983887 0.983887 0.983887 0.983887
0.985721 0.989568 0.990139 0.985002 0.985248 0.983848 0.993862 0.993862 0.993862 0.993862
0.982997 0.983867 0.986282 0.984072 0.984330 0.978570 0.993579 0.993579 0.993579 0.993579
0.969813 0.974781 0.977435 0.974766 0.965932 0.966415 0.986316 0.986316 0.986316 0.986316
0.974752 0.978113 0.975648 0.972741 0.968823 0.971786 0.990806 0.990806 0.990806 0.990806
0.957882 0.943038 0.949644 0.946473 0.943542 0.947104 0.980901 0.980901 0.980901 0.980901
0.946604 0.942799 0.938183 0.937809 0.937653 0.945748 0.973722 0.973722 0.973722 0.973722
0.979612 0.973434 0.964803 0.967008 0.960885 0.977009 1.008893 1.008893 1.008893 1.008893
0.959369 0.961398 0.951533 0.954897 0.939386 0.960332 0.997900 0.997900 0.997900 0.997900
0.953403 0.963807 0.940899 0.960853 0.944369 0.945802 1.005561 1.005561 1.005561 1.005561
0.956279 0.963956 0.947032 0.953381 0.946811 0.950396 1.010975 1.010975 1.010975 1.010975
0.908660 0.963800 0.933335 0.953169 0.944543 0.949177 1.017258 1.017258 1.017258 1.017258
0.898263 0.958226 0.933205 0.948560 0.941825 0.940474 1.017367 1.017367 1.017367 1.017367
0.887209 0.954723 0.927822 0.941017 0.936787 0.932873 1.012830 1.012830 1.012830 1.012830
0.909291 0.977020 0.949410 0.963390 0.959648 0.950136 1.036383 1.036383 1.036383 1.036383
0.839974 0.913005 0.895015 0.886145 0.901847 0.894917 0.989010 0.989010 0.989010 0.989010
0.895928 0.973394 0.951782 0.947271 0.960621 0.954759 1.056592 1.056592 1.056592 1.056592
0.886451 0.964933 0.942615 0.936589 0.947911 0.944660 1.045948 1.045948 1.045948 1.045948
0.889986 0.968929 0.937447 0.929397 0.950581 0.946407 1.050950 1.050950 1.050950 1.050950
0.887513 0.967483 0.932501 0.923935 0.948930 0.945804 1.050820 1.050820 1.050820 1.050820
0.849914 0.932465 0.889037 0.898684 0.899130 0.916060 1.004659 1.004659 1.004659 1.004659
0.879339 0.964649 0.926476 0.933541 0.931800 0.952808 1.049352 1.049352 1.049352 1.049352
0.859984 0.951446 0.909890 0.915187 0.915885 0.936057 1.027295 1.027295 1.027295 1.027295
0.889391 0.984179 0.941319 0.941211 0.945118 0.965584 1.063479 1.063479 1.063479 1.063479
0.883841 0.979373 0.934853 0.933736 0.937451 0.959084 1.058433 1.058433 1.058433 1.058433
0.836033 0.928271 0.855544 0.835899 0.884842 0.901803 0.997361 0.997361 0.997361 0.997361
0.886055 0.983831 0.901166 0.886908 0.936239 0.951300 1.054955 1.054955 1.054955 1.054955
0.877075 0.981304 0.893267 0.883063 0.930391 0.942685 1.048283 1.048283 1.048283 1.048283
0.877631 0.983349 0.889982 0.885464 0.931931 0.936647 1.055318 1.055318 1.055318 1.055318
0.881311 0.989362 0.890888 0.885493 0.927557 0.935932 1.059988 1.059988 1.059988 1.059988
0.890364 0.999317 0.892877 0.893260 0.935370 0.942870 1.072485 1.072485 1.072485 1.072485
0.868497 0.952275 0.867860 0.878568 0.900402 0.934490 1.062796 1.062796 1.062796 1.062796
0.873258 0.960485 0.872092 0.873858 0.908011 0.943307 1.072671 1.072671 1.072671 1.072671
0.884376 0.971659 0.871365 0.879200 0.916173 0.947931 1.088482 1.088482 1.088482 1.088482
0.882726 0.971048 0.869992 0.875525 0.917401 0.945875 1.091183 1.091183 1.091183 1.091183
0.860777 0.902527 0.835714 0.847023 0.883854 0.918247 1.063918 1.063918 1.063918 1.063918
0.878751 0.925227 0.855415 0.868490 0.906857 0.939894 1.094105 1.094105 1.094105 1.094105
0.880269 0.919091 0.857637 0.869184 0.909983 0.938128 1.093011 1.093011 1.093011 1.093011
0.888442 0.929975 0.865199 0.879726 0.918061 0.945381 1.104947 1.104947 1.104947 1.104947
0.891243 0.931714 0.864331 0.879807 0.920219 0.941237 1.106365 1.106365 1.106365 1.106365
0.888130 0.930876 0.862436 0.873958 0.917311 0.939440 1.104947 1.104947 1.104947 1.104947
0.881537 0.921269 0.852416 0.865674 0.901287 0.929670 1.098337 1.098337 1.098337 1.098337
0.876845 0.922640 0.853094 0.863424 0.888770 0.923873 1.101906 1.101906 1.101906 1.101906
0.779458 0.811608 0.739551 0.762285 0.785576 0.822691 0.983649 0.983649 0.983649 0.983649
0.886996 0.923666 0.846196 0.868566 0.897736 0.937781 1.128283 1.128283 1.128283 1.128283
0.879416 0.916274 0.839294 0.861614 0.888551 0.928526 1.123711 1.123711 1.123711 1.123711
0.868795 0.912362 0.829423 0.854351 0.881048 0.922178 1.124852 1.124852 1.124852 1.124852
0.873734 0.918316 0.827223 0.855637 0.878550 0.917414 1.135199 1.135199 1.135199 1.135199
0.882442 0.926966 0.836394 0.863235 0.887936 0.929931 1.150500 1.150500 1.150500 1.150500
0.870404 0.908648 0.818368 0.849740 0.875663 0.916370 1.129135 1.129135 1.129135 1.129135
0.878962 0.918080 0.827337 0.857628 0.884852 0.923006 1.144020 1.144020 1.144020 1.144020
0.872216 0.908725 0.813322 0.851935 0.877424 0.917791 1.139548 1.139548 1.139548 1.139548
0.862080 0.903610 0.816899 0.852418 0.870484 0.922607 1.142890 1.142890 1.142890 1.142890
0.822891 0.838560 0.749779 0.787417 0.831478 0.872461 1.104858 1.104858 1.104858 1.104858
0.856418 0.870243 0.787142 0.821579 0.870622 0.915182 1.151029 1.151029 1.151029 1.151029
0.835411 0.834467 0.768130 0.804031 0.848513 0.892110 1.136246 1.136246 1.136246 1.136246
0.866289 0.862151 0.795985 0.831588 0.873302 0.922515 1.179975 1.179975 1.179975 1.179975
0.857605 0.850699 0.787128 0.822886 0.858543 0.911043 1.167789 1.167789 1.167789 1.167789
0.858840 0.849489 0.783923 0.814251 0.858089 0.913260 1.176183 1.176183 1.176183 1.176183
0.856681 0.846629 0.786313 0.813125 0.857795 0.916186 1.179152 1.179152 1.179152 1.179152
0.860443 0.844217 0.792091 0.810932 0.863856 0.924876 1.189349 1.189349 1.189349 1.189349
0.813744 0.801119 0.738987 0.763427 0.808122 0.864375 1.115988 1.115988 1.115988 1.115988
0.860081 0.850096 0.780027 0.805895 0.854897 0.914477 1.186359 1.186359 1.186359 1.186359
0.860609 0.849167 0.782546 0.804941 0.851300 0.913648 1.185756 1.185756 1.185756 1.185756
0.857608 0.847179 0.777892 0.803447 0.849477 0.908989 1.181723 1.181723 1.181723 1.181723
0.847531 0.844911 0.775127 0.803374 0.839508 0.906596 1.181888 1.181888 1.181888 1.181888
0.851063 0.831363 0.776444 0.805159 0.838924 0.906761 1.184154 1.184154 1.184154 1.184154
0.858628 0.840326 0.786207 0.805914 0.849873 0.918948 1.198881 1.198881 1.198881 1.198881
0.853103 0.826832 0.780385 0.800312 0.846464 0.915949 1.192298 1.192298 1.192298 1.192298
0.813178 0.774048 0.750269 0.755479 0.812810 0.871562 1.151447 1.151447 1.151447 1.151447
0.843684 0.803903 0.780801 0.783885 0.842159 0.907028 1.200107 1.200107 1.200107 1.200107
0.844372 0.809972 0.786008 0.788558 0.846613 0.888476 1.211822 1.211822 1.211822 1.211822
0.817204 0.783911 0.682658 0.668576 0.818363 0.858022 1.177542 1.177542 1.177542 1.177542
0.840114 0.795900 0.701927 0.685333 0.836947 0.873192 1.219980 1.219980 1.219980 1.219980
0.835482 0.785649 0.705461 0.683710 0.815553 0.869190 1.228700 1.228700 1.228700 1.228700
0.854315 0.800750 0.717218 0.698969 0.832321 0.887098 1.256019 1.256019 1.256019 1.256019
0.835690 0.781757 0.699413 0.682641 0.810901 0.855846 1.219961 1.219961 1.219961 1.219961
0.862514 0.800763 0.719028 0.703679 0.823541 0.882877 1.255954 1.255954 1.255954 1.255954
0.826134 0.763944 0.695772 0.668440 0.764023 0.844013 1.225710 1.225710 1.225710 1.225710
0.841766 0.788374 0.715162 0.689349 0.770916 0.864179 1.265523 1.265523 1.265523 1.265523
0.848915 0.795069 0.710138 0.694580 0.764714 0.870686 1.273074 1.273074 1.273074 1.273074
0.847298 0.795744 0.706961 0.695718 0.765968 0.869027 1.270615 1.270615 1.270615 1.270615
0.833097 0.792734 0.699433 0.689595 0.755003 0.837270 1.263426 1.263426 1.263426 1.263426
0.835538 0.789275 0.690443 0.680731 0.754259 0.823585 1.272123 1.272123 1.272123 1.272123
0.832286 0.789033 0.695794 0.685261 0.759999 0.828784 1.281639 1.281639 1.281639 1.281639
0.770488 0.751733 0.671259 0.651954 0.734828 0.784567 1.234614 1.234614 1.234614 1.234614
0.808098 0.787986 0.709491 0.689932 0.775568 0.828562 1.307610 1.307610 1.307610 1.307610
0.771698 0.681586 0.685526 0.666628 0.749371 0.787638 1.243799 1.243799 1.243799 1.243799
0.792259 0.697530 0.706725 0.689128 0.773836 0.809025 1.289576 1.289576 1.289576 1.289576
0.801564 0.707290 0.714651 0.697475 0.784088 0.815317 1.298380 1.298380 1.298380 1.298380
0.773728 0.694280 0.692809 0.682516 0.770151 0.803135 1.288382 1.288382 1.288382 1.288382
0.789930 0.709372 0.693868 0.681395 0.786987 0.798653 1.318342 1.318342 1.318342 1.318342
0.787578 0.704501 0.695613 0.678011 0.790156 0.797457 1.326244 1.326244 1.326244 1.326244
0.800979 0.718267 0.709206 0.691260 0.794417 0.813040 1.349613 1.349613 1.349613 1.349613
0.782136 0.708724 0.697915 0.680965 0.785173 0.801204 1.332211 1.332211 1.332211 1.332211
0.783696 0.671194 0.699686 0.668041 0.788067 0.803575 1.337119 1.337119 1.337119 1.337119
0.786224 0.666276 0.703249 0.666114 0.790549 0.806785 1.346346 1.346346 1.346346 1.346346
0.778810 0.655514 0.688478 0.658299 0.771767 0.780302 1.324661 1.324661 1.324661 1.324661
0.781310 0.628506 0.682843 0.657372 0.773388 0.768898 1.333485 1.333485 1.333485 1.333485
