0.963456 0.979375 0.983927 0.983927 0.919706 0.983927 0.976531 0.981550 0.981550 0.981550
0.930201 0.923703 0.919131 0.928993 0.865827 0.949613 0.938431 0.938267 0.938267 0.938267
0.917244 0.983005 0.978139 0.988634 0.921413 1.010578 0.998678 0.992054 0.992054 0.992054
0.924137 0.989507 0.985860 0.993671 0.926457 1.018220 0.999930 0.994979 0.994978 0.994978
0.919235 0.990283 0.989752 0.997074 0.930829 1.004954 0.990627 0.998630 0.998629 0.998629
0.908259 0.976300 0.974899 0.977510 0.914649 0.989585 0.971834 0.976073 0.976072 0.976072
0.887709 0.967815 0.962038 0.969183 0.909974 0.976445 0.973128 0.977510 0.977510 0.977510
0.911347 0.991365 0.983905 0.997029 0.931877 1.002657 0.996687 1.002508 1.002507 1.002507
0.875480 0.955764 0.948067 0.961225 0.894176 0.962032 0.958282 0.963945 0.963944 0.963944
0.902388 0.981232 0.977772 0.988645 0.917769 0.989098 0.978325 0.999427 0.999426 0.999426
0.867643 0.928286 0.935993 0.948671 0.878479 0.943986 0.934479 0.948520 0.948520 0.948520
0.923986 0.989444 0.980404 1.010697 0.933787 1.004442 0.995174 1.009237 1.009237 1.009237
0.916986 0.980417 0.969704 1.001462 0.925104 0.998923 0.992223 1.001633 1.001633 1.001633
0.915704 0.978303 0.967672 0.997827 0.927745 1.000987 0.991804 0.991953 0.991953 0.991953
0.886909 0.962452 0.932750 0.978149 0.907144 0.983042 0.971549 0.978959 0.978959 0.978959
0.892734 0.960505 0.934355 0.994059 0.923765 0.991963 0.982869 0.993462 0.993462 0.993462
0.720862 0.875332 0.853091 0.904992 0.838449 0.800987 0.793643 0.889929 0.889929 0.889929
0.813894 0.981273 0.981184 1.040878 0.951868 0.893522 0.888507 1.023131 1.023131 1.023131
0.830609 1.001245 1.001887 1.061521 0.974163 0.911586 0.908592 1.043355 1.043355 1.043355
0.828831 1.002484 1.004983 1.063467 0.976184 0.913724 0.909788 1.042036 1.042036 1.042036
0.830506 1.006612 1.007957 1.063891 0.980997 0.910279 0.906699 1.046601 1.046601 1.046601
0.827123 0.991454 1.001825 1.058444 0.975628 0.891659 0.903421 1.042112 1.042112 1.042112
0.814365 0.939950 0.988555 1.046647 0.962494 0.878451 0.896081 1.025538 1.025538 1.025538
0.844117 0.972286 1.024670 1.084599 0.995606 0.910544 0.926363 1.057791 1.057791 1.057791
0.814996 0.927893 0.983726 1.020161 0.943979 0.879070 0.886591 1.020291 1.020291 1.020291
0.840233 0.958252 1.013073 1.055709 0.976141 0.900931 0.914913 1.057367 1.057367 1.057367
0.839399 0.958119 1.012061 1.053755 0.976565 0.893477 0.916812 1.056551 1.056551 1.056551
0.821522 0.941934 0.893110 1.034962 0.959266 0.880017 0.901734 1.034751 1.034751 1.034751
0.825957 0.928918 0.899962 1.015980 0.943083 0.869531 0.889273 1.042589 1.042590 1.042590
0.844826 0.952383 0.918354 1.042865 0.966041 0.893299 0.914505 1.075217 1.075217 1.075217
0.789752 0.919719 0.888560 1.010227 0.939357 0.855548 0.885525 1.045845 1.045844 1.045844
0.799596 0.943766 0.916862 1.031120 0.958622 0.883732 0.903840 1.060428 1.060428 1.060428
0.810060 0.953979 0.928008 1.043597 0.968908 0.894880 0.913796 1.054485 1.054485 1.054485
0.822199 0.952471 0.934451 1.061628 0.984737 0.909727 0.926033 1.069592 1.069592 1.069592
0.832818 0.964773 0.946520 1.075340 0.997456 0.921476 0.937993 1.072314 1.072314 1.072314
0.831516 0.958698 0.945962 1.075711 0.989694 0.919554 0.935830 1.075061 1.075061 1.075061
0.828675 0.954320 0.940310 1.070544 0.985175 0.911503 0.932460 1.069015 1.069015 1.069015
0.828351 0.954182 0.933597 1.070322 0.983841 0.909989 0.928160 1.064741 1.064741 1.064741
0.826840 0.953012 0.935923 1.069037 0.985608 0.910132 0.922643 1.064731 1.064731 1.064731
0.797477 0.917109 0.885772 1.016663 0.924864 0.829473 0.879431 1.000368 1.000367 1.000367
0.846348 0.973311 0.940006 1.079968 0.981542 0.880304 0.925757 1.041279 1.041279 1.041279
0.805818 0.950913 0.915100 0.809478 0.951819 0.852314 0.896145 1.021117 1.021117 1.021117
0.843152 0.994970 0.953306 0.838425 0.995532 0.877265 0.924331 1.057196 1.057196 1.057196
0.832543 0.974249 0.939021 0.820552 0.987418 0.866605 0.910741 1.052096 1.052096 1.052096
0.868780 1.016655 0.979893 0.856268 1.016711 0.904325 0.950382 1.085952 1.085951 1.085951
0.862502 1.009332 0.970450 0.851003 1.008465 0.899435 0.943624 1.078248 1.078248 1.078248
0.822370 0.936575 0.944662 0.825024 0.970704 0.865313 0.893927 1.039656 1.039655 1.039655
0.861478 0.970406 0.990554 0.865559 1.010514 0.896346 0.935993 1.085820 1.085819 1.085819
0.740461 0.939292 0.961825 0.798373 0.938257 0.870282 0.907839 1.054006 1.054006 1.054006
0.757557 0.975487 1.003377 0.794203 0.974701 0.907880 0.947181 1.082719 1.082718 1.082718
0.650514 0.789815 0.843422 0.667800 0.789938 0.710103 0.740843 0.939563 0.939563 0.939563
0.801617 0.974348 1.033256 0.824154 0.968741 0.865749 0.911290 1.155863 1.155862 1.155862
0.783880 0.962134 1.009450 0.820351 0.959881 0.853579 0.895870 1.151315 1.151315 1.151315
0.697965 0.856121 0.898812 0.580998 0.854676 0.760025 0.764653 1.018997 1.018997 1.018997
0.799205 0.971494 1.031166 0.665414 0.978142 0.862448 0.873592 1.134598 1.134597 1.134597
0.817431 0.992552 1.050028 0.679003 1.001444 0.875745 0.893175 1.160714 1.160713 1.160713
0.810254 0.985893 1.045309 0.674559 0.989370 0.864817 0.888542 1.134022 1.134021 1.134021
0.814942 0.991598 1.051999 0.678462 0.995696 0.864265 0.894229 1.132135 1.132135 1.132135
0.789522 0.894234 1.017568 0.661851 0.969346 0.840818 0.801657 1.082305 1.082305 1.082305
0.808374 0.915586 1.041865 0.679387 0.995029 0.860895 0.820799 1.096097 1.096096 1.096096
0.838279 0.949457 1.080407 0.704520 1.031839 0.892743 0.851163 1.096359 1.096359 1.096359
0.844176 0.961337 1.090060 0.715637 1.045334 0.903000 0.851188 1.115396 1.115396 1.115396
0.840234 0.943946 1.084136 0.701586 1.034103 0.900332 0.848673 1.088876 1.088876 1.088876
0.871898 0.979519 1.124991 0.728025 1.073073 0.934261 0.880655 1.127067 1.127066 1.127066
0.855519 0.965852 1.108499 0.712224 1.054425 0.918524 0.864129 1.109416 1.109416 1.109416
0.831197 0.937967 1.056345 0.693749 1.021192 0.885656 0.841225 1.063238 1.063237 1.063237
0.872105 0.984129 1.108333 0.727892 1.071450 0.929244 0.882625 1.103329 1.103327 1.103327
0.855882 0.973353 1.093489 0.719491 1.059378 0.919084 0.875811 1.093009 1.093008 1.093008
0.812351 0.959097 1.066329 0.664391 1.034963 0.906687 0.862984 1.075544 1.075542 1.075542
0.819488 0.956834 1.067867 0.665258 1.035574 0.895834 0.861743 1.083596 1.083595 1.083595
0.832442 0.969308 1.084677 0.671572 1.037570 0.907796 0.875980 1.103899 1.103898 1.103898
0.840691 0.968740 1.083321 0.674097 1.044371 0.904739 0.878194 1.120441 1.120440 1.120440
0.845997 0.968405 1.089789 0.675183 1.053401 0.914292 0.888483 1.131043 1.131042 1.131042
0.837734 0.949489 1.073036 0.670938 1.027292 0.905882 0.872338 1.111249 1.111248 1.111248
0.813846 0.937374 1.048718 0.666656 0.998455 0.899219 0.862113 1.096985 1.096984 1.096984
0.835992 0.966957 1.070679 0.680600 1.033829 0.923982 0.880718 1.136566 1.136565 1.136565
0.843659 0.976295 1.078707 0.686545 1.043527 0.931961 0.888928 1.142476 1.142475 1.142475
0.820180 0.960634 1.059679 0.675843 1.015277 0.917955 0.880423 1.119234 1.119234 1.119234
0.799995 0.941477 1.040080 0.663768 0.998307 0.905041 0.862866 1.113323 1.113322 1.113322
0.801243 0.940847 1.045232 0.668234 1.000923 0.892265 0.863214 1.120667 1.120666 1.120666
0.818698 0.956115 1.065418 0.680754 1.022141 0.909454 0.878152 1.139609 1.139608 1.139608
0.829490 0.968718 1.079462 0.690516 1.036798 0.922495 0.889727 1.139194 1.139193 1.139193
0.798451 0.928165 1.030776 0.664572 0.987411 0.856332 0.852323 1.092738 1.092737 1.092737
0.827120 0.959444 1.068509 0.693950 1.027416 0.882293 0.884021 1.137531 1.137530 1.137530
0.769565 0.889433 1.000333 0.643312 0.989607 0.850411 0.806517 1.075503 1.075502 1.075502
0.827226 0.960044 1.078907 0.693514 1.067306 0.911274 0.868720 1.158265 1.158264 1.158264
0.800314 0.931517 1.005564 0.654631 1.028692 0.870787 0.782360 1.110308 1.110307 1.110307
0.818450 0.951605 1.031982 0.669652 1.030357 0.890118 0.798437 1.120680 1.120679 1.120679
0.814798 0.962357 1.009689 0.677219 1.041999 0.900175 0.807459 1.105854 1.105853 1.105853
0.844763 0.997748 1.046821 0.702124 1.080319 0.933280 0.837153 1.126957 1.126956 1.126956
0.836327 0.986659 1.004799 0.695112 1.066357 0.921218 0.826334 1.098166 1.098164 1.098164
0.847967 0.993096 1.020219 0.704831 1.081817 0.932566 0.839668 1.118916 1.118915 1.118915
0.836065 0.977103 1.002855 0.687872 1.015184 0.920305 0.819884 1.099391 1.099390 1.099390
0.857712 0.979431 1.023405 0.699945 1.045208 0.944826 0.840851 1.132055 1.132054 1.132054
0.864127 0.985022 1.030972 0.704650 1.052759 0.946813 0.843053 1.138791 1.138790 1.138790
0.854664 0.981697 1.027079 0.701519 1.047921 0.937617 0.816830 1.134473 1.134472 1.134472
0.856348 0.987176 1.024528 0.701232 1.042404 0.937645 0.818034 1.132976 1.132974 1.132974
0.842849 0.957354 1.010790 0.696251 1.033273 0.910587 0.805139 1.109405 1.109404 1.109404
0.860596 0.972699 1.032125 0.709297 1.057005 0.927107 0.822146 1.126082 1.126081 1.126081
0.868644 0.970086 1.039818 0.714181 1.064996 0.925921 0.827078 1.135179 1.135178 1.135178
