0.970279 0.977845 0.975429 0.977260 0.977531 0.977861 0.981038 0.979423 0.979423 0.979423
0.970872 0.973121 0.973663 0.974940 0.977566 0.976045 0.977334 0.975339 0.975339 0.975339
0.974344 0.971792 0.977193 0.976204 0.982899 0.976740 0.980893 0.973052 0.973052 0.973052
0.980325 0.971289 0.982859 0.977608 0.991228 0.986883 0.992215 0.982090 0.982090 0.982090
0.986027 0.977806 0.972340 0.983705 0.995141 0.991790 0.997999 0.986945 0.986945 0.986945
0.954866 0.940171 0.959204 0.970415 0.968997 0.948936 0.958303 0.973210 0.973210 0.973210
0.978735 0.961979 0.983099 0.993926 0.992969 0.967467 0.977519 0.996024 0.996024 0.996024
0.975146 0.936488 0.974338 0.982231 0.992880 0.964626 0.973632 0.996066 0.996066 0.996066
0.979761 0.938816 0.975232 0.988901 0.995094 0.969395 0.975936 0.999751 0.999751 0.999751
0.969463 0.931144 0.962709 0.981968 0.986078 0.963417 0.970898 0.997416 0.997416 0.997416
0.964468 0.931385 0.959555 0.985391 0.986884 0.962693 0.959177 1.002455 1.002455 1.002455
0.970322 0.937039 0.965331 0.992293 0.992875 0.968537 0.957175 0.989168 0.989168 0.989168
0.976959 0.943279 0.972470 0.998391 1.002492 0.974856 0.965676 0.995182 0.995182 0.995182
0.979617 0.947825 0.976030 0.999487 1.008138 0.971859 0.963070 1.000240 1.000240 1.000240
0.968379 0.934956 0.965484 0.995936 1.001006 0.955526 0.953201 0.993618 0.993618 0.993618
0.977500 0.942919 0.974945 1.002902 1.008388 0.964571 0.956200 0.998431 0.998431 0.998431
0.968019 0.924564 0.960022 0.996664 0.983461 0.955763 0.938887 0.981024 0.981024 0.981024
0.933187 0.867405 0.944846 0.976926 0.957105 0.929674 0.899277 0.956373 0.956373 0.956373
0.958569 0.899738 0.969639 1.021469 0.996189 0.962841 0.928655 1.000663 1.000663 1.000663
0.982415 0.922120 0.993760 1.046880 1.020971 0.986793 0.951757 1.022975 1.022974 1.022974
0.942362 0.887102 0.918320 0.979771 0.975655 0.934923 0.849844 0.972270 0.972270 0.972270
0.986809 0.927870 0.959163 1.024553 1.020492 0.973773 0.889761 1.015871 1.015871 1.015871
0.948540 0.889889 0.904691 0.971056 0.954354 0.884467 0.845216 0.951227 0.951226 0.951226
1.006978 0.945521 0.960422 1.029997 1.014598 0.932115 0.900045 1.010055 1.010054 1.010054
0.864928 0.914576 0.931926 0.949393 0.941402 0.904389 0.872372 0.979787 0.979787 0.979787
0.723019 0.862846 0.880857 0.894785 0.884566 0.756006 0.729242 0.908608 0.908607 0.908607
0.834873 1.002430 1.026590 1.042278 1.031704 0.866184 0.838673 1.058637 1.058637 1.058637
0.841063 1.010348 1.032487 1.049553 1.039569 0.872143 0.845017 1.062290 1.062290 1.062290
0.827078 0.980151 1.014539 1.016584 1.016045 0.859119 0.832398 1.024574 1.024574 1.024574
0.837072 0.999593 1.034247 1.035638 1.034930 0.870590 0.825290 1.044461 1.044461 1.044461
0.796390 0.987299 1.010961 0.958604 1.013487 0.860892 0.815139 1.030219 1.030219 1.030219
0.820600 1.000708 1.033440 0.989977 1.045687 0.888466 0.838600 1.060848 1.060847 1.060847
0.800966 0.974591 1.012132 0.971277 1.021749 0.853635 0.817589 1.040673 1.040672 1.040672
0.828244 1.007782 1.046601 1.004354 1.042513 0.882706 0.845433 1.064412 1.064411 1.064411
0.822265 1.000532 1.036524 0.998188 1.034066 0.877941 0.839428 1.056871 1.056870 1.056870
0.813251 0.989563 1.020674 0.977271 1.022335 0.854162 0.818420 1.034298 1.034298 1.034298
0.834612 1.003444 1.045514 1.000489 1.047326 0.867366 0.837127 1.060127 1.060126 1.060126
0.846337 1.015448 1.060202 1.014278 1.059855 0.879551 0.846644 1.069748 1.069747 1.069747
0.833370 1.004121 1.037582 0.992615 1.051963 0.866349 0.829101 1.062451 1.062450 1.062450
0.817606 0.974244 1.010546 0.966617 1.023681 0.832474 0.805175 1.041014 1.041013 1.041013
0.807522 0.965678 1.001128 0.958119 1.009896 0.821213 0.795925 1.029126 1.029125 1.029125
0.801326 0.892001 0.991871 0.957351 1.007039 0.818329 0.730853 1.007714 1.007714 1.007714
0.850484 0.936883 1.041086 1.009895 1.065266 0.857113 0.770018 1.074909 1.074909 1.074909
0.828634 0.927263 0.996874 0.999526 1.054328 0.848313 0.762112 1.038069 1.038069 1.038069
0.862546 0.965211 1.037671 1.040431 1.097476 0.883029 0.793301 1.068699 1.068698 1.068698
0.848180 0.948055 0.989307 1.023102 1.075995 0.865746 0.777773 1.034381 1.034380 1.034380
0.840327 0.953458 0.999417 0.985581 1.082448 0.874593 0.785823 1.028965 1.028964 1.028964
0.862565 0.982752 1.029321 1.014590 1.114802 0.894934 0.808268 1.058185 1.058184 1.058184
0.821016 0.913781 0.947938 0.944398 1.034653 0.851509 0.765749 0.997219 0.997218 0.997218
0.874752 0.973589 1.009981 1.006209 1.102371 0.907241 0.815868 1.044356 1.044355 1.044355
0.856673 0.945328 0.984343 0.994906 1.092195 0.890702 0.803041 1.031150 1.031149 1.031149
0.839341 0.921926 0.956731 0.974622 1.058741 0.841583 0.783016 1.006761 1.006760 1.006760
0.843070 0.926023 0.960982 0.981456 1.066165 0.845322 0.786495 1.000238 1.000236 1.000236
0.879043 0.967176 1.000884 1.027185 1.115005 0.876178 0.820832 1.048351 1.048349 1.048349
0.778207 0.855669 0.886072 0.723310 0.987101 0.775671 0.696585 0.922542 0.922541 0.922541
0.895240 0.982152 1.018391 0.831277 1.132908 0.891907 0.799706 1.041702 1.041700 1.041700
0.886822 0.961671 1.003111 0.802212 1.102082 0.883459 0.785266 1.030889 1.030888 1.030888
0.880483 0.969824 0.991166 0.806120 1.104644 0.889387 0.788526 1.042908 1.042907 1.042907
0.901971 0.991943 1.011939 0.824493 1.129638 0.913003 0.811522 1.068404 1.068402 1.068402
0.841872 0.999208 1.019350 0.830531 1.137910 0.919689 0.817465 1.069277 1.069275 1.069275
0.834686 0.981777 1.012594 0.823618 1.127615 0.903646 0.808660 1.030887 1.030885 1.030885
0.851337 1.000602 1.032073 0.838171 1.155008 0.924870 0.825598 1.042748 1.042747 1.042747
0.846570 0.997080 1.030732 0.835358 1.144745 0.916261 0.823952 1.022038 1.022037 1.022037
0.860915 1.002910 1.049225 0.850793 1.156873 0.921387 0.837517 1.036230 1.036229 1.036229
0.798250 0.926526 0.978898 0.785996 1.110464 0.885034 0.761460 0.976353 0.976352 0.976352
0.833969 0.949482 1.025011 0.801776 1.134455 0.908713 0.780326 1.022248 1.022247 1.022247
0.844970 0.926322 1.040832 0.815883 1.151712 0.921272 0.796481 1.035229 1.035228 1.035228
0.862176 0.948383 1.067592 0.835812 1.180128 0.944257 0.815515 1.057236 1.057235 1.057235
0.856931 0.935740 1.062593 0.830779 1.173620 0.937032 0.812327 1.055964 1.055962 1.055962
0.808851 0.906313 1.025507 0.617325 1.128255 0.899405 0.779554 1.026576 1.026575 1.026575
0.855925 0.959633 1.089881 0.653660 1.198247 0.953638 0.821518 1.088296 1.088295 1.088295
0.847600 0.948204 1.075931 0.642270 1.180058 0.941158 0.807739 1.066098 1.066097 1.066097
0.868078 0.972182 1.095480 0.658774 1.202749 0.953653 0.825769 1.090020 1.090018 1.090018
0.855703 0.955709 1.079794 0.645345 1.169402 0.937785 0.814569 1.077579 1.077577 1.077577
0.876557 0.979000 1.106109 0.661072 1.197902 0.960640 0.834421 1.092539 1.092538 1.092538
0.874962 0.977218 1.104096 0.660623 1.197088 0.959988 0.832902 1.075971 1.075969 1.075969
0.878955 0.977025 1.110217 0.664907 1.195062 0.963864 0.836080 1.085347 1.085345 1.085345
0.837930 0.944702 1.068614 0.643022 1.159698 0.927664 0.816594 1.060200 1.060199 1.060199
0.797969 0.929380 1.053302 0.634559 1.148776 0.905092 0.805519 1.050543 1.050541 1.050541
0.807722 0.953450 1.086590 0.647528 1.172055 0.934685 0.821982 1.064937 1.064936 1.064936
0.692851 0.771151 0.912397 0.543889 0.948870 0.730290 0.642233 0.923149 0.923147 0.923147
0.830643 0.935727 1.105318 0.660267 1.138466 0.887057 0.784423 1.115265 1.115263 1.115263
0.826754 0.946734 1.123519 0.671139 1.081681 0.901663 0.791345 1.130890 1.130888 1.130888
0.802414 0.923260 1.097277 0.655884 1.058333 0.884576 0.771724 1.119346 1.119344 1.119344
0.822515 0.949797 1.119764 0.670717 1.077011 0.904978 0.790663 1.143617 1.143615 1.143615
0.811812 0.935472 1.101848 0.655259 1.011723 0.894008 0.772836 1.124828 1.124826 1.124826
0.798010 0.934482 1.089641 0.658794 0.994978 0.897951 0.772831 1.123550 1.123549 1.123549
0.799155 0.935395 1.070290 0.661429 0.993237 0.892432 0.775471 1.109880 1.109878 1.109878
0.824694 0.965288 1.104494 0.682566 1.024979 0.920951 0.800253 1.104754 1.104753 1.104753
0.822835 0.962080 1.105896 0.681218 1.001627 0.918462 0.796801 1.087907 1.087906 1.087906
0.816184 0.946338 1.094290 0.669735 0.997991 0.911436 0.788665 1.087593 1.087592 1.087592
0.845465 0.980530 1.125896 0.693890 1.032799 0.942935 0.813510 1.122547 1.122547 1.122547
0.829963 0.966884 0.996572 0.683578 1.017574 0.931540 0.802552 1.102713 1.102712 1.102712
0.853500 0.983336 1.022764 0.702225 1.044960 0.942200 0.825691 1.133738 1.133738 1.133738
0.817395 0.926602 0.975195 0.671169 0.996273 0.895674 0.785570 1.071740 1.071739 1.071739
0.857014 0.967660 1.023053 0.702192 1.040153 0.936717 0.815799 1.130308 1.130307 1.130307
0.846325 0.941566 1.012710 0.699536 1.034489 0.912727 0.805624 1.110494 1.110493 1.110493
0.858008 0.954564 1.027316 0.709192 1.049403 0.919417 0.817244 1.117485 1.117484 1.117484
0.868327 0.964978 1.035086 0.716049 1.063082 0.923755 0.826759 1.131162 1.131160 1.131160
0.867862 0.969213 1.038881 0.713538 1.064037 0.925087 0.826334 1.134157 1.134156 1.134156
