0.826037 0.778866 0.808611 0.808861 0.779615 0.752405 0.752405 0.834775 0.834774 0.834774
1.017847 0.960780 0.990546 0.998177 0.956020 0.917264 0.925453 1.026885 1.026885 1.026885
0.995768 0.955469 0.989650 0.997274 0.892812 0.916434 0.917665 1.023477 1.023476 1.023476
0.953546 0.890432 0.967520 0.971015 0.863101 0.885484 0.873098 0.991116 0.991115 0.991115
0.990607 0.922972 1.004202 1.007773 0.894561 0.919471 0.905178 1.010641 1.010640 1.010640
0.966991 0.898951 0.961895 0.969999 0.849588 0.848125 0.873227 0.961039 0.961038 0.961038
1.024777 0.951619 1.014879 1.025569 0.901254 0.892317 0.925058 1.018682 1.018681 1.018681
1.004833 0.944414 1.005559 1.018273 0.884403 0.886472 0.924095 1.006548 1.006548 1.006548
1.025433 0.964632 1.009322 1.039584 0.900858 0.903887 0.943053 1.026292 1.026292 1.026292
1.031606 0.970438 1.015398 1.045841 0.906281 0.909327 0.948729 1.021899 1.021898 1.021898
1.019959 0.954263 1.001504 1.030948 0.895534 0.896843 0.933906 1.005534 1.005533 1.005533
1.022810 0.956205 1.003603 1.031521 0.901863 0.902471 0.937433 0.999999 0.999998 0.999998
1.019709 0.943904 0.994896 1.032007 0.885491 0.900250 0.926657 0.989180 0.989179 0.989179
1.029842 0.946331 1.006198 1.042326 0.894801 0.907761 0.937913 1.003913 1.003913 1.003913
1.013014 0.920584 0.982552 1.017692 0.873030 0.874557 0.913238 0.986239 0.986239 0.986239
1.011896 0.933451 1.000763 0.988438 0.885495 0.890766 0.930284 0.989150 0.989149 0.989149
1.022333 0.948209 1.012992 1.007305 0.899998 0.903935 0.933340 1.009603 1.009602 1.009602
1.027472 0.942464 1.016028 1.011305 0.903251 0.893536 0.938464 1.014457 1.014457 1.014457
1.028804 0.947085 1.012822 1.010210 0.897890 0.892960 0.939214 1.012436 1.012435 1.012435
1.023287 0.942007 1.008006 1.004793 0.893615 0.882499 0.934747 0.999548 0.999548 0.999548
1.038725 0.954081 1.019328 1.022042 0.904838 0.896002 0.946616 1.013586 1.013585 1.013585
0.891822 0.922469 0.988670 0.941666 0.839207 0.868985 0.917127 0.982800 0.982800 0.982800
0.949423 0.982049 1.052525 1.002486 0.893409 0.925110 0.976361 1.034800 1.034799 1.034799
0.924307 0.920605 1.026950 0.980208 0.871509 0.901198 0.957580 1.006935 1.006934 1.006934
0.908396 0.904758 1.009273 0.965799 0.858698 0.885685 0.941097 0.978840 0.978839 0.978839
0.903369 0.885288 0.999276 0.958525 0.850119 0.874273 0.929742 0.960836 0.960835 0.960835
0.921018 0.898418 1.010668 0.977097 0.857530 0.859590 0.943356 0.976189 0.976188 0.976188
0.965118 0.943406 1.060053 1.022224 0.901200 0.895544 0.983182 1.025340 1.025339 1.025339
0.965188 0.942631 1.060528 1.019843 0.899439 0.895650 0.977143 1.020766 1.020765 1.020765
0.965066 0.943317 1.060388 1.018838 0.900610 0.889011 0.980021 1.020864 1.020863 1.020863
0.931739 0.903139 1.021279 0.974954 0.873412 0.858685 0.944147 0.993355 0.993354 0.993354
0.968398 0.937022 1.061371 1.012551 0.907547 0.887707 0.976559 1.030871 1.030870 1.030870
0.947660 0.925951 1.037673 1.008614 0.899902 0.875866 0.960735 1.027563 1.027563 1.027563
0.929036 0.901298 1.036285 1.007265 0.887073 0.848362 0.933904 1.025766 1.025765 1.025765
0.881218 0.883159 1.017381 0.990061 0.875230 0.824434 0.917581 1.012387 1.012386 1.012386
0.917907 0.919930 1.059686 1.032241 0.911670 0.858759 0.948036 1.034282 1.034281 1.034281
0.902476 0.894010 1.035980 0.988699 0.880231 0.844264 0.923955 1.015892 1.015891 1.015891
0.861724 0.850536 0.995347 0.940620 0.870101 0.835123 0.865084 0.985717 0.985716 0.985716
0.928950 0.917330 1.071218 1.013564 0.938175 0.899796 0.932711 1.058435 1.058435 1.058435
0.923766 0.897321 1.056799 1.010183 0.934182 0.896189 0.926049 1.051844 1.051843 1.051843
0.901669 0.873908 1.035016 0.991108 0.912802 0.861061 0.902853 1.031847 1.031846 1.031846
0.919863 0.896999 1.065722 1.019980 0.940605 0.871614 0.917367 1.062164 1.062163 1.062163
0.878186 0.797138 1.015823 0.980509 0.902370 0.835613 0.810418 1.000619 1.000618 1.000618
0.928472 0.842783 1.073990 1.036655 0.954041 0.883461 0.856824 1.020420 1.020419 1.020419
0.953577 0.865570 1.103029 1.064684 0.966823 0.907349 0.879991 1.036615 1.036614 1.036614
0.900334 0.848424 1.069996 0.977997 0.939591 0.890419 0.862558 1.014705 1.014704 1.014704
0.917873 0.866995 1.088270 1.000574 0.959298 0.911749 0.884114 1.043018 1.043017 1.043017
0.923528 0.872180 1.095580 1.006044 0.967938 0.917079 0.891366 1.048652 1.048651 1.048651
0.897419 0.858974 1.084991 0.985536 0.948045 0.909177 0.873195 1.020495 1.020494 1.020494
0.905237 0.873213 1.100251 1.001274 0.963451 0.924263 0.890568 1.039086 1.039085 1.039085
0.908067 0.855871 1.097882 0.996239 0.969933 0.927832 0.893075 1.046215 1.046214 1.046214
0.807307 0.760404 0.976060 0.704490 0.862308 0.824879 0.761103 0.924563 0.924562 0.924562
0.936665 0.882464 1.124813 0.817524 0.999516 0.955837 0.879330 1.068839 1.068839 1.068839
0.930125 0.872827 1.117605 0.810076 0.988348 0.946768 0.864871 1.067631 1.067629 1.067629
0.942563 0.888169 1.136365 0.823284 1.004907 0.956432 0.878229 1.083946 1.083945 1.083945
0.900070 0.851171 1.088448 0.788988 0.958504 0.912210 0.839356 1.036038 1.036037 1.036037
0.924613 0.871994 1.118054 0.805461 0.971185 0.934818 0.862848 1.067356 1.067355 1.067355
0.934218 0.879679 1.125868 0.812548 0.979570 0.946510 0.875861 1.078489 1.078488 1.078488
0.942381 0.887366 1.135706 0.820585 0.989260 0.955872 0.883514 1.073368 1.073367 1.073367
0.940303 0.886914 1.131956 0.821857 0.990051 0.948124 0.882402 1.076582 1.076581 1.076581
0.935882 0.878397 1.126689 0.816135 0.987241 0.940973 0.878311 1.065198 1.065197 1.065197
0.901567 0.826620 1.050148 0.768853 0.927336 0.906134 0.842164 1.015960 1.015958 1.015958
0.960585 0.876558 1.119984 0.820750 0.981888 0.964946 0.896626 1.086938 1.086937 1.086937
0.934059 0.839843 1.091663 0.805108 0.961569 0.925817 0.871867 1.051511 1.051510 1.051510
0.933636 0.823416 1.093635 0.785741 0.939844 0.909461 0.854814 1.053309 1.053308 1.053308
0.923256 0.827467 1.087992 0.794708 0.929821 0.918939 0.859924 1.058410 1.058409 1.058409
0.955472 0.846127 1.123838 0.820428 0.960557 0.940988 0.886973 1.093959 1.093958 1.093958
0.937820 0.828754 1.099737 0.797084 0.897335 0.924437 0.862177 1.070032 1.070031 1.070031
0.979486 0.865574 1.148597 0.832497 0.937202 0.965508 0.900482 1.114759 1.114757 1.114757
0.962378 0.853334 1.134450 0.821214 0.924722 0.952908 0.887818 1.096250 1.096248 1.096248
0.964648 0.854359 1.134205 0.822004 0.925834 0.950038 0.889746 1.096400 1.096399 1.096399
0.960451 0.854833 1.134019 0.815994 0.923129 0.947778 0.885895 1.095108 1.095107 1.095107
0.950161 0.843809 1.118388 0.800977 0.908209 0.934441 0.870168 1.071701 1.071700 1.071700
0.955026 0.840510 1.126277 0.805250 0.912388 0.930787 0.872651 1.047455 1.047454 1.047454
0.975235 0.849376 1.137401 0.817283 0.928600 0.937989 0.884604 1.074996 1.074995 1.074995
0.952450 0.829153 1.089538 0.800233 0.904022 0.909140 0.865646 1.035621 1.035620 1.035620
0.951979 0.832709 1.095826 0.805367 0.910889 0.918511 0.869359 1.055621 1.055620 1.055620
0.911242 0.860231 1.132044 0.831985 0.940994 0.948869 0.898092 1.083466 1.083465 1.083465
0.912184 0.861635 1.138112 0.833364 0.945382 0.951734 0.895309 1.086557 1.086555 1.086555
0.894955 0.844455 1.120560 0.817853 0.908443 0.933338 0.876587 1.052151 1.052149 1.052149
0.919772 0.862129 1.151241 0.836604 0.935800 0.963267 0.905732 1.084712 1.084710 1.084710
0.931510 0.871336 1.165934 0.847058 0.945794 0.975560 0.914867 1.093167 1.093166 1.093166
0.912209 0.852310 1.106996 0.829507 0.923448 0.952511 0.893252 1.053690 1.053688 1.053688
0.911402 0.855389 0.997262 0.831706 0.926009 0.957729 0.896887 1.053473 1.053471 1.053471
0.900361 0.857075 0.994690 0.833490 0.931183 0.955175 0.907739 1.066371 1.066369 1.066369
0.899168 0.858433 0.956978 0.812138 0.926445 0.942180 0.843870 1.055192 1.055191 1.055191
0.944586 0.901793 1.005315 0.853159 0.973240 0.989771 0.886495 1.089574 1.089572 1.089572
0.925127 0.875676 0.979863 0.843633 0.964321 0.971794 0.872616 1.075870 1.075868 1.075868
0.936414 0.890112 0.985762 0.848692 0.983894 0.983963 0.878420 1.098399 1.098397 1.098397
0.930248 0.891023 0.986375 0.848650 0.983695 0.978708 0.854855 1.099065 1.099063 1.099063
0.931085 0.891848 0.984867 0.850337 0.983705 0.981386 0.855724 1.100203 1.100200 1.100200
0.924535 0.873633 0.977187 0.831661 0.970823 0.976160 0.851168 1.071492 1.071490 1.071490
0.887342 0.860394 0.958947 0.628376 0.948998 0.952725 0.830569 1.059197 1.059194 1.059194
0.748471 0.819078 0.914603 0.597595 0.899776 0.803621 0.700583 0.991140 0.991138 0.991138
0.856039 0.936792 1.041468 0.676573 1.028690 0.904133 0.789875 1.121668 1.121666 1.121666
0.848173 0.942878 1.014132 0.680969 1.035374 0.910007 0.795006 1.101574 1.101572 1.101572
0.866203 0.960870 1.036389 0.701016 1.062087 0.924336 0.812912 1.130511 1.130510 1.130510
0.872345 0.957123 1.044760 0.707050 1.062937 0.920500 0.818288 1.135102 1.135101 1.135101
0.841969 0.938335 1.003547 0.690691 1.035713 0.900848 0.798783 1.116329 1.116328 1.116328
0.854889 0.954724 1.023351 0.702871 1.048131 0.911258 0.813981 1.117202 1.117201 1.117201
