0.977022 0.983003 0.986111 0.985596 0.986868 0.969436 0.973094 0.985837 0.985837 0.985837
0.937736 0.956927 0.955594 0.959619 0.964158 0.939353 0.956858 0.969525 0.969525 0.969525
0.943046 0.971784 0.960107 0.982335 0.982489 0.952468 0.967399 0.993154 0.993154 0.993154
0.943170 0.969741 0.959353 0.981508 0.980333 0.952150 0.965550 0.974960 0.974960 0.974960
0.954084 0.984497 0.966140 0.990508 0.984516 0.961301 0.976239 0.983002 0.983002 0.983002
0.959627 0.979409 0.972704 0.997763 0.984051 0.956094 0.981445 0.985738 0.985739 0.985739
0.952304 0.971936 0.965871 0.990149 0.977132 0.942738 0.974550 0.970971 0.970972 0.970972
0.960109 0.972755 0.975159 0.998326 0.985704 0.948965 0.984687 0.983735 0.983735 0.983735
0.854813 0.865505 0.868213 0.706991 0.877601 0.844892 0.840396 0.870609 0.870610 0.870610
0.952414 0.964327 0.967344 0.789728 0.980304 0.941360 0.936351 0.959465 0.959466 0.959466
0.959409 0.963300 0.972077 0.788491 0.991936 0.948687 0.941202 0.974105 0.974106 0.974106
0.969169 0.961852 0.976414 0.775959 0.984015 0.958271 0.942472 0.983045 0.983046 0.983046
0.962804 0.960108 0.976082 0.776192 0.985465 0.962266 0.940763 0.995940 0.995941 0.995941
0.946963 0.959627 0.965807 0.780815 0.969696 0.967050 0.941282 0.995364 0.995365 0.995365
0.976849 0.989734 0.996837 0.804901 1.003126 0.997257 0.972956 1.026002 1.026003 1.026003
0.941848 0.949867 0.953450 0.775938 0.956920 0.927260 0.933592 0.985788 0.985789 0.985789
0.971034 0.970504 0.984887 0.800154 0.986065 0.947406 0.960353 0.988283 0.988284 0.988284
0.994632 0.987512 1.008480 0.815770 1.012372 0.974525 0.988974 1.015470 1.015471 1.015471
0.972511 0.969896 0.889092 0.800450 0.993480 0.958918 0.971772 0.993559 0.993560 0.993560
1.017856 1.015119 0.930548 0.837772 1.039803 1.003630 1.017083 1.037269 1.037269 1.037269
0.972898 0.984930 0.906932 0.778609 1.009179 0.978160 0.991399 0.995478 0.995478 0.995478
0.985924 0.994158 0.919607 0.787343 1.018374 0.988754 0.995100 1.014750 1.014750 1.014750
1.000035 1.008388 0.932769 0.799525 1.034131 1.004053 1.009343 1.015514 1.015513 1.015513
0.994419 1.006968 0.921867 0.790162 1.036548 0.998731 0.998172 1.018529 1.018529 1.018529
0.994961 0.996403 0.920507 0.789762 1.035656 0.982838 0.999175 1.018863 1.018863 1.018863
0.978366 0.978734 0.908350 0.776806 0.997429 0.966010 0.980482 0.988821 0.988820 0.988820
0.961329 0.895185 0.891116 0.768564 0.984842 0.953168 0.891482 0.958742 0.958742 0.958742
1.015879 0.945983 0.941682 0.812176 1.040727 1.007256 0.942069 0.977237 0.977237 0.977237
1.042049 0.971213 0.950077 0.833446 1.065553 1.032336 0.966350 1.001540 1.001540 1.001540
1.024599 0.952843 0.931268 0.813120 1.041940 1.011604 0.943407 0.974157 0.974157 0.974157
1.016282 0.947863 0.889866 0.786900 1.029587 0.991054 0.871064 0.957390 0.957390 0.957390
1.072426 1.000227 0.939026 0.830372 1.086466 1.045805 0.919185 0.999937 0.999937 0.999937
1.070351 0.998291 0.937209 0.828765 1.084363 1.043781 0.917406 0.980970 0.980970 0.980970
1.066170 0.994986 0.937583 0.826043 1.084044 1.041767 0.910051 0.978915 0.978914 0.978914
1.068009 0.998397 0.938168 0.830582 1.089184 1.037391 0.912485 0.985713 0.985712 0.985712
1.047204 0.976894 0.917108 0.806121 1.016454 1.018100 0.886066 0.963164 0.963163 0.963163
1.072071 0.995167 0.938932 0.823390 1.042539 1.039302 0.907167 0.980218 0.980217 0.980217
0.907446 0.794249 0.777985 0.682459 0.832856 0.801292 0.699417 0.838474 0.838473 0.838473
1.085596 0.932013 0.932823 0.797161 0.974294 0.942094 0.820733 1.005254 1.005253 1.005253
1.073786 0.900555 0.892727 0.771082 0.939673 0.931500 0.808022 0.984452 0.984451 0.984451
1.124317 0.948063 0.936500 0.814378 0.989797 0.979649 0.840160 1.041352 1.041351 1.041351
1.054686 0.959813 0.948107 0.824472 1.002065 0.991791 0.850574 1.047449 1.047448 1.047448
1.032515 0.937545 0.931322 0.811305 0.982039 0.955745 0.831731 1.030586 1.030585 1.030585
1.037668 0.934182 0.931462 0.823209 0.998465 0.962906 0.840103 1.044214 1.044213 1.044213
1.035201 0.947359 0.948992 0.838701 0.950859 0.981027 0.849479 1.061295 1.061294 1.061294
1.004800 0.917479 0.903864 0.802694 0.897943 0.899782 0.814853 1.003493 1.003491 1.003491
1.062943 0.960483 0.945601 0.843973 0.946748 0.939336 0.855705 1.066896 1.066894 1.066894
1.048778 0.912529 0.935065 0.836345 0.935993 0.927394 0.850561 1.052165 1.052164 1.052164
1.068950 0.934662 0.957056 0.849896 0.955364 0.947102 0.866939 1.075818 1.075816 1.075816
1.075121 0.943959 0.965823 0.857276 0.964087 0.949593 0.873727 1.084067 1.084066 1.084066
1.068585 0.922907 0.952345 0.853989 0.959502 0.945313 0.867051 1.076777 1.076775 1.076775
1.060745 0.907101 0.940006 0.850702 0.938016 0.938916 0.853384 1.060529 1.060527 1.060527
1.064450 0.907786 0.943228 0.848364 0.928430 0.939918 0.856965 1.067301 1.067299 1.067299
1.020590 0.903591 0.929159 0.791365 0.916261 0.936673 0.853005 1.060931 1.060929 1.060929
1.039457 0.907886 0.945609 0.793877 0.927504 0.955632 0.870271 1.059802 1.059800 1.059800
0.910671 0.895726 0.935892 0.746377 0.877793 0.945740 0.860374 1.048592 1.048591 1.048591
0.960371 0.944845 0.980307 0.787257 0.924808 0.996088 0.903499 1.101832 1.101830 1.101830
0.962280 0.947532 0.982249 0.788144 0.927969 0.990794 0.908076 1.104267 1.104265 1.104265
0.960796 0.924391 0.975572 0.780531 0.929865 0.989991 0.906394 1.106668 1.106666 1.106666
0.956015 0.926836 0.977759 0.781757 0.931182 0.986299 0.883506 1.109132 1.109130 1.109130
0.967882 0.938792 0.988256 0.791120 0.942937 0.998013 0.894606 1.118482 1.118480 1.118480
0.940921 0.923710 0.970799 0.778768 0.917387 0.982988 0.886025 1.095700 1.095698 1.095698
0.959337 0.937324 0.990765 0.795528 0.929517 1.001702 0.902694 1.121760 1.121759 1.121759
0.951811 0.928945 0.978656 0.787448 0.923143 0.986667 0.895273 1.113193 1.113192 1.113192
0.909944 0.873808 0.931497 0.751299 0.878583 0.936295 0.850272 1.050467 1.050466 1.050466
0.965388 0.925980 0.985716 0.795966 0.931040 0.988023 0.901912 1.112003 1.112002 1.112002
0.960677 0.916449 0.978532 0.789719 0.925965 0.980776 0.893576 1.101289 1.101288 1.101288
0.918529 0.852756 0.955182 0.767744 0.893775 0.946196 0.848873 1.064830 1.064829 1.064829
0.763816 0.800320 0.898122 0.719804 0.835428 0.786823 0.705892 0.982314 0.982313 0.982313
0.887151 0.929550 1.043092 0.836810 0.970327 0.913873 0.813227 1.119016 1.119014 1.119014
0.895933 0.937913 1.053814 0.843064 0.977947 0.922963 0.816174 1.124971 1.124970 1.124970
0.905094 0.947503 1.064590 0.851685 0.987947 0.932400 0.824519 1.124008 1.124006 1.124006
0.865031 0.919816 1.012590 0.823840 0.953226 0.903568 0.796992 1.094604 1.094603 1.094603
0.886113 0.940763 1.033778 0.842589 0.974761 0.927529 0.820207 1.121327 1.121325 1.121325
0.825759 0.905659 0.997115 0.813669 0.944875 0.885555 0.791734 1.087286 1.087285 1.087285
0.842387 0.913688 1.009788 0.823898 0.956072 0.884800 0.799492 1.107753 1.107752 1.107752
0.800395 0.864984 0.965413 0.779980 0.940424 0.870919 0.744872 1.069567 1.069565 1.069565
0.860128 0.927903 1.037374 0.837560 1.010352 0.930921 0.796599 1.147644 1.147642 1.147642
0.865218 0.933395 1.043514 0.842517 1.002833 0.936430 0.801314 1.141884 1.141882 1.141882
0.828797 0.897310 1.002638 0.809946 0.959518 0.895927 0.768240 1.094829 1.094827 1.094827
0.837338 0.900111 1.031896 0.833581 0.974742 0.894312 0.769607 1.126313 1.126311 1.126311
0.841934 0.905052 1.033019 0.829688 0.979714 0.884563 0.762828 1.120592 1.120590 1.120590
0.837124 0.912040 1.046784 0.831643 0.981855 0.897298 0.764625 1.115818 1.115816 1.115816
0.829270 0.903071 1.017090 0.825951 0.969552 0.882152 0.758951 1.090337 1.090335 1.090335
0.862361 0.937008 1.053659 0.860670 1.005729 0.917546 0.787377 1.132681 1.132679 1.132679
0.866755 0.942819 1.052833 0.866353 1.005986 0.912420 0.789968 1.136538 1.136536 1.136536
0.856716 0.929914 1.041342 0.863179 0.998759 0.896986 0.781786 1.128888 1.128886 1.128886
0.853409 0.928513 1.034878 0.862887 0.996360 0.897445 0.782978 1.133820 1.133818 1.133818
0.857046 0.935626 1.044735 0.870016 1.004834 0.905321 0.789038 1.139652 1.139651 1.139651
0.868330 0.945995 1.058490 0.881238 1.015970 0.917240 0.797314 1.148994 1.148992 1.148992
0.850263 0.925258 1.004895 0.862903 0.991879 0.895490 0.778408 1.107403 1.107401 1.107401
0.863301 0.938732 1.019592 0.874177 1.011378 0.912376 0.791117 1.115077 1.115075 1.115075
0.841296 0.929286 0.976496 0.865381 1.001201 0.903195 0.783156 1.077083 1.077082 1.077082
0.869463 0.948945 1.007291 0.892168 1.032884 0.923603 0.806688 1.111740 1.111738 1.111738
0.871929 0.953627 1.011094 0.893250 1.038821 0.920870 0.804603 1.117519 1.117517 1.117517
0.850928 0.917000 0.989102 0.879406 1.021014 0.886734 0.785224 1.085018 1.085016 1.085016
0.868265 0.935706 1.006805 0.898298 1.040890 0.906460 0.801315 1.107273 1.107272 1.107272
0.861374 0.935519 1.004116 0.897581 1.040347 0.906293 0.803771 1.108838 1.108837 1.108837
0.855054 0.930595 1.001058 0.893005 1.029301 0.896287 0.800766 1.084915 1.084914 1.084914
0.818088 0.913626 0.979299 0.672614 1.003011 0.872031 0.778941 1.069110 1.069109 1.069109
