0.963365 0.972814 0.962465 0.980618 0.976154 0.971315 0.968494 0.981288 0.981288 0.981288
0.975432 0.983268 0.974439 0.992155 0.988131 0.978233 0.975894 0.992071 0.992072 0.992072
0.862263 0.868620 0.861385 0.697611 0.873489 0.864739 0.826952 0.871727 0.871727 0.871727
0.999297 1.006663 0.998229 0.809229 1.012307 1.002167 0.950604 0.990859 0.990860 0.990860
0.971449 0.970442 0.968051 0.779719 0.988514 0.974664 0.922130 0.970816 0.970816 0.970816
1.002460 0.991013 0.987915 0.799711 1.016681 0.992556 0.944612 1.006841 1.006841 1.006841
0.990325 0.976964 0.973003 0.781999 0.955929 0.981426 0.924162 0.991210 0.991210 0.991210
0.995898 0.968042 0.980819 0.793319 0.968149 0.973819 0.929363 0.991683 0.991683 0.991683
1.019734 0.992896 1.003189 0.815363 0.994306 0.991229 0.952509 1.020709 1.020709 1.020709
0.985510 0.974763 0.952828 0.800473 0.976148 0.973127 0.935114 0.977764 0.977765 0.977765
0.990927 0.968792 0.952647 0.784103 0.963869 0.978407 0.932039 0.982168 0.982169 0.982169
1.014199 0.999139 0.982094 0.807799 0.992845 1.002640 0.934491 1.012512 1.012513 1.012513
1.015312 0.994796 0.980792 0.806272 0.993364 1.001265 0.931416 1.008780 1.008781 1.008781
1.025340 1.006723 0.991408 0.812917 1.006088 1.005310 0.935531 1.021143 1.021143 1.021143
1.022862 0.987898 0.981175 0.812784 1.004993 1.004467 0.931803 1.018013 1.018013 1.018013
0.979018 0.880164 0.937627 0.783332 0.966609 0.965443 0.825278 0.961481 0.961481 0.961481
1.031349 0.927211 0.988349 0.825203 1.018892 1.010552 0.869922 1.005372 1.005373 1.005373
1.004636 0.906435 0.965688 0.806712 0.991365 0.983188 0.848116 0.980239 0.980240 0.980240
0.982024 0.909182 0.965161 0.620780 0.986970 0.977301 0.842871 0.986882 0.986883 0.986883
1.039581 0.967211 1.026026 0.655210 1.046316 1.036629 0.892292 1.048052 1.048052 1.048052
1.037651 0.968894 1.019568 0.652440 1.036832 1.032700 0.890194 1.042670 1.042671 1.042671
1.040283 0.969837 1.018715 0.653066 1.037656 1.037490 0.896597 1.045357 1.045358 1.045358
1.032972 0.961924 0.980743 0.648476 1.027306 1.027141 0.887653 1.021695 1.021696 1.021696
1.031576 0.950012 0.972288 0.642797 1.017584 1.004649 0.877471 1.019002 1.019003 1.019003
1.047457 0.962510 0.984192 0.647620 1.027559 1.016653 0.884640 1.023540 1.023541 1.023541
1.067418 0.970147 1.003930 0.660955 1.040601 1.024463 0.901071 1.039907 1.039908 1.039908
1.042362 0.950135 0.944445 0.629739 1.012344 0.988114 0.819093 1.006184 1.006185 1.006185
1.055674 0.961830 0.938175 0.639415 1.022014 0.993158 0.831195 1.005194 1.005195 1.005195
1.072094 0.988637 0.962756 0.657538 1.038721 1.021888 0.859982 1.028691 1.028693 1.028693
1.081262 1.003195 0.980022 0.668981 1.058161 1.022624 0.863849 1.046848 1.046850 1.046850
1.067009 0.981077 0.968964 0.660303 1.043674 1.000078 0.850540 1.004535 1.004536 1.004536
0.869241 0.902024 0.892552 0.606482 0.955701 0.814715 0.692894 0.907844 0.907845 0.907845
0.997866 1.021538 1.023840 0.685759 1.090425 0.936883 0.796795 1.022176 1.022178 1.022178
1.009860 1.031615 1.036846 0.699561 1.108441 0.943027 0.807371 1.039539 1.039541 1.039541
1.022741 1.039821 1.051096 0.709839 1.115587 0.954555 0.817061 1.057148 1.057150 1.057150
1.024615 1.041726 1.053022 0.711140 1.102788 0.956305 0.818558 1.047570 1.047571 1.047571
1.009536 1.023596 1.037458 0.696317 1.071711 0.939954 0.807078 1.035129 1.035131 1.035131
1.014931 1.026766 1.042045 0.699356 1.074932 0.944536 0.809733 1.021461 1.021462 1.021462
1.026271 1.033126 1.053740 0.705564 1.088978 0.952365 0.818834 1.026780 1.026781 1.026781
1.035942 1.030423 1.061669 0.710472 1.097288 0.951213 0.823804 1.035148 1.035149 1.035149
1.053387 1.047776 1.079548 0.722437 1.115767 0.967232 0.837677 1.049931 1.049932 1.049932
0.996837 0.991527 1.021593 0.685401 1.058567 0.915307 0.792707 0.982761 0.982762 0.982762
1.010751 1.018951 1.055686 0.700609 1.081869 0.946854 0.810295 0.997935 0.997936 0.997936
1.026328 1.027110 1.073467 0.711450 1.099171 0.959930 0.824583 1.018289 1.018290 1.018290
0.960018 1.036872 1.083670 0.718213 1.109619 0.969054 0.832421 1.021328 1.021329 1.021329
0.945714 0.983534 1.069887 0.710587 1.095265 0.955209 0.826098 1.005621 1.005622 1.005622
0.957217 0.997849 1.080350 0.721773 1.110212 0.971071 0.840666 1.026262 1.026262 1.026262
0.963488 1.005245 1.087421 0.725878 1.119081 0.970310 0.848772 1.033215 1.033215 1.033215
0.927307 0.982723 1.041569 0.707077 1.087334 0.946908 0.826197 1.013252 1.013252 1.013252
0.941272 1.005301 1.062866 0.722889 1.111957 0.968679 0.847937 1.038204 1.038204 1.038204
0.941307 1.004575 1.062164 0.721301 1.116735 0.972076 0.848798 1.029648 1.029649 1.029649
0.906641 0.983271 1.029210 0.710566 1.076100 0.956670 0.831672 1.007734 1.007735 1.007735
0.912988 0.971228 1.038759 0.698644 1.059631 0.946777 0.821486 1.016986 1.016987 1.016987
0.935164 0.985007 1.057966 0.718128 1.068907 0.970329 0.834297 1.033551 1.033552 1.033552
0.952209 1.002064 1.077654 0.729461 1.086184 0.988061 0.844224 1.047619 1.047620 1.047620
0.956174 1.010414 1.085786 0.734618 1.094348 0.989076 0.849474 1.053964 1.053965 1.053965
0.798422 0.795533 0.887523 0.600663 0.862445 0.752276 0.646097 0.889388 0.889388 0.889388
0.967029 0.965543 1.079594 0.729149 1.041120 0.907739 0.785373 1.061754 1.061755 1.061755
0.974323 0.968967 1.088366 0.733075 1.044545 0.912277 0.783758 1.076066 1.076066 1.076066
0.988886 0.983449 1.104633 0.744032 1.060158 0.925913 0.795473 1.073511 1.073511 1.073511
0.987134 0.959212 1.096873 0.736676 1.062080 0.924951 0.793817 1.075600 1.075600 1.075600
0.986385 0.958508 1.093381 0.736916 1.060330 0.925943 0.793307 1.074928 1.074928 1.074928
0.983551 0.955753 1.090239 0.734799 1.057283 0.923283 0.791027 1.033849 1.033850 1.033850
1.003698 0.973151 1.108347 0.751387 1.076253 0.942394 0.805330 1.053942 1.053943 1.053943
0.983317 0.945253 1.080612 0.743221 1.066712 0.925556 0.792961 1.041000 1.041001 1.041001
0.970187 0.946711 1.087144 0.713006 1.068674 0.931151 0.797857 1.031269 1.031271 1.031271
0.937363 0.949581 1.079161 0.670214 1.062776 0.935071 0.800275 1.032996 1.032997 1.032997
0.920313 0.917323 1.054875 0.656702 1.038770 0.911277 0.780559 1.001092 1.001093 1.001093
0.978926 0.975746 1.122059 0.699325 1.106191 0.970423 0.830271 1.050615 1.050615 1.050615
0.990786 0.985537 1.135653 0.707612 1.117291 0.982181 0.838110 1.058129 1.058129 1.058129
0.978134 0.971877 1.116205 0.696948 1.104120 0.962636 0.827093 1.044835 1.044835 1.044835
0.988109 0.982260 1.125718 0.703751 1.115611 0.971936 0.835652 1.051337 1.051337 1.051337
0.978185 0.976510 1.107608 0.692413 1.113240 0.962480 0.822724 1.049764 1.049764 1.049764
0.840332 0.944703 1.074918 0.638330 1.033094 0.934001 0.797557 1.018471 1.018471 1.018471
0.847952 0.931224 1.049458 0.629898 1.016477 0.942121 0.801039 1.017509 1.017510 1.017510
0.904464 0.994167 1.101015 0.672158 1.082205 1.004065 0.854435 1.084378 1.084378 1.084378
0.836509 0.949858 1.053965 0.644197 1.041120 0.951404 0.818559 1.043536 1.043537 1.043537
0.871248 0.989127 1.098341 0.670486 1.087422 0.990604 0.854281 1.086053 1.086053 1.086053
0.871933 0.990150 1.091785 0.671138 1.087230 0.990125 0.851344 1.082987 1.082987 1.082987
0.871606 0.993129 1.097095 0.673557 1.091413 0.994202 0.853973 1.083531 1.083531 1.083531
0.826972 0.917015 1.062698 0.649790 1.045388 0.951790 0.805026 1.039621 1.039621 1.039621
0.842114 0.927166 1.102375 0.674050 1.070390 0.957602 0.812848 1.077991 1.077991 1.077991
0.862113 0.948089 1.125657 0.689097 1.094546 0.975092 0.831997 1.101147 1.101147 1.101147
0.870209 0.956992 1.136227 0.695568 1.104824 0.984248 0.839810 1.099295 1.099294 1.099294
0.847052 0.935719 0.997238 0.679454 1.079361 0.964157 0.821514 1.070768 1.070768 1.070768
0.871939 0.956839 1.026191 0.696150 1.113652 0.996674 0.850193 1.105680 1.105679 1.105679
0.867929 0.953008 1.025887 0.693380 1.112550 0.994059 0.842790 1.102595 1.102595 1.102595
0.854040 0.953252 1.030919 0.696782 1.045035 0.998935 0.840558 1.105327 1.105326 1.105326
0.851369 0.955440 1.029633 0.700634 1.048018 1.000216 0.832099 1.113171 1.113170 1.113170
0.866306 0.972203 1.047698 0.712926 1.066406 1.017765 0.846698 1.121105 1.121104 1.121104
0.824862 0.938890 1.007204 0.688618 1.033583 0.978343 0.825953 1.093791 1.093790 1.093790
0.815416 0.923854 0.987724 0.680624 1.010904 0.932675 0.812574 1.077491 1.077490 1.077490
0.834522 0.944487 1.014437 0.696767 1.013304 0.954098 0.829898 1.088375 1.088375 1.088375
0.825975 0.932720 0.985234 0.679992 0.975767 0.892325 0.811756 1.049375 1.049374 1.049374
0.881429 0.996436 1.045231 0.726734 1.036264 0.942114 0.864700 1.117945 1.117944 1.117944
0.845936 0.960889 1.009430 0.702292 1.002587 0.913949 0.833853 1.094189 1.094188 1.094188
0.847286 0.960280 1.014467 0.707042 1.005250 0.901079 0.834218 1.101446 1.101444 1.101444
0.867872 0.972762 1.037016 0.723460 1.028227 0.907790 0.854880 1.127962 1.127961 1.127961
0.858697 0.962478 1.021562 0.708580 1.016964 0.883553 0.833815 1.104308 1.104307 1.104307
0.811960 0.906782 0.971963 0.667576 0.995498 0.865499 0.773106 1.061101 1.061100 1.061100
