0.990801 0.990801 0.988573 0.988573 0.992139 0.988573 0.989264 0.989264 0.989264 0.989264
0.982665 0.984494 0.981363 0.978790 0.985999 0.982294 0.983688 0.983688 0.983688 0.983688
0.939076 0.940853 0.959052 0.931121 0.963367 0.940500 0.966005 0.966005 0.966005 0.966005
0.916899 0.945114 0.941253 0.926121 0.971632 0.944660 0.975786 0.975786 0.975786 0.975786
0.926025 0.937988 0.950400 0.933138 0.981609 0.951136 0.980963 0.980963 0.980963 0.980963
0.945407 0.961214 0.973521 0.958240 1.006606 0.969354 1.005584 1.005584 1.005584 1.005584
0.960179 0.976233 0.981176 0.973212 1.022334 0.984500 1.021296 1.021296 1.021296 1.021296
0.941750 0.953730 0.962532 0.948637 1.002166 0.965070 1.000438 1.000438 1.000438 1.000438
0.936078 0.949844 0.958204 0.946969 0.996141 0.963977 0.992599 0.992599 0.992599 0.992599
0.944869 0.954491 0.966379 0.952727 1.003140 0.970398 0.999059 0.999059 0.999059 0.999059
0.950799 0.958381 0.972022 0.956556 1.010138 0.972309 1.006869 1.006869 1.006868 1.006868
0.941689 0.952608 0.966167 0.950795 1.004053 0.962560 0.992538 0.992538 0.992538 0.992538
0.942464 0.949571 0.967033 0.950726 1.003752 0.958881 0.992047 0.992047 0.992046 0.992046
0.900469 0.742984 0.923758 0.905262 0.953483 0.924427 0.964667 0.964667 0.964667 0.964667
0.960898 0.794743 0.982049 0.964415 1.016768 0.988177 1.033375 1.033375 1.033375 1.033375
0.926021 0.761837 0.903881 0.930313 0.977863 0.886439 1.008872 1.008872 1.008871 1.008871
0.957038 0.788500 0.933669 0.963373 1.006645 0.915672 1.045185 1.045185 1.045184 1.045184
0.829905 0.683755 0.809640 0.835398 0.872922 0.794034 0.906343 0.906343 0.906342 0.906342
0.975304 0.803549 0.942658 0.981760 1.025858 0.924489 1.065033 1.065033 1.065032 1.065032
0.911811 0.736974 0.851299 0.892149 0.938397 0.852012 1.003777 1.003777 1.003776 1.003776
0.972504 0.788039 0.911101 0.953856 1.004406 0.911344 1.069766 1.069766 1.069765 1.069765
0.984032 0.799332 0.922102 0.960370 1.018927 0.921796 1.084967 1.084967 1.084966 1.084966
0.946126 0.727765 0.839542 0.932689 0.974684 0.894950 1.056149 1.056149 1.056149 1.056149
0.968299 0.747659 0.861049 0.952372 0.998384 0.920174 1.081725 1.081725 1.081724 1.081724
0.941182 0.727219 0.838543 0.916561 0.964347 0.894243 1.049238 1.049238 1.049237 1.049237
0.974675 0.756025 0.871155 0.952012 1.000334 0.922789 1.089873 1.089873 1.089873 1.089873
0.916385 0.710811 0.819056 0.895078 0.940509 0.867602 0.982031 0.982031 0.982031 0.982031
0.970253 0.746402 0.860067 0.939895 0.987602 0.911044 1.020415 1.020415 1.020415 1.020415
0.998756 0.763580 0.884318 0.963777 1.016475 0.935582 1.046360 1.046360 1.046360 1.046360
0.964951 0.736887 0.855266 0.934140 0.987131 0.891251 1.016840 1.016840 1.016840 1.016840
0.986237 0.758765 0.883383 0.953387 1.009129 0.918466 1.038192 1.038192 1.038192 1.038192
1.001038 0.769489 0.904926 0.976638 1.033739 0.932250 1.061612 1.061612 1.061612 1.061612
0.978572 0.676010 0.794995 0.954720 1.010540 0.911328 1.037787 1.037787 1.037787 1.037787
1.019715 0.705505 0.827957 0.994930 1.052741 0.950612 1.083115 1.083115 1.083115 1.083115
1.009550 0.697023 0.819049 0.983228 1.036390 0.941081 1.069446 1.069446 1.069446 1.069446
1.011940 0.698674 0.820988 0.985557 1.038844 0.943309 1.060093 1.060093 1.060093 1.060093
1.013846 0.699144 0.821631 0.985073 1.035281 0.945843 1.066877 1.066877 1.066877 1.066877
1.013645 0.694663 0.821477 0.985718 1.036775 0.946640 1.063620 1.063620 1.063620 1.063620
0.993496 0.683175 0.785774 0.969837 1.018065 0.926382 1.058747 1.058747 1.058747 1.058747
1.030701 0.708759 0.815200 1.006156 1.056190 0.961074 1.096804 1.096804 1.096804 1.096804
1.011711 0.691669 0.801821 0.979043 1.037789 0.941795 1.078813 1.078813 1.078813 1.078813
0.939144 0.643042 0.742803 0.893210 0.961402 0.868743 1.020706 1.020706 1.020706 1.020706
0.883278 0.684408 0.790587 0.950669 1.023248 0.924628 1.078968 1.078968 1.078968 1.078968
0.919932 0.712809 0.823394 0.990119 1.063286 0.962997 1.122302 1.122302 1.122302 1.122302
0.896498 0.695961 0.803912 0.966750 1.034582 0.937982 1.093776 1.093776 1.093776 1.093776
0.892608 0.695141 0.790344 0.959938 1.034567 0.929845 1.101870 1.101870 1.101870 1.101870
0.907428 0.707333 0.804580 0.975749 1.050890 0.946727 1.122771 1.122771 1.122771 1.122771
0.876355 0.609219 0.778944 0.941388 1.013745 0.914344 1.083556 1.083556 1.083556 1.083556
0.896062 0.628467 0.799807 0.968855 1.041076 0.931169 1.111006 1.111006 1.111006 1.111006
0.902824 0.631918 0.808801 0.976462 1.048142 0.938948 1.122329 1.122329 1.122329 1.122329
0.895681 0.619426 0.799287 0.964573 1.035339 0.925654 1.110140 1.110140 1.110140 1.110140
0.911793 0.630218 0.812352 0.980674 1.052399 0.943247 1.130879 1.130879 1.130879 1.130879
0.852986 0.583390 0.764139 0.939821 0.991842 0.887265 1.078803 1.078803 1.078802 1.078802
0.877487 0.598148 0.783914 0.968508 1.018993 0.910649 1.102748 1.102748 1.102748 1.102748
0.901030 0.614197 0.804947 0.994493 1.046333 0.935082 1.121952 1.121952 1.121952 1.121952
0.878875 0.621764 0.814865 1.006747 1.059225 0.946604 1.133448 1.133448 1.133449 1.133449
0.874695 0.622389 0.814082 1.004999 1.053767 0.945687 1.138748 1.138748 1.138749 1.138749
0.878786 0.622509 0.817622 1.008864 1.056357 0.947234 1.143337 1.143337 1.143337 1.143337
0.871758 0.619883 0.812859 1.003283 1.052938 0.942940 1.143217 1.143217 1.143217 1.143217
0.862841 0.610029 0.801203 0.992043 1.042108 0.927387 1.136132 1.136132 1.136132 1.136132
0.805790 0.568266 0.726119 0.939369 0.963413 0.882416 1.084296 1.084296 1.084296 1.084296
0.803610 0.560261 0.728241 0.903160 0.956247 0.878180 1.091901 1.091901 1.091901 1.091901
0.828132 0.572896 0.745206 0.922995 0.983430 0.890086 1.141143 1.141143 1.141144 1.141144
0.836186 0.578461 0.666048 0.931382 0.985911 0.898502 1.150529 1.150529 1.150530 1.150530
0.826571 0.571810 0.658389 0.920672 0.974574 0.888170 1.098545 1.098545 1.098546 1.098546
0.868763 0.600998 0.691997 0.967669 1.024322 0.933508 1.136401 1.136401 1.136402 1.136402
0.882599 0.610569 0.703017 0.983079 1.040635 0.948374 1.141409 1.141409 1.141409 1.141409
0.877741 0.607209 0.699148 0.977669 0.846990 0.943155 1.133174 1.133174 1.133174 1.133174
0.906858 0.628657 0.723561 1.010068 0.875695 0.975833 1.179096 1.179096 1.179096 1.179096
0.848429 0.582354 0.664346 0.938196 0.821585 0.908041 1.089072 1.089072 1.089072 1.089072
0.915641 0.629875 0.719141 1.010210 0.886051 0.980189 1.181370 1.181370 1.181371 1.181371
0.905720 0.622229 0.703357 0.987013 0.869294 0.968895 1.163087 1.163087 1.163087 1.163087
0.882330 0.606160 0.685193 0.961524 0.846844 0.943873 1.099152 1.099152 1.099153 1.099153
0.923108 0.633655 0.716997 0.993919 0.862270 0.985746 1.154264 1.154264 1.154265 1.154265
0.899752 0.617623 0.698856 0.968772 0.840453 0.960806 1.093351 1.093351 1.093352 1.093352
0.941350 0.648758 0.729427 1.014081 0.878817 1.005177 1.149860 1.149860 1.149861 1.149861
0.936689 0.644982 0.722339 1.003008 0.877082 0.985530 1.148817 1.148817 1.148818 1.148818
0.922576 0.635264 0.711456 0.987895 0.863867 0.970681 1.108158 1.108158 1.108159 1.108159
0.947196 0.653771 0.730147 1.012138 0.885597 0.991151 1.141407 1.141407 1.141408 1.141408
0.951782 0.656580 0.736026 1.021488 0.887454 0.995730 1.154396 1.154396 1.154397 1.154397
0.948277 0.657413 0.734279 1.020996 0.884953 0.993708 1.154872 1.154872 1.154873 1.154873
0.927089 0.636458 0.704207 0.998102 0.841783 0.960955 1.131663 1.131663 1.131665 1.131665
0.955958 0.656277 0.726136 1.029182 0.867996 0.990880 1.160420 1.160420 1.160421 1.160421
0.939847 0.616035 0.713898 0.948067 0.853367 0.974180 1.124929 1.124929 1.124931 1.124931
0.946008 0.613329 0.727822 0.965488 0.870927 0.993951 1.143363 1.143363 1.143365 1.143365
0.951205 0.619227 0.730088 0.973266 0.849669 0.960952 1.154613 1.154613 1.154615 1.154615
0.969974 0.630090 0.744546 0.990786 0.866589 0.980248 1.178858 1.178858 1.178860 1.178860
0.971859 0.629809 0.746499 0.994003 0.870151 0.982727 1.184942 1.184942 1.184943 1.184943
0.961723 0.623240 0.738713 0.983636 0.861076 0.972478 1.162104 1.162104 1.162106 1.162106
0.947258 0.616897 0.733197 0.973482 0.851420 0.960300 1.147133 1.147133 1.147135 1.147135
0.958479 0.623331 0.740103 0.972351 0.860458 0.970798 1.159287 1.159287 1.159289 1.159289
0.969252 0.630337 0.748421 0.983279 0.870129 0.981710 1.164441 1.164441 1.164443 1.164443
0.956162 0.621974 0.739397 0.971770 0.858539 0.968390 1.140612 1.140612 1.140614 1.140614
0.979903 0.637417 0.757755 0.995898 0.879856 0.992434 1.163981 1.163981 1.163984 1.163984
0.943750 0.610451 0.725698 0.959155 0.842633 0.955819 1.118235 1.118235 1.118238 1.118238
0.955903 0.619061 0.735205 0.973597 0.859503 0.976200 1.136286 1.136286 1.136288 1.136288
0.969486 0.626557 0.748393 0.981376 0.875143 0.993065 1.154610 1.154610 1.154613 1.154613
0.968290 0.627138 0.747481 0.981852 0.877365 0.993290 1.154495 1.154495 1.154498 1.154498
0.966576 0.625590 0.746283 0.978673 0.872527 0.983006 1.146756 1.146756 1.146759 1.146759
0.959752 0.621174 0.741015 0.971764 0.866367 0.976067 1.119808 1.119808 1.119811 1.119811
