0.983703 0.983170 0.986845 0.988007 0.981016 0.983486 0.990104 0.990104 0.990104 0.990104
0.973786 0.967214 0.976908 0.978882 0.972722 0.974585 0.977325 0.977325 0.977325 0.977325
0.978706 0.970088 0.985452 0.977794 0.981479 0.982471 0.984119 0.984119 0.984119 0.984119
0.973764 0.968868 0.982566 0.970640 0.977363 0.982047 0.979897 0.979897 0.979897 0.979897
0.938462 0.932670 0.947920 0.938448 0.946783 0.933183 0.949880 0.949880 0.949880 0.949880
0.972429 0.966427 0.982229 0.972415 0.981051 0.966959 0.973100 0.973100 0.973100 0.973100
0.996122 0.989974 1.006162 0.996108 1.004955 0.990519 0.995364 0.995364 0.995364 0.995364
0.977226 0.965192 0.985943 0.973445 0.985757 0.969424 0.972736 0.972736 0.972735 0.972735
0.983977 0.973668 0.993672 0.978505 0.994591 0.977952 0.981999 0.981999 0.981998 0.981998
0.976205 0.969448 0.989366 0.974264 0.990280 0.969792 0.969668 0.969668 0.969667 0.969667
0.950080 0.938501 0.919624 0.949112 0.961811 0.878552 0.956040 0.956040 0.956039 0.956039
0.969449 0.947220 0.950446 0.979834 0.995092 0.908701 0.985060 0.985060 0.985059 0.985059
0.987534 0.965777 0.969517 0.997982 1.012831 0.927067 1.005771 1.005771 1.005770 1.005770
0.966648 0.948352 0.937062 0.974219 0.995716 0.903507 0.996105 0.996105 0.996104 0.996104
0.916014 0.889817 0.871455 0.916552 0.946222 0.851568 0.931903 0.931903 0.931902 0.931902
0.972242 0.952849 0.928833 0.979178 1.008698 0.900228 0.991859 0.991859 0.991858 0.991858
0.932456 0.940198 0.895437 0.956658 0.999320 0.888183 0.984143 0.984143 0.984142 0.984142
0.951755 0.963592 0.911807 0.978946 0.989670 0.871679 1.008854 1.008854 1.008853 1.008853
0.943252 0.954971 0.799891 0.969586 0.973831 0.863660 0.998355 0.998355 0.998354 0.998354
0.963657 0.975866 0.818394 0.992368 0.995085 0.882287 1.012757 1.012757 1.012756 1.012756
0.951957 0.967303 0.789004 0.984088 0.984840 0.870222 1.016076 1.016076 1.016075 1.016075
0.968517 0.978495 0.799394 1.000221 1.001914 0.879755 1.037961 1.037961 1.037960 1.037960
0.972058 0.985890 0.804879 1.006876 1.007259 0.879847 1.044918 1.044918 1.044918 1.044918
0.967010 0.978737 0.800060 0.999835 0.996399 0.875227 1.036709 1.036709 1.036708 1.036708
0.850017 0.973583 0.795847 0.994570 0.991152 0.870618 1.024226 1.024226 1.024225 1.024225
0.853478 0.969503 0.792512 0.990402 0.986998 0.866970 1.009265 1.009265 1.009264 1.009264
0.879271 0.993016 0.818138 1.011475 1.017865 0.891684 1.041909 1.041909 1.041908 1.041908
0.871989 0.984791 0.811361 1.003097 1.009435 0.884298 1.016973 1.016973 1.016972 1.016972
0.866409 0.926575 0.763398 1.006732 0.997865 0.887228 1.023037 1.023037 1.023036 1.023036
0.890380 0.955784 0.787129 1.040636 1.030028 0.910187 1.055634 1.055634 1.055633 1.055633
0.827361 0.885910 0.709807 0.980467 0.947496 0.861731 1.002446 1.002446 1.002446 1.002446
0.870860 0.934245 0.748515 1.033997 0.995754 0.906569 1.055212 1.055212 1.055212 1.055212
0.863898 0.927899 0.742696 1.027938 0.994761 0.906821 1.050151 1.050151 1.050151 1.050151
0.858289 0.918804 0.735833 1.023052 0.987006 0.898858 1.036713 1.036713 1.036712 1.036712
0.855318 0.910479 0.729166 1.019511 0.978063 0.895747 1.030542 1.030542 1.030542 1.030542
0.882238 0.941537 0.754714 1.054166 1.012422 0.926604 1.062158 1.062158 1.062157 1.062157
0.881629 0.936694 0.753550 1.049983 1.009352 0.923460 1.058393 1.058393 1.058392 1.058392
0.872307 0.926789 0.745582 1.038880 0.998679 0.913694 1.029862 1.029862 1.029862 1.029862
0.891800 0.952207 0.763245 1.065508 1.021882 0.935661 1.057204 1.057204 1.057203 1.057203
0.897055 0.957818 0.767743 1.071787 1.027904 0.941174 1.058929 1.058929 1.058929 1.058929
0.897850 0.958666 0.766695 1.070324 1.030203 0.939890 1.058223 1.058223 1.058222 1.058222
0.891529 0.951917 0.761297 1.062789 1.022951 0.933273 1.041383 1.041383 1.041383 1.041383
0.893228 0.952909 0.769796 1.074654 1.034371 0.935051 1.051130 1.051130 1.051129 1.051129
0.889834 0.952905 0.768551 1.073231 1.035386 0.934752 1.055467 1.055467 1.055467 1.055467
0.882226 0.941043 0.762130 1.057484 1.025977 0.926248 1.045132 1.045132 1.045132 1.045132
0.883911 0.942181 0.763714 1.057946 1.024080 0.920038 1.041954 1.041954 1.041954 1.041954
0.858010 0.914571 0.741335 1.026945 0.994070 0.893077 0.982915 0.982915 0.982914 0.982914
0.907163 0.964890 0.783858 1.083934 1.051206 0.944563 1.040515 1.040515 1.040514 1.040514
0.898431 0.957591 0.777625 1.073466 1.041811 0.936806 1.037832 1.037832 1.037832 1.037832
0.866600 0.916528 0.744821 1.026841 1.002865 0.888748 1.015230 1.015230 1.015229 1.015229
0.886141 0.925995 0.758658 1.045482 1.021031 0.903066 1.035037 1.035037 1.035037 1.035037
0.905464 0.946187 0.775202 1.068279 1.043296 0.922759 1.051731 1.051731 1.051731 1.051731
0.899172 0.941645 0.769826 1.062681 1.039960 0.917685 1.045609 1.045609 1.045608 1.045608
0.895114 0.936577 0.762683 1.051540 1.038363 0.900145 1.045120 1.045120 1.045120 1.045120
0.900700 0.944679 0.764561 1.056354 1.044123 0.907337 1.055699 1.055699 1.055699 1.055699
0.882843 0.932864 0.757334 1.033937 1.023649 0.896725 1.033695 1.033695 1.033695 1.033695
0.906220 0.953290 0.777132 1.060436 1.048432 0.917683 1.060382 1.060382 1.060381 1.060381
0.895371 0.941878 0.767829 1.047742 1.035881 0.906697 1.036072 1.036072 1.036071 1.036071
0.912866 0.960282 0.775567 1.068214 1.056122 0.915834 1.056216 1.056216 1.056216 1.056216
0.906924 0.951945 0.770184 1.058881 1.049977 0.905979 1.050948 1.050948 1.050947 1.050947
0.909493 0.956095 0.771935 1.061955 1.052666 0.909472 1.055577 1.055577 1.055576 1.055576
0.894160 0.941817 0.760086 1.048530 1.034929 0.898538 1.035888 1.035888 1.035887 1.035887
0.873966 0.921178 0.744347 1.014731 1.005220 0.878086 1.010380 1.010380 1.010379 1.010379
0.848886 0.884530 0.727065 0.950191 0.971740 0.851095 0.990949 0.990949 0.990948 0.990948
0.921944 0.960656 0.783604 1.031967 1.055371 0.924344 1.076234 1.076234 1.076233 1.076233
0.911478 0.949750 0.774709 1.020252 1.043390 0.913850 1.056867 1.056867 1.056867 1.056867
0.782746 0.815613 0.665293 0.876157 0.896027 0.784783 0.907601 0.907601 0.907601 0.907601
0.909781 0.947983 0.773267 1.018353 1.041448 0.912149 1.045227 1.045227 1.045227 1.045227
0.910666 0.952694 0.772177 1.019866 1.041877 0.912991 1.051695 1.051695 1.051695 1.051695
0.894644 0.919723 0.758417 0.999565 1.023866 0.894179 1.028438 1.028438 1.028438 1.028438
0.909157 0.933410 0.762061 1.003327 1.031979 0.908053 1.040217 1.040217 1.040217 1.040217
0.933577 0.958482 0.782529 1.030276 1.057287 0.932443 1.066788 1.066788 1.066787 1.066787
0.878229 0.901657 0.736136 0.969195 0.994605 0.877162 0.969346 0.969346 0.969346 0.969346
0.930719 0.954210 0.778262 1.013918 1.052768 0.928749 1.026012 1.026012 1.026012 1.026012
0.922950 0.946244 0.771765 1.005453 0.854414 0.920995 1.015696 1.015696 1.015697 1.015697
0.957843 0.984186 0.803363 1.041086 0.886097 0.956023 1.059497 1.059497 1.059498 1.059498
0.916808 0.942022 0.768946 0.996484 0.848135 0.915066 0.983768 0.983768 0.983769 0.983769
0.949688 0.876945 0.715825 1.032222 0.878552 0.947884 1.019049 1.019049 1.019050 1.019050
0.909926 0.841516 0.684467 0.972017 0.840065 0.902483 0.995173 0.995173 0.995174 0.995174
0.951216 0.912989 0.742601 1.054575 0.911415 0.979135 1.077485 1.077485 1.077487 1.077487
0.950523 0.911817 0.740863 1.052466 0.909400 0.979399 1.077433 1.077433 1.077434 1.077434
0.891849 0.855533 0.695131 0.987499 0.853265 0.918943 0.968835 0.968835 0.968837 0.968837
0.954081 0.873837 0.743636 0.989827 0.912804 0.983065 1.021964 1.021964 1.021966 1.021966
0.973244 0.892684 0.758175 1.011701 0.927478 1.002308 1.045010 1.045010 1.045012 1.045012
0.992373 0.912457 0.773245 1.026463 0.948140 1.021620 1.068031 1.068031 1.068033 1.068033
0.927128 0.698112 0.722262 0.955702 0.880683 0.963069 1.015523 1.015523 1.015525 1.015525
0.998507 0.750066 0.778395 1.030619 0.950537 1.037821 1.097217 1.097217 1.097220 1.097220
0.980651 0.735762 0.763636 1.009790 0.928588 1.020079 1.082453 1.082453 1.082456 1.082456
0.968035 0.719217 0.739462 0.996718 0.891853 0.996022 1.070984 1.070984 1.070987 1.070987
0.986583 0.734743 0.753326 1.013691 0.907585 1.009571 1.095031 1.095031 1.095033 1.095033
0.986341 0.733064 0.755906 1.013748 0.906677 1.010132 1.097635 1.097635 1.097637 1.097637
0.982155 0.729355 0.752842 0.997362 0.878666 1.004064 1.097076 1.097076 1.097079 1.097079
0.984484 0.728155 0.754682 0.998833 0.879762 1.001773 1.098230 1.098230 1.098232 1.098232
0.971672 0.718678 0.744860 0.985834 0.868312 0.988736 1.061569 1.061569 1.061571 1.061571
0.940833 0.688573 0.725188 0.977848 0.847004 0.962622 1.048145 1.048145 1.048148 1.048148
0.962292 0.628097 0.743557 0.999145 0.865334 0.984617 1.071293 1.071293 1.071296 1.071296
0.979923 0.642762 0.763002 1.022324 0.884612 1.005220 1.093311 1.093311 1.093313 1.093313
0.994519 0.656112 0.777321 1.040701 0.897431 1.024076 1.120112 1.120112 1.120115 1.120115
0.932925 0.603792 0.704364 0.948914 0.823700 0.946990 1.059265 1.059265 1.059268 1.059268
0.952028 0.616174 0.735051 0.963943 0.859394 0.968211 1.110795 1.110795 1.110798 1.110798
