0.977826 0.977826 0.977826 0.977826 0.977826 0.977826 0.966739 0.966739 0.966738 0.966738
1.003601 1.003601 0.995931 1.003601 1.003601 1.003601 0.992222 0.992222 0.992221 0.992221
1.002417 1.002417 0.994756 1.002417 1.002417 1.002417 0.989614 0.989614 0.989614 0.989614
0.973088 0.874502 0.867819 0.973088 0.973088 0.973088 0.960660 0.960660 0.960660 0.960660
1.013179 0.910531 0.903573 1.013179 1.013179 1.013179 0.993519 0.993519 0.993519 0.993519
0.947187 0.842833 0.829001 0.940378 0.949860 0.942084 0.916974 0.916974 0.916974 0.916974
1.013330 0.898075 0.886956 1.005147 1.015050 1.003193 0.979715 0.979715 0.979715 0.979715
0.986643 0.869787 0.824795 0.979626 0.986300 0.909209 0.966370 0.966370 0.966370 0.966370
1.013797 0.893725 0.847494 1.006586 1.013444 0.934232 0.976525 0.976525 0.976525 0.976525
1.045520 0.921691 0.874014 1.038084 1.045157 0.963465 1.002816 1.002816 1.002816 1.002816
1.038061 0.918601 0.869679 1.033239 1.042680 0.959933 1.003584 1.003584 1.003584 1.003584
0.974566 0.846039 0.788698 0.942880 0.957799 0.888400 0.949842 0.949842 0.949842 0.949842
0.998015 0.865400 0.808507 0.968661 0.985898 0.897028 0.978369 0.978369 0.978369 0.978369
1.037407 0.901858 0.843322 1.009352 1.028443 0.935122 1.016201 1.016201 1.016201 1.016201
1.035567 0.898394 0.844920 1.001383 1.030654 0.936286 1.016315 1.016315 1.016316 1.016316
0.999450 0.867062 0.815453 0.966459 0.994709 0.903632 0.953225 0.953225 0.953225 0.953225
1.044748 0.906360 0.852411 1.010262 1.039792 0.944588 0.985381 0.985381 0.985381 0.985381
1.035043 0.889186 0.828417 1.000795 1.002275 0.925651 0.978471 0.978471 0.978471 0.978471
1.060499 0.915581 0.849906 1.028703 1.027816 0.949988 1.006656 1.006656 1.006656 1.006656
0.924037 0.902789 0.838032 1.014331 1.013456 0.936716 0.985832 0.985832 0.985832 0.985832
0.927567 0.906227 0.744633 1.017561 1.010071 0.940043 0.988127 0.988127 0.988127 0.988127
0.947604 0.926027 0.761834 1.041439 1.032084 0.960288 1.002352 1.002352 1.002352 1.002352
0.929125 0.900955 0.741746 1.012657 1.009909 0.926070 0.996714 0.996714 0.996715 0.996715
0.942154 0.918099 0.757931 1.031776 1.028050 0.941457 1.012906 1.012906 1.012906 1.012906
0.956004 0.927443 0.768417 1.043508 1.040717 0.952712 1.024859 1.024859 1.024860 1.024860
0.825400 0.800741 0.663440 0.900950 0.898540 0.822558 0.884849 0.884849 0.884849 0.884849
0.959698 0.931027 0.771386 1.047540 1.044739 0.956394 1.019626 1.019626 1.019626 1.019626
0.965070 0.938306 0.778049 1.051002 1.049853 0.961958 1.030587 1.030587 1.030588 1.030588
0.943382 0.924068 0.768612 1.025921 1.026487 0.948139 1.006381 1.006381 1.006381 1.006381
0.956804 0.939242 0.779559 1.042306 1.045024 0.963034 1.021858 1.021858 1.021858 1.021858
0.967105 0.947091 0.788486 1.054899 1.058561 0.973972 1.036176 1.036176 1.036177 1.036177
0.935202 0.915847 0.762475 1.020099 1.023640 0.941841 0.981317 0.981317 0.981318 0.981318
0.975092 0.954912 0.787619 1.063610 1.067302 0.972901 1.023078 1.023078 1.023078 1.023078
0.962388 0.940548 0.780212 1.050071 1.052602 0.960995 1.012399 1.012399 1.012399 1.012399
0.964438 0.948007 0.784855 1.055500 1.054424 0.966707 1.024170 1.024170 1.024171 1.024171
0.969072 0.948311 0.788368 1.059695 1.057149 0.968412 1.028428 1.028428 1.028428 1.028428
0.910709 0.916886 0.744725 1.014484 1.026240 0.936223 0.999889 0.999889 0.999889 0.999889
0.936726 0.943079 0.766000 1.043465 1.055557 0.962969 1.019023 1.019023 1.019023 1.019023
0.923325 0.913487 0.754866 1.026117 1.040781 0.946282 0.999822 0.999822 0.999822 0.999822
0.929800 0.922814 0.750588 1.030503 1.052632 0.948768 1.018704 1.018704 1.018704 1.018704
0.897091 0.890350 0.724183 0.994251 1.015602 0.915391 0.949375 0.949375 0.949376 0.949376
0.916937 0.910047 0.740204 1.016246 1.038069 0.935642 0.941347 0.941347 0.941348 0.941348
0.962390 0.949624 0.778490 1.057362 1.090640 0.980387 0.990046 0.990046 0.990047 0.990047
0.908673 0.896620 0.735037 0.998343 1.029764 0.925665 0.895865 0.895865 0.895866 0.895866
0.981499 0.972114 0.796589 1.084662 1.117236 0.998113 0.971616 0.971616 0.971617 0.971617
0.959203 0.939699 0.788509 1.072469 1.107067 0.988755 0.958819 0.958819 0.958820 0.958820
0.921330 0.739164 0.757223 1.026606 1.057208 0.958289 0.937307 0.937307 0.937309 0.937309
0.921310 0.730712 0.761479 0.989691 1.052168 0.956254 0.946421 0.946421 0.946423 0.946423
0.964893 0.766205 0.797677 1.038738 1.109713 1.009841 0.994387 0.994387 0.994388 0.994388
0.912807 0.723028 0.732321 0.996370 1.039249 0.973361 0.961354 0.961354 0.961356 0.961356
0.965367 0.767796 0.772656 1.056427 1.066404 0.989794 1.021104 1.021104 1.021106 1.021106
0.978624 0.777918 0.785768 1.075620 1.078096 1.003165 1.041863 1.041863 1.041864 1.041864
0.962454 0.730463 0.772785 0.991179 1.060283 0.986591 1.010338 1.010338 1.010340 1.010340
0.985149 0.747034 0.787219 1.008466 1.088530 0.995043 1.038364 1.038364 1.038366 1.038366
0.988925 0.751459 0.791573 1.012299 1.093463 1.000284 1.049763 1.049763 1.049765 1.049765
0.966161 0.728119 0.766988 0.980859 1.059502 0.969216 1.006518 1.006518 1.006520 1.006520
0.966676 0.729007 0.768870 0.971692 1.053427 0.969558 1.004953 1.004953 1.004955 1.004955
0.979120 0.735932 0.776615 0.985924 1.065588 0.979778 1.011432 1.011432 1.011434 1.011434
0.992308 0.745844 0.787074 0.999203 1.079940 0.992974 1.008879 1.008879 1.008881 1.008881
1.008085 0.756642 0.797670 1.002040 1.095775 1.007851 1.023652 1.023652 1.023654 1.023654
1.003382 0.754587 0.795167 1.001643 1.090674 1.008084 1.017017 1.017017 1.017019 1.017019
1.022607 0.769045 0.808580 1.018539 1.113072 1.025088 1.034896 1.034896 1.034898 1.034898
1.022047 0.768624 0.808138 1.017981 1.112463 1.024527 1.028582 1.028582 1.028584 1.028584
1.015797 0.763266 0.810619 1.021107 1.115878 1.018262 1.029899 1.029899 1.029901 1.029901
1.016972 0.765312 0.811104 1.022359 1.116866 1.020480 1.032706 1.032706 1.032708 1.032708
0.982748 0.659559 0.785740 0.986960 1.078047 0.986176 0.997246 0.997246 0.997248 0.997248
1.005976 0.675149 0.804312 1.010288 0.903150 1.009485 1.019061 1.019061 1.019063 1.019063
1.036873 0.691584 0.828064 1.037303 0.930762 1.038022 1.046329 1.046329 1.046331 1.046331
1.016973 0.680622 0.792629 1.021305 0.914604 1.016520 1.042264 1.042264 1.042267 1.042267
1.008760 0.671332 0.781810 1.013058 0.902121 1.008311 1.031263 1.031263 1.031266 1.031266
1.041084 0.694133 0.807608 1.043744 0.932926 1.042571 1.067072 1.067072 1.067075 1.067075
1.043075 0.693940 0.808803 1.043396 0.935361 1.040095 1.070751 1.070751 1.070753 1.070753
1.029473 0.676706 0.795156 1.025363 0.919160 1.020069 1.053647 1.053647 1.053650 1.053650
1.041222 0.681737 0.804388 1.030659 0.929144 1.031139 1.064336 1.064336 1.064338 1.064338
0.982298 0.636414 0.763041 0.996069 0.883079 0.978137 1.023903 1.023903 1.023905 1.023905
1.028885 0.662780 0.795910 1.042283 0.924908 1.018041 1.076831 1.076831 1.076834 1.076834
1.024326 0.660803 0.791969 1.039714 0.917190 1.013023 1.074651 1.074651 1.074654 1.074654
1.040015 0.669484 0.804155 1.053848 0.931404 1.028891 1.092467 1.092467 1.092469 1.092469
1.020063 0.657879 0.790195 1.035616 0.912110 1.008632 1.071572 1.071572 1.071574 1.071574
0.953686 0.616012 0.737281 0.951596 0.851032 0.937066 1.021123 1.021123 1.021125 1.021125
0.980501 0.633353 0.775163 0.973906 0.894559 0.965239 1.078816 1.078816 1.078819 1.078819
1.021540 0.661475 0.807782 1.009629 0.934397 1.005256 1.126585 1.126585 1.126588 1.126588
1.005810 0.653892 0.793452 0.994593 0.919495 0.989729 1.115019 1.115019 1.115022 1.115022
1.009642 0.656018 0.795190 0.997112 0.921628 0.994492 1.120029 1.120029 1.120032 1.120032
0.999715 0.651901 0.790200 0.990855 0.915845 0.984271 1.103808 1.103808 1.103811 1.103811
1.007646 0.658647 0.793479 0.997065 0.922474 0.993805 1.116857 1.116857 1.116860 1.116860
1.005221 0.659616 0.794097 0.997636 0.921793 0.987905 1.117552 1.117552 1.117555 1.117555
1.008749 0.662540 0.797988 1.001007 0.924277 0.992887 1.124084 1.124084 1.124087 1.124087
0.995551 0.653336 0.787697 0.976084 0.887770 0.978161 1.113537 1.113537 1.113540 1.113540
0.998763 0.657942 0.791924 0.977001 0.891401 0.985871 1.117982 1.117982 1.117985 1.117985
0.997953 0.653325 0.791290 0.977042 0.892140 0.986097 1.113886 1.113886 1.113889 1.113889
0.998577 0.652871 0.782889 0.965667 0.885408 0.986027 1.109353 1.109353 1.109355 1.109355
0.981864 0.607885 0.728944 0.959082 0.866152 0.979000 1.104355 1.104355 1.104358 1.104358
1.008158 0.623727 0.748591 0.983318 0.886011 0.996574 1.128325 1.128325 1.128328 1.128328
0.986220 0.633243 0.760012 0.998320 0.899528 1.011778 1.143192 1.143192 1.143195 1.143195
0.977899 0.629395 0.753295 0.987826 0.890607 0.997770 1.137208 1.137208 1.137211 1.137211
0.977839 0.628052 0.752648 0.985979 0.885549 0.997652 1.134094 1.134094 1.134098 1.134098
0.976999 0.626754 0.751175 0.982796 0.880096 0.997593 1.138226 1.138226 1.138230 1.138230
0.968365 0.626748 0.747665 0.980485 0.876135 0.984826 1.131308 1.131308 1.131311 1.131311
0.994325 0.643550 0.767708 1.006769 0.897576 1.011227 1.160146 1.160146 1.160149 1.160149
