0.969405 0.969405 0.969405 0.969405 0.969405 0.969405 0.954108 0.954108 0.954108 0.954108
0.981446 0.984972 0.984972 0.984972 0.984972 0.981005 0.961422 0.961422 0.961422 0.961422
0.978837 0.970614 0.978540 0.978131 0.978093 0.972237 0.956017 0.956017 0.956017 0.956017
0.967530 0.962672 0.943962 0.970548 0.968601 0.959515 0.959722 0.959722 0.959722 0.959722
0.981295 0.980369 0.955125 0.986864 0.953166 0.935715 0.977583 0.977583 0.977583 0.977583
0.959077 0.953093 0.891556 0.965457 0.929684 0.851271 0.967926 0.967926 0.967925 0.967925
0.998059 0.995553 0.930880 1.010573 0.971768 0.884328 1.011379 1.011379 1.011379 1.011379
0.995651 0.988725 0.927843 1.004829 0.967152 0.879809 1.006058 1.006058 1.006057 1.006057
0.994711 0.990145 0.926593 1.001780 0.964797 0.874185 1.008355 1.008355 1.008354 1.008354
0.962594 0.958175 0.896676 0.969435 0.933646 0.845960 0.948295 0.948295 0.948295 0.948295
0.934225 0.931361 0.868488 0.924704 0.904296 0.815862 0.938059 0.938059 0.938058 0.938058
1.002654 1.001743 0.932116 0.994143 0.974199 0.876901 1.007912 1.007912 1.007912 1.007912
0.962308 0.960328 0.895530 0.957197 0.939815 0.829823 0.972996 0.972996 0.972996 0.972996
0.994816 0.988790 0.925850 0.988647 0.970474 0.853874 1.004541 1.004541 1.004540 1.004540
0.998809 0.987076 0.925705 0.991639 0.974314 0.851874 1.012681 1.012681 1.012680 1.012680
0.987188 0.975592 0.914935 0.980102 0.788121 0.841963 0.999176 0.999176 0.999177 0.999177
0.992499 0.975328 0.914688 0.985374 0.787908 0.846492 1.002040 1.002040 1.002041 1.002041
1.019579 1.001065 0.935146 1.006189 0.811828 0.856835 1.033565 1.033565 1.033565 1.033565
1.003230 0.985013 0.920150 0.990055 0.798810 0.843095 0.996005 0.996005 0.996006 0.996006
1.022434 1.005761 0.939508 1.010944 0.812829 0.858791 1.015130 1.015130 1.015131 1.015131
1.015502 0.981640 0.932922 1.001727 0.807570 0.850353 1.003607 1.003607 1.003608 1.003608
1.034764 0.998859 0.948337 1.007605 0.821887 0.865700 1.021379 1.021379 1.021381 1.021381
1.056882 1.020209 0.968608 1.029142 0.839455 0.884204 1.041698 1.041698 1.041699 1.041699
1.050833 1.014371 0.960898 1.020951 0.835777 0.877167 1.034130 1.034130 1.034131 1.034131
1.040842 1.006817 0.953370 1.011211 0.828405 0.870067 1.031586 1.031586 1.031587 1.031587
1.042146 1.005874 0.954152 1.010209 0.830021 0.867429 1.034461 1.034461 1.034462 1.034462
1.038053 1.001060 0.959188 1.015540 0.834402 0.864023 1.038065 1.038065 1.038066 1.038066
0.993530 0.958124 0.918047 0.971983 0.798613 0.826964 0.963818 0.963818 0.963819 0.963819
1.041949 0.998607 0.961683 1.015423 0.837419 0.865208 1.006909 1.006909 1.006911 1.006911
1.031013 0.978493 0.933475 1.004683 0.806222 0.846831 0.998632 0.998632 0.998633 0.998633
1.043390 0.945454 0.944681 0.952665 0.815900 0.856997 0.996506 0.996506 0.996507 0.996507
1.071604 0.969009 0.973792 0.972426 0.841256 0.882832 1.025386 1.025386 1.025388 1.025388
1.048548 0.945002 0.950206 0.953170 0.822077 0.861849 0.996959 0.996959 0.996961 0.996961
1.072114 0.964270 0.975128 0.974887 0.839919 0.881925 1.022041 1.022041 1.022043 1.022043
1.076397 0.967598 0.982151 0.983064 0.840971 0.885254 1.032801 1.032801 1.032803 1.032803
1.004008 0.893628 0.899054 0.910361 0.786628 0.821271 0.951071 0.951071 0.951073 0.951073
1.051302 0.971130 0.977027 0.989314 0.854850 0.892498 1.031437 1.031437 1.031439 1.031439
1.037961 0.960201 0.964124 0.978689 0.840685 0.880731 1.020810 1.020810 1.020812 1.020812
1.029987 0.856292 0.859790 0.971171 0.834228 0.873966 1.012969 1.012969 1.012971 1.012971
1.002806 0.824953 0.841705 0.968623 0.818250 0.855582 1.005683 1.005683 1.005685 1.005685
1.070978 0.881035 0.898926 1.034472 0.871888 0.913746 1.072674 1.072674 1.072676 1.072676
1.051620 0.865109 0.882677 1.015773 0.856128 0.897230 1.041342 1.041342 1.041344 1.041344
1.024912 0.836625 0.854235 0.981760 0.832695 0.860055 1.029258 1.029258 1.029260 1.029260
1.003906 0.843098 0.841059 0.979608 0.842522 0.866619 1.043001 1.043001 1.043003 1.043003
0.998831 0.839412 0.838414 0.965034 0.833013 0.862083 1.035564 1.035564 1.035566 1.035566
1.029254 0.859606 0.863961 0.995276 0.859795 0.889265 1.064059 1.064059 1.064061 1.064061
1.009271 0.798194 0.802238 0.985796 0.838805 0.880522 1.056380 1.056380 1.056382 1.056382
1.016871 0.795459 0.818679 1.004882 0.856895 0.899263 1.074731 1.074731 1.074734 1.074734
0.983831 0.769612 0.792078 0.972231 0.829053 0.870044 1.004379 1.004379 1.004381 1.004381
1.045786 0.822813 0.845169 1.036592 0.880910 0.928354 1.077746 1.077746 1.077749 1.077749
1.037391 0.812999 0.838548 1.021920 0.873363 0.920392 1.067755 1.067755 1.067757 1.067757
1.041710 0.819557 0.844728 1.029240 0.878467 0.920954 1.075455 1.075455 1.075458 1.075458
1.047606 0.824195 0.849508 1.035065 0.883438 0.926166 1.075532 1.075532 1.075535 1.075535
1.041470 0.821463 0.847451 1.031515 0.881377 0.923396 1.068408 1.068408 1.068411 1.068411
1.042231 0.825195 0.849928 1.034833 0.886254 0.927299 1.077696 1.077696 1.077699 1.077699
1.020544 0.810589 0.821762 1.010545 0.871582 0.904048 1.067712 1.067712 1.067715 1.067715
1.026231 0.818213 0.828103 1.013861 0.877193 0.913305 1.074481 1.074481 1.074484 1.074484
1.031340 0.822286 0.832226 1.018908 0.881560 0.917852 1.069928 1.069928 1.069931 1.069931
1.031434 0.820657 0.831638 1.017157 0.876687 0.917883 1.067161 1.067161 1.067164 1.067164
1.038150 0.826000 0.837053 1.023780 0.882395 0.923859 1.064511 1.064511 1.064514 1.064514
1.042036 0.831078 0.837032 1.025914 0.885088 0.928929 1.072617 1.072617 1.072620 1.072620
0.994401 0.793112 0.816843 0.974567 0.863547 0.888145 1.051842 1.051842 1.051845 1.051845
1.001540 0.798796 0.728233 0.980941 0.863541 0.894281 1.057818 1.057818 1.057821 1.057821
1.036529 0.830809 0.754665 1.018473 0.894485 0.927057 1.099273 1.099273 1.099276 1.099276
0.973590 0.765546 0.684718 0.929846 0.822058 0.858381 1.040901 1.040901 1.040904 1.040904
1.044860 0.822342 0.735860 0.997784 0.881518 0.922625 1.119698 1.119698 1.119701 1.119701
1.023369 0.812601 0.723752 0.983655 0.867164 0.900036 1.099720 1.099720 1.099722 1.099722
1.021112 0.810809 0.722156 0.981486 0.865252 0.898052 1.079127 1.079127 1.079130 1.079130
1.060741 0.842277 0.744450 1.019577 0.898832 0.932905 1.121008 1.121008 1.121011 1.121011
1.032615 0.821550 0.725823 0.996800 0.875008 0.912636 1.089293 1.089293 1.089296 1.089296
0.970181 0.769943 0.661790 0.949592 0.813833 0.873642 1.045893 1.045893 1.045896 1.045896
1.011249 0.795930 0.684127 0.981643 0.841302 0.903129 1.069884 1.069884 1.069887 1.069887
1.051538 0.828901 0.710986 1.020824 0.874583 0.940069 1.114253 1.114253 1.114256 1.114256
1.038197 0.817306 0.694079 0.995517 0.856436 0.927497 1.094954 1.094954 1.094958 1.094958
1.058114 0.831197 0.707443 1.012893 0.873021 0.945613 1.117346 1.117346 1.117349 1.117349
1.031303 0.816185 0.696814 0.985824 0.851088 0.929297 1.087904 1.087904 1.087907 1.087907
1.028264 0.814766 0.694915 0.985034 0.854566 0.934285 1.088195 1.088195 1.088198 1.088198
1.032709 0.818485 0.698942 0.991097 0.858421 0.938264 1.085190 1.085190 1.085193 1.085193
0.916758 0.822239 0.702148 0.995642 0.862358 0.942567 1.082743 1.082743 1.082746 1.082746
0.949774 0.848049 0.727197 1.030646 0.891441 0.973556 1.121013 1.121013 1.121015 1.121015
0.935330 0.834467 0.716273 1.002821 0.854387 0.957052 1.108105 1.108105 1.108107 1.108107
0.884272 0.779910 0.680994 0.914006 0.803914 0.902907 1.057823 1.057823 1.057826 1.057826
0.940516 0.824710 0.725794 0.963701 0.855920 0.958736 1.127424 1.127424 1.127428 1.127428
0.946557 0.831840 0.732663 0.967679 0.860816 0.965105 1.140480 1.140480 1.140483 1.140483
0.953264 0.839784 0.738014 0.969696 0.869145 0.971574 1.151235 1.151235 1.151238 1.151238
0.938267 0.826571 0.726403 0.954440 0.855471 0.956288 1.120560 1.120560 1.120563 1.120563
0.956610 0.842731 0.733732 0.973100 0.872196 0.965936 1.142359 1.142359 1.142362 1.142362
0.895047 0.645725 0.686374 0.907366 0.811348 0.911932 1.087814 1.087814 1.087817 1.087817
0.964053 0.695509 0.739291 0.977322 0.873900 0.982240 1.166718 1.166718 1.166722 1.166722
0.959667 0.691960 0.734741 0.971638 0.868634 0.978748 1.162201 1.162201 1.162205 1.162205
0.950033 0.684186 0.726566 0.959604 0.855354 0.969699 1.155719 1.155719 1.155722 1.155722
0.954514 0.688692 0.730668 0.962493 0.861141 0.976100 1.164186 1.164186 1.164189 1.164189
0.899153 0.648748 0.688290 0.906669 0.811195 0.919487 1.051004 1.051004 1.051007 1.051007
0.977805 0.705497 0.748497 0.985978 0.882154 0.999918 1.135260 1.135260 1.135264 1.135264
0.985417 0.709293 0.754836 0.994946 0.890944 1.008291 1.147771 1.147771 1.147775 1.147775
0.971619 0.698872 0.744391 0.979572 0.875173 0.985624 1.126107 1.126107 1.126110 1.126110
0.841336 0.605161 0.644577 0.848223 0.757822 0.853464 0.975109 0.975109 0.975112 0.975112
0.959882 0.693838 0.741054 0.972375 0.867960 0.976208 1.114942 1.114942 1.114945 1.114945
0.971935 0.705357 0.748575 0.985090 0.878368 0.988418 1.134825 1.134825 1.134829 1.134829
0.945064 0.611667 0.729674 0.956892 0.853108 0.961129 1.102670 1.102670 1.102673 1.102673
