0.979310 0.978624 0.979475 0.977870 0.975636 0.970890 0.974470 0.974470 0.974470 0.974470
0.960720 0.856200 0.963252 0.958343 0.956023 0.952497 0.955296 0.955296 0.955296 0.955296
0.936823 0.834902 0.939291 0.934505 0.932242 0.928805 0.892749 0.892749 0.892749 0.892749
1.011951 0.905242 1.017994 1.015350 1.011477 1.001543 0.968280 0.968280 0.968281 0.968281
0.997180 0.892028 1.003134 1.000529 0.996712 0.986923 0.939089 0.939089 0.939089 0.939089
1.015354 0.910608 1.024946 1.021251 1.018474 1.007808 0.955467 0.955467 0.955467 0.955467
1.009125 0.904281 1.018852 1.002836 0.985135 0.999852 0.953168 0.953168 0.953168 0.953168
0.970405 0.869583 0.979758 0.964357 0.947335 0.961487 0.885361 0.885361 0.885361 0.885361
1.009446 0.897124 1.010789 0.994899 0.977339 0.991938 0.903847 0.903847 0.903847 0.903847
1.059618 0.941714 1.061028 1.044349 1.023581 1.041241 0.947554 0.947554 0.947554 0.947554
1.022486 0.898830 1.037019 1.019585 1.001472 1.018468 0.923279 0.923279 0.923280 0.923280
1.035300 0.906038 1.049119 1.028976 1.011646 1.028442 0.932180 0.932180 0.932180 0.932180
1.019824 0.877037 1.033198 1.011209 0.996835 1.009963 0.914020 0.914020 0.914020 0.914020
0.911863 0.887427 1.045438 1.023189 1.008644 1.021928 0.918550 0.918550 0.918550 0.918550
0.929084 0.907893 1.062661 1.045169 0.997131 1.001158 0.939942 0.939942 0.939942 0.939942
0.936633 0.915270 1.071296 1.053662 1.005233 1.009294 0.937074 0.937074 0.937074 0.937074
0.958865 0.936995 1.096723 1.078671 1.029093 1.033250 0.957925 0.957925 0.957925 0.957925
0.922094 0.853256 0.998710 1.047769 0.984586 1.003338 0.932650 0.932650 0.932650 0.932650
0.927852 0.855724 1.002167 1.056158 0.989435 1.007279 0.932519 0.932519 0.932520 0.932520
0.934133 0.862561 1.009175 1.065596 1.003159 1.022554 0.941859 0.941859 0.941859 0.941859
0.884562 0.814741 0.927387 1.023121 0.940369 0.986568 0.911452 0.911452 0.911452 0.911452
0.901143 0.830040 0.966148 1.037561 0.979454 1.006965 0.954170 0.954170 0.954170 0.954170
0.896959 0.819804 0.954927 1.024173 0.972932 0.985799 0.963181 0.963181 0.963182 0.963182
0.890320 0.813735 0.947858 1.016592 0.965730 0.978502 0.927449 0.927449 0.927450 0.927450
0.935097 0.851301 0.995724 1.061126 1.013749 1.027146 0.972873 0.972873 0.972874 0.972874
0.948516 0.863517 1.010013 1.076353 1.028296 1.041886 0.982653 0.982653 0.982654 0.982654
0.922256 0.839600 0.869280 1.045892 0.992696 1.012770 0.954028 0.954028 0.954030 0.954030
0.947616 0.861645 0.892202 1.072104 1.014584 1.041453 0.984680 0.984680 0.984681 0.984681
0.927927 0.846617 0.852641 1.053863 0.995359 1.018230 0.979269 0.979269 0.979270 0.979270
0.944086 0.861360 0.867489 1.072215 1.012692 1.035962 0.985026 0.985026 0.985027 0.985027
0.950474 0.869065 0.873372 1.081327 1.023397 1.044496 0.992817 0.992817 0.992818 0.992818
0.947646 0.861459 0.872560 1.068750 1.021395 1.039655 0.991904 0.991904 0.991904 0.991904
0.880453 0.801604 0.809050 0.975915 0.947052 0.959861 0.939308 0.939308 0.939309 0.939309
0.958212 0.874533 0.880693 1.056830 1.033343 1.044235 1.024644 1.024644 1.024645 1.024645
0.944386 0.863708 0.869453 1.041547 1.019141 1.030637 1.017046 1.017046 1.017047 1.017047
0.916233 0.869668 0.875452 1.048735 1.026173 1.037749 1.021965 1.021965 1.021967 1.021967
0.892511 0.847152 0.852786 1.021582 0.999605 1.010881 0.974963 0.974963 0.974965 0.974965
0.912498 0.867383 0.871428 1.046522 1.017974 1.033002 0.999207 0.999207 0.999208 0.999208
0.935345 0.889100 0.886420 1.072725 1.043462 1.058866 1.024225 1.024225 1.024227 1.024227
0.903234 0.862816 0.862572 1.040860 1.011555 1.025129 0.991230 0.991230 0.991232 0.991232
0.911182 0.866919 0.870225 1.049080 1.019312 1.029350 0.998635 0.998635 0.998637 0.998637
0.905507 0.869193 0.868438 1.049367 1.017395 1.018851 0.995177 0.995177 0.995179 0.995179
0.910836 0.868877 0.873558 1.056443 1.025062 1.025913 0.998176 0.998176 0.998178 0.998178
0.867733 0.677879 0.832052 1.003013 0.970908 0.986188 0.967819 0.967819 0.967821 0.967821
0.922935 0.723883 0.882880 1.067368 1.032096 1.048874 1.034753 1.034753 1.034755 1.034755
0.927805 0.727703 0.887538 1.073000 1.037542 1.054409 1.033224 1.033224 1.033226 1.033226
0.932546 0.731422 0.892074 1.078484 1.042845 1.059798 1.032734 1.032734 1.032736 1.032736
0.895058 0.702019 0.856213 1.035129 1.000922 1.017194 0.963282 0.963282 0.963283 0.963283
0.933697 0.735116 0.895079 1.077354 1.045030 1.066030 1.005632 1.005632 1.005634 1.005634
0.921205 0.730695 0.892448 1.061427 1.031276 1.060491 0.991147 0.991147 0.991149 0.991149
0.945654 0.748300 0.916756 1.091015 1.060937 1.089273 1.020720 1.020720 1.020722 1.020722
0.921519 0.729201 0.893358 1.063169 1.033859 1.061472 0.978199 0.978199 0.978201 0.978201
0.929736 0.702430 0.901324 1.005048 1.043078 1.070938 0.973139 0.973139 0.973141 0.973141
0.957007 0.723034 0.927762 1.034528 1.073674 1.102351 0.992731 0.992731 0.992734 0.992734
0.899342 0.672768 0.855636 0.965203 1.011826 1.030347 0.921028 0.921028 0.921030 0.921030
0.968477 0.724486 0.921412 1.039402 1.089609 1.109553 0.982736 0.982736 0.982739 0.982739
0.913315 0.676057 0.873710 1.004128 1.035186 1.052111 0.945035 0.945035 0.945038 0.945038
0.963223 0.714574 0.924238 1.056583 1.090990 1.109845 1.001783 1.001783 1.001786 1.001786
0.967291 0.717592 0.926054 1.058659 1.097077 1.112026 1.004453 1.004453 1.004456 1.004456
0.906472 0.659705 0.838294 0.964318 1.005932 1.027286 0.948934 0.948934 0.948937 0.948937
0.936421 0.681969 0.867653 0.986343 1.032658 1.061034 0.978240 0.978240 0.978243 0.978243
0.971259 0.710854 0.901115 1.026325 1.072006 1.102332 1.018804 1.018804 1.018808 1.018808
0.955932 0.699806 0.888196 1.011972 1.055287 1.084868 0.995654 0.995654 0.995657 0.995657
0.959660 0.703911 0.893029 1.020277 1.059413 1.094457 0.997714 0.997714 0.997717 0.997717
0.908661 0.658896 0.850341 0.931338 0.998352 1.034116 0.953898 0.953898 0.953901 0.953901
0.959106 0.696785 0.899218 0.984929 1.052130 1.090962 1.006913 1.006913 1.006916 1.006916
0.834683 0.606393 0.782564 0.857156 0.915639 0.949434 0.876288 0.876288 0.876291 0.876291
0.966286 0.700569 0.909276 0.992603 1.059207 1.100010 1.017114 1.017114 1.017117 1.017117
0.964751 0.701123 0.907465 0.988953 1.055945 1.092274 1.018778 1.018778 1.018782 1.018782
0.962270 0.698398 0.894962 0.974317 1.044630 1.088708 1.011391 1.011391 1.011394 1.011394
0.956398 0.687369 0.872568 0.968293 1.010178 1.070315 1.007530 1.007530 1.007534 1.007534
0.945557 0.675974 0.823916 0.958246 0.996688 0.984987 1.009116 1.009116 1.009119 1.009119
0.991121 0.709627 0.863136 1.004492 1.044432 1.033504 1.059400 1.059400 1.059404 1.059404
0.956118 0.680719 0.827975 0.969017 1.001885 0.997005 1.019432 1.019432 1.019435 1.019435
0.982787 0.695381 0.850093 0.992206 1.029690 1.022383 1.043845 1.043845 1.043849 1.043849
0.990801 0.703722 0.858902 1.002783 1.043069 1.034320 1.060731 1.060731 1.060734 1.060734
0.984625 0.700637 0.854339 0.994840 1.038682 1.029801 1.056857 1.056857 1.056860 1.056860
0.987080 0.701994 0.855087 0.996052 1.039727 1.033400 1.060214 1.060214 1.060217 1.060217
0.988810 0.703870 0.857772 0.997667 1.040702 1.036793 1.064542 1.064542 1.064545 1.064545
0.982144 0.701843 0.854710 0.993901 1.035416 1.026160 1.060576 1.060576 1.060579 1.060579
0.975531 0.696508 0.844889 0.981288 1.031520 1.004301 1.057715 1.057715 1.057718 1.057718
0.982565 0.701150 0.853699 0.992688 1.036120 1.011320 1.072274 1.072274 1.072277 1.072277
0.963108 0.689448 0.826257 0.970384 1.020014 0.986976 1.063432 1.063432 1.063435 1.063435
0.967667 0.695200 0.833150 0.978480 1.028524 0.991203 1.063449 1.063449 1.063452 1.063452
0.972995 0.697581 0.840817 0.977835 1.038253 0.999675 1.071326 1.071326 1.071329 1.071329
0.969531 0.691118 0.834343 0.973395 1.034498 0.989810 1.071859 1.071859 1.071862 1.071862
0.959384 0.683885 0.825612 0.963208 0.837794 0.979450 1.058817 1.058817 1.058820 1.058820
0.989856 0.704618 0.849790 0.981024 0.863351 1.009646 1.091095 1.091095 1.091099 1.091099
0.976677 0.624801 0.753528 0.967963 0.851857 0.996204 1.076569 1.076569 1.076573 1.076573
1.019683 0.650913 0.786763 1.008871 0.889525 1.040426 1.125370 1.125370 1.125374 1.125374
1.014632 0.646272 0.782527 1.001623 0.885735 1.030842 1.121510 1.121510 1.121514 1.121514
1.008153 0.640814 0.776909 0.993426 0.875134 1.024200 1.111365 1.111365 1.111369 1.111369
0.961029 0.628468 0.744429 0.964687 0.861735 1.004362 1.096026 1.096026 1.096030 1.096030
0.998062 0.649772 0.772863 1.001032 0.892964 1.039908 1.137528 1.137528 1.137531 1.137531
0.988231 0.642818 0.772322 1.000332 0.892339 1.029665 1.134703 1.134703 1.134707 1.134707
0.984266 0.641772 0.766335 0.994671 0.888146 1.027315 1.134510 1.134510 1.134513 1.134513
0.993310 0.647669 0.766200 1.003812 0.896307 1.027134 1.144827 1.144827 1.144831 1.144831
0.943619 0.614562 0.728620 0.956650 0.855855 0.962079 1.093899 1.093899 1.093902 1.093902
0.981360 0.642841 0.760651 0.997931 0.889731 1.004366 1.148431 1.148431 1.148435 1.148435
0.966255 0.625382 0.746035 0.978348 0.872237 0.982680 1.127395 1.127395 1.127398 1.127398
