0.962257 0.962246 0.851759 0.961648 0.955393 0.961999 0.960827 0.960827 0.960827 0.960827
1.000059 1.000967 0.886447 0.999296 0.992118 1.001319 1.000896 1.000896 1.000896 1.000896
0.989533 0.992791 0.876763 0.986711 0.980211 0.985377 0.993561 0.993561 0.993561 0.993561
0.968333 0.866432 0.860094 0.964599 0.958114 0.964303 0.971586 0.971586 0.971586 0.971586
0.982712 0.872063 0.865684 0.970868 0.964341 0.970571 0.967671 0.967671 0.967670 0.967670
1.019224 0.902485 0.897459 1.004682 1.000866 1.002323 1.005160 1.005160 1.005160 1.005160
0.959657 0.833608 0.816252 0.919480 0.922055 0.930322 0.954094 0.954094 0.954094 0.954094
0.994878 0.859347 0.841454 0.953227 0.950525 0.964466 0.986638 0.986638 0.986638 0.986638
1.011249 0.873487 0.855300 0.968912 0.790730 0.980336 1.001148 1.001148 1.001148 1.001148
1.063150 0.918318 0.899198 1.018641 0.831314 1.030652 1.051005 1.051005 1.051006 1.051006
1.030124 0.799644 0.782995 0.986997 0.805490 0.998635 1.018357 1.018357 1.018357 1.018357
1.068137 0.829152 0.811888 1.023418 0.835213 1.035486 1.046498 1.046498 1.046499 1.046499
1.066744 0.822952 0.809900 1.018145 0.834010 1.031683 1.041123 1.041123 1.041124 1.041124
1.077196 0.832851 0.820307 1.025776 0.841594 1.042018 1.056711 1.056711 1.056712 1.056712
1.072380 0.829127 0.816639 1.021189 0.837831 1.037360 1.042340 1.042340 1.042341 1.042341
1.072603 0.829299 0.816809 1.021402 0.838005 1.037575 1.030998 1.030998 1.030999 1.030999
1.076943 0.827888 0.816708 1.024526 0.841348 1.035179 1.039386 1.039386 1.039387 1.039387
1.072154 0.825405 0.812651 1.021984 0.834315 1.030060 1.037266 1.037266 1.037267 1.037267
1.080021 0.834693 0.821227 1.032557 0.841842 1.033946 1.048048 1.048048 1.048049 1.048049
1.077694 0.834445 0.820216 1.028583 0.841742 1.033654 1.048506 1.048506 1.048507 1.048507
1.063903 0.823965 0.810907 1.017272 0.831126 1.020361 1.027787 1.027787 1.027788 1.027788
1.089160 0.843526 0.828291 1.039081 0.852006 1.042235 1.050554 1.050554 1.050555 1.050555
1.077876 0.838122 0.817761 1.028843 0.842707 1.031387 1.045088 1.045088 1.045089 1.045089
1.084305 0.844404 0.822179 1.035052 0.847503 1.038597 1.052969 1.052969 1.052970 1.052970
1.070439 0.832598 0.810773 1.019394 0.832228 1.026137 1.044189 1.044189 1.044189 1.044189
1.069921 0.835367 0.812108 1.016578 0.832541 1.030401 1.044479 1.044479 1.044480 1.044480
1.037476 0.805741 0.752099 0.986709 0.805647 0.930042 1.026031 1.026031 1.026032 1.026032
1.061656 0.828590 0.775546 1.014542 0.827627 0.954151 1.052245 1.052245 1.052245 1.052245
1.076790 0.839677 0.793871 1.038514 0.847182 0.967753 1.075185 1.075185 1.075186 1.075186
0.991031 0.773987 0.729166 0.939386 0.778132 0.885074 1.008598 1.008598 1.008599 1.008599
1.029367 0.797717 0.752067 0.967627 0.806596 0.904186 1.062439 1.062439 1.062440 1.062440
1.057665 0.818931 0.769042 0.988265 0.831249 0.915416 1.096083 1.096083 1.096084 1.096084
0.989383 0.764141 0.698137 0.937356 0.769762 0.872482 1.047823 1.047823 1.047825 1.047825
0.994825 0.629222 0.701836 0.939293 0.769521 0.885201 1.072288 1.072288 1.072289 1.072289
0.928421 0.664527 0.741216 0.991995 0.812698 0.934869 1.124740 1.124740 1.124741 1.124741
0.913303 0.652955 0.729898 0.978970 0.803583 0.906761 1.112878 1.112878 1.112880 1.112880
0.949692 0.675944 0.758332 1.014635 0.833643 0.940338 1.153913 1.153913 1.153915 1.153915
0.969145 0.689790 0.767951 1.035418 0.850718 0.959599 1.177549 1.177549 1.177550 1.177550
0.927407 0.662333 0.717195 0.994635 0.815602 0.916847 1.144423 1.144423 1.144425 1.144425
0.946022 0.678163 0.734024 1.020532 0.835669 0.933622 1.172161 1.172161 1.172162 1.172162
0.942428 0.676992 0.732471 1.016622 0.833072 0.931403 1.176017 1.176017 1.176019 1.176019
0.920548 0.654082 0.724670 1.004679 0.825066 0.922197 1.159933 1.159933 1.159935 1.159935
0.943903 0.672318 0.743216 1.025053 0.848175 0.945235 1.192130 1.192130 1.192132 1.192132
0.941105 0.668726 0.741516 1.023343 0.847490 0.942984 1.192412 1.192412 1.192415 1.192415
0.911252 0.647514 0.717994 0.990882 0.820607 0.913071 1.130762 1.130762 1.130764 1.130764
0.897781 0.637961 0.723386 0.971796 0.826584 0.901277 1.144800 1.144800 1.144802 1.144802
0.938430 0.666847 0.756139 1.015797 0.862045 0.942085 1.195099 1.195099 1.195102 1.195102
0.915536 0.642803 0.734828 0.986755 0.837366 0.913314 1.162478 1.162478 1.162481 1.162481
0.879876 0.635573 0.709864 0.966043 0.831286 0.902947 1.155807 1.155807 1.155810 1.155810
0.899310 0.648754 0.717390 0.975274 0.842708 0.922248 1.175792 1.175792 1.175794 1.175794
0.782800 0.564704 0.624449 0.848922 0.733531 0.802766 1.023462 1.023462 1.023464 1.023464
0.914517 0.659724 0.729521 0.991765 0.856958 0.937843 1.187641 1.187641 1.187644 1.187644
0.879040 0.634131 0.701221 0.953292 0.823714 0.901462 1.107417 1.107417 1.107420 1.107420
0.922801 0.665700 0.736130 1.000750 0.864721 0.946339 1.149366 1.149366 1.149368 1.149368
0.938026 0.675231 0.748327 1.015535 0.879144 0.962281 1.169780 1.169780 1.169783 1.169783
0.899017 0.647150 0.717206 0.973302 0.842584 0.922263 1.089535 1.089535 1.089537 1.089537
0.952530 0.682611 0.759648 1.030384 0.890765 0.974202 1.153644 1.153644 1.153646 1.153646
0.931039 0.673153 0.745629 1.013726 0.874477 0.948417 1.130754 1.130754 1.130756 1.130756
0.915197 0.626592 0.694055 1.006529 0.855218 0.941391 1.125342 1.125342 1.125344 1.125344
0.938782 0.641839 0.710232 1.019193 0.876189 0.964778 1.152914 1.152914 1.152916 1.152916
0.937870 0.640690 0.709677 1.006014 0.851910 0.962134 1.156114 1.156114 1.156116 1.156116
0.904489 0.617886 0.684418 0.970207 0.821588 0.927889 1.076972 1.076972 1.076974 1.076974
0.930686 0.636218 0.705594 0.988451 0.840090 0.954592 1.105853 1.105853 1.105855 1.105855
0.963299 0.660196 0.732842 1.025586 0.872609 0.990891 1.143721 1.143721 1.143723 1.143723
0.961539 0.657626 0.734192 1.017435 0.874439 0.992072 1.143790 1.143790 1.143792 1.143792
0.901753 0.610657 0.675730 0.947315 0.822383 0.925375 1.059005 1.059005 1.059008 1.059008
0.953991 0.650855 0.722439 1.000766 0.870216 0.987101 1.119190 1.119190 1.119192 1.119192
0.980487 0.668932 0.735613 1.028561 0.894385 1.005102 1.150166 1.150166 1.150168 1.150168
0.944097 0.668478 0.735114 1.027863 0.893778 1.004420 1.147030 1.147030 1.147032 1.147032
0.938193 0.665735 0.730528 1.023193 0.891545 0.999597 1.141151 1.141151 1.141154 1.141154
0.932893 0.664352 0.729010 1.021067 0.889692 0.993504 1.129375 1.129375 1.129378 1.129378
0.949223 0.675981 0.741772 1.038941 0.905267 1.010895 1.144278 1.144278 1.144281 1.144281
0.938286 0.666807 0.732640 1.025111 0.889808 0.999189 1.128064 1.128064 1.128067 1.128067
0.937479 0.663564 0.732064 1.023315 0.888046 0.993697 1.125610 1.125610 1.125613 1.125613
0.937851 0.666548 0.730621 1.026329 0.861979 0.955836 1.130924 1.130924 1.130927 1.130927
0.928180 0.657478 0.721087 1.017525 0.851971 0.943802 1.112161 1.112161 1.112164 1.112164
0.948940 0.670812 0.739922 1.040598 0.870369 0.965684 1.140020 1.140020 1.140023 1.140023
0.936421 0.664064 0.720966 1.024078 0.862618 0.948794 1.138244 1.138244 1.138247 1.138247
0.947577 0.674534 0.731153 1.038852 0.877084 0.963450 1.160968 1.160968 1.160971 1.160971
0.938472 0.664182 0.725613 1.019937 0.869543 0.952603 1.152181 1.152181 1.152184 1.152184
0.882763 0.617624 0.686390 0.924914 0.814044 0.894172 1.094347 1.094347 1.094350 1.094350
0.925400 0.636241 0.719376 0.967305 0.853628 0.934487 1.141925 1.141925 1.141928 1.141928
0.935399 0.644328 0.728501 0.979633 0.861504 0.944096 1.154330 1.154330 1.154333 1.154333
0.934389 0.614523 0.727715 0.916903 0.860574 0.943078 1.136981 1.136981 1.136984 1.136984
0.962309 0.636029 0.750444 0.947334 0.887057 0.972867 1.175767 1.175767 1.175771 1.175771
0.899688 0.588405 0.705469 0.907308 0.835498 0.914562 1.120929 1.120929 1.120933 1.120933
0.947652 0.619439 0.745453 0.959860 0.877637 0.963107 1.188372 1.188372 1.188376 1.188376
0.946445 0.618306 0.743302 0.957418 0.875218 0.962841 1.187666 1.187666 1.187670 1.187670
0.925656 0.598830 0.713136 0.936311 0.832845 0.931467 1.164249 1.164249 1.164253 1.164253
0.893776 0.578206 0.688575 0.904064 0.804161 0.899386 1.077347 1.077347 1.077351 1.077351
0.961681 0.618270 0.740898 0.973581 0.866678 0.968724 1.155890 1.155890 1.155893 1.155893
0.958265 0.617281 0.739400 0.974284 0.863609 0.970032 1.149683 1.149683 1.149687 1.149687
0.965598 0.621569 0.745184 0.980297 0.866953 0.969051 1.152756 1.152756 1.152760 1.152760
0.958822 0.617207 0.739954 0.973417 0.860868 0.962250 1.125713 1.125713 1.125717 1.125717
0.976319 0.625999 0.753605 0.985059 0.876102 0.979268 1.144820 1.144820 1.144823 1.144823
0.962067 0.617608 0.742768 0.972768 0.869402 0.973019 1.131745 1.131745 1.131748 1.131748
0.976950 0.630794 0.757135 0.990815 0.882500 0.991833 1.160145 1.160145 1.160148 1.160148
0.972393 0.629355 0.750775 0.984563 0.877778 0.988923 1.159189 1.159189 1.159192 1.159192
0.959002 0.620688 0.740435 0.971004 0.865689 0.975303 1.125184 1.125184 1.125187 1.125187
0.984979 0.637501 0.760492 0.997306 0.889139 1.001722 1.149241 1.149241 1.149245 1.149245
