0.956777 0.960038 0.933754 0.960454 0.958564 0.955291 0.971709 0.971709 0.971710 0.971710
0.939355 0.942557 0.916752 0.942965 0.941110 0.937897 0.925474 0.925474 0.925475 0.925475
0.986600 0.986070 0.963048 0.984275 0.987906 0.984524 0.970803 0.970803 0.970804 0.970804
0.950773 0.949170 0.929032 0.951572 0.956936 0.935478 0.941006 0.941006 0.941006 0.941006
0.991790 0.992304 0.972040 0.990359 0.997522 0.976048 0.986631 0.986631 0.986632 0.986632
0.971904 0.972408 0.952550 0.970502 0.800023 0.956478 0.965185 0.965185 0.965186 0.965186
0.943338 0.933053 0.929768 0.908124 0.772823 0.926414 0.945945 0.945945 0.945946 0.945946
1.001341 0.994199 0.989041 0.961766 0.821048 0.987941 1.004874 1.004874 1.004876 1.004876
1.023439 1.016139 1.003142 0.982990 0.839167 1.009742 1.027049 1.027049 1.027051 1.027051
0.988284 0.986080 0.976134 0.953771 0.813491 0.977551 0.993944 0.993944 0.993946 0.993946
1.004051 1.001811 0.991707 0.968988 0.826469 0.993147 1.000777 1.000777 1.000779 1.000779
1.014988 1.010550 1.002578 0.977881 0.835620 1.004308 1.012935 1.012935 1.012937 1.012937
0.982021 0.871968 0.972407 0.945168 0.807556 0.971727 0.979342 0.979342 0.979344 0.979344
1.030697 0.917427 1.020827 0.987090 0.849764 1.019505 1.030277 1.030277 1.030279 1.030279
1.013436 0.902063 1.003732 0.970560 0.835533 1.002431 1.001538 1.001538 1.001539 1.001539
1.000849 0.881170 1.004017 0.969760 0.836651 1.003494 0.998759 0.998759 0.998760 0.998760
1.019155 0.897287 1.022381 0.987497 0.851953 1.021848 1.010193 1.010193 1.010195 1.010195
1.006748 0.875770 1.006013 0.971282 0.837931 1.003052 0.994930 0.994930 0.994932 0.994932
1.018650 0.889664 1.015486 0.983269 0.847363 1.014861 1.011939 1.011939 1.011940 1.011940
1.000577 0.858744 0.997239 0.963551 0.832589 0.993799 0.989411 0.989411 0.989412 0.989412
1.022288 0.873466 1.018008 0.981229 0.848662 1.012616 1.007992 1.007992 1.007993 1.007993
1.034853 0.884202 1.028203 0.991056 0.860252 1.022757 1.018798 1.018798 1.018799 1.018799
1.026514 0.880486 1.023174 0.986006 0.854748 1.010926 1.013656 1.013656 1.013658 1.013658
1.020941 0.870632 1.019706 0.972139 0.850975 1.003763 1.010230 1.010230 1.010232 1.010232
0.999569 0.807181 0.945391 0.961389 0.828916 0.992356 1.001387 1.001387 1.001388 1.001388
1.027782 0.832086 0.975434 0.990937 0.855332 1.023307 1.028857 1.028857 1.028859 1.028859
0.994240 0.805482 0.945411 0.949133 0.822235 0.989731 0.993202 0.993202 0.993204 0.993204
1.026347 0.831494 0.975942 0.979783 0.848788 1.021693 1.013909 1.013909 1.013911 1.013911
1.030586 0.830148 0.975902 0.982862 0.852245 1.019418 1.022243 1.022243 1.022245 1.022245
1.028256 0.827270 0.972627 0.978316 0.845809 1.017929 1.024529 1.024529 1.024531 1.024531
1.044121 0.838031 0.988302 0.994701 0.860717 1.034238 1.043676 1.043676 1.043678 1.043678
1.035724 0.830829 0.978773 0.985447 0.852528 1.026946 1.035988 1.035988 1.035989 1.035989
0.967252 0.768253 0.897057 0.913683 0.798414 0.953888 0.955172 0.955172 0.955174 0.955174
1.028531 0.816925 0.953889 0.971568 0.848996 1.014320 0.999657 0.999657 0.999659 0.999659
0.994577 0.812727 0.927176 0.957052 0.848039 1.009002 1.000062 1.000062 1.000063 1.000063
0.994362 0.843298 0.962052 0.993052 0.879939 1.046956 1.035553 1.035553 1.035555 1.035555
0.930385 0.780767 0.905106 0.951841 0.829444 0.984983 0.988031 0.988031 0.988033 0.988033
0.924857 0.635596 0.899547 0.942954 0.819749 0.987971 0.999593 0.999593 0.999595 0.999595
0.987339 0.681907 0.961581 1.009892 0.875889 1.056464 1.071510 1.071510 1.071512 1.071512
0.976155 0.676946 0.948438 1.000997 0.840215 1.004302 1.063952 1.063952 1.063954 1.063954
0.984172 0.681114 0.959739 1.009524 0.846476 1.013362 1.075505 1.075505 1.075507 1.075507
0.930834 0.631969 0.876833 0.928079 0.783340 0.944811 1.025470 1.025470 1.025472 1.025472
0.980337 0.665579 0.923465 0.977436 0.825000 0.995058 1.062125 1.062125 1.062127 1.062127
0.983327 0.672593 0.936084 0.979022 0.827699 1.006371 1.064258 1.064258 1.064261 1.064261
0.964903 0.656492 0.877273 0.961611 0.810533 0.919208 1.057954 1.057954 1.057956 1.057956
0.970825 0.660521 0.882657 0.967513 0.815507 0.924850 1.034447 1.034447 1.034449 1.034449
1.014325 0.691761 0.921835 1.008751 0.850776 0.961021 1.084289 1.084289 1.084291 1.084291
1.027910 0.697897 0.933875 1.021415 0.860266 0.970943 1.098102 1.098102 1.098104 1.098104
1.018644 0.695609 0.928986 1.015280 0.852171 0.965853 1.098517 1.098517 1.098518 1.098518
1.006863 0.690034 0.921540 1.007142 0.845341 0.954254 1.080712 1.080712 1.080714 1.080714
1.002481 0.687197 0.918875 1.004589 0.841820 0.950041 1.068419 1.068419 1.068421 1.068421
0.940282 0.645547 0.860120 0.926075 0.787992 0.885489 1.021415 1.021415 1.021417 1.021417
1.014159 0.694744 0.927296 0.996596 0.850494 0.950973 1.103353 1.103353 1.103355 1.103355
1.012025 0.695923 0.927372 0.996970 0.852778 0.952287 1.109792 1.109792 1.109794 1.109794
1.004395 0.689247 0.923763 0.983387 0.849676 0.947966 1.103507 1.103507 1.103509 1.103509
1.002561 0.687506 0.922231 0.980148 0.844942 0.938099 1.096048 1.096048 1.096050 1.096050
1.002621 0.686641 0.911924 0.968189 0.838092 0.937502 1.090971 1.090971 1.090972 1.090972
1.010558 0.691108 0.916938 0.963308 0.843699 0.944070 1.098247 1.098247 1.098249 1.098249
1.031963 0.705746 0.936360 0.983712 0.859609 0.964067 1.120071 1.120071 1.120073 1.120073
1.002905 0.691983 0.913817 0.962268 0.839060 0.933177 1.091562 1.091562 1.091564 1.091564
1.019580 0.704135 0.930298 0.978140 0.852317 0.950142 1.112294 1.112294 1.112295 1.112295
1.006323 0.692194 0.918269 0.964558 0.840291 0.933435 1.096385 1.096385 1.096386 1.096386
0.873093 0.600552 0.796697 0.836857 0.729043 0.809855 0.951231 0.951231 0.951233 0.951233
1.024660 0.704807 0.935002 0.982134 0.855603 0.950445 1.111635 1.111635 1.111637 1.111637
1.015114 0.697639 0.934851 0.981976 0.855466 0.941590 1.109472 1.109472 1.109474 1.109474
0.883774 0.687334 0.921042 0.967471 0.842829 0.927681 1.085639 1.085639 1.085640 1.085640
0.854196 0.664331 0.890217 0.935092 0.814622 0.896634 1.005618 1.005618 1.005619 1.005619
0.913460 0.711761 0.953751 1.001888 0.869779 0.958347 1.075449 1.075449 1.075451 1.075451
0.924090 0.720044 0.964850 1.013547 0.879901 0.969500 1.077988 1.077988 1.077990 1.077990
0.922478 0.714323 0.963178 1.012644 0.879809 0.968816 1.073036 1.073036 1.073038 1.073038
0.935616 0.724496 0.976895 1.027065 0.892339 0.982613 1.082271 1.082271 1.082273 1.082273
0.899373 0.691052 0.932476 0.979087 0.856036 0.929009 1.055071 1.055071 1.055073 1.055073
0.864622 0.662685 0.869959 0.954381 0.814680 0.909971 1.036564 1.036564 1.036566 1.036566
0.919214 0.707170 0.927965 1.020574 0.869965 0.965742 1.106511 1.106511 1.106514 1.106514
0.901094 0.686472 0.892355 1.000374 0.829754 0.936425 1.087193 1.087193 1.087195 1.087195
0.920371 0.702618 0.912986 1.021743 0.848094 0.957824 1.118354 1.118354 1.118357 1.118357
0.907695 0.661601 0.900412 0.944163 0.836413 0.944632 1.087548 1.087548 1.087550 1.087550
0.944486 0.688417 0.928212 0.982432 0.870315 0.973798 1.131521 1.131521 1.131524 1.131524
0.936087 0.683929 0.916505 0.972086 0.861981 0.966816 1.125785 1.125785 1.125788 1.125788
0.929990 0.675275 0.909491 0.962033 0.856250 0.958240 1.114161 1.114161 1.114164 1.114164
0.936357 0.681164 0.916566 0.966974 0.863871 0.966611 1.124703 1.124703 1.124705 1.124705
0.893802 0.650227 0.894708 0.918833 0.843081 0.924429 1.103226 1.103226 1.103229 1.103229
0.879211 0.639613 0.880102 0.903833 0.829318 0.909338 1.048237 1.048237 1.048240 1.048240
0.949429 0.690695 0.950390 0.976017 0.895551 0.981961 1.130312 1.130312 1.130315 1.130315
0.933726 0.680741 0.934686 0.961526 0.884067 0.967132 1.112880 1.112880 1.112883 1.112883
0.935629 0.681760 0.939583 0.967702 0.883450 0.968891 1.122406 1.122406 1.122409 1.122409
0.911983 0.664521 0.810669 0.942648 0.854980 0.944151 1.092413 1.092413 1.092416 1.092416
0.924903 0.674752 0.822336 0.958060 0.873208 0.965511 1.111461 1.111461 1.111463 1.111463
0.930036 0.679826 0.828169 0.967509 0.878063 0.975644 1.115590 1.115590 1.115592 1.115592
0.934553 0.682531 0.828206 0.966378 0.884967 0.966005 1.125564 1.125564 1.125567 1.125567
0.925328 0.677940 0.809705 0.954236 0.880037 0.952303 1.127592 1.127592 1.127595 1.127595
0.908619 0.661957 0.790616 0.937005 0.859290 0.935107 1.104463 1.104463 1.104466 1.104466
0.918756 0.669342 0.799436 0.947459 0.868877 0.945539 1.093740 1.093740 1.093743 1.093743
0.952616 0.695067 0.828437 0.982446 0.900655 0.981387 1.135826 1.135826 1.135830 1.135830
0.926627 0.670540 0.799204 0.947779 0.868873 0.946757 1.084284 1.084284 1.084287 1.084287
0.954736 0.689449 0.822791 0.974763 0.890201 0.975420 1.114185 1.114185 1.114188 1.114188
0.938951 0.675792 0.806950 0.960325 0.874335 0.957085 1.088812 1.088812 1.088815 1.088815
0.955408 0.688637 0.820665 0.979087 0.886163 0.973373 1.110574 1.110574 1.110577 1.110577
0.943914 0.611424 0.728648 0.967307 0.875502 0.961662 1.097213 1.097213 1.097216 1.097216
0.971468 0.628757 0.750061 0.983626 0.876943 0.987982 1.133478 1.133478 1.133481 1.133481
