0.979132 0.975283 0.979324 0.973085 0.978600 0.978591 0.977905 0.977905 0.977905 0.977905
0.961612 0.954641 0.959141 0.957346 0.959829 0.958868 0.954314 0.954314 0.954314 0.954314
0.935995 0.955993 0.938424 0.949256 0.965065 0.960126 0.960991 0.960991 0.960990 0.960990
0.970019 0.988618 0.972604 0.982094 1.000324 0.995368 0.997161 0.997161 0.997160 0.997160
0.920632 0.938314 0.943973 0.927856 0.970660 0.946481 0.972518 0.972518 0.972518 0.972518
0.941410 0.962938 0.968745 0.952205 0.996132 0.967407 0.989797 0.989797 0.989797 0.989797
0.916013 0.931992 0.900258 0.927417 0.967280 0.876198 0.975670 0.975670 0.975670 0.975670
0.922595 0.931438 0.900376 0.926329 0.972258 0.867974 0.996588 0.996588 0.996588 0.996588
0.903057 0.746631 0.881131 0.903615 0.946166 0.857263 0.992797 0.992797 0.992797 0.992797
0.953175 0.778649 0.926421 0.949664 0.994345 0.899141 1.044782 1.044782 1.044781 1.044781
0.955835 0.782294 0.930735 0.954143 0.995563 0.901185 1.047758 1.047758 1.047758 1.047758
0.961564 0.786296 0.931830 0.954105 1.004526 0.893291 1.058322 1.058322 1.058322 1.058322
0.976581 0.798576 0.946383 0.969006 1.020215 0.907242 1.070298 1.070298 1.070298 1.070298
0.950384 0.778095 0.921200 0.945042 0.999850 0.890267 1.044945 1.044945 1.044945 1.044945
0.945018 0.765287 0.927783 0.950740 1.008055 0.897324 1.049193 1.049193 1.049193 1.049193
0.959073 0.776249 0.944589 0.969102 1.020253 0.910469 1.071727 1.071727 1.071727 1.071727
0.963981 0.776738 0.949112 0.973255 1.023208 0.912358 1.076517 1.076517 1.076516 1.076516
0.947686 0.764719 0.932580 0.958693 1.001959 0.896487 1.060878 1.060878 1.060878 1.060878
0.915746 0.738096 0.902077 0.929350 0.973177 0.854135 1.031101 1.031101 1.031101 1.031101
0.946820 0.762516 0.932864 0.949382 0.979270 0.881553 1.070087 1.070087 1.070087 1.070087
0.956077 0.769971 0.941985 0.958664 0.988844 0.890172 1.070893 1.070893 1.070893 1.070893
0.964524 0.777957 0.949778 0.967202 0.997310 0.898954 1.082049 1.082049 1.082049 1.082049
0.952217 0.767102 0.936629 0.952597 0.979363 0.888194 1.073056 1.073056 1.073056 1.073056
0.957592 0.771432 0.941916 0.957975 0.984892 0.893208 1.069218 1.069218 1.069218 1.069218
0.956831 0.766055 0.940088 0.953524 0.983975 0.890381 1.064269 1.064269 1.064269 1.064269
0.973541 0.777575 0.957154 0.971438 1.003325 0.906460 1.086331 1.086331 1.086331 1.086331
0.934425 0.742138 0.913534 0.932406 0.957600 0.870039 1.040077 1.040077 1.040077 1.040077
0.962289 0.763733 0.940934 0.958798 0.982456 0.888280 1.065798 1.065798 1.065799 1.065799
0.956377 0.759041 0.935153 0.952908 0.976420 0.882823 1.042535 1.042535 1.042535 1.042535
0.974220 0.769756 0.951788 0.967502 0.992306 0.896860 1.058952 1.058952 1.058952 1.058952
0.975865 0.773950 0.956567 0.974803 0.998397 0.896811 1.065071 1.065071 1.065071 1.065071
0.973839 0.776814 0.958221 0.975730 0.995927 0.898355 1.072932 1.072932 1.072932 1.072932
0.964779 0.771420 0.948924 0.964632 0.985189 0.885145 1.066385 1.066385 1.066385 1.066385
0.970979 0.774680 0.954608 0.968654 0.992210 0.887020 1.074882 1.074882 1.074881 1.074881
0.964536 0.769540 0.948274 0.962227 0.985626 0.881135 1.055643 1.055643 1.055642 1.055642
0.987890 0.788172 0.971234 0.985524 1.007194 0.902469 1.079816 1.079816 1.079815 1.079815
0.838074 0.668644 0.823944 0.836067 0.854451 0.765608 0.916060 0.916060 0.916059 0.916059
0.914797 0.722203 0.904321 0.934884 0.939606 0.840293 1.019638 1.019638 1.019637 1.019637
0.962999 0.762078 0.948397 0.982518 0.988433 0.886107 1.077505 1.077505 1.077504 1.077504
0.917369 0.725968 0.903459 0.935963 0.941598 0.844121 0.991473 0.991473 0.991472 0.991472
0.976290 0.775539 0.963593 0.998554 1.006885 0.901475 1.063549 1.063549 1.063548 1.063548
0.848421 0.762688 0.947626 0.982008 0.990200 0.886537 1.038803 1.038803 1.038802 1.038802
0.872364 0.785943 0.977313 1.007418 1.017433 0.911755 1.073591 1.073591 1.073590 1.073590
0.819578 0.724367 0.886930 0.919961 0.935261 0.844403 1.016813 1.016813 1.016812 1.016812
0.850249 0.779911 0.954938 0.990502 1.006976 0.909151 1.092537 1.092537 1.092536 1.092536
0.828827 0.754005 0.923219 0.957601 0.973528 0.878952 1.045197 1.045197 1.045197 1.045197
0.861491 0.784441 0.960932 0.995210 1.011071 0.914986 1.088915 1.088915 1.088915 1.088915
0.862235 0.785119 0.961762 0.996070 1.011945 0.915777 1.083801 1.083801 1.083800 1.083800
0.855070 0.777504 0.951482 0.975094 1.002315 0.907347 1.073466 1.073466 1.073465 1.073465
0.844491 0.754585 0.939492 0.960763 0.990222 0.893373 1.055305 1.055305 1.055305 1.055305
0.850546 0.759995 0.946229 0.967652 0.816230 0.899779 1.061044 1.061044 1.061044 1.061044
0.877469 0.782426 0.975401 0.996475 0.837335 0.928206 1.091698 1.091698 1.091698 1.091698
0.877777 0.777838 0.975754 0.997675 0.839004 0.929498 1.088963 1.088963 1.088963 1.088963
0.867585 0.772602 0.971840 0.990814 0.832484 0.921054 1.078678 1.078678 1.078678 1.078678
0.884070 0.786845 0.988708 1.008356 0.847043 0.939493 1.099922 1.099922 1.099922 1.099922
0.867712 0.774738 0.958195 0.987008 0.834982 0.918094 1.092299 1.092299 1.092298 1.092298
0.878468 0.788238 0.971347 1.002452 0.846066 0.931014 1.110383 1.110383 1.110383 1.110383
0.863189 0.774528 0.954452 0.985017 0.831350 0.914821 1.073005 1.073005 1.073005 1.073005
0.825907 0.732617 0.918380 0.908602 0.791667 0.873469 1.036665 1.036665 1.036665 1.036665
0.826639 0.726037 0.902091 0.902871 0.794605 0.869534 1.024365 1.024365 1.024365 1.024365
0.861178 0.756891 0.941587 0.931308 0.822621 0.905702 1.064939 1.064939 1.064940 1.064940
0.879456 0.779840 0.965611 0.957297 0.843756 0.921228 1.090568 1.090568 1.090569 1.090569
0.888987 0.789759 0.976980 0.966029 0.854641 0.932959 1.105251 1.105251 1.105251 1.105251
0.901778 0.801122 0.991037 0.979928 0.866937 0.946382 1.119528 1.119528 1.119528 1.119528
0.865207 0.771253 0.927966 0.943802 0.833334 0.906593 1.090890 1.090890 1.090891 1.090891
0.881162 0.785475 0.945078 0.961205 0.848700 0.923310 1.098689 1.098689 1.098689 1.098689
0.888056 0.794697 0.955513 0.971619 0.856771 0.927242 1.110646 1.110646 1.110646 1.110646
0.883187 0.788728 0.953763 0.966584 0.851431 0.922897 1.107455 1.107455 1.107456 1.107456
0.884445 0.791871 0.958421 0.970324 0.855665 0.926875 1.108177 1.108177 1.108178 1.108178
0.880963 0.784184 0.956606 0.958113 0.853167 0.921689 1.106089 1.106089 1.106090 1.106090
0.894728 0.796436 0.962537 0.973083 0.866498 0.927403 1.123266 1.123266 1.123266 1.123266
0.867702 0.772379 0.933462 0.943690 0.840324 0.899390 1.066857 1.066857 1.066857 1.066857
0.899245 0.800457 0.967396 0.977996 0.870872 0.932085 1.098211 1.098211 1.098213 1.098213
0.879108 0.782522 0.837132 0.955490 0.845297 0.910968 1.072023 1.072023 1.072024 1.072024
0.907025 0.809120 0.863729 0.987529 0.875436 0.941271 1.107323 1.107323 1.107324 1.107324
0.906443 0.807904 0.871152 0.996016 0.882959 0.940667 1.114846 1.114846 1.114847 1.114847
0.891699 0.758818 0.856983 0.918064 0.868598 0.925367 1.081396 1.081396 1.081397 1.081397
0.915684 0.777615 0.883267 0.936976 0.895467 0.953130 1.112581 1.112581 1.112583 1.112583
0.910776 0.772427 0.868663 0.920528 0.883394 0.947363 1.101425 1.101425 1.101427 1.101427
0.904545 0.689422 0.775316 0.914231 0.877351 0.940882 1.093891 1.093891 1.093893 1.093893
0.883373 0.673285 0.757168 0.892832 0.856815 0.918859 1.023808 1.023808 1.023810 1.023810
0.972086 0.740900 0.826840 0.982495 0.942861 1.011136 1.126624 1.126624 1.126627 1.126627
0.889508 0.676262 0.734245 0.911570 0.854086 0.942705 1.053544 1.053544 1.053546 1.053546
0.929920 0.700093 0.752991 0.952906 0.868742 0.974832 1.103940 1.103940 1.103942 1.103942
0.949044 0.717345 0.766649 0.973003 0.886113 0.994832 1.132515 1.132515 1.132517 1.132517
0.945105 0.710278 0.760296 0.968011 0.882384 0.984431 1.132407 1.132407 1.132410 1.132410
0.932212 0.705819 0.757860 0.953446 0.870540 0.979055 1.115800 1.115800 1.115802 1.115802
0.912051 0.690554 0.741469 0.932826 0.851713 0.957881 1.059009 1.059009 1.059011 1.059011
0.927562 0.702299 0.754080 0.948691 0.866198 0.974172 1.046665 1.046665 1.046667 1.046667
0.946532 0.678638 0.728675 0.977857 0.879408 1.003810 1.081357 1.081357 1.081359 1.081359
0.963021 0.690628 0.742456 0.996708 0.894896 1.021233 1.092434 1.092434 1.092437 1.092437
0.903105 0.648651 0.694853 0.918641 0.837519 0.951669 1.044181 1.044181 1.044184 1.044184
0.963882 0.695142 0.739861 0.982963 0.867301 0.976628 1.119271 1.119271 1.119274 1.119274
0.973548 0.703575 0.748543 0.992788 0.876607 0.987830 1.138540 1.138540 1.138543 1.138543
0.965497 0.694959 0.742407 0.983698 0.868382 0.975114 1.127637 1.127637 1.127640 1.127640
0.982151 0.706946 0.753514 0.998415 0.884553 0.989703 1.145308 1.145308 1.145311 1.145311
0.947287 0.608096 0.728558 0.962005 0.852179 0.954608 1.103870 1.103870 1.103873 1.103873
0.976910 0.629502 0.752943 0.989827 0.879584 0.989029 1.139258 1.139258 1.139261 1.139261
0.993116 0.641511 0.765599 1.001250 0.896475 1.005054 1.160853 1.160853 1.160857 1.160857
0.970356 0.628037 0.749202 0.982500 0.875939 0.986851 1.132180 1.132180 1.132183 1.132183
