0.980341 0.982381 0.981997 0.980309 0.981022 0.981740 0.987317 0.987317 0.987317 0.987317
0.971479 0.977491 0.970817 0.973923 0.943243 0.935427 0.982621 0.982621 0.982621 0.982621
0.993013 0.994699 0.992012 0.994688 0.962021 0.953268 1.003755 1.003755 1.003754 1.003754
0.994512 0.993825 0.994183 0.997485 0.965558 0.955265 1.008498 1.008498 1.008497 1.008497
0.942951 0.941216 0.943609 0.948800 0.920214 0.893048 0.961787 0.961787 0.961787 0.961787
0.980083 0.977437 0.989831 0.995276 0.965290 0.928215 1.007099 1.007099 1.007099 1.007099
0.980425 0.977778 0.990177 0.995623 0.965627 0.928539 1.000682 1.000682 1.000682 1.000682
0.978841 0.976198 0.988577 0.994015 0.964067 0.927039 0.990137 0.990137 0.990138 0.990138
0.953527 0.945609 0.957600 0.968309 0.933858 0.903065 0.962120 0.962120 0.962121 0.962121
0.959855 0.848920 0.966332 0.973754 0.938982 0.909094 0.967820 0.967820 0.967821 0.967821
1.010847 0.894018 1.017668 1.025484 0.988864 0.957388 1.017757 1.017757 1.017757 1.017757
0.974674 0.854932 0.973177 0.980651 0.945632 0.915532 0.963080 0.963080 0.963081 0.963081
1.025345 0.899378 1.015946 1.031633 0.994794 0.963129 1.013149 1.013149 1.013149 1.013149
1.005156 0.880434 0.993552 0.998318 0.974019 0.943311 0.991971 0.991971 0.991971 0.991971
1.006527 0.876186 0.993766 0.995827 0.975215 0.942358 0.989512 0.989512 0.989513 0.989513
1.001788 0.832620 0.989087 0.928673 0.970623 0.937921 0.971099 0.971099 0.971100 0.971100
1.046303 0.869618 1.033038 0.969939 1.011447 0.979598 1.012950 1.012950 1.012951 1.012951
1.033912 0.861216 1.023888 0.956266 0.998770 0.968207 1.006082 1.006082 1.006083 1.006083
0.995492 0.829782 0.987734 0.911641 0.955633 0.932061 0.966675 0.966675 0.966676 0.966676
1.034390 0.860320 1.025884 0.945139 0.993664 0.964336 1.005986 1.005986 1.005987 1.005987
0.954055 0.794719 0.944295 0.856763 0.914637 0.883845 0.945713 0.945713 0.945714 0.945714
1.003719 0.836089 0.993451 0.901362 0.962249 0.929854 0.974411 0.974411 0.974413 0.974413
1.024406 0.843122 1.009988 0.915984 0.977822 0.943043 0.991538 0.991538 0.991540 0.991540
1.032721 0.848939 1.017069 0.921231 0.980531 0.951460 1.004093 1.004093 1.004094 1.004094
1.039915 0.854390 1.027425 0.931707 0.984665 0.957877 1.017666 1.017666 1.017667 1.017667
1.016032 0.838889 1.011548 0.914670 0.965789 0.938271 0.996473 0.996473 0.996474 0.996474
1.039110 0.857943 1.034524 0.935445 0.987726 0.959583 1.013444 1.013444 1.013445 1.013445
0.999302 0.818702 0.987923 0.892143 0.947963 0.907637 0.988412 0.988412 0.988413 0.988413
1.026207 0.843949 1.016685 0.914075 0.974323 0.936401 1.015798 1.015798 1.015800 1.015800
1.026961 0.839676 1.019519 0.906805 0.976035 0.935528 1.018639 1.018639 1.018640 1.018640
1.030955 0.847821 1.027387 0.913094 0.979441 0.942741 1.032292 1.032292 1.032294 1.032294
1.022589 0.837635 1.019250 0.900091 0.970965 0.934574 1.022632 1.022632 1.022634 1.022634
0.969760 0.779279 0.933699 0.829692 0.900951 0.873687 0.977669 0.977669 0.977671 0.977671
1.033295 0.832131 0.994886 0.885571 0.963605 0.932289 1.042905 1.042905 1.042907 1.042907
0.889844 0.716608 0.856768 0.762628 0.829829 0.802861 0.898121 0.898121 0.898122 0.898122
0.986617 0.794541 0.949944 0.845566 0.920076 0.890174 0.961862 0.961862 0.961864 0.961864
1.049338 0.845051 1.010333 0.899320 0.978566 0.946764 1.013628 1.013628 1.013630 1.013630
1.056986 0.850737 1.016055 0.904722 0.984236 0.954617 1.021711 1.021711 1.021713 1.021713
0.986861 0.785229 0.953997 0.814342 0.914575 0.889410 0.963221 0.963221 0.963223 0.963223
1.038709 0.833845 1.008337 0.862734 0.966838 0.932397 1.016650 1.016650 1.016651 1.016651
1.043684 0.837152 1.013359 0.856488 0.945467 0.935203 1.025350 1.025350 1.025351 1.025351
1.032365 0.828063 0.887265 0.846664 0.928543 0.924813 1.012723 1.012723 1.012724 1.012724
1.064453 0.853203 0.914997 0.871697 0.953812 0.945360 1.039040 1.039040 1.039041 1.039041
1.051815 0.849368 0.913701 0.860121 0.942696 0.941883 1.025637 1.025637 1.025639 1.025639
1.075071 0.869469 0.933382 0.879200 0.963278 0.963690 1.049957 1.049957 1.049959 1.049959
1.047875 0.848501 0.909972 0.858803 0.945533 0.947145 1.026696 1.026696 1.026698 1.026698
1.006896 0.667691 0.874210 0.822400 0.903304 0.918322 1.004056 1.004056 1.004058 1.004058
1.069643 0.707852 0.932098 0.873914 0.958870 0.976330 1.069425 1.069425 1.069427 1.069427
1.048423 0.691499 0.911080 0.858077 0.938615 0.954758 1.041559 1.041559 1.041561 1.041561
1.068873 0.702162 0.928920 0.874032 0.955850 0.968864 1.060477 1.060477 1.060479 1.060479
1.072024 0.703617 0.927197 0.871352 0.961536 0.957469 1.067926 1.067926 1.067928 1.067928
1.071422 0.702294 0.916265 0.860185 0.953148 0.956265 1.062318 1.062318 1.062320 1.062320
1.015428 0.659030 0.852221 0.809371 0.905885 0.901407 0.993973 0.993973 0.993975 0.993975
1.099166 0.714033 0.923778 0.876002 0.979792 0.977233 1.078445 1.078445 1.078447 1.078447
1.093350 0.713783 0.920097 0.874166 0.975453 0.973673 1.077147 1.077147 1.077149 1.077149
1.065700 0.688165 0.908367 0.862064 0.964029 0.962004 1.060162 1.060162 1.060163 1.060163
1.042207 0.669427 0.848428 0.843879 0.940854 0.875722 1.050330 1.050330 1.050331 1.050331
1.057111 0.642975 0.814902 0.864580 0.949445 0.896926 1.078602 1.078602 1.078604 1.078604
1.073461 0.652920 0.827507 0.877953 0.964130 0.910800 1.077151 1.077151 1.077153 1.077153
1.108679 0.674340 0.846723 0.906756 0.995761 0.931950 1.112384 1.112384 1.112386 1.112386
1.085478 0.660389 0.830221 0.889401 0.975106 0.912390 1.081424 1.081424 1.081426 1.081426
1.097232 0.667540 0.839211 0.899032 0.985665 0.922270 1.080739 1.080739 1.080741 1.080741
1.115352 0.677107 0.853129 0.912329 1.002121 0.937821 1.099952 1.099952 1.099953 1.099953
1.084977 0.591936 0.745816 0.887483 0.974830 0.912281 1.069997 1.069997 1.069998 1.069998
1.114721 0.609048 0.765862 0.913613 0.997618 0.936822 1.101988 1.101988 1.101989 1.101989
1.118162 0.607431 0.765035 0.915532 1.000641 0.933765 1.109892 1.109892 1.109894 1.109894
1.121695 0.610908 0.770104 0.920667 1.007359 0.939416 1.112540 1.112540 1.112541 1.112541
1.104789 0.601701 0.758498 0.906791 0.812018 0.925258 1.093887 1.093887 1.093889 1.093889
1.063717 0.577880 0.708721 0.885255 0.773965 0.907676 1.076335 1.076335 1.076337 1.076337
1.067747 0.580069 0.711406 0.888609 0.776897 0.911114 1.035429 1.035429 1.035432 1.035432
1.165492 0.633170 0.774784 0.967773 0.849161 0.992284 1.128462 1.128462 1.128465 1.128465
1.168064 0.634568 0.776494 0.969909 0.851035 0.994474 1.126162 1.126162 1.126164 1.126164
1.115202 0.605850 0.741353 0.926015 0.812521 0.949468 1.043030 1.043030 1.043033 1.043033
1.123174 0.610200 0.763547 0.928395 0.836659 0.958067 1.079485 1.079485 1.079489 1.079489
1.152201 0.624672 0.782656 0.950666 0.853459 0.982770 1.104418 1.104418 1.104422 1.104422
1.155114 0.626251 0.784634 0.953069 0.855617 0.985254 1.094935 1.094935 1.094938 1.094938
1.132904 0.637452 0.798667 0.970115 0.870919 1.002876 1.112234 1.112234 1.112237 1.112237
1.121961 0.627373 0.790962 0.961564 0.863923 0.994222 1.098346 1.098346 1.098350 1.098350
1.126571 0.632467 0.792323 0.966011 0.866988 0.998258 1.108606 1.108606 1.108610 1.108610
1.122193 0.631510 0.788925 0.960244 0.862329 0.988957 1.107866 1.107866 1.107869 1.107869
1.112625 0.626126 0.782199 0.952057 0.854977 0.980525 1.081086 1.081086 1.081090 1.081090
1.075490 0.622673 0.760007 0.937478 0.853691 0.975016 1.081115 1.081115 1.081119 1.081119
1.105454 0.641213 0.781905 0.961961 0.879266 1.004061 1.114123 1.114123 1.114126 1.114126
1.102689 0.642009 0.782544 0.965166 0.880963 0.999805 1.115874 1.115874 1.115877 1.115877
1.071283 0.625849 0.741962 0.941280 0.857470 0.969821 1.101011 1.101011 1.101014 1.101014
1.107539 0.648613 0.767239 0.968304 0.888770 1.002262 1.140923 1.140923 1.140926 1.140926
1.055857 0.618347 0.731436 0.923119 0.847297 0.955493 1.057027 1.057027 1.057031 1.057031
1.096303 0.643291 0.760621 0.962591 0.879762 0.996974 1.095516 1.095516 1.095519 1.095519
1.107991 0.651707 0.765845 0.971246 0.888529 1.009355 1.111468 1.111468 1.111471 1.111471
1.106450 0.653279 0.766454 0.972305 0.891552 1.011471 1.118753 1.118753 1.118756 1.118756
1.087566 0.643340 0.754775 0.957546 0.874967 0.993696 1.099723 1.099723 1.099726 1.099726
0.962896 0.644577 0.756226 0.959388 0.876650 0.995607 1.094334 1.094334 1.094337 1.094337
0.972536 0.653097 0.754179 0.966357 0.889272 1.001194 1.118320 1.118320 1.118324 1.118324
0.983252 0.662860 0.764923 0.979923 0.900575 1.008644 1.134075 1.134075 1.134078 1.134078
0.963643 0.643307 0.735397 0.960302 0.858746 0.977795 1.114013 1.114013 1.114016 1.114016
0.979995 0.656574 0.750563 0.980105 0.876455 0.993941 1.127596 1.127596 1.127600 1.127600
0.986508 0.657992 0.754907 0.983383 0.880213 0.997840 1.131848 1.131848 1.131851 1.131851
0.971677 0.636874 0.743386 0.966319 0.867250 0.979825 1.109702 1.109702 1.109705 1.109705
0.991695 0.648649 0.761489 0.980179 0.888596 1.003035 1.134704 1.134704 1.134707 1.134707
0.931732 0.603038 0.719381 0.943393 0.841073 0.947570 1.087115 1.087115 1.087118 1.087118
