0.979710 0.978302 0.973427 0.974573 0.973872 0.978073 0.978164 0.978164 0.978164 0.978164
0.989776 0.988136 0.981396 0.984541 0.980918 0.985923 0.989553 0.989553 0.989553 0.989553
0.990620 0.982057 0.981997 0.982157 0.983156 0.982961 0.990201 0.990201 0.990201 0.990201
0.953494 0.942259 0.947639 0.947765 0.944753 0.949967 0.952797 0.952797 0.952797 0.952797
0.966167 0.966392 0.971910 0.971774 0.934923 0.966330 0.970370 0.970370 0.970370 0.970370
0.979784 0.978449 0.987354 0.985365 0.949919 0.981416 0.987104 0.987104 0.987104 0.987104
0.839753 0.935562 0.944078 0.942175 0.830149 0.841152 0.944224 0.944224 0.944223 0.944223
0.844516 0.951362 0.974231 0.942430 0.743127 0.798160 0.979297 0.979297 0.979296 0.979296
0.885458 1.005092 1.027461 0.997331 0.787659 0.841741 1.025809 1.025809 1.025808 1.025808
0.897571 1.016722 1.042775 1.005976 0.790181 0.854250 1.043012 1.043012 1.043012 1.043012
0.912413 1.033535 1.060018 1.022611 0.803248 0.868376 1.057083 1.057083 1.057083 1.057083
0.907641 1.028941 1.052203 1.018118 0.799071 0.863125 1.053298 1.053298 1.053297 1.053297
0.844236 0.853434 0.899847 0.870698 0.744537 0.802830 0.970168 0.970168 0.970168 0.970168
0.929152 0.939274 0.990356 0.958275 0.819425 0.883581 1.056142 1.056142 1.056142 1.056142
0.951032 0.961392 1.013677 0.980841 0.838721 0.904388 1.079585 1.079585 1.079585 1.079585
0.920224 0.951647 1.004307 0.954990 0.827358 0.893645 1.070153 1.070153 1.070152 1.070152
0.840448 0.871005 0.944387 0.814974 0.747634 0.837151 1.009378 1.009378 1.009378 1.009378
0.887174 0.922829 0.998783 0.857793 0.798973 0.879620 1.083287 1.083287 1.083287 1.083287
0.877699 0.929830 1.004557 0.855015 0.805439 0.885043 1.092282 1.092282 1.092282 1.092282
0.876313 0.917422 0.987802 0.856151 0.805557 0.888819 1.093970 1.093970 1.093969 1.093969
0.880359 0.920232 0.994091 0.861974 0.802074 0.877565 1.107063 1.107063 1.107063 1.107063
0.873470 0.814708 0.986312 0.855229 0.796418 0.865600 1.090569 1.090569 1.090568 1.090568
0.864501 0.809866 0.938403 0.842017 0.752713 0.862732 1.087690 1.087690 1.087690 1.087690
0.871354 0.824426 0.946953 0.859170 0.738319 0.874931 1.119578 1.119578 1.119578 1.119578
0.864397 0.839849 0.957484 0.876632 0.752158 0.891444 1.140291 1.140291 1.140291 1.140291
0.836061 0.819387 0.926433 0.830236 0.723818 0.843043 1.110744 1.110744 1.110743 1.110743
0.872940 0.855530 0.967299 0.866858 0.755746 0.880230 1.149801 1.149801 1.149800 1.149800
0.882894 0.852193 0.982351 0.880347 0.767506 0.890267 1.166856 1.166856 1.166855 1.166855
0.864094 0.836779 0.965833 0.862514 0.752843 0.871910 1.144491 1.144491 1.144490 1.144490
0.867310 0.840250 0.968487 0.866129 0.757416 0.879510 1.154028 1.154028 1.154027 1.154027
0.803453 0.823514 0.897181 0.844891 0.739553 0.861992 1.127084 1.127084 1.127083 1.127083
0.833044 0.851680 0.926168 0.876432 0.764995 0.887469 1.175035 1.175035 1.175035 1.175035
0.821193 0.849590 0.913847 0.869733 0.761951 0.881572 1.175804 1.175804 1.175803 1.175803
0.826672 0.851400 0.904454 0.870820 0.763590 0.884009 1.185446 1.185446 1.185445 1.185445
0.797210 0.835222 0.890522 0.836498 0.751335 0.844350 1.169911 1.169911 1.169910 1.169910
0.794647 0.821990 0.887665 0.824796 0.747709 0.843014 1.175994 1.175994 1.175993 1.175993
0.809816 0.837239 0.905760 0.838103 0.762653 0.854668 1.203665 1.203665 1.203663 1.203663
0.795664 0.823318 0.886180 0.823274 0.748165 0.844317 1.194310 1.194310 1.194309 1.194309
0.803273 0.831140 0.899404 0.832757 0.757069 0.856191 1.213157 1.213157 1.213156 1.213156
0.787890 0.821126 0.886788 0.829576 0.746695 0.852983 1.211477 1.211477 1.211476 1.211476
0.774760 0.809135 0.871212 0.792311 0.714855 0.841528 1.197966 1.197966 1.197965 1.197965
0.756178 0.788662 0.810502 0.783548 0.695907 0.831533 1.196936 1.196936 1.196935 1.196935
0.780815 0.815034 0.826449 0.807807 0.713913 0.839543 1.237288 1.237288 1.237286 1.237286
0.758291 0.798200 0.807918 0.791122 0.642129 0.822202 1.202896 1.202896 1.202894 1.202894
0.760656 0.808078 0.816229 0.773310 0.649263 0.800190 1.220053 1.220053 1.220052 1.220052
0.790567 0.839491 0.848625 0.802291 0.672568 0.830821 1.267826 1.267826 1.267824 1.267824
0.784059 0.831462 0.834190 0.796993 0.669823 0.822268 1.265872 1.265872 1.265870 1.265870
0.785153 0.833852 0.836778 0.790179 0.668752 0.820325 1.273338 1.273338 1.273336 1.273336
0.779674 0.778096 0.832057 0.782561 0.664584 0.812289 1.266734 1.266734 1.266732 1.266732
0.779415 0.782707 0.832831 0.786929 0.667516 0.812907 1.271161 1.271161 1.271159 1.271159
0.786302 0.780280 0.840189 0.792097 0.673414 0.820089 1.278195 1.278195 1.278193 1.278193
0.777534 0.772127 0.826806 0.788475 0.672139 0.808771 1.278911 1.278911 1.278910 1.278910
0.786547 0.762337 0.836255 0.789087 0.680253 0.816425 1.295662 1.295662 1.295660 1.295660
0.783268 0.756803 0.831615 0.786369 0.676064 0.806357 1.291720 1.291720 1.291718 1.291718
0.794650 0.768041 0.845788 0.799452 0.687586 0.820101 1.312469 1.312469 1.312467 1.312467
0.774800 0.748590 0.724371 0.774600 0.669540 0.798832 1.282744 1.282744 1.282742 1.282742
0.756488 0.744344 0.713939 0.763791 0.670094 0.797889 1.271677 1.271677 1.271675 1.271675
0.677681 0.667775 0.649145 0.682159 0.609706 0.706417 1.078393 1.078393 1.078391 1.078391
0.794168 0.782180 0.766338 0.802535 0.718226 0.833362 1.276804 1.276804 1.276802 1.276802
0.794179 0.782191 0.766350 0.737749 0.718586 0.827847 1.276307 1.276307 1.276305 1.276305
0.775155 0.762845 0.765365 0.728260 0.719758 0.821465 1.278769 1.278769 1.278766 1.278766
0.778886 0.766208 0.769430 0.732666 0.719250 0.825082 1.289144 1.289144 1.289142 1.289142
0.797136 0.784160 0.787459 0.749833 0.736103 0.844414 1.317689 1.317689 1.317685 1.317685
0.781699 0.769126 0.770503 0.738325 0.722108 0.828696 1.300187 1.300187 1.300184 1.300184
0.759983 0.758631 0.679720 0.731183 0.713912 0.818969 1.290083 1.290083 1.290080 1.290080
0.768239 0.762047 0.687296 0.732843 0.718989 0.825708 1.306506 1.306506 1.306503 1.306503
0.769094 0.766324 0.687230 0.728533 0.718548 0.829675 1.317838 1.317838 1.317835 1.317835
0.767328 0.764564 0.665494 0.726860 0.716898 0.753786 1.310182 1.310182 1.310180 1.310180
0.776507 0.774117 0.670774 0.732627 0.726219 0.760004 1.317697 1.317697 1.317695 1.317695
0.782742 0.771172 0.650086 0.739886 0.702649 0.766375 1.330132 1.330132 1.330130 1.330130
0.781600 0.770833 0.650138 0.740406 0.703698 0.761732 1.340580 1.340580 1.340577 1.340577
0.783421 0.772186 0.652055 0.743385 0.705995 0.763836 1.347721 1.347721 1.347718 1.347718
0.771181 0.756605 0.614206 0.732670 0.689345 0.716119 1.319956 1.319956 1.319953 1.319953
0.788979 0.774066 0.628381 0.749579 0.705254 0.732646 1.333983 1.333983 1.333981 1.333981
0.799982 0.785336 0.636303 0.758550 0.714800 0.739169 1.355700 1.355700 1.355699 1.355699
0.781323 0.730880 0.613493 0.746280 0.705038 0.728199 1.340754 1.340754 1.340752 1.340752
0.796787 0.744345 0.626246 0.761691 0.720950 0.743563 1.371424 1.371424 1.371421 1.371421
0.794043 0.744115 0.624033 0.758212 0.716907 0.741388 1.373042 1.373042 1.373039 1.373039
0.784187 0.731311 0.615541 0.743640 0.703768 0.730985 1.362578 1.362578 1.362575 1.362575
0.794321 0.745019 0.626836 0.757021 0.716823 0.744398 1.387820 1.387820 1.387817 1.387817
0.769300 0.721592 0.607958 0.734452 0.694756 0.723132 1.353186 1.353186 1.353184 1.353184
0.732172 0.699131 0.591790 0.723236 0.680251 0.706977 1.330832 1.330832 1.330829 1.330829
0.751129 0.713651 0.604349 0.737522 0.691822 0.720598 1.358840 1.358840 1.358838 1.358838
0.759916 0.706039 0.611830 0.739875 0.701146 0.729368 1.382674 1.382674 1.382671 1.382671
0.587123 0.517522 0.494186 0.549157 0.514677 0.562861 1.115765 1.115765 1.115763 1.115763
0.749520 0.653652 0.625648 0.702204 0.657091 0.719699 1.425073 1.425073 1.425070 1.425070
0.759757 0.659758 0.632189 0.711794 0.666284 0.729528 1.441502 1.441502 1.441500 1.441500
0.719700 0.608669 0.598858 0.676374 0.633927 0.691065 1.371078 1.371078 1.371076 1.371076
0.757756 0.639309 0.630322 0.709443 0.664920 0.724267 1.445243 1.445243 1.445241 1.445241
0.708350 0.611238 0.589839 0.671558 0.617955 0.685602 1.373947 1.373947 1.373944 1.373944
0.738008 0.638642 0.609377 0.697843 0.638960 0.714129 1.429464 1.429464 1.429461 1.429461
0.741211 0.636299 0.608428 0.699718 0.643152 0.711751 1.441137 1.441137 1.441135 1.441135
0.703380 0.607121 0.580863 0.668176 0.458714 0.675425 1.365514 1.365514 1.365512 1.365512
0.748949 0.655089 0.626756 0.720968 0.494957 0.728789 1.465965 1.465965 1.465962 1.465962
0.742063 0.651721 0.622250 0.709676 0.490805 0.725042 1.451440 1.451440 1.451438 1.451438
0.713185 0.624198 0.608318 0.688755 0.476003 0.694218 1.432051 1.432051 1.432048 1.432048
0.686465 0.618597 0.608347 0.683663 0.461020 0.671401 1.435581 1.435581 1.435578 1.435578
0.698793 0.632593 0.617676 0.694062 0.471812 0.685442 1.474886 1.474886 1.474883 1.474883
0.706748 0.634733 0.623306 0.698020 0.473651 0.692927 1.494249 1.494249 1.494246 1.494246
0.705759 0.627790 0.621345 0.697731 0.473364 0.691884 1.497245 1.497245 1.497242 1.497242
