0.963510 0.959172 0.961189 0.955044 0.956458 0.961275 0.964144 0.964144 0.964145 0.964145
0.929826 0.922141 0.923507 0.927061 0.929073 0.913578 0.941372 0.941372 0.941372 0.941372
0.972624 0.958724 0.961613 0.966198 0.972882 0.951632 0.984806 0.984806 0.984806 0.984806
0.968259 0.962287 0.937520 0.969789 0.921841 0.955168 0.988403 0.988403 0.988403 0.988403
0.914047 0.914493 0.895437 0.934144 0.836008 0.905184 0.949970 0.949970 0.949970 0.949970
0.794196 0.755785 0.740036 0.776112 0.440034 0.748092 0.817890 0.817890 0.817890 0.817890
0.987991 0.920763 0.878581 0.979684 0.554356 0.942951 1.029762 1.029762 1.029762 1.029762
0.990532 0.955896 0.910078 1.001827 0.573288 0.979423 1.070919 1.070919 1.070920 1.070920
0.830337 0.844966 0.769451 0.854809 0.486902 0.836688 0.949808 0.949808 0.949809 0.949809
0.938635 0.960664 0.866930 0.965255 0.551604 0.953178 1.088188 1.088188 1.088189 1.088189
0.935193 0.962954 0.872391 0.922917 0.549167 0.958489 1.095154 1.095154 1.095155 1.095155
0.963119 0.991708 0.898442 0.950476 0.565566 0.987111 1.120078 1.120078 1.120079 1.120079
0.935061 0.945476 0.855170 0.849151 0.540083 0.957771 1.070685 1.070685 1.070686 1.070686
0.970211 0.986693 0.887909 0.876872 0.559135 0.998517 1.117709 1.117709 1.117710 1.117710
0.945432 0.981178 0.863724 0.873800 0.556831 0.993987 1.121093 1.121093 1.121094 1.121094
0.947279 0.978624 0.857009 0.874065 0.552196 0.974857 1.129156 1.129156 1.129157 1.129157
0.907606 0.968218 0.821117 0.855563 0.525102 0.929352 1.101831 1.101831 1.101832 1.101832
0.850662 0.907471 0.763039 0.788425 0.487962 0.897497 1.044871 1.044871 1.044871 1.044871
0.931044 0.993221 0.835142 0.862926 0.534071 0.982305 1.126072 1.126072 1.126073 1.126073
0.920215 0.976399 0.826971 0.844357 0.530897 0.970003 1.120419 1.120419 1.120420 1.120420
0.936744 0.993938 0.841825 0.859523 0.507405 0.987426 1.133611 1.133611 1.133611 1.133611
0.909346 0.969947 0.830946 0.823380 0.493114 0.969152 1.126388 1.126388 1.126389 1.126389
0.859908 0.953363 0.815883 0.776541 0.480284 0.953199 1.121268 1.121268 1.121268 1.121268
0.914294 1.013660 0.867485 0.825654 0.510660 0.987978 1.189687 1.189687 1.189687 1.189687
0.907053 1.007780 0.858436 0.777761 0.506190 0.979127 1.182917 1.182917 1.182918 1.182918
0.851472 0.929328 0.813923 0.734452 0.406737 0.910130 1.137956 1.137956 1.137956 1.137956
0.898103 0.972895 0.862692 0.771346 0.426476 0.960960 1.211194 1.211194 1.211195 1.211195
0.883139 0.969338 0.858128 0.769074 0.425806 0.921758 1.213098 1.213098 1.213098 1.213098
0.895551 0.986834 0.871502 0.779592 0.430955 0.937804 1.235421 1.235421 1.235422 1.235422
0.821571 0.907548 0.791080 0.642848 0.396424 0.827532 1.164290 1.164290 1.164291 1.164291
0.883974 0.974895 0.831538 0.691450 0.426086 0.891182 1.260337 1.260337 1.260338 1.260338
0.854758 0.945606 0.822063 0.673171 0.414111 0.867533 1.237768 1.237768 1.237769 1.237769
0.877414 0.975431 0.845869 0.690961 0.426751 0.894512 1.277028 1.277028 1.277029 1.277029
0.835513 0.917123 0.814056 0.653220 0.402235 0.850573 1.222977 1.222977 1.222978 1.222978
0.787484 0.934708 0.824630 0.666442 0.410176 0.858625 1.253193 1.253193 1.253195 1.253195
0.817115 0.961364 0.849159 0.689339 0.424797 0.888636 1.300283 1.300283 1.300284 1.300284
0.765187 0.920205 0.820459 0.660800 0.409088 0.848418 1.264135 1.264135 1.264137 1.264137
0.790455 0.947416 0.849906 0.682585 0.423399 0.877593 1.311527 1.311527 1.311529 1.311529
0.768242 0.925711 0.830508 0.670670 0.409604 0.859501 1.290839 1.290839 1.290840 1.290840
0.736720 0.890268 0.832973 0.655196 0.406662 0.860506 1.303212 1.303212 1.303213 1.303213
0.699389 0.840399 0.790205 0.611898 0.375050 0.810147 1.238181 1.238181 1.238183 1.238183
0.740774 0.874427 0.835373 0.605361 0.392199 0.848561 1.318583 1.318583 1.318585 1.318585
0.764707 0.902679 0.850761 0.624919 0.388901 0.875976 1.360928 1.360928 1.360929 1.360929
0.762037 0.901151 0.845742 0.621550 0.383962 0.873794 1.357328 1.357328 1.357329 1.357329
0.751053 0.881746 0.829656 0.610208 0.377830 0.820502 1.343277 1.343277 1.343278 1.343278
0.740816 0.877579 0.813842 0.605067 0.342636 0.811485 1.341995 1.341995 1.341996 1.341996
0.761585 0.898457 0.801762 0.619462 0.337289 0.827655 1.379672 1.379672 1.379673 1.379673
0.506468 0.817115 0.713249 0.556025 0.309003 0.751097 1.290851 1.290851 1.290851 1.290851
0.554256 0.891235 0.767515 0.555213 0.336990 0.813640 1.410572 1.410572 1.410573 1.410573
0.547723 0.897808 0.778024 0.564165 0.343483 0.824330 1.436771 1.436771 1.436772 1.436772
0.544133 0.892547 0.769157 0.562989 0.338206 0.817394 1.437603 1.437603 1.437604 1.437604
0.518635 0.850388 0.731016 0.537844 0.321877 0.771406 1.342755 1.342755 1.342756 1.342756
0.542110 0.864642 0.768849 0.529234 0.339618 0.790877 1.415217 1.415217 1.415218 1.415218
0.559442 0.896483 0.796349 0.549621 0.351905 0.814313 1.472672 1.472672 1.472673 1.472673
0.520388 0.845139 0.756248 0.517320 0.332485 0.752107 1.417293 1.417293 1.417293 1.417293
0.484162 0.858932 0.774348 0.521918 0.341270 0.770078 1.458766 1.458766 1.458767 1.458767
0.489720 0.824599 0.779285 0.527519 0.343092 0.779055 1.477657 1.477657 1.477657 1.477657
0.465243 0.801702 0.757091 0.489563 0.332525 0.733408 1.437339 1.437339 1.437340 1.437340
0.488660 0.843439 0.796051 0.514784 0.348751 0.772279 1.517177 1.517177 1.517178 1.517178
0.469560 0.810502 0.756572 0.495807 0.337356 0.730921 1.485774 1.485774 1.485775 1.485775
0.480628 0.832397 0.770065 0.507692 0.344862 0.743495 1.529106 1.529106 1.529107 1.529107
0.441419 0.792364 0.733029 0.483275 0.328276 0.682841 1.435695 1.435695 1.435696 1.435696
0.441723 0.811667 0.720381 0.495217 0.320069 0.654070 1.474412 1.474412 1.474413 1.474413
0.406731 0.790563 0.702687 0.488665 0.313263 0.636538 1.448914 1.448914 1.448914 1.448914
0.438975 0.852375 0.758416 0.528173 0.337245 0.686548 1.566800 1.566800 1.566800 1.566800
0.425726 0.825560 0.734647 0.512905 0.326097 0.658780 1.520881 1.520881 1.520881 1.520881
0.433632 0.840995 0.749581 0.522291 0.332499 0.672145 1.557325 1.557325 1.557325 1.557325
0.433306 0.841086 0.731563 0.518514 0.331797 0.670077 1.563825 1.563825 1.563825 1.563825
0.381535 0.775667 0.670543 0.470939 0.296480 0.592030 1.417839 1.417839 1.417839 1.417839
0.406969 0.824549 0.701454 0.502300 0.289129 0.603116 1.514178 1.514178 1.514178 1.514178
0.392477 0.810870 0.683511 0.490965 0.284736 0.577165 1.504817 1.504817 1.504817 1.504817
0.412040 0.853791 0.721021 0.516969 0.300630 0.609796 1.591658 1.591658 1.591659 1.591659
0.399359 0.821463 0.696147 0.501679 0.282767 0.583564 1.549919 1.549919 1.549920 1.549920
0.410806 0.842366 0.701618 0.516946 0.291912 0.593663 1.602416 1.602416 1.602417 1.602417
0.374602 0.782549 0.651599 0.470711 0.269513 0.564295 1.535855 1.535855 1.535855 1.535855
0.387164 0.809653 0.680096 0.488386 0.281983 0.560792 1.606294 1.606294 1.606294 1.606294
0.384768 0.807487 0.670649 0.480108 0.265412 0.556656 1.607515 1.607515 1.607516 1.607516
0.387476 0.812604 0.669888 0.478173 0.262615 0.554556 1.626661 1.626661 1.626662 1.626662
0.360556 0.725717 0.560410 0.445128 0.242798 0.513066 1.554430 1.554430 1.554431 1.554431
0.371103 0.654347 0.576803 0.402365 0.243380 0.528074 1.586762 1.586762 1.586763 1.586763
0.323358 0.625768 0.580302 0.406803 0.233890 0.530608 1.592045 1.592045 1.592045 1.592045
0.350064 0.673488 0.628228 0.441873 0.254053 0.576350 1.722949 1.722949 1.722950 1.722950
0.339560 0.649601 0.609447 0.431397 0.245600 0.559758 1.689276 1.689276 1.689277 1.689277
0.345422 0.662716 0.615069 0.434291 0.250047 0.566108 1.730572 1.730572 1.730573 1.730573
0.350213 0.671908 0.623600 0.440314 0.253515 0.573959 1.747447 1.747447 1.747447 1.747447
0.346487 0.666348 0.614670 0.433004 0.251755 0.566851 1.738591 1.738591 1.738592 1.738592
0.328819 0.624753 0.604973 0.426173 0.247783 0.537946 1.709142 1.709142 1.709142 1.709142
0.333475 0.598239 0.601663 0.432242 0.249607 0.543133 1.738581 1.738581 1.738581 1.738581
0.288200 0.554140 0.560144 0.395294 0.231303 0.462588 1.604205 1.604205 1.604205 1.604205
0.306359 0.583588 0.590782 0.420178 0.241468 0.492182 1.717661 1.717661 1.717662 1.717662
0.306092 0.582935 0.594874 0.425163 0.246210 0.501413 1.752046 1.752046 1.752046 1.752046
0.287892 0.542883 0.555328 0.406947 0.230080 0.481931 1.620407 1.620407 1.620407 1.620407
0.313633 0.587459 0.606196 0.440642 0.251443 0.524533 1.770213 1.770213 1.770213 1.770213
0.274570 0.561198 0.579097 0.420944 0.240203 0.471983 1.673314 1.673314 1.673315 1.673315
0.275563 0.570968 0.582338 0.428228 0.244608 0.476673 1.680106 1.680106 1.680107 1.680107
0.278965 0.567486 0.589822 0.427319 0.246016 0.474989 1.720554 1.720554 1.720555 1.720555
0.274832 0.557298 0.577019 0.410578 0.237020 0.456819 1.718200 1.718200 1.718200 1.718200
0.286123 0.578534 0.597147 0.427530 0.245703 0.474016 1.796588 1.796588 1.796588 1.796588
0.275965 0.572309 0.572196 0.423283 0.234865 0.460793 1.770433 1.770433 1.770433 1.770433
0.257783 0.550119 0.561411 0.403873 0.225030 0.454226 1.750664 1.750664 1.750664 1.750664
