0.994044 0.994044 0.994044 0.994044 0.994044 0.994044 0.991066 0.991066 0.991067 0.991067
0.966849 0.971282 0.964358 0.964240 0.972028 0.969656 0.972875 0.972875 0.972875 0.972875
0.959226 0.975342 0.968388 0.968007 0.941812 0.965746 0.970114 0.970114 0.970114 0.970114
0.944328 0.969768 0.954467 0.964737 0.902302 0.956606 0.975314 0.975314 0.975314 0.975314
0.946363 0.979270 0.962141 0.975829 0.914117 0.964264 0.976498 0.976498 0.976498 0.976498
0.920787 0.951518 0.892305 0.962029 0.887115 0.949842 0.972618 0.972618 0.972618 0.972618
0.952815 0.984808 0.921302 0.999570 0.918302 0.983633 1.012692 1.012692 1.012692 1.012692
0.823560 0.852456 0.808250 0.861366 0.806184 0.840263 0.828593 0.828593 0.828593 0.828593
0.933539 0.941085 0.916185 0.979445 0.917855 0.952473 0.943080 0.943080 0.943080 0.943080
0.966476 0.974800 0.944734 1.009966 0.951215 0.982459 0.970346 0.970346 0.970346 0.970346
0.942021 0.958149 0.926921 0.992714 0.858693 0.965677 0.946817 0.946817 0.946816 0.946816
0.990090 0.991804 0.978226 1.047661 0.906222 1.014954 0.998506 0.998506 0.998506 0.998506
0.977278 0.978909 0.970694 1.036106 0.896567 1.006285 0.991655 0.991655 0.991655 0.991655
0.967524 0.963041 0.961275 1.017046 0.884325 0.993644 0.983571 0.983571 0.983571 0.983571
0.960264 0.977800 0.976888 1.015714 0.894785 1.007098 1.000058 1.000058 1.000058 1.000058
0.927157 0.941099 0.945647 0.983201 0.862513 0.976328 0.965280 0.965280 0.965280 0.965280
0.958805 0.962888 0.969821 1.018432 0.892030 1.011272 0.998713 0.998713 0.998713 0.998713
0.964948 0.964684 0.959599 1.019436 0.893713 1.013800 1.006637 1.006637 1.006636 1.006636
0.961789 0.953859 0.950844 1.014428 0.892757 1.002766 1.007165 1.007165 1.007164 1.007164
0.955628 0.952010 0.943613 1.000888 0.885509 1.000018 1.008271 1.008271 1.008271 1.008271
0.961621 0.946646 0.949530 1.004900 0.891063 1.006289 1.011274 1.011274 1.011274 1.011274
0.966182 0.954129 0.953947 1.008528 0.893345 1.011589 1.020785 1.020785 1.020785 1.020785
0.822624 0.906281 0.906108 0.957952 0.775550 0.861285 0.969991 0.969991 0.969991 0.969991
0.876989 0.969339 0.970411 1.022342 0.828652 0.918837 1.036341 1.036341 1.036341 1.036341
0.869661 0.915950 0.949963 1.021220 0.829861 0.919074 1.040624 1.040624 1.040623 1.040623
0.877795 0.920027 0.957687 1.023667 0.832606 0.926149 1.055452 1.055452 1.055451 1.055451
0.881066 0.922925 0.961849 1.029219 0.836488 0.930001 1.062552 1.062552 1.062552 1.062552
0.863022 0.892573 0.942158 0.997245 0.818033 0.912448 1.049579 1.049579 1.049578 1.049578
0.878919 0.900331 0.957834 1.016615 0.833764 0.929157 1.072556 1.072556 1.072556 1.072556
0.681749 0.662543 0.776715 0.757541 0.614442 0.719873 0.868930 0.868930 0.868930 0.868930
0.872152 0.847583 0.993642 0.969113 0.786048 0.920924 1.102086 1.102086 1.102085 1.102085
0.871798 0.845886 0.994998 0.968615 0.787236 0.921927 1.105060 1.105060 1.105059 1.105059
0.837727 0.819902 0.956460 0.911375 0.752641 0.866192 1.069414 1.069414 1.069413 1.069413
0.864844 0.847305 0.988942 0.942912 0.779300 0.890111 1.114327 1.114327 1.114326 1.114326
0.865272 0.850135 0.981125 0.940907 0.773790 0.890327 1.113314 1.113314 1.113312 1.113312
0.851321 0.839520 0.967138 0.923056 0.770741 0.871934 1.113653 1.113653 1.113652 1.113652
0.867449 0.854274 0.986423 0.941335 0.787481 0.889590 1.138181 1.138181 1.138180 1.138180
0.875911 0.862608 0.996045 0.950517 0.795162 0.898268 1.147837 1.147837 1.147835 1.147835
0.856032 0.854292 0.986444 0.941354 0.787497 0.889609 1.131034 1.131034 1.131032 1.131032
0.854362 0.853885 0.986197 0.930187 0.783610 0.884540 1.133902 1.133902 1.133900 1.133900
0.796821 0.710147 0.845672 0.797643 0.732100 0.824967 1.047227 1.047227 1.047225 1.047225
0.877402 0.780838 0.925221 0.873701 0.801332 0.906877 1.151312 1.151312 1.151309 1.151309
0.884854 0.787947 0.931846 0.879403 0.807810 0.910030 1.163763 1.163763 1.163761 1.163761
0.838257 0.750530 0.888108 0.838326 0.575169 0.862107 1.100810 1.100810 1.100808 1.100808
0.898523 0.801993 0.950639 0.899251 0.615288 0.916513 1.181287 1.181287 1.181285 1.181285
0.908275 0.808741 0.960647 0.905569 0.619610 0.922207 1.195485 1.195485 1.195483 1.195483
0.872518 0.797806 0.940601 0.894743 0.611254 0.909886 1.179081 1.179081 1.179079 1.179079
0.884536 0.789390 0.953402 0.897370 0.619968 0.920479 1.197102 1.197102 1.197100 1.197100
0.862394 0.771242 0.928686 0.849766 0.588480 0.900390 1.173677 1.173677 1.173675 1.173675
0.888534 0.799187 0.961961 0.879907 0.609686 0.932651 1.215942 1.215942 1.215940 1.215940
0.870340 0.782546 0.827673 0.856493 0.596427 0.912660 1.193892 1.193892 1.193890 1.193890
0.872282 0.789970 0.833851 0.871819 0.601077 0.929061 1.218227 1.218227 1.218225 1.218225
0.866060 0.780418 0.824136 0.860421 0.591622 0.916476 1.203824 1.203824 1.203823 1.203823
0.885949 0.792753 0.842860 0.877302 0.606073 0.933910 1.231227 1.231227 1.231225 1.231225
0.832243 0.761660 0.792593 0.834523 0.566025 0.888386 1.176225 1.176225 1.176223 1.176223
0.858668 0.701217 0.817759 0.861020 0.584452 0.911226 1.204918 1.204918 1.204916 1.204916
0.843509 0.686462 0.817136 0.854125 0.579366 0.891789 1.215123 1.215123 1.215121 1.215121
0.867781 0.705841 0.841717 0.876154 0.596561 0.912709 1.255534 1.255534 1.255532 1.255532
0.804846 0.661952 0.801063 0.808248 0.492503 0.798720 1.200921 1.200921 1.200919 1.200919
0.838014 0.699252 0.756826 0.857230 0.521464 0.845359 1.276146 1.276146 1.276144 1.276144
0.851104 0.708698 0.769578 0.866317 0.524136 0.859565 1.300033 1.300033 1.300030 1.300030
0.823519 0.692056 0.749955 0.816818 0.511187 0.806921 1.271871 1.271871 1.271869 1.271869
0.865834 0.727616 0.788490 0.858788 0.537453 0.848383 1.335458 1.335458 1.335455 1.335455
0.845416 0.710112 0.775576 0.841809 0.527510 0.833899 1.317426 1.317426 1.317424 1.317424
0.837590 0.707943 0.769367 0.838951 0.525107 0.827083 1.310227 1.310227 1.310225 1.310225
0.838638 0.709418 0.760701 0.838682 0.522348 0.809713 1.313304 1.313304 1.313301 1.313301
0.839990 0.713468 0.763468 0.834550 0.523616 0.814336 1.314473 1.314473 1.314470 1.314470
0.850951 0.723348 0.771765 0.846152 0.530465 0.824286 1.333832 1.333832 1.333829 1.333829
0.832125 0.704073 0.722168 0.828448 0.514534 0.767690 1.297728 1.297728 1.297725 1.297725
0.779042 0.660569 0.696108 0.724713 0.476612 0.737191 1.254721 1.254721 1.254718 1.254718
0.837179 0.708910 0.741434 0.780074 0.514323 0.790557 1.357452 1.357452 1.357449 1.357449
0.838808 0.708491 0.739639 0.781971 0.514118 0.786540 1.367592 1.367592 1.367589 1.367589
0.815941 0.701901 0.731446 0.766374 0.509592 0.778124 1.355834 1.355834 1.355831 1.355831
0.818040 0.661267 0.734314 0.766284 0.511287 0.777912 1.361774 1.361774 1.361771 1.361771
0.774466 0.637316 0.711028 0.750615 0.497980 0.756535 1.332237 1.332237 1.332233 1.332233
0.797011 0.655603 0.732089 0.773415 0.509661 0.778239 1.375521 1.375521 1.375517 1.375517
0.799786 0.657885 0.734638 0.776108 0.511436 0.780949 1.363510 1.363510 1.363506 1.363506
0.803915 0.661562 0.737714 0.780479 0.515281 0.788886 1.376845 1.376845 1.376842 1.376842
0.796260 0.647541 0.719639 0.775299 0.511256 0.785949 1.368001 1.368001 1.367998 1.367998
0.743119 0.639362 0.671611 0.761912 0.502910 0.776023 1.345997 1.345997 1.345993 1.345993
0.743514 0.650738 0.686068 0.759333 0.513399 0.769009 1.378181 1.378181 1.378177 1.378177
0.756698 0.662277 0.698234 0.772798 0.522503 0.782645 1.387371 1.387371 1.387368 1.387368
0.737286 0.644773 0.696123 0.761531 0.522444 0.775260 1.387626 1.387626 1.387623 1.387623
0.732241 0.640398 0.692347 0.757637 0.519253 0.772286 1.387444 1.387444 1.387441 1.387441
0.738421 0.645803 0.677664 0.764031 0.523635 0.709197 1.394227 1.394227 1.394224 1.394224
0.738941 0.646815 0.675282 0.764400 0.523193 0.713572 1.408989 1.408989 1.408987 1.408987
0.758135 0.663825 0.694538 0.785883 0.538112 0.733920 1.447771 1.447771 1.447768 1.447768
0.750146 0.656547 0.687463 0.776220 0.530686 0.725457 1.432287 1.432287 1.432284 1.432284
0.715135 0.637418 0.661575 0.747329 0.518592 0.707504 1.386425 1.386425 1.386422 1.386422
0.732536 0.638495 0.678127 0.759075 0.532145 0.725057 1.428358 1.428358 1.428356 1.428356
0.725985 0.640342 0.672691 0.757310 0.532869 0.724099 1.436953 1.436953 1.436950 1.436950
0.724310 0.631366 0.645259 0.756971 0.510288 0.722682 1.435640 1.435640 1.435638 1.435638
0.739852 0.642168 0.657022 0.773214 0.521408 0.738189 1.463366 1.463366 1.463364 1.463364
0.725869 0.629057 0.645728 0.760250 0.507002 0.711781 1.446216 1.446216 1.446213 1.446213
0.682167 0.608682 0.630501 0.736799 0.479441 0.672122 1.415526 1.415526 1.415523 1.415523
0.697724 0.623005 0.641765 0.758616 0.494965 0.685608 1.464954 1.464954 1.464951 1.464951
0.673276 0.603803 0.595310 0.728203 0.456095 0.666234 1.424519 1.424519 1.424517 1.424517
0.701119 0.623800 0.618538 0.754058 0.471441 0.693468 1.485989 1.485989 1.485986 1.485986
0.700645 0.623377 0.618119 0.692706 0.471351 0.688402 1.484383 1.484383 1.484380 1.484380
0.710225 0.631762 0.625276 0.702146 0.476359 0.696262 1.506719 1.506719 1.506716 1.506716
