0.977787 0.987678 0.986476 0.987678 0.986256 0.986476 0.988018 0.988018 0.988018 0.988018
0.961865 0.971952 0.975135 0.965884 0.976889 0.972094 0.981092 0.981092 0.981092 0.981092
0.947165 0.963376 0.942873 0.957999 0.961149 0.942015 0.979871 0.979871 0.979871 0.979871
0.920837 0.948928 0.919649 0.951675 0.951208 0.924882 0.966630 0.966630 0.966630 0.966630
0.927422 0.970028 0.939525 0.975939 0.976291 0.944003 0.991689 0.991689 0.991689 0.991689
0.867442 0.914071 0.889103 0.930125 0.919644 0.873874 0.943498 0.943498 0.943498 0.943498
0.828038 0.888490 0.804995 0.916797 0.886503 0.852621 0.943097 0.943097 0.943097 0.943097
0.679328 0.737521 0.682787 0.747345 0.704510 0.679978 0.798453 0.798453 0.798453 0.798453
0.845892 0.917856 0.853941 0.925332 0.869330 0.825322 1.018296 1.018296 1.018296 1.018296
0.815041 0.883274 0.821767 0.903665 0.836577 0.794227 1.003058 1.003058 1.003058 1.003058
0.869092 0.954971 0.879934 0.971170 0.902547 0.855634 1.081337 1.081337 1.081337 1.081337
0.867444 0.956890 0.877891 0.977924 0.907042 0.862838 1.093578 1.093578 1.093578 1.093578
0.859067 0.933152 0.870590 0.965090 0.886876 0.853946 1.084262 1.084262 1.084262 1.084262
0.843032 0.909793 0.854256 0.949392 0.861816 0.843436 1.065747 1.065747 1.065747 1.065747
0.854007 0.912458 0.867971 0.958457 0.879384 0.849304 1.084356 1.084356 1.084356 1.084356
0.860749 0.925564 0.878313 0.960500 0.890453 0.861582 1.099617 1.099617 1.099617 1.099617
0.856759 0.924581 0.861996 0.954494 0.887276 0.861394 1.098450 1.098450 1.098450 1.098450
0.849338 0.905682 0.856811 0.937272 0.861454 0.834908 1.099965 1.099965 1.099965 1.099965
0.798481 0.869458 0.837992 0.900721 0.831203 0.812922 1.089053 1.089053 1.089053 1.089053
0.809846 0.876922 0.817033 0.904802 0.833971 0.820009 1.102016 1.102016 1.102016 1.102016
0.839319 0.908294 0.843680 0.935071 0.856949 0.851479 1.145156 1.145156 1.145156 1.145156
0.838004 0.908261 0.844319 0.936611 0.858497 0.850663 1.147018 1.147018 1.147018 1.147018
0.802647 0.892290 0.830507 0.919023 0.830595 0.826712 1.125176 1.125176 1.125176 1.125176
0.811426 0.901398 0.842727 0.923820 0.842666 0.834958 1.145011 1.145011 1.145011 1.145011
0.818635 0.907079 0.846816 0.931956 0.845949 0.840412 1.156218 1.156218 1.156218 1.156218
0.817687 0.910177 0.845891 0.929010 0.843667 0.839755 1.160068 1.160068 1.160068 1.160068
0.815523 0.893362 0.845630 0.928883 0.839197 0.833738 1.163234 1.163234 1.163234 1.163234
0.814619 0.887230 0.842810 0.928284 0.838739 0.832855 1.160749 1.160749 1.160749 1.160749
0.814045 0.887318 0.841096 0.925979 0.836775 0.834522 1.162464 1.162464 1.162464 1.162464
0.814691 0.890523 0.840710 0.927172 0.834443 0.832746 1.170359 1.170359 1.170359 1.170359
0.756468 0.823750 0.798406 0.858542 0.731776 0.785374 1.113633 1.113633 1.113633 1.113633
0.732856 0.849222 0.819673 0.884969 0.752000 0.815619 1.164098 1.164098 1.164098 1.164098
0.755921 0.879021 0.847275 0.916588 0.778959 0.840116 1.209501 1.209501 1.209501 1.209501
0.755839 0.869626 0.846486 0.917281 0.778078 0.839472 1.212916 1.212916 1.212916 1.212916
0.755290 0.869509 0.844770 0.912527 0.776969 0.833968 1.211409 1.211409 1.211409 1.211409
0.757396 0.873276 0.845806 0.914224 0.779793 0.835693 1.218158 1.218158 1.218158 1.218158
0.751523 0.865069 0.838796 0.893324 0.770102 0.827399 1.209590 1.209590 1.209590 1.209590
0.748924 0.865764 0.832195 0.895631 0.771206 0.827398 1.208511 1.208511 1.208511 1.208511
0.747983 0.869850 0.835620 0.900802 0.772912 0.823636 1.212814 1.212814 1.212814 1.212814
0.731841 0.865303 0.826206 0.897233 0.769034 0.811497 1.209286 1.209286 1.209286 1.209286
0.620758 0.714190 0.737900 0.755821 0.683876 0.747900 1.123722 1.123722 1.123722 1.123722
0.690825 0.796909 0.819505 0.834545 0.682633 0.832918 1.253597 1.253597 1.253597 1.253597
0.663729 0.772559 0.790152 0.805669 0.656505 0.798016 1.229324 1.229324 1.229324 1.229324
0.690449 0.799098 0.816060 0.828116 0.679172 0.827765 1.275421 1.275421 1.275421 1.275421
0.701477 0.811861 0.829094 0.841342 0.690020 0.840986 1.288665 1.288665 1.288665 1.288665
0.696644 0.807064 0.826702 0.840428 0.688331 0.837499 1.290936 1.290936 1.290936 1.290936
0.503224 0.739567 0.765429 0.778138 0.637313 0.604972 1.185236 1.185236 1.185236 1.185236
0.559641 0.829450 0.859002 0.872007 0.718179 0.679278 1.334431 1.334431 1.334431 1.334431
0.553750 0.804159 0.847737 0.863944 0.703038 0.669605 1.325805 1.325805 1.325805 1.325805
0.546191 0.793183 0.829560 0.851245 0.680609 0.660465 1.294738 1.294738 1.294738 1.294738
0.545396 0.796860 0.828717 0.853607 0.675258 0.661330 1.308317 1.308317 1.308317 1.308317
0.554658 0.811127 0.844809 0.854666 0.685875 0.667391 1.336431 1.336431 1.336431 1.336431
0.556395 0.810982 0.847925 0.841740 0.688022 0.671359 1.334512 1.334512 1.334512 1.334512
0.558391 0.795408 0.851555 0.847562 0.687701 0.676465 1.347530 1.347530 1.347530 1.347530
0.536567 0.769698 0.837373 0.806903 0.652283 0.662693 1.330540 1.330540 1.330540 1.330540
0.546368 0.788105 0.856010 0.823735 0.667249 0.679057 1.364179 1.364179 1.364179 1.364179
0.545257 0.782955 0.847269 0.819348 0.665705 0.676091 1.363422 1.363422 1.363422 1.363422
0.525583 0.771726 0.823668 0.809514 0.639756 0.649127 1.344539 1.344539 1.344539 1.344539
0.527153 0.773760 0.823602 0.823068 0.650209 0.660422 1.369206 1.369206 1.369206 1.369206
0.531330 0.782156 0.829854 0.831641 0.656375 0.667096 1.388282 1.388282 1.388282 1.388282
0.532470 0.787088 0.835784 0.837246 0.660531 0.671390 1.399480 1.399480 1.399480 1.399480
0.524728 0.772488 0.824713 0.827819 0.651274 0.663037 1.386111 1.386111 1.386111 1.386111
0.526215 0.775540 0.827761 0.830374 0.648777 0.664750 1.393429 1.393429 1.393429 1.393429
0.524196 0.773629 0.826013 0.824996 0.647924 0.664290 1.389950 1.389950 1.389950 1.389950
0.526183 0.772836 0.825980 0.824102 0.648649 0.664132 1.387749 1.387749 1.387749 1.387749
0.518746 0.764005 0.814628 0.816349 0.641926 0.653762 1.381704 1.381704 1.381704 1.381704
0.504507 0.733132 0.764819 0.797233 0.606812 0.620069 1.359520 1.359520 1.359520 1.359520
0.520333 0.758507 0.789175 0.814259 0.624576 0.635961 1.409155 1.409155 1.409155 1.409155
0.523210 0.763795 0.794533 0.818224 0.623966 0.641094 1.423615 1.423615 1.423615 1.423615
0.522838 0.763582 0.788582 0.815807 0.622542 0.640242 1.422103 1.422103 1.422103 1.422103
0.518663 0.756415 0.786139 0.810321 0.617860 0.637989 1.420961 1.420961 1.420961 1.420961
0.513719 0.749936 0.759495 0.802880 0.615352 0.629434 1.419212 1.419212 1.419212 1.419212
0.510525 0.748716 0.758454 0.797375 0.614498 0.628657 1.427176 1.427176 1.427176 1.427176
0.497688 0.743171 0.753103 0.785762 0.610750 0.615971 1.423373 1.423373 1.423373 1.423373
0.498462 0.744041 0.748820 0.788497 0.613404 0.617144 1.430260 1.430260 1.430260 1.430260
0.499329 0.747008 0.757824 0.798383 0.619277 0.624609 1.449122 1.449122 1.449122 1.449122
0.483479 0.706970 0.725504 0.763216 0.600405 0.592547 1.421272 1.421272 1.421272 1.421272
0.490423 0.719110 0.738695 0.774753 0.608430 0.601906 1.444965 1.444965 1.444965 1.444965
0.467488 0.686512 0.718228 0.742239 0.577176 0.580918 1.420719 1.420719 1.420719 1.420719
0.478140 0.701560 0.730522 0.720779 0.581052 0.579219 1.450057 1.450057 1.450057 1.450057
0.465609 0.684603 0.706200 0.696158 0.559939 0.547158 1.439864 1.439864 1.439864 1.439864
0.475626 0.700356 0.721210 0.699008 0.562749 0.553963 1.478817 1.478817 1.478817 1.478817
0.482445 0.711889 0.732691 0.708332 0.572604 0.563575 1.506922 1.506922 1.506922 1.506922
0.482991 0.713257 0.736853 0.707736 0.574634 0.565325 1.514637 1.514637 1.514637 1.514637
0.446720 0.681002 0.686222 0.676101 0.541563 0.533456 1.460548 1.460548 1.460548 1.460548
0.467874 0.712738 0.715942 0.705712 0.563582 0.554686 1.532894 1.532894 1.532894 1.532894
0.460967 0.700772 0.704134 0.696754 0.557054 0.548223 1.507806 1.507806 1.507806 1.507806
0.465491 0.707482 0.712545 0.696338 0.562804 0.553996 1.529712 1.529712 1.529712 1.529712
0.460571 0.701557 0.702591 0.688886 0.559469 0.549064 1.512899 1.512899 1.512899 1.512899
0.459977 0.701117 0.690511 0.684848 0.557875 0.522257 1.517076 1.517076 1.517076 1.517076
0.462580 0.702419 0.688270 0.689478 0.561926 0.527472 1.530570 1.530570 1.530570 1.530570
0.464957 0.696611 0.691124 0.689382 0.563184 0.527603 1.536553 1.536553 1.536553 1.536553
0.466130 0.695921 0.688812 0.688174 0.563329 0.528321 1.539597 1.539597 1.539597 1.539597
0.465008 0.696944 0.689248 0.690352 0.561046 0.528537 1.539561 1.539561 1.539561 1.539561
0.464545 0.696345 0.686662 0.689021 0.560139 0.525808 1.541148 1.541148 1.541148 1.541148
0.463972 0.693703 0.687169 0.686611 0.559341 0.524304 1.539833 1.539833 1.539833 1.539833
0.467429 0.700397 0.692218 0.690868 0.563909 0.527399 1.551823 1.551823 1.551823 1.551823
0.459324 0.693525 0.679527 0.685469 0.560757 0.524518 1.540643 1.540643 1.540643 1.540643
0.462144 0.701497 0.686205 0.691720 0.567041 0.526822 1.562965 1.562965 1.562965 1.562965
0.451744 0.686314 0.662665 0.675959 0.554505 0.509494 1.517524 1.517524 1.517524 1.517524
