0.994084 0.994084 0.994084 0.994084 0.994084 0.994084 0.994084 0.986197 0.986196 0.986196
0.999604 0.999604 0.999604 0.999604 0.999604 0.999604 0.999604 0.988000 0.988000 0.988000
0.996718 0.996718 0.996718 0.996718 0.996718 0.996718 0.996718 0.976247 0.976247 0.976247
1.004471 1.004471 1.004471 1.004471 1.004471 1.004471 1.004471 0.981597 0.981597 0.981597
1.001868 1.001868 1.001868 1.001868 1.001868 1.001868 1.001868 0.972565 0.972565 0.972565
1.005070 1.005070 1.005070 1.005070 1.005070 1.005070 1.005070 0.970818 0.970818 0.970818
1.003983 1.003983 1.003983 1.003983 1.003983 1.003983 1.003983 0.961674 0.961674 0.961674
1.008451 1.008451 1.008451 1.008451 1.008451 1.008451 1.008451 0.960461 0.960461 0.960461
0.991502 0.991502 0.991502 0.991502 0.991502 0.991502 0.991502 0.915538 0.915538 0.915538
1.022308 1.022308 1.022308 1.022308 1.022308 1.022308 1.022308 0.942517 0.942518 0.942518
1.023976 1.023976 1.023976 1.023976 1.023976 1.023976 1.023976 0.944055 0.944056 0.944056
1.023111 1.023111 1.023111 1.023111 1.023111 1.023111 1.023111 0.942217 0.942218 0.942218
1.019557 1.019557 1.019557 1.019557 1.019557 1.019557 1.019557 0.933255 0.933256 0.933256
1.016548 1.016548 1.016548 1.016548 1.016548 1.016548 1.016548 0.919176 0.919177 0.919177
1.012001 1.012001 1.012001 1.012001 1.012001 1.012001 1.012001 0.894447 0.894447 0.894447
1.015782 1.015782 1.015782 1.015782 1.015782 1.015782 1.015782 0.874640 0.874640 0.874640
1.024572 1.024572 1.024572 1.024572 1.024572 1.024572 1.024572 0.861348 0.861349 0.861349
1.045282 1.045282 1.045282 1.045282 1.045282 1.045282 1.045282 0.873502 0.873503 0.873503
1.033257 1.033257 1.033257 1.033257 1.033257 1.033257 1.033257 0.843707 0.843708 0.843708
1.057062 1.057062 1.057062 1.057062 1.057062 1.057062 1.057062 0.861930 0.861931 0.861931
1.056725 1.056725 1.056725 1.056725 1.056725 1.056725 1.056725 0.859697 0.859698 0.859698
1.059190 1.059190 1.059190 1.059190 1.059190 1.059190 1.059190 0.861642 0.861643 0.861643
1.058993 1.058993 1.058993 1.058993 1.058993 1.058993 1.058993 0.861198 0.861199 0.861199
1.045037 1.045037 1.045037 1.045037 1.045037 1.045037 1.045037 0.835149 0.835150 0.835150
1.064116 1.064116 1.064116 1.064116 1.064116 1.064116 1.064116 0.850395 0.850397 0.850397
1.063222 1.063222 1.063222 1.063222 1.063222 1.063222 1.063222 0.848782 0.848785 0.848785
1.063024 1.063024 1.063024 1.063024 1.063024 1.063024 1.063024 0.847239 0.847241 0.847241
1.060738 1.060738 1.060738 1.060738 1.060738 1.060738 1.060738 0.841302 0.841304 0.841304
1.065662 1.065662 1.065662 1.065662 1.065662 1.065662 1.065662 0.844705 0.844706 0.844706
1.064300 1.064300 1.064300 1.064300 1.064300 1.064300 1.064300 0.841605 0.841608 0.841608
1.061977 1.061977 1.061977 1.061977 1.061977 1.061977 1.061977 0.834811 0.834813 0.834813
1.059142 1.059142 1.059142 1.059142 1.059142 1.059142 1.059142 0.823299 0.823301 0.823301
1.007209 1.007209 1.007209 1.007209 1.007209 1.007209 1.007209 0.720721 0.720723 0.720723
1.086758 1.086758 1.086758 1.086758 1.086758 1.086758 1.086758 0.771913 0.771915 0.771915
1.093383 1.093383 1.093383 1.093383 1.093383 1.093383 1.093383 0.775050 0.775053 0.775053
1.091717 1.091717 1.091717 1.091717 1.091717 1.091717 1.091717 0.770413 0.770415 0.770415
1.085185 1.085185 1.085185 1.085185 1.085185 1.085185 1.085185 0.755754 0.755757 0.755757
1.097086 1.097086 1.097086 1.097086 1.097086 1.097086 1.097086 0.761401 0.761405 0.761405
1.097340 1.097340 1.097340 1.097340 1.097340 1.097340 1.097340 0.758424 0.758427 0.758427
1.098049 1.098049 1.098049 1.098049 1.098049 1.098049 1.098049 0.755493 0.755497 0.755497
1.097728 1.097728 1.097728 1.097728 1.097728 1.097728 1.097728 0.750652 0.750655 0.750655
1.097022 1.097022 1.097022 1.097022 1.097022 1.097022 1.097022 0.743721 0.743725 0.743725
1.103627 1.103627 1.103627 1.103627 1.103627 1.103627 1.103627 0.745470 0.745474 0.745474
1.105029 1.105029 1.105029 1.105029 1.105029 1.105029 1.105029 0.744103 0.744107 0.744107
1.107109 1.107109 1.107109 1.107109 1.107109 1.107109 1.107109 0.744265 0.744269 0.744269
1.099374 1.099374 1.099374 1.099374 1.099374 1.099374 1.099374 0.731207 0.731211 0.731211
1.111687 1.111687 1.111687 1.111687 1.111687 1.111687 1.111687 0.739396 0.739400 0.739400
1.105498 1.105498 1.105498 1.105498 1.105498 1.105498 1.105498 0.730315 0.730319 0.730319
1.106791 1.106791 1.106791 1.106791 1.106791 1.106791 1.106791 0.725945 0.725949 0.725949
1.105832 1.105832 1.105832 1.105832 1.105832 1.105832 1.105832 0.717994 0.717998 0.717998
1.116187 1.116187 1.116187 1.116187 1.116187 1.116187 1.116187 0.723626 0.723630 0.723630
1.117946 1.117946 1.117946 1.117946 1.117946 1.117946 1.117946 0.724760 0.724764 0.724764
1.114790 1.114790 1.114790 1.114790 1.114790 1.114790 1.114790 0.720249 0.720253 0.720253
1.116262 1.116262 1.116262 1.116262 1.116262 1.116262 1.116262 0.719244 0.719248 0.719248
1.118336 1.118336 1.118336 1.118336 1.118336 1.118336 1.118336 0.719723 0.719727 0.719727
1.115612 1.115612 1.115612 1.115612 1.115612 1.115612 1.115612 0.714792 0.714796 0.714796
1.114596 1.114596 1.114596 1.114596 1.114596 1.114596 1.114596 0.709378 0.709382 0.709382
1.117705 1.117705 1.117705 1.117705 1.117705 1.117705 1.117705 0.707769 0.707773 0.707773
1.123632 1.123632 1.123632 1.123632 1.123632 1.123632 1.123632 0.711523 0.711526 0.711526
1.114999 1.114999 1.114999 1.114999 1.114999 1.114999 1.114999 0.699527 0.699530 0.699530
