0.937296 0.889894 0.926086 0.863063 0.898273 0.936860 0.940769 0.939335 0.939335 0.939335
0.985704 0.933586 0.963432 0.903167 0.882587 0.985244 0.985308 0.989042 0.989042 0.989042
1.003496 0.950437 0.980822 0.919468 0.898517 1.003027 1.003092 0.976254 0.976255 0.976255
1.024488 0.927829 1.002727 0.940785 0.917313 1.026281 1.021643 0.998920 0.998921 0.998921
0.946477 0.878663 0.945773 0.884261 0.864174 0.973893 0.955519 0.906059 0.906059 0.906059
0.973473 0.884253 0.956161 0.897882 0.875973 0.861539 0.924350 0.914084 0.914084 0.914084
0.986629 0.866338 0.936789 0.909438 0.887811 0.860593 0.945078 0.926252 0.926252 0.926252
1.038688 0.784740 0.980548 0.957619 0.933111 0.902516 0.994120 0.975931 0.975931 0.975931
0.987022 0.744021 0.958631 0.887875 0.861678 0.836920 0.952708 0.936332 0.936332 0.936332
1.042680 0.788608 1.009338 0.939187 0.914248 0.888541 1.009265 0.985301 0.985301 0.985301
1.025928 0.802582 1.008528 0.959378 0.930035 0.863648 1.029619 1.004762 1.004762 1.004762
1.033057 0.800853 1.030525 0.982197 0.949553 0.877989 1.052491 1.029540 1.029540 1.029540
1.037455 0.804262 1.034913 0.986379 0.953596 0.881727 1.056972 1.013526 1.013526 1.013526
1.040658 0.808563 1.038640 0.990493 0.955736 0.885416 1.063660 1.018757 1.018757 1.018757
0.986848 0.785463 0.970606 0.963662 0.930815 0.839865 1.034277 0.987475 0.987475 0.987475
0.973068 0.753997 0.955073 0.956472 0.907781 0.825644 0.986536 0.957840 0.957840 0.957840
1.032528 0.799844 1.008617 1.009846 0.948548 0.874123 1.044316 1.019391 1.019391 1.019391
0.992322 0.776436 0.962881 0.867793 0.914036 0.849062 1.014670 0.987564 0.987565 0.987565
1.015753 0.786750 0.972051 0.874300 0.896394 0.864329 1.026477 0.994727 0.994728 0.994728
1.050720 0.814610 1.004450 0.904887 0.926550 0.891911 1.058957 1.029122 1.029123 1.029123
1.017565 0.795093 0.960736 0.878393 0.891951 0.862512 1.017334 0.993118 0.993118 0.993118
1.064298 0.828952 1.005707 0.920222 0.930735 0.896890 1.066069 1.037145 1.037146 1.037146
1.068047 0.831872 1.010961 0.923463 0.934013 0.900049 1.071638 1.029092 1.029093 1.029093
0.988107 0.714922 0.945339 0.878465 0.890156 0.822733 1.006058 0.983515 0.983517 0.983517
1.032754 0.738920 0.971114 0.920207 0.891665 0.860896 1.054399 1.025017 1.025018 1.025018
1.051636 0.750734 0.978181 0.934735 0.906549 0.873641 1.064261 1.045857 1.045858 1.045858
1.000366 0.723370 0.951805 0.885885 0.846828 0.854720 1.016833 1.000286 1.000288 1.000288
0.994826 0.741777 0.980962 0.908328 0.855265 0.873607 1.021879 1.030595 1.030596 1.030596
0.988639 0.736429 0.965993 0.901112 0.847848 0.866639 1.009548 0.993540 0.993542 0.993542
0.975295 0.746289 0.976251 0.845096 0.832103 0.861397 1.030848 1.002138 1.002140 1.002140
1.015936 0.772673 1.021339 0.859601 0.862439 0.886654 1.056152 1.047915 1.047917 1.047917
1.030632 0.781665 1.037893 0.871355 0.878827 0.902266 1.073827 1.054901 1.054904 1.054904
1.020522 0.738414 0.981692 0.862818 0.840037 0.884289 1.063305 1.044463 1.044465 1.044465
0.926300 0.711529 0.907298 0.831403 0.715618 0.850630 1.023259 0.983909 0.983911 0.983911
1.015870 0.779575 0.996249 0.909027 0.782428 0.931601 1.121248 1.078678 1.078681 1.078681
0.926808 0.704477 0.910130 0.830006 0.247710 0.852953 1.025190 0.985922 0.985925 0.985925
1.001675 0.769821 1.009149 0.939501 0.276851 0.962984 1.125047 1.123943 1.123945 1.123945
0.985536 0.736387 0.963260 0.910412 0.270968 0.921117 1.103011 1.106455 1.106457 1.106457
0.956827 0.684564 0.934548 0.882500 0.267771 0.879223 1.059157 1.046174 1.046177 1.046177
1.046092 0.740448 1.012061 0.962537 0.285176 0.951397 1.155377 1.132683 1.132686 1.132686
1.052324 0.725292 1.011437 0.971641 0.282890 0.960076 1.148164 1.126880 1.126883 1.126883
1.081301 0.744296 1.038479 0.995977 0.290475 0.980036 1.146145 1.157410 1.157413 1.157413
1.059224 0.731387 1.014162 0.975413 0.285446 0.957986 0.986890 1.140960 1.140963 1.140963
1.086796 0.759750 1.046727 1.001905 0.294567 0.988588 1.015470 1.181500 1.181503 1.181503
1.008963 0.719714 0.990729 0.912163 0.259553 0.907701 0.921395 1.126722 1.126725 1.126725
1.086638 0.751462 1.063472 0.978151 0.278024 0.974684 0.991263 1.211188 1.211191 1.211191
1.092451 0.753630 1.059542 0.979039 0.279374 0.981454 0.987291 1.221572 1.221576 1.221576
1.038489 0.725367 1.019008 0.937533 0.264874 0.940438 0.946304 1.177007 1.177010 1.177010
1.057395 0.745782 1.048670 0.941185 0.274109 0.966288 0.959086 1.212922 1.212925 1.212925
0.949368 0.744844 1.047692 0.926723 0.274353 0.962303 0.957687 1.200395 1.200398 1.200398
0.966841 0.757495 1.069248 0.946324 0.272129 0.981174 0.972762 1.228544 1.228547 1.228547
0.976143 0.742285 1.084080 0.960634 0.275228 0.981125 0.984769 1.242697 1.242700 1.242700
0.978962 0.747416 1.091406 0.964107 0.276030 0.983625 0.989923 1.253794 1.253797 1.253797
0.953653 0.729101 0.973032 0.945646 0.269226 0.963972 0.969346 1.203718 1.203722 1.203722
0.910925 0.726808 0.938497 0.943988 0.271803 0.963985 0.980206 1.218761 1.218765 1.218765
0.961130 0.766867 0.990222 0.996016 0.286784 1.017115 1.034230 1.268257 1.268262 1.268262
0.896451 0.687901 0.805349 0.913428 0.257253 0.912381 0.953417 1.144867 1.144870 1.144870
0.978894 0.750472 0.885491 0.998395 0.282227 0.999083 1.031820 1.252983 1.252987 1.252987
0.931969 0.734892 0.819103 0.974324 0.277148 0.924482 1.001874 1.229453 1.229457 1.229457
0.928158 0.731256 0.803721 0.978350 0.275037 0.913468 0.997055 1.190319 1.190323 1.190323
0.900168 0.684447 0.787689 0.913649 0.257431 0.885921 0.919617 1.154138 1.154142 1.154142
0.990905 0.754329 0.868178 1.006292 0.280311 0.969877 1.008629 1.273251 1.273256 1.273256
0.942588 0.733790 0.842659 0.961494 0.272663 0.948044 0.984666 1.249115 1.249119 1.249119
0.842715 0.672042 0.801924 0.901383 0.242142 0.850797 0.933031 1.194808 1.194811 1.194811
0.927023 0.738141 0.883793 0.984815 0.255762 0.937619 1.026225 1.315540 1.315544 1.315544
0.905448 0.708247 0.858974 0.945932 0.246659 0.891815 0.979133 1.269356 1.269360 1.269360
0.934458 0.719235 0.890159 0.976222 0.256165 0.927419 1.010594 1.309861 1.309865 1.309865
0.946390 0.728454 0.902424 0.992984 0.259583 0.924829 1.025487 1.333275 1.333280 1.333280
0.935903 0.712341 0.889098 0.982900 0.257944 0.914804 1.022917 1.328001 1.328005 1.328005
0.929577 0.702577 0.878660 0.970743 0.254099 0.905310 1.010609 1.305944 1.305948 1.305948
0.945726 0.701146 0.883847 0.984670 0.259510 0.910450 1.022193 1.321856 1.321861 1.321861
0.941916 0.700643 0.878067 0.979118 0.243864 0.907504 0.979385 1.311281 1.311286 1.311286
0.968878 0.717880 0.879493 1.003206 0.249863 0.909871 1.007419 1.347930 1.347935 1.347935
0.864751 0.662539 0.817127 0.915931 0.233920 0.833908 0.935637 1.242979 1.242983 1.242983
0.928445 0.692847 0.876708 0.981137 0.249661 0.895409 1.005913 1.314907 1.314911 1.314911
0.914215 0.673860 0.872311 0.980571 0.248172 0.890220 1.004695 1.320824 1.320828 1.320828
0.886534 0.653457 0.845899 0.933736 0.240657 0.806323 0.974274 1.200841 1.200845 1.200845
0.950914 0.699583 0.910606 0.928729 0.259090 0.869860 1.028042 1.284288 1.284293 1.284293
0.955679 0.709885 0.922399 0.921056 0.261643 0.881125 1.038254 1.276861 1.276865 1.276865
0.985207 0.731425 0.948955 0.950006 0.269447 0.905488 1.049078 1.317675 1.317679 1.317679
0.947059 0.703103 0.912210 0.514475 0.259014 0.870426 1.008456 1.252787 1.252791 1.252791
1.025827 0.767841 0.995176 0.558670 0.282403 0.948556 1.097199 1.357241 1.357246 1.357246
0.964815 0.713664 0.929278 0.523093 0.264024 0.907210 1.019474 1.283402 1.283407 1.283407
1.027955 0.758877 0.989257 0.549986 0.277790 0.966800 1.088308 1.371587 1.371592 1.371592
0.959562 0.750944 0.990604 0.551339 0.277036 0.963823 1.085354 1.375325 1.375329 1.375329
0.945415 0.736803 0.971899 0.537001 0.260872 0.897389 1.023747 1.343656 1.343660 1.343660
0.946941 0.697713 0.956294 0.547350 0.265797 0.903898 1.024405 1.350664 1.350669 1.350669
0.954749 0.699903 0.938819 0.538168 0.264338 0.871393 1.013404 1.357461 1.357466 1.357466
0.967533 0.709092 0.948519 0.545698 0.273015 0.895515 1.008625 1.397060 1.397065 1.397065
0.982517 0.726562 0.971861 0.559838 0.276003 0.919683 1.034080 1.434041 1.434046 1.434046
0.875026 0.696544 0.931708 0.524753 0.262020 0.881687 0.934685 1.331223 1.331229 1.331229
0.902080 0.718458 0.948937 0.533659 0.267277 0.850702 0.949311 1.388618 1.388624 1.388624
0.936316 0.745725 0.944627 0.553913 0.277385 0.882874 0.985340 1.420085 1.420091 1.420091
0.920571 0.718366 0.909778 0.542721 0.253584 0.845697 0.908503 1.382479 1.382484 1.382484
0.951555 0.730276 0.935439 0.555017 0.259928 0.872855 0.936163 1.421884 1.421890 1.421890
0.918349 0.716751 0.908459 0.538990 0.234309 0.838834 0.915082 1.375965 1.375970 1.375970
0.965138 0.745722 0.956702 0.567314 0.243065 0.874112 0.959524 1.444614 1.444620 1.444620
0.984493 0.758800 0.976111 0.578030 0.247675 0.892707 0.976483 1.466857 1.466862 1.466862
0.994438 0.766465 0.985972 0.583869 0.250177 0.876857 0.986347 1.470793 1.470799 1.470799
0.989691 0.762970 0.981131 0.583480 0.250312 0.873573 0.986889 1.473710 1.473715 1.473715
