0.894200 0.862984 0.903613 0.861029 0.862984 0.894200 0.850395 0.893979 0.893979 0.893979
0.960361 0.908101 0.950654 0.921547 0.861800 0.935655 0.856496 0.950684 0.950684 0.950684
1.000896 0.936340 0.981400 0.958161 0.874931 0.965154 0.890651 0.981204 0.981204 0.981204
1.009309 0.937606 0.984687 0.960759 0.875050 0.969720 0.893369 0.979639 0.979639 0.979639
0.992414 0.922397 0.956533 0.931899 0.851344 0.892390 0.865404 0.974636 0.974637 0.974637
1.000861 0.930248 0.964675 0.529466 0.858590 0.899985 0.872770 0.972173 0.972173 0.972173
1.048452 1.007942 1.026222 0.575817 0.929887 0.931331 0.947938 1.055471 1.055471 1.055471
1.001314 0.962625 0.980082 0.540013 0.888079 0.830788 0.905319 0.945064 0.945064 0.945064
1.095201 1.052885 1.071979 0.590647 0.971349 0.908686 0.990205 1.002223 1.002224 1.002224
1.077412 1.037217 0.965140 0.585051 0.956754 0.899315 0.979188 0.971687 0.971688 0.971688
1.107605 1.055603 0.994222 0.602363 0.970857 0.916694 1.004346 0.997913 0.997914 0.997914
1.058395 1.025819 0.956010 0.579191 0.866523 0.872263 0.972033 0.956147 0.956148 0.956148
1.056245 1.011672 0.947229 0.575430 0.859609 0.885195 0.958338 0.959351 0.959352 0.959352
1.114449 0.918422 0.993680 0.607262 0.905478 0.930381 1.010308 1.013052 1.013053 1.013053
1.089018 0.896692 0.956683 0.598304 0.881682 0.902008 0.986541 0.962361 0.962362 0.962362
1.154556 0.922688 1.018526 0.637765 0.936378 0.947131 1.048731 1.022194 1.022195 1.022195
1.124721 0.894293 0.966110 0.605867 0.899755 0.882204 1.002395 0.992607 0.992608 0.992608
1.161578 0.922311 0.999895 0.627408 0.905049 0.912192 1.032536 1.030214 1.030215 1.030215
1.083414 0.897767 0.941703 0.611564 0.892201 0.890729 1.019524 1.018532 1.018533 1.018533
1.076534 0.913832 0.922111 0.623457 0.910499 0.885316 1.038776 1.034478 1.034479 1.034479
1.086476 0.920523 0.933989 0.583469 0.922311 0.898638 1.031331 1.040986 1.040987 1.040987
1.114481 0.945153 0.957051 0.598832 0.945369 0.919563 1.055070 1.067977 1.067978 1.067978
1.111593 0.950452 0.961426 0.598788 0.949125 0.922759 1.057026 1.065412 1.065413 1.065413
1.106047 0.954231 0.965222 0.601917 0.940167 0.928553 1.061851 1.071562 1.071564 1.071564
1.105951 0.954194 0.966100 0.604480 0.940615 0.914207 1.063822 1.076872 1.076873 1.076873
1.100668 0.931518 0.950645 0.599803 0.939731 0.899381 1.052588 1.066261 1.066263 1.066263
1.100799 0.930771 0.957328 0.600453 0.944243 0.902010 1.043331 1.068801 1.068802 1.068802
1.117804 0.942816 0.972339 0.609032 0.957807 0.917039 1.056976 1.080355 1.080356 1.080356
0.993031 0.866086 0.899186 0.553462 0.892519 0.836567 0.977096 0.991603 0.991604 0.991604
0.936410 0.836625 0.902558 0.547261 0.835997 0.791849 0.976538 1.000409 1.000410 1.000410
1.045978 0.934517 1.009873 0.611295 0.933815 0.884502 1.092650 1.104897 1.104898 1.104898
1.042330 0.930995 1.001570 0.606120 0.916355 0.879433 1.086237 1.104318 1.104320 1.104320
1.018075 0.912375 0.975027 0.592801 0.898944 0.863270 1.063947 1.074443 1.074445 1.074445
1.047695 0.941036 1.003909 0.610707 0.924321 0.889359 1.098439 1.107990 1.107991 1.107991
1.054760 0.947381 1.010678 0.614825 0.930554 0.870663 1.105846 1.107269 1.107271 1.107271
1.019838 0.924870 0.984935 0.586618 0.904081 0.848487 1.074470 1.059110 1.059112 1.059112
1.010418 0.923514 0.963780 0.582566 0.890377 0.839428 1.056025 1.045609 1.045611 1.045611
1.053895 0.933850 1.001927 0.605014 0.923671 0.872954 1.100282 1.088557 1.088558 1.088558
1.065099 0.943777 1.012578 0.611445 0.933490 0.882234 1.111979 1.078426 1.078428 1.078428
1.067443 0.945345 1.012732 0.613108 0.934572 0.881390 1.092294 1.081918 1.081919 1.081919
1.054833 0.945787 1.006699 0.606533 0.928866 0.875999 1.082474 1.079039 1.079040 1.079040
1.027114 0.920695 0.977287 0.590945 0.921802 0.865008 1.035196 1.067045 1.067047 1.067047
0.993262 0.910505 0.964320 0.574018 0.911548 0.859583 1.027391 1.064209 1.064210 1.064210
0.971702 0.918495 0.977702 0.578991 0.905663 0.864292 1.015703 1.078627 1.078629 1.078629
0.990719 0.912126 0.996149 0.588967 0.917917 0.881285 1.036984 1.083566 1.083567 1.083567
0.941491 0.805209 0.956819 0.575504 0.898605 0.827487 0.999999 1.063737 1.063739 1.063739
0.990740 0.847329 0.965647 0.605608 0.945487 0.870659 1.052307 1.102888 1.102890 1.102890
0.990167 0.843326 0.961036 0.598339 0.903125 0.822303 1.006847 1.092985 1.092987 1.092987
1.018662 0.857911 0.985008 0.616135 0.933595 0.846174 1.044804 1.132541 1.132543 1.132543
1.027436 0.863604 0.992653 0.613257 0.929877 0.853656 1.055857 1.145800 1.145802 1.145802
0.983041 0.834604 0.943430 0.524650 0.892063 0.825498 1.021325 1.105094 1.105096 1.105096
0.962067 0.825848 0.947236 0.537752 0.902808 0.843931 1.014909 1.140768 1.140770 1.140770
0.880512 0.802406 0.882742 0.522488 0.775496 0.818567 0.984817 1.083579 1.083581 1.083581
0.920064 0.848938 0.933202 0.549978 0.808194 0.862179 1.037585 1.147633 1.147635 1.147635
0.915222 0.822121 0.926371 0.550692 0.795150 0.855061 0.998425 1.123014 1.123016 1.123016
0.915441 0.794914 0.895714 0.550474 0.795340 0.842933 1.007443 1.123058 1.123059 1.123059
0.945458 0.806499 0.920530 0.559088 0.811060 0.847773 1.016385 1.145830 1.145831 1.145831
0.987624 0.840119 0.963235 0.583567 0.851021 0.888325 1.064089 1.187730 1.187732 1.187732
0.989695 0.845259 0.968979 0.585215 0.852828 0.889886 1.068814 1.197391 1.197393 1.197393
0.980901 0.838738 0.961576 0.580330 0.836095 0.877145 1.055461 1.189345 1.189347 1.189347
0.978666 0.834799 0.949059 0.576156 0.779371 0.875146 1.048747 1.188069 1.188071 1.188071
0.983235 0.833610 0.957622 0.565228 0.779089 0.868807 1.036322 1.198209 1.198211 1.198211
0.950385 0.783385 0.898004 0.538097 0.749127 0.816422 0.998160 1.158826 1.158828 1.158828
1.012056 0.832176 0.947673 0.570482 0.797348 0.870781 1.053039 1.237981 1.237984 1.237984
0.942590 0.821620 0.946823 0.570597 0.793391 0.866142 1.047812 1.238556 1.238558 1.238558
0.887179 0.792702 0.909825 0.546391 0.761475 0.837373 0.998409 1.144526 1.144528 1.144528
0.890494 0.765230 0.796315 0.539246 0.735085 0.808352 0.990490 1.111857 1.111859 1.111859
0.966709 0.808901 0.858820 0.587436 0.786915 0.880298 1.062222 1.193722 1.193724 1.193724
0.969228 0.802826 0.849208 0.579696 0.755889 0.877737 1.052530 1.177707 1.177709 1.177709
0.888480 0.818651 0.866229 0.582773 0.772448 0.892470 1.073062 1.190015 1.190016 1.190016
0.897539 0.813334 0.870446 0.582449 0.773802 0.900222 1.080635 1.196155 1.196156 1.196156
0.855010 0.790586 0.845383 0.544120 0.699619 0.848140 1.006116 1.170471 1.170473 1.170473
0.902483 0.825207 0.877024 0.575613 0.707738 0.896261 1.064891 1.231929 1.231931 1.231931
0.864246 0.811781 0.860398 0.524032 0.674266 0.864768 1.055535 1.206222 1.206225 1.206225
0.898110 0.804806 0.854074 0.544571 0.676394 0.889473 1.096907 1.253377 1.253379 1.253379
0.934551 0.837461 0.888728 0.566667 0.703839 0.925563 1.141414 1.286305 1.286308 1.286308
0.930077 0.833631 0.884353 0.566283 0.704207 0.922084 1.142026 1.288839 1.288842 1.288842
0.902988 0.817251 0.867789 0.542063 0.694881 0.903388 1.103646 1.266426 1.266428 1.266428
0.904034 0.805098 0.872385 0.542681 0.700068 0.911344 1.105024 1.267735 1.267737 1.267737
0.883721 0.786224 0.845025 0.529567 0.682649 0.889292 1.073838 1.202170 1.202172 1.202172
0.895930 0.779912 0.842091 0.530036 0.682075 0.775450 1.023956 1.195476 1.195478 1.195478
0.937516 0.818674 0.878481 0.554508 0.715996 0.809719 0.941833 1.258888 1.258891 1.258891
0.963893 0.834098 0.916528 0.579641 0.746403 0.840483 0.983012 1.317073 1.317076 1.317076
0.853678 0.795202 0.873789 0.540301 0.704657 0.801290 0.883597 1.215861 1.215864 1.215864
0.917378 0.853709 0.940138 0.578852 0.754933 0.859897 0.948720 1.306135 1.306138 1.306138
0.923412 0.856580 0.947121 0.583603 0.758123 0.860531 0.956767 1.312723 1.312726 1.312726
0.840451 0.746502 0.861428 0.530334 0.702329 0.770028 0.861276 1.163587 1.163591 1.163591
0.851017 0.748711 0.873432 0.537439 0.246782 0.782485 0.874016 1.180386 1.180390 1.180390
0.990396 0.867928 0.989800 0.623014 0.286077 0.887608 1.017161 1.372806 1.372810 1.372810
1.000940 0.838757 1.001725 0.631044 0.289122 0.899048 1.025548 1.390545 1.390549 1.390549
0.914829 0.764866 0.941935 0.562741 0.256793 0.801865 0.945294 1.283174 1.283178 1.283178
0.983427 0.820366 1.001621 0.603455 0.275617 0.859048 1.007265 1.382168 1.382172 1.382172
0.992723 0.827045 1.010300 0.607683 0.278026 0.861474 0.987798 1.394629 1.394634 1.394634
0.938605 0.804279 0.928099 0.588935 0.271137 0.791641 0.952502 1.358985 1.358989 1.358989
0.924162 0.802145 0.934749 0.577734 0.262158 0.801661 0.941975 1.345359 1.345363 1.345363
0.938262 0.769936 0.932268 0.596889 0.270746 0.818475 0.955420 1.370798 1.370803 1.370803
0.929420 0.724109 0.912437 0.544437 0.257028 0.810384 0.949923 1.360833 1.360838 1.360838
0.951480 0.732205 0.943877 0.565709 0.265630 0.837649 0.986411 1.421185 1.421190 1.421190
0.967640 0.743498 0.961694 0.571403 0.259388 0.853429 1.003018 1.446642 1.446647 1.446647
0.961070 0.740905 0.952757 0.566606 0.243073 0.848309 0.958349 1.431091 1.431096 1.431096
