0.948793 0.943987 0.923838 0.925247 0.935868 0.907194 0.930929 0.945770 0.945770 0.945770
0.979439 0.929677 0.910973 0.955143 0.932602 0.926930 0.961008 0.976232 0.976233 0.976233
0.995305 0.956477 0.931216 0.971685 0.953183 0.947375 0.979365 1.001235 1.001235 1.001235
0.999657 0.959727 0.936433 0.972967 0.954437 0.950210 0.982809 1.005266 1.005266 1.005266
0.988153 0.947361 0.927629 0.964364 0.918893 0.940387 0.968959 0.998621 0.998622 0.998622
0.992831 0.960423 0.940393 0.978877 0.919114 0.955540 0.982894 1.014201 1.014201 1.014201
0.961240 0.911069 0.891879 0.944463 0.827428 0.901336 0.892419 0.972277 0.972277 0.972277
1.001280 0.942380 0.924371 0.978248 0.854825 0.935459 0.924656 1.002733 1.002733 1.002733
1.024819 0.964263 0.941606 0.996242 0.861566 0.955295 0.944132 1.029358 1.029358 1.029358
0.951365 0.913392 0.891175 0.906950 0.759106 0.877077 0.856612 0.981571 0.981571 0.981571
1.000823 0.956890 0.933566 0.943192 0.763231 0.871931 0.862712 1.023918 1.023919 1.023919
1.047442 0.997546 0.951406 0.983267 0.795659 0.889466 0.902898 1.070909 1.070910 1.070910
1.024304 0.959394 0.925482 0.951313 0.771579 0.868518 0.880209 1.042032 1.042032 1.042032
0.962141 0.862886 0.868710 0.892172 0.737691 0.802070 0.817740 0.953235 0.953236 0.953236
1.066603 0.953904 0.964682 0.988265 0.821442 0.891906 0.908552 1.048606 1.048607 1.048607
1.029300 0.921028 0.919723 0.940803 0.784367 0.805561 0.863791 1.023905 1.023906 1.023906
1.077031 0.963784 0.963331 0.988707 0.821202 0.829964 0.905602 1.076788 1.076788 1.076788
1.050174 0.948836 0.946730 0.951321 0.804584 0.815661 0.887345 1.038660 1.038661 1.038661
1.083840 0.981460 0.977580 0.982879 0.829679 0.842730 0.918750 1.074173 1.074174 1.074174
1.064256 0.829202 0.954397 0.965315 0.813341 0.824319 0.901401 1.055635 1.055636 1.055636
1.084678 0.837474 0.987069 1.000289 0.840504 0.848194 0.932626 1.094817 1.094817 1.094817
1.081637 0.833488 0.983470 0.984347 0.827681 0.846008 0.931823 1.095096 1.095096 1.095096
1.063311 0.810259 0.950233 0.969829 0.779802 0.832631 0.918547 1.073465 1.073465 1.073465
1.028488 0.801464 0.937827 0.942252 0.771294 0.827586 0.911818 1.070842 1.070842 1.070842
1.018422 0.772616 0.926727 0.939183 0.755394 0.817020 0.873414 1.043104 1.043105 1.043105
1.055841 0.808823 0.971064 0.960007 0.795960 0.854760 0.901326 1.094503 1.094503 1.094503
0.956374 0.757566 0.915613 0.889517 0.756247 0.795041 0.849545 1.024285 1.024284 1.024284
1.028745 0.806729 0.986920 0.958287 0.802962 0.847967 0.911760 1.100687 1.100687 1.100687
1.036464 0.810950 0.983578 0.963110 0.807723 0.851410 0.910545 1.111176 1.111176 1.111176
1.058717 0.828361 1.004695 0.983788 0.825065 0.845705 0.930094 1.126697 1.126697 1.126697
1.002156 0.803239 0.937185 0.955406 0.802097 0.800744 0.902763 1.090124 1.090124 1.090124
1.023616 0.818450 0.946950 0.971058 0.765433 0.817890 0.918321 1.114812 1.114812 1.114812
0.920439 0.781294 0.867024 0.926973 0.645981 0.779418 0.875490 1.040383 1.040383 1.040383
0.986225 0.828687 0.916205 0.977590 0.663133 0.830530 0.927088 1.096926 1.096926 1.096926
1.029712 0.863092 0.956823 1.019530 0.691636 0.868188 0.965709 1.140064 1.140064 1.140064
0.957218 0.822438 0.908087 0.964231 0.655621 0.828992 0.908820 1.040510 1.040510 1.040510
1.026945 0.879529 0.975058 1.036145 0.701735 0.884220 0.976866 1.114604 1.114604 1.114604
0.965312 0.799192 0.885995 0.973340 0.659619 0.819168 0.926310 1.047499 1.047500 1.047500
1.030331 0.851914 0.944935 1.036383 0.703551 0.868602 0.960515 1.117571 1.117572 1.117572
0.992311 0.848650 0.924183 1.036246 0.700545 0.826391 0.959137 1.115513 1.115513 1.115513
0.939814 0.852041 0.938954 1.053964 0.708845 0.835875 0.970500 1.134885 1.134885 1.134885
0.943773 0.830459 0.946880 1.064170 0.713077 0.831357 0.977216 1.141809 1.141809 1.141809
0.949605 0.835591 0.952731 1.070746 0.717483 0.836494 0.983255 1.113906 1.113906 1.113906
0.829056 0.747310 0.885387 0.980237 0.622209 0.733064 0.909820 1.040461 1.040461 1.040461
0.852916 0.714185 0.920650 1.036918 0.659414 0.745149 0.949815 1.105760 1.105761 1.105761
0.897564 0.751571 0.929179 1.091198 0.693843 0.784054 0.999535 1.146500 1.146501 1.146501
0.892485 0.749664 0.921094 1.084769 0.692103 0.777961 0.873618 1.147233 1.147234 1.147234
0.871399 0.752845 0.873793 1.085646 0.697004 0.738252 0.869923 1.154433 1.154433 1.154433
0.901306 0.777965 0.910028 1.123990 0.724300 0.765730 0.891759 1.196754 1.196754 1.196754
0.874113 0.738237 0.867522 1.076174 0.692292 0.638736 0.813442 1.138455 1.138456 1.138456
0.940537 0.792389 0.925047 1.152836 0.744535 0.688365 0.867109 1.228895 1.228896 1.228896
0.951182 0.801358 0.935517 1.165884 0.752961 0.696155 0.876923 1.225721 1.225722 1.225722
0.921689 0.779110 0.903511 1.131233 0.732805 0.677948 0.852125 1.183116 1.183117 1.183117
0.886094 0.769436 0.889854 1.033896 0.700882 0.656688 0.847947 1.162966 1.162967 1.162967
0.863184 0.747849 0.891833 0.982693 0.663496 0.624266 0.833051 1.143825 1.143826 1.143826
0.893860 0.735261 0.912480 0.937021 0.658470 0.646150 0.865852 1.187050 1.187051 1.187051
0.895370 0.736503 0.914022 0.921681 0.659582 0.604548 0.867315 1.114796 1.114797 1.114797
0.989365 0.778183 1.011375 1.020697 0.728825 0.669495 0.956088 1.234599 1.234601 1.234601
0.916086 0.728531 0.960742 0.989820 0.697862 0.647567 0.898891 1.205787 1.205788 1.205788
0.939857 0.748318 0.986911 1.016057 0.708215 0.660729 0.918859 1.239779 1.239780 1.239780
0.933583 0.735397 0.971043 1.006875 0.685283 0.649592 0.910684 1.219562 1.219563 1.219563
0.926547 0.729666 0.960816 0.999881 0.693160 0.653789 0.887671 1.229218 1.229220 1.229220
0.861560 0.672047 0.894628 0.930506 0.223665 0.610097 0.827220 1.145107 1.145109 1.145109
0.880759 0.764235 1.017680 1.043202 0.254894 0.691796 0.940506 1.290361 1.290363 1.290363
0.906725 0.787517 1.046574 1.074538 0.262210 0.710461 0.965629 1.328599 1.328601 1.328601
0.867493 0.752795 0.986523 1.036533 0.249976 0.674381 0.923181 1.235708 1.235710 1.235710
0.899701 0.781825 0.936386 1.082414 0.259578 0.703635 0.962436 1.263054 1.263056 1.263056
0.899532 0.739015 0.919694 1.101291 0.264003 0.707463 0.961322 1.267358 1.267361 1.267361
0.924665 0.755055 0.949487 1.105426 0.270020 0.718607 0.971936 1.307781 1.307784 1.307784
0.863999 0.736288 0.895842 1.079456 0.266668 0.702966 0.961419 1.295286 1.295289 1.295289
0.901577 0.744861 0.931715 1.121550 0.276762 0.731368 1.002158 1.349089 1.349092 1.349092
0.890226 0.737928 0.917666 1.105639 0.257840 0.722734 0.951935 1.326792 1.326795 1.326795
0.913292 0.756641 0.939518 1.134873 0.264246 0.739125 0.957205 1.362578 1.362581 1.362581
0.899540 0.733316 0.929196 1.117766 0.261906 0.733557 0.942876 1.341893 1.341897 1.341897
0.905957 0.737414 0.937567 1.118083 0.253274 0.740137 0.949465 1.352701 1.352705 1.352705
0.869553 0.716637 0.910438 1.081058 0.242455 0.716079 0.918868 1.315982 1.315986 1.315986
0.888778 0.713238 0.924485 1.108804 0.244374 0.734213 0.927791 1.330260 1.330264 1.330264
0.879523 0.705108 0.906536 1.095354 0.241232 0.725284 0.912727 1.277020 1.277024 1.277024
0.928037 0.744161 0.956409 1.160544 0.255897 0.766081 0.968225 1.356607 1.356612 1.356612
0.895620 0.718167 0.923001 0.630970 0.246958 0.739321 0.934404 1.294888 1.294892 1.294892
0.933863 0.756369 0.955998 0.588272 0.258188 0.779128 0.984999 1.361023 1.361027 1.361027
0.946847 0.753360 0.964518 0.586552 0.258476 0.769272 0.975570 1.363227 1.363231 1.363231
1.000365 0.795941 1.020762 0.619706 0.273086 0.812753 1.032459 1.424081 1.424085 1.424085
0.936516 0.716638 0.833275 0.570435 0.245877 0.731775 0.955326 1.290312 1.290316 1.290316
0.941249 0.695116 0.846302 0.552050 0.238493 0.735473 0.913117 1.296512 1.296516 1.296516
1.033018 0.754372 0.925352 0.606441 0.263007 0.807376 1.010833 1.433170 1.433174 1.433174
0.977000 0.725570 0.880663 0.577133 0.232336 0.760366 0.968280 1.359107 1.359111 1.359111
1.034108 0.753330 0.921631 0.609051 0.246865 0.795560 1.018924 1.431214 1.431218 1.431218
1.022542 0.743492 0.914615 0.558454 0.245008 0.791193 0.991152 1.411078 1.411082 1.411082
1.015301 0.744018 0.896917 0.555803 0.241819 0.784449 0.976257 1.396122 1.396126 1.396126
1.003008 0.714600 0.859615 0.540785 0.237644 0.753397 0.961030 1.379991 1.379995 1.379995
1.062610 0.760102 0.914210 0.573336 0.251771 0.797895 1.020518 1.470801 1.470806 1.470806
0.999779 0.737440 0.891440 0.556181 0.240577 0.771578 0.970314 1.433704 1.433709 1.433709
1.043708 0.769842 0.930608 0.580619 0.251148 0.805480 1.012949 1.467173 1.467178 1.467178
0.981203 0.733099 0.894916 0.543835 0.231857 0.778811 0.956479 1.386820 1.386824 1.386824
1.021342 0.743251 0.930883 0.564782 0.239911 0.810743 0.996955 1.422324 1.422329 1.422329
1.005775 0.722946 0.926295 0.564505 0.238501 0.806114 0.995835 1.428848 1.428853 1.428853
0.917474 0.709894 0.909572 0.541966 0.231911 0.791561 0.921956 1.358586 1.358591 1.358591
0.980047 0.764543 0.978584 0.580389 0.249358 0.850690 0.989224 1.451520 1.451526 1.451526
0.921622 0.710494 0.913650 0.543349 0.233095 0.813490 0.919013 1.372350 1.372355 1.372355
