0.967920 0.957116 0.964313 0.968827 0.972587 0.968157 0.976314 0.974894 0.974894 0.974894
0.965802 0.966889 0.967905 0.967772 0.976064 0.971607 0.976960 0.981770 0.981770 0.981770
0.966399 0.968410 0.967479 0.968893 0.975927 0.969845 0.974934 0.982522 0.982522 0.982522
0.972056 0.973805 0.968519 0.969696 0.966657 0.973327 0.978298 0.991213 0.991213 0.991213
0.973411 0.973895 0.969113 0.968694 0.967319 0.968284 0.951732 0.992165 0.992166 0.992166
0.959972 0.949774 0.939348 0.957452 0.914271 0.956013 0.941165 0.975671 0.975671 0.975671
0.938272 0.950954 0.904758 0.960104 0.917758 0.934659 0.943251 0.974735 0.974735 0.974735
0.920559 0.932198 0.874584 0.949755 0.897243 0.909810 0.924775 0.929695 0.929695 0.929695
0.967252 0.842759 0.913662 0.998132 0.941195 0.952281 0.970877 0.977659 0.977659 0.977659
1.004518 0.836902 0.950178 1.038888 0.977457 0.991164 1.005887 1.017611 1.017612 1.017612
0.929891 0.821271 0.943564 1.032788 0.966702 0.979899 0.994820 1.011904 1.011904 1.011904
0.948581 0.837778 0.962530 1.053547 0.986133 0.999595 1.014815 1.018054 1.018055 1.018055
0.858296 0.725835 0.870309 0.951770 0.908201 0.889221 0.908173 0.897104 0.897104 0.897104
0.843310 0.757098 0.870702 0.992764 0.837504 0.925930 0.946058 0.914800 0.914801 0.914801
0.871353 0.795548 0.905299 1.032175 0.808268 0.952675 0.990054 0.947768 0.947769 0.947769
0.915691 0.830958 0.955487 1.059176 0.845143 0.989281 1.023328 0.999827 0.999828 0.999828
0.925348 0.837829 0.955127 1.067722 0.852721 0.996298 1.025051 1.012404 1.012405 1.012405
0.881200 0.771268 0.879248 1.016136 0.812039 0.935085 0.984728 0.963910 0.963910 0.963910
0.875388 0.785385 0.891739 1.026986 0.822589 0.954155 0.990327 0.940122 0.940123 0.940123
0.916029 0.820290 0.936511 0.996534 0.863968 1.004204 1.019463 0.980899 0.980900 0.980900
0.884824 0.813941 0.926723 0.915100 0.830244 0.977319 1.019268 0.968759 0.968760 0.968760
0.925605 0.843758 0.983744 0.973283 0.880617 1.032166 1.082410 1.031234 1.031235 1.031235
0.870318 0.811318 0.943817 0.919230 0.846713 0.997295 1.044508 1.000019 1.000019 1.000019
0.900178 0.836815 0.977875 0.950026 0.879680 1.034707 1.082761 1.026377 1.026378 1.026378
0.900749 0.812713 0.982616 0.955808 0.881779 1.025446 1.086370 1.028960 1.028961 1.028961
0.864726 0.759562 0.941367 0.923634 0.837258 0.981473 1.008871 0.971733 0.971733 0.971733
0.895654 0.773730 0.969894 0.946487 0.859955 1.015057 1.041708 1.001470 1.001470 1.001470
0.892737 0.757608 0.961975 0.927748 0.846345 0.985254 1.014273 0.986114 0.986114 0.986114
0.909695 0.773068 0.897123 0.951877 0.863489 1.010022 1.038916 0.990315 0.990316 0.990316
0.914557 0.761492 0.883502 0.953666 0.807191 0.989299 0.979493 0.985821 0.985822 0.985822
0.962914 0.800525 0.931948 0.997260 0.816037 1.043507 1.031132 1.038894 1.038895 1.038895
0.956139 0.789332 0.920751 0.984651 0.803650 1.032389 1.018441 1.021354 1.021355 1.021355
0.939857 0.733543 0.889104 0.984948 0.803581 1.020521 1.000128 1.007572 1.007573 1.007573
0.983011 0.768953 0.930404 1.031285 0.839771 1.068546 1.049428 1.056013 1.056015 1.056015
0.963731 0.734274 0.911527 1.008737 0.818422 1.047682 1.030239 1.020078 1.020079 1.020079
0.946851 0.720693 0.887414 0.989349 0.802103 1.027512 1.006238 0.972223 0.972225 0.972225
0.999383 0.760841 0.936520 1.048549 0.851121 1.085639 1.067745 1.033128 1.033130 1.033130
0.881226 0.722178 0.888930 0.973095 0.799994 1.030472 0.955550 0.949551 0.949553 0.949553
0.940089 0.771327 0.949499 1.038659 0.844186 1.093279 1.015667 1.015192 1.015194 1.015194
0.948091 0.777138 0.958754 1.044317 0.848782 1.101070 1.023440 1.023481 1.023483 1.023483
0.934806 0.758079 0.936370 1.027236 0.815230 1.074515 1.006841 0.999354 0.999356 0.999356
0.899882 0.701844 0.785994 0.972296 0.754757 0.994808 0.957960 0.931081 0.931083 0.931083
0.956277 0.746221 0.825184 1.019253 0.793612 0.989411 1.002917 1.001137 1.001139 1.001139
0.935648 0.738214 0.828312 1.044455 0.802977 1.011259 0.996375 1.033205 1.033207 1.033207
0.912817 0.742640 0.837493 1.050601 0.795595 1.013998 0.982326 1.044319 1.044321 1.044321
0.938198 0.748728 0.851077 1.076603 0.820870 1.030214 1.003774 1.067884 1.067886 1.067886
0.949171 0.757484 0.861030 1.089194 0.830470 1.042262 1.015513 1.047498 1.047500 1.047500
0.939133 0.746364 0.848346 1.065356 0.785326 0.974528 0.961923 1.027707 1.027709 1.027709
0.977550 0.775373 0.882304 1.094332 0.807244 1.014624 1.003223 1.073029 1.073032 1.073032
0.932257 0.748698 0.851285 1.051314 0.767812 0.975355 0.964673 1.037214 1.037216 1.037216
0.975096 0.780601 0.891155 1.101404 0.801218 1.014255 1.010910 1.083222 1.083225 1.083225
0.960263 0.766863 0.868153 1.079307 0.737178 0.998825 0.991459 1.068034 1.068036 1.068036
0.938906 0.775553 0.862012 1.095591 0.745202 0.964750 1.005106 1.082293 1.082295 1.082295
0.924069 0.763100 0.845829 1.078919 0.747491 0.962895 0.971548 1.081777 1.081779 1.081779
0.949649 0.760288 0.866370 1.104008 0.764032 0.986620 0.997372 1.109640 1.109643 1.109643
0.950263 0.763832 0.870275 1.105523 0.764546 0.986923 1.000350 1.117046 1.117049 1.117049
0.924829 0.745720 0.844388 1.075679 0.746440 0.958465 0.855770 1.094032 1.094035 1.094035
0.936959 0.747877 0.843689 1.072632 0.724526 0.965694 0.856850 1.090668 1.090671 1.090671
0.894120 0.744810 0.812965 1.069725 0.730760 0.964781 0.865618 1.103239 1.103242 1.103242
0.847358 0.699156 0.771484 1.014604 0.240322 0.917578 0.822145 1.047465 1.047468 1.047468
0.969609 0.799288 0.888888 1.162103 0.276281 1.052903 0.932373 1.201297 1.201300 1.201300
0.956189 0.790865 0.873686 1.147541 0.273648 1.043530 0.922058 1.180083 1.180086 1.180086
0.965783 0.786011 0.886100 1.159036 0.278135 1.062053 0.931393 1.191775 1.191778 1.191778
0.923813 0.773314 0.823523 1.136413 0.274415 0.987374 0.908616 1.174896 1.174899 1.174899
0.923602 0.734038 0.813488 1.046171 0.262930 0.986689 0.911774 1.177182 1.177186 1.177186
0.945617 0.735342 0.818676 1.057446 0.265306 0.868882 0.878014 1.182198 1.182201 1.182201
1.023572 0.795963 0.887669 1.144621 0.287177 0.940512 0.952008 1.265265 1.265268 1.265268
1.003859 0.779545 0.872428 1.125603 0.274314 0.923490 0.931231 1.247045 1.247048 1.247048
0.908209 0.729276 0.821633 1.041715 0.260318 0.857949 0.876690 1.165654 1.165657 1.165657
0.970375 0.758725 0.872136 1.116893 0.274273 0.919558 0.925337 1.231722 1.231726 1.231726
0.959774 0.756322 0.851949 1.107288 0.269655 0.908191 0.907903 1.213950 1.213953 1.213953
0.967652 0.758667 0.836349 1.088670 0.268165 0.875499 0.898119 1.220013 1.220017 1.220017
0.922677 0.698152 0.805872 0.999564 0.246775 0.834808 0.814424 1.163022 1.163025 1.163025
0.968491 0.732817 0.845886 1.030277 0.259028 0.818458 0.854862 1.144529 1.144532 1.144532
1.046819 0.784150 0.916174 1.115299 0.276359 0.877167 0.921905 1.235850 1.235854 1.235854
1.020671 0.772258 0.887335 0.972334 0.270173 0.864396 0.908746 1.214658 1.214662 1.214662
1.016190 0.747519 0.857075 0.953454 0.267582 0.836664 0.901560 1.210003 1.210007 1.210007
1.011745 0.735480 0.847210 0.945038 0.264824 0.847075 0.886771 1.211207 1.211212 1.211212
1.016170 0.748250 0.870405 0.945671 0.261193 0.875013 0.894571 1.223129 1.223133 1.223133
0.923679 0.696735 0.842167 0.901359 0.235831 0.798376 0.861822 1.189496 1.189500 1.189500
1.016946 0.773391 0.933862 0.994877 0.261352 0.884338 0.953072 1.309853 1.309857 1.309857
0.947367 0.669281 0.879312 0.952975 0.250811 0.813988 0.900965 1.260540 1.260544 1.260544
0.997912 0.711341 0.934545 1.014124 0.263011 0.867127 0.958146 1.342154 1.342159 1.342159
0.921902 0.670552 0.880211 0.918760 0.230611 0.792274 0.865118 1.273651 1.273656 1.273656
0.996612 0.723103 0.951759 0.992080 0.249034 0.857503 0.933045 1.370578 1.370584 1.370584
0.957803 0.694945 0.914696 0.537137 0.239337 0.824111 0.896711 1.302788 1.302793 1.302793
1.054689 0.765241 1.007222 0.591471 0.263547 0.907473 0.987418 1.406271 1.406276 1.406276
1.051582 0.763023 1.005255 0.592291 0.262918 0.890897 0.986421 1.409196 1.409202 1.409202
0.968506 0.701157 0.952525 0.532245 0.235315 0.800707 0.916223 1.310388 1.310393 1.310393
0.926354 0.746012 1.013791 0.558295 0.250908 0.849486 0.974640 1.381555 1.381560 1.381560
0.941952 0.723699 0.984701 0.567703 0.246287 0.854966 0.991063 1.404696 1.404701 1.404701
0.945782 0.733734 0.999291 0.562000 0.251334 0.866267 0.990500 1.427457 1.427461 1.427461
0.951669 0.738302 0.964346 0.565498 0.252866 0.871547 0.996666 1.415181 1.415186 1.415186
0.973371 0.753287 0.977464 0.575838 0.258506 0.892837 1.009906 1.452095 1.452100 1.452100
0.974951 0.754104 0.977049 0.577071 0.258656 0.891469 0.991457 1.455957 1.455962 1.455962
0.979463 0.754631 0.955805 0.577475 0.258837 0.872943 0.996045 1.461734 1.461739 1.461739
0.964740 0.745759 0.939065 0.567875 0.240544 0.860506 0.943789 1.434020 1.434026 1.434026
0.962998 0.751609 0.944774 0.559363 0.241267 0.865738 0.946700 1.416057 1.416063 1.416063
0.953713 0.735233 0.945463 0.562268 0.241212 0.865690 0.951012 1.430641 1.430647 1.430647
0.990428 0.763537 0.981861 0.583914 0.250498 0.874223 0.987624 1.474807 1.474812 1.474812
