0.970840 0.971986 0.972060 0.971368 0.960324 0.965519 0.967306 0.972961 0.972961 0.972961
0.904517 0.896987 0.906872 0.905744 0.310480 0.902761 0.903199 0.908162 0.908162 0.908162
0.933881 0.957632 0.974666 0.956602 0.336241 0.957115 0.970362 0.968752 0.968753 0.968753
0.998102 0.996600 1.034885 1.025944 0.354373 1.026152 1.024513 1.023967 1.023967 1.023967
0.985224 0.984259 1.009219 0.999008 0.346117 0.948006 0.996316 1.022713 1.022713 1.022713
0.961775 0.892558 0.995780 1.002765 0.348066 0.914384 0.986954 1.031349 1.031349 1.031349
0.998120 0.916940 1.019187 1.024277 0.346076 0.943717 1.012267 1.053218 1.053218 1.053218
0.989171 0.930891 0.995355 1.041446 0.352243 0.935513 1.028667 1.066891 1.066891 1.066891
1.010307 0.950782 0.975003 1.063700 0.359724 0.955379 1.050648 1.073634 1.073634 1.073634
1.019755 0.958788 0.990920 1.074682 0.364787 0.967016 1.051020 1.086124 1.086124 1.086124
0.967862 0.875191 0.820095 1.002909 0.332981 0.882701 0.985941 0.997702 0.997702 0.997702
1.058402 0.965685 0.904867 1.107987 0.362502 0.976207 1.088524 1.102834 1.102834 1.102834
1.019293 0.929075 0.863503 1.065194 0.348245 0.938474 1.042133 1.030304 1.030305 1.030305
1.039593 0.947579 0.880701 0.612043 0.355181 0.957164 1.062888 1.039321 1.039321 1.039321
1.118416 0.992924 0.946823 0.656937 0.379847 1.029829 1.145027 1.101681 1.101682 1.101682
1.138247 1.011495 0.962592 0.668947 0.386289 1.045543 1.162195 1.121381 1.121382 1.121382
1.102094 0.925915 0.915576 0.659118 0.380467 1.018033 1.124190 1.089668 1.089669 1.089669
1.151827 0.967176 0.954935 0.689218 0.397222 1.060620 1.151587 1.140018 1.140019 1.140019
1.125701 0.954465 0.943269 0.664118 0.394563 1.046012 1.120272 1.127628 1.127629 1.127629
1.093379 0.936390 0.910077 0.576771 0.384253 1.026833 1.100052 1.104046 1.104047 1.104047
1.145465 0.980721 0.948901 0.601227 0.396413 1.073328 1.149701 1.160079 1.160081 1.160081
1.101694 0.975633 0.926799 0.600329 0.394182 1.019777 1.146488 1.156365 1.156367 1.156367
0.988659 0.973931 0.925483 0.590817 0.394341 1.015076 1.144258 1.143864 1.143865 1.143865
0.954895 0.951094 0.917048 0.597642 0.393865 1.024153 1.122179 1.165327 1.165329 1.165329
0.990207 0.956162 0.947817 0.617072 0.406224 1.058881 1.162429 1.206157 1.206159 1.206159
0.995794 0.961762 0.953034 0.623114 0.410695 1.065955 1.175240 1.221196 1.221198 1.221198
0.965599 0.935722 0.921078 0.605022 0.399983 1.038809 1.142813 1.179581 1.179582 1.179582
0.975319 0.943824 0.932333 0.612760 0.393492 1.050508 1.151298 1.197358 1.197360 1.197360
1.001210 0.968879 0.957083 0.629027 0.403938 1.078395 1.181862 1.212249 1.212251 1.212251
0.946575 0.869683 0.894034 0.547602 0.365996 1.019074 1.121509 1.148590 1.148592 1.148592
0.985754 0.895613 0.915076 0.571540 0.365285 1.062473 1.171130 1.192711 1.192713 1.192713
0.984702 0.903305 0.921321 0.563389 0.366654 1.069723 1.175610 1.178642 1.178644 1.178644
0.954558 0.900648 0.867755 0.559811 0.366608 1.007860 1.162261 1.177552 1.177554 1.177554
0.984452 0.913983 0.898631 0.577333 0.380471 1.047364 1.198768 1.214279 1.214281 1.214281
0.949447 0.857008 0.840813 0.548400 0.365026 0.982027 1.152059 1.171759 1.171761 1.171761
1.009842 0.910339 0.893601 0.581871 0.387971 1.037637 1.190409 1.245757 1.245759 1.245759
1.021997 0.921296 0.905890 0.588875 0.392641 1.050126 1.206779 1.246572 1.246574 1.246574
1.001395 0.893099 0.879226 0.575633 0.374769 1.018413 1.179807 1.209599 1.209602 1.209602
1.014261 0.894477 0.887203 0.583575 0.381415 1.031749 1.205328 1.233968 1.233970 1.233970
0.909751 0.863648 0.856625 0.550909 0.364678 0.996190 1.097257 1.153680 1.153682 1.153682
0.913143 0.890494 0.880840 0.525685 0.364156 1.007454 1.139972 1.183983 1.183985 1.183985
0.906376 0.895328 0.894339 0.519865 0.354950 1.028472 1.136507 1.181609 1.181611 1.181611
0.961267 0.945836 0.923603 0.549192 0.374974 1.063170 1.205334 1.252344 1.252346 1.252346
0.955120 0.937669 0.907777 0.544343 0.371994 1.052762 1.187124 1.246838 1.246841 1.246841
0.888236 0.870038 0.868542 0.493924 0.336183 0.955405 1.113386 1.170711 1.170714 1.170714
0.966781 0.944635 0.945561 0.536986 0.365521 1.041132 1.209013 1.268416 1.268418 1.268418
0.929563 0.897131 0.918681 0.524049 0.354791 1.010742 1.179135 1.244143 1.244145 1.244145
0.955037 0.919457 0.935365 0.536031 0.364335 1.040089 1.200173 1.282337 1.282340 1.282340
0.943038 0.919187 0.929087 0.529879 0.361835 1.032942 1.188479 1.277953 1.277955 1.277955
0.870079 0.885062 0.865566 0.510920 0.352846 0.997745 1.160828 1.249817 1.249819 1.249819
0.885519 0.885885 0.876280 0.514452 0.356106 1.013932 1.177756 1.265653 1.265655 1.265655
0.913454 0.913832 0.903923 0.530681 0.367340 1.045918 1.214910 1.265852 1.265855 1.265855
0.920690 0.918503 0.912648 0.534468 0.371906 1.057468 1.227274 1.266071 1.266073 1.266073
0.812490 0.860497 0.820075 0.500714 0.308029 0.988985 1.148272 1.159567 1.159569 1.159569
0.848999 0.898388 0.844285 0.527533 0.320730 1.025305 1.199001 1.177921 1.177923 1.177923
0.900869 0.957100 0.899323 0.560169 0.340334 1.087578 1.275230 1.257416 1.257419 1.257419
0.831169 0.901046 0.845935 0.506833 0.298021 0.992402 1.149919 1.191686 1.191689 1.191689
0.881606 0.949927 0.901156 0.524941 0.314523 1.040144 1.199647 1.268865 1.268868 1.268868
0.817293 0.849888 0.844212 0.468594 0.281400 0.964266 1.057651 1.176011 1.176014 1.176014
0.856728 0.861207 0.855455 0.490892 0.294978 0.996218 1.118430 1.232507 1.232510 1.232510
0.900620 0.908338 0.897015 0.515207 0.292572 1.048090 1.131048 1.290484 1.290488 1.290488
0.920208 0.926274 0.915751 0.519480 0.295203 1.071129 1.157900 1.322597 1.322601 1.322601
0.876567 0.893385 0.882544 0.498488 0.280461 1.028494 1.112131 1.276988 1.276991 1.276991
0.904293 0.913311 0.923897 0.522854 0.293366 1.071200 1.164702 1.340552 1.340555 1.340555
0.881591 0.886689 0.896920 0.503901 0.273345 0.986877 1.087038 1.295911 1.295915 1.295915
0.902550 0.866035 0.877126 0.515887 0.270141 1.000018 1.112893 1.326604 1.326607 1.326607
0.925775 0.888363 0.900592 0.531461 0.277249 1.009990 1.143748 1.367601 1.367605 1.367605
0.919967 0.890046 0.901370 0.529459 0.277323 1.009759 1.141638 1.359280 1.359283 1.359283
0.894123 0.860661 0.853006 0.501815 0.265860 0.938364 1.088675 1.316885 1.316889 1.316889
0.940293 0.902211 0.897810 0.528582 0.278935 0.981093 1.147057 1.382774 1.382778 1.382778
0.872821 0.887785 0.894002 0.526917 0.276622 0.972599 1.137542 1.378784 1.378788 1.378788
0.879420 0.893630 0.901864 0.529288 0.277865 0.978606 1.145167 1.388730 1.388734 1.388734
0.853147 0.866709 0.872280 0.513781 0.274733 0.962759 1.091105 1.368221 1.368225 1.368225
0.854902 0.866845 0.877232 0.477407 0.276318 0.970296 1.075580 1.367036 1.367040 1.367040
0.852676 0.849339 0.870640 0.468262 0.272123 0.942425 1.047940 1.346957 1.346961 1.346961
0.889697 0.860145 0.912266 0.491254 0.284435 0.973923 1.096387 1.408081 1.408085 1.408085
0.842047 0.832506 0.880987 0.467018 0.275280 0.947199 1.064942 1.374424 1.374427 1.374427
0.818922 0.823381 0.862168 0.457025 0.250059 0.917291 1.048979 1.340282 1.340285 1.340285
0.879675 0.884464 0.926128 0.490930 0.268610 0.985341 1.126798 1.411310 1.411313 1.411313
0.856237 0.862091 0.825010 0.481138 0.261777 0.964870 1.102481 1.353843 1.353847 1.353847
0.876414 0.880268 0.835362 0.490051 0.250337 0.987606 1.123843 1.387421 1.387425 1.387425
0.840553 0.870554 0.830322 0.484589 0.243837 0.973516 1.089239 1.378604 1.378608 1.378608
0.847000 0.879982 0.834129 0.488191 0.246485 0.978897 0.964781 1.397974 1.397978 1.397978
0.882000 0.918410 0.869042 0.508913 0.256455 1.020462 1.007893 1.458752 1.458756 1.458756
0.845012 0.862111 0.815597 0.485891 0.228460 0.952518 0.905555 1.383838 1.383842 1.383842
0.837444 0.844322 0.802498 0.479385 0.225064 0.959932 0.886601 1.378840 1.378844 1.378844
0.889328 0.879526 0.842610 0.507572 0.239930 1.007687 0.936060 1.456800 1.456804 1.456804
0.908788 0.859413 0.862240 0.519829 0.245179 1.032020 0.954269 1.492027 1.492031 1.492031
0.891432 0.834557 0.847509 0.510678 0.237390 1.003746 0.933923 1.462062 1.462066 1.462066
0.857613 0.802895 0.815356 0.482446 0.228384 0.901969 0.898492 1.318750 1.318753 1.318753
0.904361 0.853301 0.849177 0.509939 0.239394 0.949752 0.939885 1.385707 1.385711 1.385711
0.810406 0.783301 0.809992 0.479162 0.213087 0.854298 0.892654 1.328520 1.328524 1.328524
0.910222 0.879779 0.909757 0.538180 0.239332 0.933058 1.002601 1.481193 1.481198 1.481198
0.890730 0.740763 0.885156 0.526762 0.233820 0.909565 0.980318 1.450672 1.450676 1.450676
0.881699 0.717454 0.861242 0.514770 0.228103 0.774387 0.912693 1.408509 1.408513 1.408513
0.904928 0.716868 0.882102 0.531817 0.231553 0.792396 0.906153 1.422089 1.422093 1.422093
0.944576 0.743042 0.916134 0.551982 0.239716 0.824100 0.940833 1.469675 1.469679 1.469679
0.904291 0.729182 0.895428 0.537629 0.234017 0.810387 0.911844 1.381384 1.381388 1.381388
0.883838 0.682413 0.874565 0.524642 0.232807 0.778719 0.881464 1.314887 1.314891 1.314891
0.974701 0.751413 0.966270 0.574642 0.246520 0.860341 0.971942 1.451388 1.451394 1.451394
