0.986710 0.985945 0.985402 0.989187 0.986048 0.989187 0.987242 0.987242 0.987242 0.987242
0.982007 0.977301 0.982012 0.976901 0.978772 0.984079 0.984778 0.984778 0.984778 0.984778
0.993904 0.989303 0.993780 0.988896 0.990792 0.996001 0.996855 0.996855 0.996855 0.996855
0.986516 0.985465 0.987243 0.984551 0.983927 0.991680 0.990540 0.990540 0.990540 0.990540
0.976326 0.973840 0.977855 0.977036 0.977740 0.982259 0.978584 0.978584 0.978584 0.978584
0.962094 0.957263 0.962462 0.964227 0.962090 0.965263 0.955061 0.955061 0.955062 0.955062
0.974999 0.983268 0.975296 0.987986 0.985796 0.993478 0.983235 0.983235 0.983235 0.983235
0.979541 0.989065 0.982067 0.994834 0.991608 1.000376 0.987614 0.987614 0.987614 0.987614
0.975728 0.985786 0.977231 0.961117 0.987158 0.997059 0.980454 0.980454 0.980454 0.980454
0.990575 1.000786 0.992841 0.975742 0.984238 1.012986 0.996115 0.996115 0.996115 0.996115
0.992796 1.002722 0.994635 0.976142 0.985936 1.014919 0.998687 0.998687 0.998687 0.998687
0.986848 0.997959 0.989856 0.971216 0.980192 1.008825 0.991328 0.991328 0.991327 0.991327
0.985058 0.997553 0.991092 0.974005 0.978785 1.008970 0.993418 0.993418 0.993418 0.993418
0.981808 0.994263 0.987823 0.970792 0.975557 1.005641 0.983945 0.983945 0.983944 0.983944
0.983671 1.001416 0.995543 0.973870 0.977408 1.013501 0.990640 0.990640 0.990640 0.990640
0.968899 0.980789 0.980381 0.962346 0.965366 0.991605 0.977619 0.977619 0.977619 0.977619
0.977582 0.986875 0.985081 0.969257 0.970384 0.997017 0.984632 0.984632 0.984631 0.984631
0.977089 0.986713 0.985206 0.966313 0.970082 0.991622 0.979957 0.979957 0.979957 0.979957
0.989358 0.999707 0.997511 0.976948 0.975679 1.001708 0.992367 0.992367 0.992367 0.992367
0.983992 0.995850 0.992466 0.971935 0.971015 0.983105 0.987791 0.987791 0.987792 0.987792
0.973841 0.985577 0.976464 0.952207 0.961986 0.967254 0.972771 0.972771 0.972771 0.972771
0.983859 0.996077 0.986867 0.962352 0.972235 0.977560 0.974070 0.974070 0.974070 0.974070
1.004987 1.018071 1.008518 0.983604 0.993413 0.998866 0.995758 0.995758 0.995758 0.995758
0.984669 0.966411 0.992092 0.965507 0.977112 0.980286 0.974198 0.974198 0.974198 0.974198
1.000340 0.981108 1.007492 0.981149 0.991373 0.996020 0.987050 0.987050 0.987050 0.987050
0.987931 0.969829 0.992946 0.968911 0.968312 0.971212 0.974287 0.974287 0.974288 0.974288
0.997849 0.980343 1.003270 0.978952 0.978709 0.981310 0.979993 0.979993 0.979993 0.979993
1.000277 0.982910 1.006058 0.981335 0.981429 0.984242 0.976866 0.976866 0.976866 0.976866
0.999497 0.979326 0.998870 0.980190 0.977348 0.979547 0.972471 0.972471 0.972472 0.972472
1.010033 0.989058 1.009536 0.990200 0.988079 0.990511 0.980880 0.980880 0.980880 0.980880
1.008104 0.988715 1.008496 0.987939 0.987620 0.986774 0.980214 0.980214 0.980214 0.980214
0.976349 0.956051 0.971690 0.951569 0.953810 0.954602 0.930295 0.930295 0.930295 0.930295
0.969501 0.936811 0.980837 0.944894 0.962583 0.963064 0.949014 0.949014 0.949015 0.949015
0.946320 0.932592 0.975924 0.936911 0.958248 0.955327 0.927894 0.927894 0.927894 0.927894
0.968210 0.967781 1.012748 0.969411 0.992366 0.991374 0.951069 0.951069 0.951070 0.951070
0.982160 0.980559 1.026813 0.984616 1.005193 1.004864 0.959380 0.959380 0.959380 0.959380
0.931767 0.936784 0.963739 0.939864 0.966028 0.876124 0.928935 0.928935 0.928935 0.928935
0.992187 0.997818 1.026008 1.000956 1.029042 0.932728 0.987277 0.987277 0.987278 0.987278
0.982252 0.987924 1.014391 0.993288 1.017967 0.925556 0.976879 0.976879 0.976879 0.976879
0.976166 0.982583 1.009134 0.988247 1.011920 0.920801 0.962700 0.962700 0.962700 0.962700
0.979631 0.984931 1.010909 0.991355 1.010455 0.919313 0.957953 0.957953 0.957953 0.957953
1.000194 1.005605 1.032148 1.012163 1.031665 0.938628 0.974921 0.974921 0.974921 0.974921
0.961401 0.954720 0.993507 0.973297 0.993504 0.903840 0.918016 0.918016 0.918016 0.918016
1.003337 0.994198 1.032466 0.999354 1.021266 0.939284 0.957670 0.957670 0.957670 0.957670
0.971052 0.954430 0.999244 0.967197 0.980415 0.906585 0.911060 0.911060 0.911059 0.911059
1.027065 1.009592 1.057219 1.022988 1.037297 0.959199 0.962891 0.962891 0.962890 0.962890
1.021471 1.004093 1.049628 1.017417 1.031648 0.953975 0.953305 0.953305 0.953304 0.953304
1.014739 0.994619 1.040908 1.008336 1.022951 0.947492 0.948654 0.948654 0.948653 0.948653
1.023783 1.003564 1.052828 1.013814 1.033267 0.952640 0.959028 0.959028 0.959027 0.959027
0.999720 0.980780 1.028926 0.990797 1.008981 0.931012 0.922217 0.922217 0.922216 0.922216
1.033783 1.014877 1.064805 1.025162 1.044059 0.959508 0.953820 0.953820 0.953818 0.953818
1.030378 1.007892 1.062699 1.022610 1.041994 0.957187 0.949988 0.949988 0.949987 0.949987
1.011304 0.994086 1.045814 1.003433 1.026964 0.943199 0.936406 0.936406 0.936404 0.936404
0.997987 0.980278 1.033591 0.991704 1.014302 0.930448 0.914746 0.914746 0.914744 0.914744
1.024550 1.009925 1.065157 1.022017 1.045734 0.958971 0.939393 0.939393 0.939392 0.939392
1.025112 1.010933 1.066358 1.023591 1.029502 0.959693 0.941265 0.941265 0.941263 0.941263
0.975003 0.960591 1.047967 1.007530 1.013853 0.945328 0.927582 0.927582 0.927580 0.927580
0.986471 0.971889 1.058910 1.020657 1.025777 0.953580 0.941666 0.941666 0.941664 0.941664
0.995969 0.983666 1.072274 1.033368 1.038005 0.960463 0.953300 0.953300 0.953298 0.953298
0.991803 0.981937 1.070708 1.031323 1.035844 0.958857 0.950512 0.950512 0.950510 0.950510
