0.987959 0.989175 0.990205 0.990194 0.989175 0.990205 0.987758 0.987758 0.987758 0.987758
0.962863 0.961657 0.963912 0.966478 0.962650 0.962383 0.953426 0.953426 0.953426 0.953426
0.982362 0.950563 0.987376 0.987880 0.985961 0.983491 0.971309 0.971309 0.971309 0.971309
0.991549 0.960214 0.996964 0.997439 0.995870 0.993041 0.976332 0.976332 0.976332 0.976332
0.998689 0.967207 1.006670 1.001156 1.004206 0.996742 0.985334 0.985334 0.985334 0.985334
0.984917 0.952455 0.993611 0.990040 0.994402 0.983820 0.970036 0.970036 0.970036 0.970036
0.995257 0.963961 1.004927 1.000058 1.006296 0.992293 0.981428 0.981428 0.981428 0.981428
0.945530 0.914915 0.986470 0.983245 0.989871 0.976326 0.966059 0.966059 0.966060 0.966060
0.967847 0.936930 1.010337 1.007449 0.996959 0.999574 0.990287 0.990287 0.990288 0.990288
0.971749 0.941276 1.014344 1.009961 0.994269 1.001240 0.994384 0.994384 0.994385 0.994385
0.935057 0.894600 0.977411 0.972217 0.958515 0.965161 0.937343 0.937343 0.937343 0.937343
0.931499 0.879430 0.989801 0.968518 0.970458 0.976863 0.959294 0.959294 0.959295 0.959295
0.971775 0.917553 1.032925 1.010394 1.012740 1.019440 1.000023 1.000023 1.000023 1.000023
0.958189 0.902134 1.016724 0.993928 0.996733 1.004982 0.987742 0.987742 0.987742 0.987742
0.971019 0.914213 1.031107 1.007236 0.991997 1.019198 1.001715 1.001715 1.001714 1.001714
0.935537 0.879409 0.988304 0.965106 0.953050 0.980837 0.945752 0.945752 0.945752 0.945752
0.978860 0.916820 1.035436 1.010613 0.998501 1.027159 0.988831 0.988831 0.988830 0.988830
0.950483 0.902947 1.019768 0.992400 0.981374 1.011616 0.961896 0.961896 0.961895 0.961895
0.973300 0.924774 1.044113 1.016387 1.005097 1.035900 0.985132 0.985132 0.985131 0.985131
0.965025 0.919145 1.038067 1.009977 0.998655 1.029683 0.977991 0.977991 0.977990 0.977990
0.964124 0.921530 1.041061 1.012915 1.001971 1.032768 0.977389 0.977389 0.977388 0.977388
0.953403 0.911283 1.028142 1.002907 0.990829 1.018223 0.969790 0.969790 0.969789 0.969789
0.964920 0.923443 1.041804 1.015987 1.002965 1.030510 0.980145 0.980145 0.980144 0.980144
0.962022 0.925536 1.044810 1.014223 0.999952 1.033483 0.981987 0.981987 0.981986 0.981986
0.964421 0.927845 1.047436 1.016753 1.002447 1.036081 0.981277 0.981277 0.981276 0.981276
0.957605 0.921821 1.038957 0.979162 0.994768 1.029355 0.971057 0.971057 0.971056 0.971056
0.960578 0.922030 1.035544 0.981821 0.994482 1.028427 0.970446 0.970446 0.970445 0.970445
0.970694 0.931184 1.046591 0.991839 1.005392 1.039928 0.978828 0.978828 0.978827 0.978827
0.978952 0.939663 1.055974 1.000873 1.014250 1.049104 0.987919 0.987919 0.987919 0.987919
0.971168 0.932191 1.045751 0.992914 1.006185 1.040762 0.975620 0.975620 0.975619 0.975619
0.958159 0.914494 1.031520 0.982781 0.995426 1.019954 0.964382 0.964382 0.964381 0.964381
0.975358 0.931177 1.049807 1.000568 1.013660 1.038030 0.979812 0.979812 0.979812 0.979812
0.959623 0.916883 1.033925 0.985537 0.997565 1.022373 0.955937 0.955937 0.955936 0.955936
0.971210 0.929415 1.046794 0.997730 1.010262 1.021039 0.968270 0.968270 0.968269 0.968269
0.958734 0.929927 1.033268 0.995826 1.008334 1.023656 0.971005 0.971005 0.971004 0.971004
0.949467 0.925455 1.026015 0.985958 1.002746 1.017788 0.965748 0.965748 0.965747 0.965747
0.953097 0.929331 1.030312 0.990088 1.006946 1.022051 0.960851 0.960851 0.960851 0.960851
0.962919 0.938908 1.040930 1.000290 1.017322 1.032583 0.964678 0.964678 0.964677 0.964677
0.969409 0.944578 1.047541 1.007315 1.022849 1.039682 0.968577 0.968577 0.968576 0.968576
0.956556 0.930977 1.031807 0.993558 1.004260 1.020615 0.947658 0.947658 0.947657 0.947657
0.969943 0.941952 1.041830 0.991198 1.003017 1.030529 0.960530 0.960530 0.960529 0.960529
0.920899 0.912105 1.008305 0.955987 0.971235 0.994336 0.913508 0.913508 0.913507 0.913507
0.911526 0.909165 0.987397 0.952099 0.973861 0.904531 0.922867 0.922867 0.922866 0.922866
0.928645 0.918752 1.005941 0.969979 0.984130 0.919009 0.924177 0.924177 0.924176 0.924176
0.950271 0.939461 1.030912 0.994057 1.007906 0.940078 0.936152 0.936152 0.936151 0.936151
0.972132 0.961169 1.053234 1.019343 1.030313 0.963962 0.957186 0.957186 0.957185 0.957185
0.984825 0.974370 1.067808 1.033263 1.044465 0.973276 0.969867 0.969867 0.969865 0.969865
0.975565 0.965386 1.058132 1.023548 1.035000 0.964658 0.955357 0.955357 0.955355 0.955355
0.977798 0.971060 1.061467 1.029032 1.037896 0.969881 0.958603 0.958603 0.958601 0.958601
0.971624 0.965258 1.055432 1.019944 1.031542 0.959026 0.948507 0.948507 0.948506 0.948506
0.970261 0.964791 1.051781 1.018443 1.018772 0.945557 0.946673 0.946673 0.946671 0.946671
0.982793 0.978630 1.068635 1.036438 1.032322 0.959648 0.962668 0.962668 0.962667 0.962667
0.966819 0.962724 1.045097 1.009309 1.016587 0.938511 0.942342 0.942342 0.942341 0.942341
0.978422 0.970362 1.059049 1.013567 1.026087 0.949395 0.955826 0.955826 0.955825 0.955825
0.964784 0.957620 1.045143 1.000258 1.011784 0.936929 0.928142 0.928142 0.928140 0.928140
0.988651 0.980549 1.069578 1.027576 1.036119 0.962517 0.951615 0.951615 0.951614 0.951614
0.986066 0.976823 1.066234 1.026178 1.031899 0.959242 0.943822 0.943822 0.943820 0.943820
0.991730 0.984857 1.075537 1.034961 1.040183 0.962448 0.951807 0.951807 0.951806 0.951806
0.998464 0.991240 1.082370 1.040084 1.046706 0.968660 0.958595 0.958595 0.958593 0.958593
0.987002 0.977183 1.065525 1.026330 1.030829 0.954215 0.945910 0.945910 0.945908 0.945908
