0.946776 0.909072 0.927426 0.937593 0.932579 0.939314 0.938519 0.941825 0.941825 0.941825
0.944286 0.909270 0.935529 0.863684 0.935535 0.928258 0.863701 0.939556 0.939556 0.939556
0.977174 0.957625 0.974646 0.909145 0.950953 0.972584 0.885052 0.988848 0.988848 0.988848
0.981037 0.943938 0.989175 0.918055 0.957581 0.979652 0.893657 1.004544 1.004544 1.004544
0.966081 0.931039 0.953009 0.897078 0.930898 0.961434 0.866801 0.997341 0.997341 0.997341
0.976722 0.934203 0.963935 0.908436 0.937245 0.898667 0.879971 1.012240 1.012240 1.012240
1.003114 0.949646 0.983489 0.916440 0.950023 0.917986 0.897343 1.036768 1.036768 1.036768
0.996990 0.941934 0.977420 0.906643 0.949234 0.907680 0.897246 1.038271 1.038271 1.038271
0.976238 0.903964 0.935605 0.882919 0.933330 0.889631 0.882590 1.016521 1.016520 1.016520
0.931746 0.877975 0.924786 0.868574 0.906531 0.869109 0.659053 0.991581 0.991581 0.991581
1.018936 0.961840 1.017504 0.949460 0.995349 0.952034 0.722206 1.090663 1.090662 1.090662
1.010090 0.950140 1.003683 0.943035 0.987855 0.940782 0.716368 1.086231 1.086231 1.086231
0.798387 0.754184 0.294216 0.759208 0.289576 0.748823 0.573415 0.855102 0.855102 0.855102
1.134932 1.068295 0.421660 1.091787 0.414034 1.079057 0.808313 1.227842 1.227842 1.227842
1.110161 1.050979 0.411774 1.071552 0.404983 1.050625 0.786897 1.181205 1.181204 1.181204
1.123069 1.079357 0.423123 1.100470 0.413150 1.051578 0.807873 1.209254 1.209253 1.209253
1.076940 1.070004 0.419210 1.082560 0.410514 1.004743 0.796307 1.190987 1.190986 1.190986
1.091040 1.090744 0.423240 1.103138 0.416440 1.022588 0.805783 1.218617 1.218616 1.218616
1.104662 1.100314 0.427670 1.105117 0.412487 1.032921 0.807919 1.236634 1.236633 1.236633
1.052381 1.065879 0.406923 1.071885 0.396765 0.948380 0.775008 1.181745 1.181743 1.181743
1.103824 1.114060 0.427410 1.127153 0.420328 0.994597 0.816675 1.253054 1.253053 1.253053
1.085635 1.076487 0.407040 1.110716 0.405785 0.914157 0.801027 1.218780 1.218779 1.218779
1.111902 1.103335 0.411851 1.141341 0.415167 0.931907 0.818419 1.255083 1.255082 1.255082
0.972403 0.976840 0.368461 1.027028 0.372182 0.835366 0.156128 1.120894 1.120893 1.120893
1.150596 1.148823 0.408099 1.208167 0.439846 0.991639 0.183404 1.305324 1.305323 1.305323
0.244894 1.078929 0.371336 1.126204 0.414448 0.928229 0.171435 1.227628 1.227627 1.227627
0.281895 1.303133 0.452464 1.371618 0.504824 1.131045 0.208381 1.487311 1.487310 1.487310
0.257997 1.255562 0.395726 1.346026 0.491756 1.105035 0.204216 1.446235 1.446234 1.446234
0.267063 1.309231 0.411725 1.402627 0.509470 1.143646 0.212984 1.506831 1.506830 1.506830
0.260910 1.288315 0.397939 1.309053 0.497518 1.117426 0.209366 1.488893 1.488892 1.488892
0.246153 1.230935 0.359156 1.213542 0.463820 1.054556 0.183059 1.447887 1.447887 1.447887
0.255945 1.294447 0.373396 1.267808 0.480222 1.084409 0.190052 1.515122 1.515121 1.515121
0.250981 1.278365 0.368454 1.248751 0.470473 1.071260 0.150612 1.491786 1.491786 1.491786
0.249873 1.298596 0.368518 1.256184 0.474124 1.081722 0.153071 1.440219 1.440219 1.440219
0.220566 1.295659 0.352734 1.228182 0.409163 1.073292 0.151013 1.446414 1.446414 1.446414
0.233792 1.367451 0.373651 1.303454 0.431076 1.109971 0.157948 1.526799 1.526799 1.526799
0.237294 1.369622 0.377005 1.324107 0.436588 1.118056 0.157305 1.554675 1.554674 1.554674
0.241873 1.384973 0.384563 1.346411 0.444295 1.139923 0.159653 1.572895 1.572895 1.572895
0.232263 1.353916 0.370283 1.321560 0.431710 1.074695 0.155489 1.546482 1.546482 1.546482
0.208039 1.231092 0.335361 1.215392 0.396885 0.372528 0.140735 1.427527 1.427527 1.427527
0.234010 1.389385 0.363286 1.386211 0.448403 0.420922 0.152454 1.570086 1.570086 1.570086
0.251454 1.499121 0.392481 1.493963 0.481352 0.455528 0.164563 1.699010 1.699010 1.699010
0.242900 1.467060 0.384281 1.456517 0.472503 0.443455 0.159621 1.615316 1.615316 1.615316
0.251182 1.519353 0.399664 1.511897 0.489427 0.458666 0.163203 1.677308 1.677308 1.677308
0.231368 1.407733 0.332829 1.323131 0.444486 0.416928 0.150922 1.518022 1.518022 1.518022
0.253497 1.538953 0.364176 1.442526 0.487416 0.455557 0.163224 1.655412 1.655412 1.655412
0.252291 1.519867 0.364391 1.378141 0.486554 0.439986 0.163358 1.637635 1.637635 1.637635
0.247895 1.436849 0.346676 1.353617 0.471161 0.433843 0.163073 1.601813 1.601813 1.601813
0.247056 1.414822 0.333603 1.324322 0.451522 0.427351 0.163247 1.532950 1.532949 1.532949
0.253425 1.402772 0.338260 1.359409 0.465560 0.423167 0.166727 1.544952 1.544952 1.544952
0.260548 1.465883 0.338021 1.383187 0.482002 0.385001 0.172118 1.589194 1.589194 1.589194
0.235434 1.277548 0.305440 1.330860 0.464734 0.379241 0.165335 1.533749 1.533749 1.533749
0.212102 1.116351 0.267711 1.198968 0.418677 0.341657 0.148950 1.288720 1.288719 1.288719
0.251183 1.299159 0.289565 1.410731 0.452855 0.369547 0.176033 1.529981 1.529980 1.529980
0.280543 1.422201 0.321100 1.566277 0.504679 0.411271 0.196435 1.707480 1.707478 1.707478
0.275362 1.393207 0.312576 1.531897 0.483021 0.403773 0.192734 1.669344 1.669343 1.669343
0.272602 1.377182 0.306333 1.526610 0.478718 0.401139 0.192529 1.587906 1.587905 1.587905
0.275138 1.332584 0.291112 1.496232 0.487362 0.406963 0.194826 1.582468 1.582467 1.582467
0.226397 1.096767 0.238826 1.238830 0.131606 0.334749 0.099878 1.321429 1.321428 1.321428
0.290435 0.856298 0.308052 1.573809 0.167771 0.430804 0.128627 1.699295 1.699294 1.699294
