0.980313 0.980474 0.979021 0.977281 0.971804 0.983971 0.980322 0.982206 0.982206 0.982206
0.972057 0.980326 0.975818 0.971275 0.966234 0.981877 0.961314 0.978967 0.978967 0.978967
0.965800 0.939514 0.970037 0.962029 0.962671 0.966648 0.957217 0.977648 0.977648 0.977648
0.975202 0.950799 0.972969 0.970752 0.969611 0.972758 0.959634 0.984874 0.984875 0.984875
0.954520 0.933657 0.962931 0.957734 0.947956 0.944875 0.946171 0.972624 0.972625 0.972625
0.972431 0.949485 0.980421 0.977058 0.944747 0.964526 0.957179 0.981287 0.981287 0.981287
0.973833 0.954558 0.990821 0.981121 0.953954 0.970873 0.964060 0.986699 0.986700 0.986700
0.979256 0.952762 0.992930 0.981733 0.957072 0.961150 0.931621 0.982819 0.982819 0.982819
0.982254 0.952621 0.984485 0.984136 0.959296 0.955997 0.879282 0.984363 0.984363 0.984363
0.992079 0.957175 0.990535 0.990565 0.959331 0.965314 0.889246 0.992215 0.992215 0.992215
0.965625 0.934940 0.961873 0.971612 0.945828 0.958214 0.876876 0.977284 0.977285 0.977285
0.986180 0.958602 0.983531 0.994415 0.969171 0.981617 0.896984 1.002687 1.002688 1.002688
0.985474 0.929934 0.983445 0.992989 0.971526 0.980153 0.891112 1.004738 1.004738 1.004738
0.990479 0.938342 0.991522 1.001993 0.979648 0.989252 0.893049 1.009592 1.009592 1.009592
0.990684 0.932839 0.989191 0.988544 0.978444 0.987093 0.888219 1.007038 1.007038 1.007038
0.990266 0.930828 0.975621 0.954989 0.966769 0.986313 0.878937 1.008847 1.008847 1.008847
0.992579 0.933422 0.985585 0.966159 0.974919 0.994629 0.889799 1.020235 1.020235 1.020235
0.977844 0.919072 0.974827 0.948325 0.969295 0.986024 0.878493 1.008734 1.008734 1.008734
0.971132 0.921562 0.980869 0.952038 0.966595 0.988065 0.883641 1.019175 1.019175 1.019175
0.947945 0.900143 0.939555 0.921437 0.949809 0.960791 0.820016 0.995921 0.995921 0.995921
0.980834 0.936136 0.977546 0.958378 0.987621 0.999834 0.853988 1.027256 1.027257 1.027257
0.955597 0.906223 0.961825 0.932121 0.978670 0.982298 0.837846 1.015376 1.015376 1.015376
0.977103 0.926718 0.951560 0.956164 1.004402 1.005655 0.858980 1.043634 1.043634 1.043634
0.977173 0.931085 0.956313 0.960775 1.006935 1.005976 0.859489 1.049471 1.049471 1.049471
0.967344 0.916312 0.937993 0.917953 1.000598 0.989941 0.840593 1.042980 1.042981 1.042981
0.974183 0.921542 0.948095 0.922923 1.008639 0.992745 0.843593 1.055600 1.055600 1.055600
0.970922 0.917247 0.947958 0.915180 0.997785 0.989871 0.838182 1.057763 1.057763 1.057763
0.958520 0.910698 0.936008 0.902777 0.991548 0.978371 0.833241 1.051747 1.051747 1.051747
0.982910 0.934808 0.959999 0.925590 1.014004 1.003874 0.851870 1.074637 1.074637 1.074637
0.969250 0.925241 0.947112 0.914959 0.992690 0.991465 0.829508 1.065430 1.065430 1.065430
0.980681 0.937305 0.959839 0.925032 1.005743 1.003649 0.839803 1.074841 1.074841 1.074841
0.968208 0.929878 0.952612 0.913429 0.996975 0.996229 0.828898 1.067462 1.067462 1.067462
0.948191 0.917810 0.937683 0.894093 0.976364 0.983117 0.816166 1.053316 1.053316 1.053316
0.921192 0.917446 0.931510 0.881935 0.969669 0.983102 0.815613 1.049484 1.049484 1.049484
0.941027 0.935633 0.949696 0.897025 0.989650 1.003564 0.829210 1.075426 1.075425 1.075425
0.913301 0.921092 0.919161 0.882893 0.970731 0.986329 0.811966 1.060582 1.060581 1.060581
0.894511 0.922608 0.914089 0.883646 0.941542 0.989541 0.774969 1.040179 1.040178 1.040178
0.894592 0.861152 0.915826 0.882832 0.933619 0.991005 0.760584 1.025773 1.025772 1.025772
0.932347 0.894972 0.945448 0.917386 0.959430 1.011586 0.788785 1.060069 1.060068 1.060068
0.950614 0.879206 0.964823 0.934209 0.979298 1.032702 0.803892 1.083019 1.083018 1.083018
0.950271 0.874309 0.965093 0.929376 0.976949 1.031763 0.803674 1.083550 1.083548 1.083548
0.936492 0.872388 0.958071 0.926228 0.974313 0.993038 0.792074 1.079804 1.079803 1.079803
0.947779 0.875588 0.959595 0.918327 0.977432 1.001929 0.798398 1.088553 1.088551 1.088551
0.935675 0.872936 0.956558 0.894810 0.967873 0.998929 0.791146 1.087846 1.087845 1.087845
0.929336 0.869828 0.946401 0.893038 0.956796 0.995036 0.787223 1.087224 1.087222 1.087222
0.948039 0.892208 0.964897 0.918086 0.981348 1.021044 0.809055 1.118991 1.118990 1.118990
0.942701 0.881226 0.958769 0.913542 0.975871 1.010776 0.803743 1.113650 1.113649 1.113649
0.920049 0.872168 0.948790 0.892931 0.961608 0.995567 0.790034 1.100423 1.100422 1.100422
0.899616 0.875510 0.951340 0.900485 0.965193 0.999282 0.794588 1.109826 1.109824 1.109824
0.894066 0.872968 0.952854 0.901576 0.962579 1.001879 0.793853 1.087503 1.087502 1.087502
0.911715 0.890377 0.977239 0.924995 0.985346 1.027817 0.812922 1.115384 1.115382 1.115382
0.903139 0.871301 0.962323 0.900468 0.965593 1.016453 0.780593 1.106031 1.106029 1.106029
0.882404 0.852215 0.953959 0.887172 0.953995 1.001941 0.772680 1.099252 1.099250 1.099250
0.887629 0.855349 0.966675 0.896370 0.954576 1.007271 0.779505 1.104503 1.104501 1.104501
0.899425 0.866585 0.980222 0.911498 0.967675 1.021043 0.793429 1.122349 1.122346 1.122346
0.909257 0.876152 0.990337 0.919327 0.980306 1.031906 0.803359 1.135822 1.135820 1.135820
0.885785 0.846354 0.970324 0.871980 0.938290 1.010251 0.787511 1.111970 1.111968 1.111968
0.877135 0.847850 0.966742 0.840434 0.935654 1.003063 0.782966 1.106110 1.106108 1.106108
0.892757 0.873204 0.993681 0.864911 0.957656 1.036248 0.805223 1.140385 1.140383 1.140383
0.877510 0.854740 0.980198 0.844917 0.945370 1.025348 0.796325 1.133195 1.133193 1.133193
