0.974470 0.986048 0.984097 0.985302 0.979932 0.989093 0.984634 0.987085 0.987085 0.987085
0.955001 0.969522 0.971966 0.972787 0.963698 0.977884 0.970053 0.953791 0.953791 0.953791
0.969761 0.979377 0.987620 0.983067 0.976598 0.992453 0.985134 0.969357 0.969357 0.969357
0.974886 0.984748 0.998538 0.994305 0.985525 1.003715 0.994497 0.980115 0.980115 0.980115
0.958246 0.965219 0.972211 0.974462 0.955174 0.966292 0.972716 0.955281 0.955280 0.955280
0.986255 0.994429 1.000809 1.002773 0.980411 0.995139 0.998133 0.979673 0.979673 0.979673
0.935837 0.964999 0.964244 0.972327 0.921273 0.967241 0.922942 0.930860 0.930859 0.930859
0.966444 1.000486 0.996980 1.006274 0.954566 1.001944 0.954664 0.965735 0.965735 0.965735
0.951466 0.990601 0.981695 0.989897 0.945981 0.987571 0.946417 0.957592 0.957592 0.957592
0.956427 1.004072 0.991940 0.997343 0.953493 0.999021 0.940829 0.967560 0.967559 0.967559
0.918500 0.992123 0.974068 0.972459 0.936057 0.987508 0.929371 0.952945 0.952944 0.952944
0.938475 1.012004 0.993296 0.989307 0.955546 1.008275 0.945064 0.976706 0.976705 0.976705
0.923584 0.999169 0.973751 0.978308 0.935962 0.995151 0.931769 0.967211 0.967210 0.967210
0.927913 0.968294 0.978819 0.979845 0.942952 0.990685 0.938187 0.976723 0.976722 0.976722
0.936343 0.975353 0.987128 0.990117 0.930830 1.001680 0.940084 0.976058 0.976057 0.976057
0.948726 0.988359 0.967730 1.006439 0.946635 1.016191 0.955050 0.994118 0.994117 0.994117
0.929584 0.977752 0.960674 0.996835 0.931344 1.004643 0.947768 0.990943 0.990942 0.990942
0.913690 0.972228 0.950041 0.953659 0.921852 0.990109 0.935322 0.978423 0.978422 0.978422
0.915640 0.988030 0.965357 0.957132 0.932730 1.001354 0.944014 0.992720 0.992719 0.992719
0.926997 1.000449 0.976042 0.966006 0.936103 1.017557 0.955732 1.006974 1.006973 1.006973
0.921965 0.993708 0.973864 0.955902 0.924096 1.012492 0.947619 1.006930 1.006929 1.006929
0.927816 1.004655 0.984869 0.966538 0.932239 1.019171 0.954129 1.018915 1.018914 1.018914
0.912264 0.983728 0.971817 0.944499 0.920574 1.008774 0.943888 1.012815 1.012815 1.012815
0.919259 0.995178 0.982322 0.955517 0.930661 1.020761 0.948377 1.020329 1.020328 1.020328
0.886203 0.962779 0.944789 0.928285 0.908800 1.003577 0.926254 0.995379 0.995378 0.995378
0.893140 0.979891 0.961450 0.923386 0.918690 1.021450 0.936992 1.015489 1.015488 1.015488
0.901557 0.960232 0.971122 0.931419 0.930267 1.030276 0.940303 1.027891 1.027890 1.027890
0.877130 0.947616 0.942193 0.918983 0.914712 1.015054 0.922996 1.016179 1.016178 1.016178
0.907052 0.980047 0.973743 0.948130 0.947900 1.049377 0.955978 1.051959 1.051958 1.051958
0.881724 0.964574 0.953491 0.932048 0.932467 0.996234 0.929347 1.034044 1.034043 1.034043
0.861243 0.967260 0.955057 0.938952 0.934966 0.998908 0.933729 1.041791 1.041790 1.041790
0.860169 0.969816 0.962596 0.940325 0.941542 1.002781 0.937917 1.044725 1.044724 1.044724
0.867563 0.983525 0.970316 0.955773 0.954788 1.017360 0.953033 1.063097 1.063096 1.063096
0.862752 0.971504 0.964237 0.951125 0.949541 1.007217 0.946858 1.058114 1.058113 1.058113
0.856022 0.966098 0.950356 0.943082 0.939777 0.995981 0.932763 1.047424 1.047423 1.047423
0.850035 0.957202 0.950658 0.940626 0.928276 0.988423 0.928920 1.038915 1.038914 1.038914
0.862674 0.964237 0.961493 0.949917 0.939923 0.987574 0.905965 1.044399 1.044399 1.044399
0.870110 0.960749 0.964046 0.941557 0.937842 0.994427 0.885767 1.054487 1.054486 1.054486
0.865277 0.947375 0.964208 0.911638 0.916314 0.993805 0.886350 1.053812 1.053811 1.053811
0.859803 0.948779 0.963002 0.905413 0.910517 0.995093 0.885521 1.055081 1.055080 1.055080
0.842886 0.868077 0.945763 0.886700 0.885010 0.976869 0.851907 1.019905 1.019904 1.019904
0.893982 0.921833 1.004726 0.939723 0.939918 1.036595 0.904101 1.078568 1.078566 1.078566
0.859489 0.887221 0.980066 0.911041 0.913779 1.005456 0.880625 1.054815 1.054813 1.054813
0.878877 0.874126 1.003058 0.930445 0.935413 1.029429 0.900100 1.080785 1.080783 1.080783
0.880236 0.868225 0.994225 0.912931 0.928665 1.027864 0.897868 1.078231 1.078229 1.078229
0.860116 0.842961 0.981120 0.890538 0.922962 1.012814 0.883494 1.068903 1.068901 1.068901
0.850184 0.833769 0.951666 0.872801 0.918388 0.997297 0.830236 1.057707 1.057705 1.057705
0.878843 0.856818 0.974704 0.870768 0.952957 1.024790 0.847883 1.097639 1.097638 1.097638
0.862492 0.843607 0.967213 0.861374 0.934152 0.998062 0.838211 1.086869 1.086867 1.086867
0.880661 0.860213 0.991217 0.878074 0.954746 1.014799 0.852892 1.115308 1.115306 1.115306
0.869180 0.848542 0.982196 0.863447 0.950979 1.007866 0.843601 1.104759 1.104757 1.104757
0.873781 0.853419 0.995157 0.876125 0.961827 1.019364 0.856547 1.120528 1.120525 1.120525
0.871014 0.849240 0.978810 0.844062 0.947741 1.015761 0.845269 1.119458 1.119455 1.119455
0.875144 0.857630 0.988907 0.852486 0.956942 1.026437 0.854803 1.121254 1.121251 1.121251
0.878487 0.855680 0.990146 0.844082 0.959218 1.027897 0.853251 1.122457 1.122455 1.122455
0.876143 0.857541 0.992694 0.841979 0.960535 1.030684 0.850745 1.126099 1.126097 1.126097
0.872445 0.849506 0.984728 0.835544 0.947043 1.026073 0.848268 1.119096 1.119094 1.119094
0.878569 0.855341 0.992352 0.844389 0.954099 1.033668 0.858079 1.130142 1.130140 1.130140
0.874236 0.854284 0.987930 0.842279 0.942535 1.030171 0.843150 1.130645 1.130643 1.130643
0.870938 0.848338 0.972856 0.838589 0.938290 1.017668 0.790361 1.124708 1.124705 1.124705
