0.926122 0.932923 0.935821 0.955248 0.924448 0.943656 0.952389 0.952389 0.952389 0.952389
0.965125 0.969577 0.969763 0.988411 0.958851 0.956827 0.994110 0.994110 0.994110 0.994110
0.975041 0.980437 0.977868 0.995956 0.967977 0.959467 1.005019 1.005019 1.005019 1.005019
0.967062 0.976008 0.973975 0.987752 0.952903 0.953332 1.001732 1.001732 1.001732 1.001732
0.969276 0.977994 0.974444 0.984783 0.952742 0.948101 1.001769 1.001769 1.001769 1.001769
0.958317 0.958959 0.960750 0.945225 0.931406 0.921430 0.984955 0.984955 0.984955 0.984955
0.889134 0.910546 0.845255 0.892881 0.838594 0.868014 0.948963 0.948963 0.948963 0.948963
0.926695 0.941404 0.883066 0.898294 0.834856 0.875998 0.988899 0.988899 0.988899 0.988899
0.983450 1.003030 0.940573 0.955235 0.886172 0.931285 1.052610 1.052610 1.052610 1.052610
0.964933 0.978908 0.921391 0.940944 0.874439 0.909637 1.037988 1.037988 1.037988 1.037988
0.980231 0.989000 0.931633 0.952047 0.886187 0.921337 1.054788 1.054788 1.054788 1.054788
0.974428 0.979716 0.925139 0.945926 0.872144 0.911814 1.046603 1.046603 1.046603 1.046603
0.977984 0.981762 0.922590 0.943228 0.872892 0.879824 1.052583 1.052583 1.052583 1.052583
0.979765 0.984452 0.924565 0.938403 0.874758 0.863980 1.056344 1.056344 1.056344 1.056344
0.977052 0.982230 0.918350 0.937169 0.863121 0.842410 1.059219 1.059219 1.059219 1.059219
0.952620 0.959597 0.896099 0.852876 0.845279 0.786944 1.040428 1.040428 1.040428 1.040428
0.993196 0.999630 0.919757 0.890087 0.880646 0.817393 1.087752 1.087752 1.087752 1.087752
0.976177 0.980302 0.902753 0.875577 0.793638 0.794507 1.073136 1.073136 1.073136 1.073136
1.004737 1.008634 0.930677 0.901328 0.817107 0.818511 1.103015 1.103015 1.103015 1.103015
0.958571 0.979495 0.908331 0.887613 0.804815 0.805430 1.089223 1.089223 1.089223 1.089223
0.969568 0.989075 0.917178 0.896550 0.814121 0.812243 1.105302 1.105302 1.105302 1.105302
0.921296 0.908733 0.876351 0.859851 0.768791 0.779690 1.070612 1.070612 1.070612 1.070612
0.958421 0.948775 0.911660 0.895471 0.802863 0.813487 1.119708 1.119708 1.119708 1.119708
0.951262 0.927549 0.891795 0.891602 0.796532 0.777620 1.116886 1.116886 1.116886 1.116886
0.950294 0.921031 0.891135 0.890365 0.793218 0.776616 1.125813 1.125813 1.125813 1.125813
0.962592 0.931606 0.897654 0.893237 0.800287 0.787281 1.139018 1.139018 1.139018 1.139018
0.882047 0.854632 0.348544 0.817044 0.737064 0.716560 1.050993 1.050993 1.050993 1.050993
0.497729 0.917778 0.374349 0.880551 0.791226 0.752188 1.133722 1.133722 1.133722 1.133722
0.562999 1.037870 0.423861 0.996894 0.892968 0.850794 1.284031 1.284031 1.284031 1.284031
0.557314 1.025319 0.419357 0.986595 0.880020 0.840379 1.274666 1.274666 1.274666 1.274666
0.558139 1.028792 0.417276 0.987699 0.883758 0.830005 1.279756 1.279756 1.279756 1.279756
0.554002 1.026241 0.416773 0.984365 0.878593 0.827640 1.281416 1.281416 1.281416 1.281416
0.554227 1.029773 0.416287 0.985134 0.878426 0.829985 1.288094 1.288094 1.288094 1.288094
0.553591 1.027910 0.416922 0.974185 0.875669 0.829100 1.292513 1.292513 1.292513 1.292513
0.544526 1.020778 0.411159 0.942052 0.864844 0.819025 1.286106 1.286106 1.286106 1.286106
0.548938 1.004549 0.413793 0.947108 0.865477 0.824295 1.294071 1.294071 1.294071 1.294071
0.495994 0.966273 0.397492 0.886714 0.828034 0.751303 1.249875 1.249875 1.249875 1.249875
0.519745 1.016533 0.415928 0.925326 0.861978 0.781594 1.315609 1.315609 1.315609 1.315609
0.507265 1.006240 0.407673 0.901746 0.856767 0.765117 1.294969 1.294969 1.294969 1.294969
0.478499 0.897318 0.384310 0.834711 0.801893 0.723502 1.229895 1.229895 1.229895 1.229895
0.466555 0.862978 0.395064 0.854782 0.816861 0.717630 1.288016 1.288016 1.288016 1.288016
0.495922 0.915172 0.418387 0.906214 0.866722 0.760953 1.372074 1.372074 1.372074 1.372074
0.424485 0.776517 0.359833 0.752335 0.743873 0.638399 1.074912 1.074912 1.074912 1.074912
0.518848 0.953818 0.442073 0.924400 0.916378 0.784196 1.322642 1.322642 1.322642 1.322642
0.523949 0.959774 0.442655 0.931561 0.924394 0.789870 1.334124 1.334124 1.334124 1.334124
0.508040 0.936333 0.432849 0.904432 0.901156 0.766219 1.310754 1.310754 1.310754 1.310754
0.516560 0.955648 0.441478 0.922125 0.914335 0.771472 1.337065 1.337065 1.337065 1.337065
0.510463 0.935804 0.433090 0.909619 0.891262 0.756534 1.321259 1.321259 1.321259 1.321259
0.505724 0.935872 0.428012 0.912561 0.892687 0.757211 1.328927 1.328927 1.328927 1.328927
0.507914 0.942311 0.427103 0.915520 0.898683 0.762409 1.340368 1.340368 1.340368 1.340368
0.507748 0.945875 0.426076 0.914755 0.895687 0.761110 1.343763 1.343763 1.343763 1.343763
0.498218 0.934927 0.408628 0.903375 0.881771 0.749405 1.334360 1.334360 1.334360 1.334360
0.502060 0.935613 0.410708 0.913941 0.884009 0.750069 1.348242 1.348242 1.348242 1.348242
0.506452 0.944570 0.413038 0.922697 0.891172 0.754699 1.359355 1.359355 1.359355 1.359355
0.502186 0.937406 0.407952 0.913391 0.886945 0.746044 1.350689 1.350689 1.350689 1.350689
0.490302 0.893786 0.390066 0.893208 0.862257 0.713335 1.321625 1.321625 1.321625 1.321625
0.503604 0.916176 0.397708 0.912957 0.885746 0.730831 1.362591 1.362591 1.362591 1.362591
0.492472 0.904475 0.393841 0.894178 0.878706 0.720488 1.354223 1.354223 1.354223 1.354223
0.494041 0.909431 0.383097 0.900389 0.878595 0.723520 1.368118 1.368118 1.368118 1.368118
0.500316 0.917485 0.387016 0.913396 0.890275 0.732468 1.388561 1.388561 1.388561 1.388561
