0.926122 0.932923 0.935821 0.955248 0.924448 0.943656 0.952389 0.952389 0.952389 0.952389
0.962303 0.972953 0.976500 0.992513 0.953407 0.982290 0.994498 0.994498 0.994498 0.994498
0.963997 0.973151 0.971977 0.987820 0.952430 0.946044 0.998299 0.998299 0.998299 0.998299
0.967462 0.974000 0.969999 0.984331 0.951358 0.923791 1.003513 1.003513 1.003513 1.003513
0.882052 0.908789 0.838592 0.913697 0.841703 0.855145 0.950075 0.950075 0.950075 0.950075
0.965618 0.994638 0.918957 1.001137 0.919372 0.936128 1.041415 1.041415 1.041415 1.041415
0.812823 0.829955 0.777248 0.817364 0.775981 0.772344 0.802344 0.802344 0.802344 0.802344
1.005141 1.030405 0.964661 1.012798 0.959784 0.956766 0.995157 0.995157 0.995157 0.995157
0.921860 0.893398 0.884171 0.911521 0.873412 0.879649 0.918950 0.918950 0.918950 0.918950
0.983999 0.962626 0.941446 0.985257 0.942527 0.948591 0.995832 0.995832 0.995832 0.995832
0.987286 0.969646 0.943233 0.984452 0.939455 0.944885 1.003645 1.003645 1.003645 1.003645
0.960857 0.945590 0.918715 0.894287 0.918372 0.881076 0.984058 0.984058 0.984058 0.984058
0.991578 0.980673 0.954018 0.926632 0.949231 0.913426 1.024431 1.024431 1.024431 1.024431
0.896288 0.943670 0.916789 0.867879 0.908516 0.832863 0.989826 0.989826 0.989826 0.989826
0.931414 0.978458 0.951408 0.902655 0.865674 0.855937 1.032488 1.032488 1.032488 1.032488
0.957466 1.006748 0.976165 0.925478 0.889221 0.873333 1.062103 1.062103 1.062103 1.062103
0.952377 0.977556 0.969342 0.918062 0.878028 0.867254 1.054456 1.054456 1.054456 1.054456
0.950830 0.976469 0.963930 0.917906 0.867342 0.846573 1.058539 1.058539 1.058539 1.058539
0.958867 0.984472 0.970324 0.920774 0.872527 0.847105 1.065087 1.065087 1.065087 1.065087
0.962759 0.986178 0.970679 0.922098 0.874499 0.848483 1.071742 1.071742 1.071742 1.071742
0.970462 0.990536 0.970192 0.927555 0.880548 0.853072 1.079084 1.079084 1.079084 1.079084
0.924338 0.960327 0.945330 0.911929 0.865865 0.838049 1.063827 1.063827 1.063827 1.063827
0.941030 0.978468 0.959467 0.929162 0.880937 0.851004 1.082495 1.082495 1.082495 1.082495
0.936349 0.970204 0.953685 0.924066 0.867802 0.843009 1.075116 1.075116 1.075116 1.075116
0.936539 0.972865 0.947748 0.923253 0.870041 0.845307 1.079915 1.079915 1.079915 1.079915
0.932788 0.973749 0.948782 0.924378 0.873364 0.846110 1.082777 1.082777 1.082777 1.082777
0.939084 0.979983 0.956740 0.930756 0.879528 0.852612 1.088587 1.088587 1.088587 1.088587
0.930763 0.972190 0.948566 0.916122 0.872010 0.828331 1.080829 1.080829 1.080829 1.080829
0.932805 0.972693 0.949018 0.916857 0.874001 0.827675 1.086723 1.086723 1.086723 1.086723
0.840817 0.864806 0.901882 0.867981 0.823063 0.758944 1.052111 1.052111 1.052111 1.052111
0.891251 0.919460 0.954476 0.920390 0.871912 0.806419 1.120576 1.120576 1.120576 1.120576
0.877369 0.913823 0.942047 0.890755 0.861834 0.797268 1.115928 1.115928 1.115928 1.115928
0.878131 0.916708 0.914233 0.894871 0.859735 0.798774 1.124773 1.124773 1.124773 1.124773
0.886277 0.923880 0.917590 0.894510 0.864259 0.806813 1.133850 1.133850 1.133850 1.133850
0.888734 0.929956 0.922997 0.899453 0.864827 0.801161 1.140688 1.140688 1.140688 1.140688
0.885623 0.926088 0.922229 0.887361 0.860083 0.798422 1.141906 1.141906 1.141906 1.141906
0.861351 0.879612 0.878418 0.864428 0.832938 0.760492 1.113054 1.113054 1.113054 1.113054
0.883570 0.905570 0.901073 0.887690 0.857729 0.782397 1.147870 1.147870 1.147870 1.147870
0.885055 0.908819 0.896781 0.888861 0.861545 0.772893 1.152685 1.152685 1.152685 1.152685
0.847836 0.863621 0.861120 0.821922 0.788332 0.716915 1.104041 1.104041 1.104041 1.104041
0.872607 0.897336 0.897498 0.847263 0.823109 0.743860 1.154845 1.154845 1.154845 1.154845
0.875435 0.886726 0.887414 0.852705 0.825430 0.718736 1.164365 1.164365 1.164365 1.164365
0.871563 0.889276 0.863518 0.854407 0.824486 0.718028 1.173121 1.173121 1.173121 1.173121
0.878739 0.894783 0.864238 0.857232 0.831364 0.722105 1.187232 1.187232 1.187232 1.187232
0.880296 0.900052 0.863970 0.858313 0.830332 0.722388 1.192738 1.192738 1.192738 1.192738
0.429754 0.836210 0.802799 0.800285 0.771145 0.656045 1.113117 1.113117 1.113117 1.113117
0.477396 0.923969 0.890374 0.892508 0.861512 0.725492 1.242738 1.242738 1.242738 1.242738
0.467985 0.918642 0.876546 0.873595 0.860076 0.713326 1.228629 1.228629 1.228629 1.228629
0.471701 0.918297 0.881052 0.854826 0.857183 0.706755 1.231523 1.231523 1.231523 1.231523
0.457178 0.860573 0.858664 0.836226 0.825640 0.691994 1.216721 1.216721 1.216721 1.216721
0.476832 0.895761 0.895101 0.871971 0.857305 0.720181 1.272624 1.272624 1.272624 1.272624
0.471055 0.879584 0.884500 0.861088 0.844252 0.711261 1.268543 1.268543 1.268543 1.268543
0.465297 0.874156 0.881088 0.851651 0.838426 0.702872 1.269639 1.269639 1.269639 1.269639
0.474683 0.888403 0.896667 0.870327 0.855840 0.716813 1.298116 1.298116 1.298116 1.298116
0.467943 0.867844 0.877496 0.856442 0.832219 0.701228 1.279658 1.279658 1.279658 1.279658
0.432989 0.803940 0.344056 0.791064 0.773984 0.644492 1.192334 1.192334 1.192334 1.192334
0.500409 0.924047 0.395773 0.910589 0.892369 0.742649 1.378438 1.378438 1.378438 1.378438
0.498702 0.920122 0.388297 0.908384 0.888682 0.737346 1.377546 1.377546 1.377546 1.377546
0.495406 0.914813 0.384217 0.900867 0.886084 0.730223 1.371268 1.371268 1.371268 1.371268
0.494965 0.907672 0.382877 0.903627 0.880753 0.724634 1.373710 1.373710 1.373710 1.373710
