0.926122 0.932923 0.935821 0.955248 0.924448 0.943656 0.952389 0.952389 0.952389 0.952389
0.941576 0.926277 0.931774 0.972749 0.935860 0.939576 0.970411 0.970411 0.970411 0.970411
0.967844 0.945527 0.955278 1.003842 0.957032 0.959248 1.000149 1.000149 1.000149 1.000149
0.955851 0.940657 0.922115 0.997796 0.948286 0.950634 0.999606 0.999606 0.999606 0.999606
0.965730 0.948790 0.930050 1.006710 0.958174 0.957599 1.013223 1.013223 1.013223 1.013223
0.967590 0.949987 0.934335 0.998584 0.958106 0.959521 1.019827 1.019827 1.019827 1.019827
0.962742 0.947627 0.923679 0.992506 0.955572 0.957122 1.019041 1.019041 1.019041 1.019041
0.891034 0.829126 0.854337 0.901412 0.877516 0.888008 0.949595 0.949595 0.949595 0.949595
0.475358 0.841790 0.867506 0.918454 0.890585 0.881282 0.968433 0.968433 0.968433 0.968433
0.535407 0.946762 0.971666 1.024554 0.999097 0.993384 1.089465 1.089465 1.089465 1.089465
0.485369 0.878360 0.835264 0.945635 0.878921 0.914347 1.025595 1.025595 1.025595 1.025595
0.500779 0.876259 0.866565 0.984748 0.901202 0.953016 1.078648 1.078648 1.078648 1.078648
0.523790 0.918271 0.900554 1.029628 0.945219 0.983048 1.131045 1.131045 1.131045 1.131045
0.527023 0.924785 0.904393 1.033274 0.950339 0.981757 1.138813 1.138813 1.138813 1.138813
0.528061 0.926374 0.907079 1.036216 0.950067 0.983654 1.142515 1.142515 1.142515 1.142515
0.522844 0.915373 0.897638 1.025738 0.936498 0.971828 1.134432 1.134432 1.134432 1.134432
0.521279 0.916228 0.893665 1.018430 0.927553 0.961921 1.136116 1.136116 1.136116 1.136116
0.523910 0.919420 0.892444 1.016939 0.929641 0.929465 1.144199 1.144199 1.144199 1.144199
0.519515 0.904186 0.882498 0.978968 0.911504 0.905984 1.128313 1.128313 1.128313 1.128313
0.523622 0.920079 0.891784 0.970048 0.922460 0.917068 1.150436 1.150436 1.150436 1.150436
0.524227 0.912786 0.886311 0.969440 0.910972 0.911102 1.151742 1.151742 1.151742 1.151742
0.515064 0.909591 0.874535 0.951059 0.911526 0.897865 1.141261 1.141261 1.141261 1.141261
0.473249 0.889713 0.854274 0.905454 0.886822 0.832183 1.120904 1.120904 1.120904 1.120904
0.501662 0.946878 0.908873 0.961754 0.940263 0.883699 1.191764 1.191764 1.191764 1.191764
0.497105 0.941124 0.899201 0.953375 0.931166 0.877797 1.186611 1.186611 1.186611 1.186611
0.497598 0.945632 0.902895 0.956942 0.930124 0.870100 1.191647 1.191647 1.191647 1.191647
0.491649 0.936465 0.865012 0.949048 0.915972 0.860576 1.185706 1.185706 1.185706 1.185706
0.489542 0.927490 0.859931 0.948706 0.917241 0.853030 1.186566 1.186566 1.186566 1.186566
0.493202 0.938265 0.864559 0.955312 0.921317 0.858224 1.198856 1.198856 1.198856 1.198856
0.488634 0.915617 0.844192 0.949464 0.912401 0.818902 1.193674 1.193674 1.193674 1.193674
0.494673 0.904864 0.853187 0.958591 0.916924 0.827651 1.206138 1.206138 1.206138 1.206138
0.486066 0.894568 0.845442 0.943119 0.905826 0.813604 1.200855 1.200855 1.200855 1.200855
0.496371 0.913217 0.864770 0.963256 0.925311 0.831623 1.224626 1.224626 1.224626 1.224626
0.442475 0.802951 0.812733 0.901826 0.861750 0.754135 1.172516 1.172516 1.172516 1.172516
0.466014 0.846100 0.852574 0.951185 0.898005 0.776575 1.241689 1.241689 1.241689 1.241689
0.462786 0.835184 0.846903 0.944246 0.888977 0.770984 1.244208 1.244208 1.244208 1.244208
0.468775 0.844033 0.854709 0.953970 0.898870 0.779071 1.263059 1.263059 1.263059 1.263059
0.399626 0.713258 0.732117 0.788778 0.768342 0.650955 0.985503 0.985503 0.985503 0.985503
0.481804 0.868053 0.880495 0.962997 0.936519 0.792881 1.206256 1.206256 1.206256 1.206256
0.484091 0.870408 0.878182 0.962839 0.941067 0.794625 1.216544 1.216544 1.216544 1.216544
0.483853 0.873195 0.881468 0.962312 0.933596 0.795666 1.221967 1.221967 1.221967 1.221967
0.464127 0.830881 0.847551 0.891035 0.855407 0.739029 1.171970 1.171970 1.171970 1.171970
0.488403 0.875143 0.892168 0.931150 0.900433 0.762291 1.235428 1.235428 1.235428 1.235428
0.482941 0.863418 0.880977 0.921516 0.816383 0.745434 1.226207 1.226207 1.226207 1.226207
0.481292 0.868683 0.889083 0.919813 0.825373 0.748930 1.241970 1.241970 1.241970 1.241970
0.486959 0.876527 0.894506 0.924034 0.831165 0.737274 1.258632 1.258632 1.258632 1.258632
0.491503 0.885429 0.900099 0.933425 0.838383 0.742253 1.269739 1.269739 1.269739 1.269739
0.490024 0.882541 0.895772 0.925700 0.833810 0.734278 1.263073 1.263073 1.263073 1.263073
0.493681 0.885751 0.900253 0.934215 0.840524 0.739513 1.275315 1.275315 1.275315 1.275315
0.488419 0.877050 0.887161 0.922707 0.834651 0.729383 1.264327 1.264327 1.264327 1.264327
0.487226 0.879223 0.889521 0.925279 0.839153 0.731221 1.269665 1.269665 1.269665 1.269665
0.486769 0.875334 0.887748 0.923938 0.829994 0.727290 1.266126 1.266126 1.266126 1.266126
0.468071 0.856761 0.873278 0.917067 0.823966 0.721320 1.260171 1.260171 1.260171 1.260171
0.470460 0.865414 0.883225 0.925496 0.829480 0.728335 1.277717 1.277717 1.277717 1.277717
0.474364 0.867831 0.886398 0.929451 0.834371 0.732215 1.288739 1.288739 1.288739 1.288739
0.473151 0.864886 0.870401 0.927996 0.831636 0.727610 1.289009 1.289009 1.289009 1.289009
0.469359 0.861061 0.863421 0.921557 0.828161 0.723894 1.285514 1.285514 1.285514 1.285514
0.475115 0.868524 0.866638 0.930932 0.837417 0.730888 1.299796 1.299796 1.299796 1.299796
0.430623 0.788093 0.332840 0.842259 0.762869 0.657995 1.186296 1.186296 1.186296 1.186296
0.478066 0.876681 0.369804 0.872774 0.850682 0.699892 1.326807 1.326807 1.326807 1.326807
