0.982199 0.978772 0.981161 0.981696 0.972391 0.977836 0.980381 0.980381 0.980381 0.980381
0.834238 0.824083 0.837345 0.808721 0.828134 0.814032 0.762134 0.762134 0.762134 0.762134
1.007064 1.004201 1.008325 0.988597 1.010678 0.992770 0.934034 0.934034 0.934034 0.934034
0.939110 0.885277 0.939688 0.904658 0.935147 0.928055 0.876970 0.876970 0.876970 0.876970
0.921605 0.856919 0.972247 0.932418 0.958780 0.926491 0.924368 0.924368 0.924368 0.924368
0.974006 0.906407 1.023494 0.983782 1.017054 0.976162 0.978944 0.978944 0.978944 0.978944
0.946819 0.882882 0.995719 0.892628 0.993062 0.909172 0.958711 0.958711 0.958711 0.958711
0.960595 0.904276 1.022995 0.907038 1.022095 0.929900 0.988538 0.988538 0.988538 0.988538
0.966214 0.914085 1.035413 0.916053 1.029697 0.939639 1.003044 1.003044 1.003044 1.003044
0.940740 0.902647 1.012416 0.890556 1.021004 0.917612 0.984927 0.984927 0.984927 0.984927
0.471189 0.860401 0.965166 0.851913 0.972853 0.854982 0.943051 0.943051 0.943051 0.943051
0.522092 0.962498 1.072208 0.928007 1.082349 0.951414 1.057060 1.057060 1.057060 1.057060
0.523621 0.968811 1.075342 0.931734 1.089716 0.956997 1.065822 1.065822 1.065822 1.065822
0.524043 0.973578 1.073973 0.932011 1.087314 0.956450 1.069733 1.069733 1.069733 1.069733
0.502826 0.926671 1.032952 0.863231 0.996543 0.888628 1.026264 1.026264 1.026264 1.026264
0.530920 0.977798 1.093585 0.902366 1.050125 0.938354 1.088571 1.088571 1.088571 1.088571
0.526937 0.975249 1.090933 0.900292 1.050434 0.935947 1.087622 1.087622 1.087622 1.087622
0.529877 0.981590 1.094939 0.902950 1.055504 0.934169 1.094448 1.094448 1.094448 1.094448
0.521576 0.961073 1.076067 0.892309 1.044886 0.915395 1.082724 1.082724 1.082724 1.082724
0.527740 0.976122 1.092174 0.905334 1.055005 0.917183 1.099081 1.099081 1.099081 1.099081
0.523748 0.962031 1.081093 0.902040 1.041651 0.904081 1.093681 1.093681 1.093681 1.093681
0.477138 0.896921 0.933907 0.836657 0.920869 0.836247 1.034634 1.034634 1.034634 1.034634
0.520354 0.977335 1.002674 0.913341 1.003548 0.908575 1.131472 1.131472 1.131472 1.131472
0.522348 0.977354 1.004058 0.918420 1.007983 0.911755 1.138320 1.138320 1.138320 1.138320
0.517127 0.965627 0.986728 0.904796 0.998017 0.900354 1.131185 1.131185 1.131185 1.131185
0.517471 0.964321 0.986856 0.905185 0.994238 0.899002 1.135143 1.135143 1.135143 1.135143
0.466491 0.925454 0.945810 0.845524 0.949047 0.817520 1.093866 1.093866 1.093866 1.093866
0.485387 0.954997 0.981388 0.854089 0.976416 0.836159 1.131868 1.131868 1.131868 1.131868
0.491592 0.952681 0.979591 0.867750 0.988482 0.815601 1.152052 1.152052 1.152052 1.152052
0.486877 0.949326 0.978414 0.860529 0.984279 0.808131 1.156122 1.156122 1.156122 1.156122
0.496576 0.972086 1.001551 0.879444 1.004097 0.825680 1.182688 1.182688 1.182688 1.182688
0.488832 0.959115 0.955993 0.868975 0.985176 0.813633 1.172455 1.172455 1.172455 1.172455
0.492089 0.964003 0.956221 0.869098 0.988981 0.787444 1.182694 1.182694 1.182694 1.182694
0.496509 0.973457 0.961867 0.877626 0.997225 0.792488 1.192718 1.192718 1.192718 1.192718
0.493142 0.967743 0.955651 0.865641 0.990776 0.771535 1.186703 1.186703 1.186703 1.186703
0.469693 0.891226 0.915260 0.832161 0.937812 0.742357 1.152163 1.152163 1.152163 1.152163
0.482838 0.922886 0.919606 0.860966 0.967234 0.765768 1.198616 1.198616 1.198616 1.198616
0.489738 0.933905 0.929318 0.870991 0.979299 0.774831 1.218396 1.218396 1.218396 1.218396
0.492013 0.937920 0.935154 0.875168 0.984149 0.779153 1.222374 1.222374 1.222374 1.222374
0.485393 0.925776 0.918914 0.864650 0.960651 0.751561 1.212566 1.212566 1.212566 1.212566
0.488315 0.928822 0.919259 0.863678 0.961889 0.735655 1.221844 1.221844 1.221844 1.221844
0.490280 0.934336 0.917021 0.866842 0.968429 0.728420 1.229841 1.229841 1.229841 1.229841
0.483606 0.916074 0.904790 0.854727 0.952241 0.718308 1.224041 1.224041 1.224041 1.224041
0.487029 0.924900 0.905338 0.859844 0.961260 0.725217 1.237956 1.237956 1.237956 1.237956
0.487453 0.903666 0.904601 0.858259 0.955063 0.724647 1.236688 1.236688 1.236688 1.236688
0.488035 0.908089 0.909517 0.859235 0.949078 0.726820 1.244296 1.244296 1.244296 1.244296
0.488109 0.910983 0.908226 0.859689 0.948656 0.728695 1.250463 1.250463 1.250463 1.250463
0.490532 0.910507 0.908475 0.860507 0.951094 0.730154 1.257079 1.257079 1.257079 1.257079
0.480862 0.890561 0.889342 0.844260 0.854878 0.707850 1.236937 1.236937 1.236937 1.236937
0.478814 0.865998 0.867252 0.842014 0.847601 0.690268 1.234377 1.234377 1.234377 1.234377
0.490154 0.878468 0.881326 0.860421 0.855881 0.701210 1.263587 1.263587 1.263587 1.263587
0.500649 0.894089 0.892603 0.877028 0.873267 0.714382 1.289170 1.289170 1.289170 1.289170
0.454479 0.812567 0.343352 0.794738 0.796780 0.644148 1.178450 1.178450 1.178450 1.178450
0.490307 0.883062 0.374298 0.884354 0.858038 0.708084 1.307408 1.307408 1.307408 1.307408
0.511768 0.921479 0.389977 0.918186 0.893398 0.733343 1.361567 1.361567 1.361567 1.361567
0.509507 0.921021 0.387696 0.910341 0.883599 0.724829 1.361637 1.361637 1.361637 1.361637
0.512997 0.925994 0.388183 0.907785 0.886112 0.730363 1.369324 1.369324 1.369324 1.369324
0.511900 0.922469 0.386690 0.904587 0.884298 0.726631 1.370842 1.370842 1.370842 1.370842
0.515840 0.929336 0.390055 0.912348 0.889098 0.732197 1.383159 1.383159 1.383159 1.383159
0.490505 0.899492 0.379426 0.895484 0.872816 0.718104 1.361330 1.361330 1.361330 1.361330
