0.976971 0.977473 0.973097 0.978394 0.966650 0.955226 0.982349 0.982349 0.982349 0.982349
0.980508 0.981840 0.972786 0.980290 0.973750 0.955739 0.987942 0.987942 0.987942 0.987942
0.981700 0.983935 0.974281 0.974687 0.975242 0.937961 0.990874 0.990874 0.990874 0.990874
0.960986 0.940617 0.934014 0.955654 0.950588 0.899196 0.972100 0.972100 0.972100 0.972100
0.977959 0.966414 0.952977 0.956112 0.971324 0.919007 1.000753 1.000753 1.000753 1.000753
0.983827 0.970253 0.958182 0.961622 0.972806 0.922519 1.009610 1.009610 1.009610 1.009610
0.894892 0.903192 0.826454 0.890547 0.858682 0.851988 0.953630 0.953630 0.953630 0.953630
0.967778 0.980292 0.893763 0.964125 0.932211 0.924081 1.036815 1.036815 1.036815 1.036815
0.968184 0.979064 0.892607 0.963191 0.932686 0.921715 1.040624 1.040624 1.040624 1.040624
0.964155 0.978830 0.887615 0.955208 0.922695 0.911249 1.040947 1.040947 1.040947 1.040947
0.945320 0.968866 0.881291 0.938017 0.917764 0.900712 1.037271 1.037271 1.037271 1.037271
0.957060 0.977477 0.891293 0.949180 0.919884 0.907847 1.048209 1.048209 1.048209 1.048209
0.959845 0.956982 0.892382 0.949360 0.915816 0.908983 1.049269 1.049269 1.049269 1.049269
0.915953 0.883003 0.856301 0.914389 0.868518 0.876280 1.020678 1.020678 1.020678 1.020678
0.964635 0.929699 0.902712 0.963830 0.912619 0.922818 1.076299 1.076299 1.076299 1.076299
0.901678 0.875405 0.852634 0.929261 0.851516 0.878922 1.034589 1.034589 1.034589 1.034589
0.944578 0.917804 0.890476 0.974274 0.891457 0.918388 1.083268 1.083268 1.083268 1.083268
0.937537 0.909118 0.877352 0.962285 0.884908 0.909231 1.079240 1.079240 1.079240 1.079240
0.937499 0.911390 0.871678 0.961205 0.886975 0.911488 1.083794 1.083794 1.083794 1.083794
0.859093 0.836124 0.338474 0.879254 0.816941 0.829648 1.000082 1.000082 1.000082 1.000082
0.979043 0.944224 0.382923 1.000235 0.918350 0.938252 1.139695 1.139695 1.139695 1.139695
0.843225 0.806149 0.331381 0.835555 0.793085 0.792038 0.898414 0.898414 0.898414 0.898414
1.038934 0.991823 0.406025 1.019611 0.973270 0.976630 1.105609 1.105609 1.105609 1.105609
1.029081 0.967665 0.396371 1.013143 0.963635 0.931674 1.100584 1.100584 1.100584 1.100584
1.049619 0.986636 0.404940 1.033517 0.983167 0.951150 1.121006 1.121006 1.121006 1.121006
1.028197 0.964336 0.396129 1.013282 0.883078 0.921439 1.102259 1.102259 1.102259 1.102259
1.051030 0.984219 0.402342 1.029073 0.900178 0.905551 1.129055 1.129055 1.129055 1.129055
1.043706 0.972160 0.398901 1.025931 0.898996 0.895192 1.126829 1.126829 1.126829 1.126829
1.010791 0.958336 0.395205 1.025582 0.898848 0.894192 1.129548 1.129548 1.129548 1.129548
0.503708 0.908850 0.374849 0.976103 0.852113 0.828935 1.076037 1.076037 1.076037 1.076037
0.567045 1.022271 0.415430 1.099932 0.958566 0.929674 1.214699 1.214699 1.214699 1.214699
0.567051 1.019912 0.413906 1.097071 0.956858 0.927431 1.217359 1.217359 1.217359 1.217359
0.563730 1.017687 0.413225 1.090587 0.944167 0.923663 1.216225 1.216225 1.216225 1.216225
0.546711 0.988951 0.401069 0.987218 0.919734 0.858259 1.188296 1.188296 1.188296 1.188296
0.511391 0.984795 0.398848 0.956840 0.910956 0.809830 1.188163 1.188163 1.188163 1.188163
0.534817 1.035024 0.419726 1.004739 0.954189 0.850819 1.253491 1.253491 1.253491 1.253491
0.513608 0.986010 0.404044 0.931398 0.875289 0.791172 1.203597 1.203597 1.203597 1.203597
0.531692 1.028210 0.408815 0.970410 0.909092 0.821857 1.260922 1.260922 1.260922 1.260922
0.497111 0.908812 0.381983 0.890337 0.843352 0.770292 1.186982 1.186982 1.186982 1.186982
0.528434 0.971996 0.409491 0.947650 0.901323 0.819184 1.278492 1.278492 1.278492 1.278492
0.539433 0.986810 0.416063 0.963512 0.917891 0.833770 1.305527 1.305527 1.305527 1.305527
0.521383 0.967361 0.403858 0.929869 0.903509 0.808291 1.272604 1.272604 1.272604 1.272604
0.521781 0.977243 0.403171 0.942337 0.914133 0.817221 1.292972 1.292972 1.292972 1.292972
0.525368 0.981293 0.403666 0.942079 0.916089 0.800606 1.303973 1.303973 1.303973 1.303973
0.528009 0.985573 0.406781 0.937367 0.918860 0.804696 1.316536 1.316536 1.316536 1.316536
0.526133 0.986107 0.404493 0.933560 0.912839 0.800733 1.315610 1.315610 1.315610 1.315610
0.529295 0.995978 0.408411 0.941069 0.918520 0.806965 1.327487 1.327487 1.327487 1.327487
0.521939 0.986980 0.404796 0.932856 0.912870 0.799708 1.317783 1.317783 1.317783 1.317783
0.521448 0.987931 0.401814 0.931644 0.914532 0.787927 1.319849 1.319849 1.319849 1.319849
0.523043 0.994712 0.404297 0.937059 0.915394 0.782630 1.328187 1.328187 1.328187 1.328187
0.521487 0.991502 0.402367 0.929336 0.910433 0.774249 1.321261 1.321261 1.321261 1.321261
0.525308 0.994972 0.404325 0.937756 0.917638 0.779662 1.333884 1.333884 1.333884 1.333884
0.516703 0.980912 0.385625 0.925854 0.899628 0.767673 1.321288 1.321288 1.321288 1.321288
0.518166 0.976880 0.385712 0.932149 0.897546 0.764635 1.328570 1.328570 1.328570 1.328570
0.523060 0.987010 0.388616 0.938493 0.905343 0.766115 1.342047 1.342047 1.342047 1.342047
0.513901 0.961729 0.380751 0.895143 0.879517 0.739892 1.311243 1.311243 1.311243 1.311243
0.517717 0.963041 0.383684 0.901456 0.883259 0.745183 1.332893 1.332893 1.332893 1.332893
0.522533 0.974949 0.386645 0.910183 0.890944 0.753940 1.351754 1.351754 1.351754 1.351754
0.526795 0.979408 0.386510 0.915710 0.897244 0.758134 1.361224 1.361224 1.361224 1.361224
0.468500 0.859139 0.362404 0.855310 0.833660 0.685888 1.300258 1.300258 1.300258 1.300258
