0.928712 0.937338 0.887747 0.886057 0.893258 0.892595 0.942378 0.942378 0.942378 0.942378
0.967567 0.976624 0.924941 0.932123 0.934357 0.931293 0.983765 0.983765 0.983765 0.983765
0.935919 0.943019 0.889938 0.901635 0.907388 0.900832 0.949638 0.949638 0.949638 0.949638
0.975364 0.984136 0.928531 0.939923 0.948852 0.941832 0.990439 0.990439 0.990439 0.990439
0.961752 0.983778 0.927763 0.936885 0.944382 0.944018 0.987365 0.987365 0.987365 0.987365
0.974757 0.993435 0.940342 0.949412 0.954354 0.955269 0.999912 0.999912 0.999912 0.999912
0.950149 0.967052 0.911276 0.916230 0.919483 0.930708 0.966352 0.966352 0.966353 0.966353
0.981604 0.999672 0.940149 0.945264 0.943292 0.958511 1.000778 1.000778 1.000778 1.000778
0.937186 0.964102 0.912656 0.932141 0.900734 0.924405 0.978490 0.978490 0.978490 0.978490
0.964479 0.990579 0.939477 0.955732 0.923309 0.947908 1.007239 1.007239 1.007239 1.007239
0.966623 0.988438 0.939813 0.951915 0.919841 0.942181 1.004673 1.004673 1.004673 1.004673
0.953643 0.982604 0.933178 0.939355 0.912502 0.933209 0.988915 0.988915 0.988915 0.988915
0.951423 0.965055 0.908459 0.935590 0.902651 0.917246 0.980644 0.980644 0.980644 0.980644
0.963793 0.981634 0.928050 0.952803 0.924156 0.934168 1.004199 1.004199 1.004199 1.004199
0.932430 0.945432 0.897240 0.926137 0.880181 0.908568 0.985332 0.985332 0.985332 0.985332
0.943942 0.961193 0.916211 0.946346 0.897610 0.926366 0.998566 0.998566 0.998566 0.998566
0.869732 0.863222 0.865874 0.878598 0.828921 0.875083 0.967871 0.967871 0.967872 0.967872
0.901411 0.881394 0.880778 0.906578 0.838094 0.891476 0.987328 0.987328 0.987328 0.987328
0.906804 0.885898 0.886048 0.912002 0.843109 0.896810 0.988053 0.988053 0.988053 0.988053
0.942779 0.920954 0.922023 0.946114 0.877983 0.920519 1.022284 1.022284 1.022284 1.022284
0.896126 0.869729 0.862112 0.853588 0.795349 0.848583 0.977399 0.977399 0.977399 0.977399
0.935296 0.912382 0.902530 0.889763 0.835095 0.890440 1.019088 1.019088 1.019088 1.019088
0.966891 0.944815 0.934504 0.920285 0.863527 0.924281 1.054531 1.054531 1.054532 1.054532
0.976160 0.953872 0.943462 0.929107 0.871804 0.933141 1.057298 1.057298 1.057298 1.057298
0.958890 0.941160 0.928501 0.919493 0.858191 0.914237 1.042955 1.042955 1.042956 1.042956
0.926853 0.914253 0.910981 0.907956 0.856397 0.906032 1.027534 1.027534 1.027535 1.027535
0.902492 0.920083 0.914260 0.906341 0.856677 0.912088 1.033092 1.033092 1.033092 1.033092
0.930137 0.942341 0.940077 0.935014 0.881086 0.938165 1.062874 1.062874 1.062874 1.062874
0.924453 0.937395 0.935063 0.930003 0.876467 0.931590 1.050359 1.050359 1.050360 1.050360
0.939473 0.952625 0.950255 0.945113 0.866277 0.946725 1.064232 1.064232 1.064233 1.064233
0.908959 0.918768 0.918774 0.915531 0.835557 0.916327 1.025297 1.025297 1.025297 1.025297
0.902906 0.919561 0.919453 0.911937 0.836257 0.913665 1.007667 1.007667 1.007667 1.007667
0.858251 0.875633 0.878137 0.854109 0.785170 0.866386 0.961219 0.961219 0.961219 0.961219
0.908951 0.862632 0.931083 0.841428 0.830071 0.918040 0.995187 0.995187 0.995187 0.995187
0.835562 0.827461 0.905238 0.770790 0.761364 0.842051 0.931079 0.931079 0.931079 0.931079
0.942303 0.934647 1.022195 0.872194 0.859231 0.953073 1.055581 1.055581 1.055581 1.055581
0.941041 0.927253 1.022806 0.871449 0.855843 0.949769 1.059073 1.059073 1.059073 1.059073
0.934532 0.921284 1.016530 0.862931 0.852939 0.944245 1.053593 1.053593 1.053594 1.053594
0.880284 0.875016 0.961899 0.820992 0.814071 0.903859 1.013091 1.013091 1.013091 1.013091
0.912394 0.899689 0.996568 0.848113 0.843724 0.933240 1.046042 1.046042 1.046043 1.046043
0.928696 0.919133 1.014153 0.863295 0.859273 0.950974 1.065379 1.065379 1.065379 1.065379
0.806974 0.712503 0.881230 0.750144 0.679930 0.826332 0.917064 0.917064 0.917064 0.917064
0.879859 0.785675 0.984742 0.829169 0.749338 0.911577 1.021242 1.021242 1.021242 1.021242
0.903818 0.789602 1.025077 0.863875 0.778317 0.952069 1.059231 1.059231 1.059231 1.059231
0.929565 0.816169 1.057895 0.889146 0.802761 0.982121 1.093469 1.093469 1.093468 1.093468
0.912748 0.803458 1.042776 0.855584 0.790618 0.963949 1.068259 1.068259 1.068259 1.068259
0.924894 0.815385 1.060784 0.869692 0.802647 0.977873 1.085917 1.085917 1.085916 1.085916
0.901021 0.789461 1.017137 0.847243 0.780028 0.956541 1.042679 1.042679 1.042678 1.042678
0.932630 0.812880 1.050275 0.877771 0.809654 0.990647 1.080366 1.080366 1.080366 1.080366
0.930819 0.813452 1.049687 0.877679 0.807041 0.991260 1.079420 1.079420 1.079420 1.079420
0.908163 0.785271 1.025349 0.858276 0.787015 0.966665 1.039354 1.039354 1.039354 1.039354
0.897279 0.695284 1.012594 0.812186 0.746049 0.914754 1.023727 1.023727 1.023727 1.023727
0.955761 0.738457 1.075528 0.863749 0.792982 0.971880 1.084220 1.084220 1.084220 1.084220
0.951040 0.736736 1.071187 0.862729 0.783996 0.963581 1.083911 1.083911 1.083910 1.083910
0.887984 0.688912 0.986479 0.820981 0.747299 0.913789 1.044965 1.044965 1.044965 1.044965
0.936486 0.726364 1.034622 0.864641 0.787332 0.964698 1.100973 1.100973 1.100973 1.100973
0.918625 0.715668 1.004776 0.840987 0.768657 0.946535 1.075818 1.075818 1.075818 1.075818
0.952350 0.741754 1.039885 0.870501 0.794103 0.970715 1.110372 1.110372 1.110372 1.110372
0.951306 0.742282 1.041786 0.871479 0.795246 0.968082 1.113619 1.113619 1.113619 1.113619
0.871797 0.705892 0.983389 0.842637 0.750669 0.936042 1.071656 1.071656 1.071656 1.071656
0.891253 0.722488 1.012138 0.859034 0.767321 0.963246 1.098081 1.098081 1.098081 1.098081
0.898750 0.727895 1.022056 0.863012 0.775703 0.971275 1.099475 1.099475 1.099476 1.099476
0.848186 0.697817 0.988724 0.817333 0.740466 0.945588 1.063346 1.063346 1.063347 1.063347
0.889493 0.731063 1.011425 0.848643 0.770861 0.991610 1.118891 1.118891 1.118892 1.118892
0.869036 0.695832 0.976910 0.822777 0.754377 0.961488 1.105083 1.105083 1.105084 1.105084
0.874511 0.706898 0.986924 0.821585 0.765502 0.975973 1.123393 1.123393 1.123394 1.123394
0.885415 0.715922 1.000136 0.830580 0.775291 0.982922 1.132366 1.132366 1.132368 1.132368
0.897369 0.723599 1.013208 0.831755 0.784734 0.996818 1.150148 1.150148 1.150149 1.150149
0.869627 0.701622 0.983482 0.748914 0.756334 0.968349 1.117875 1.117875 1.117876 1.117876
0.861960 0.691960 0.950083 0.742311 0.749667 0.959812 1.094314 1.094314 1.094315 1.094315
0.868621 0.697842 0.924382 0.740604 0.747589 0.964287 1.121246 1.121246 1.121247 1.121247
0.896036 0.719090 0.950214 0.760418 0.763701 0.991359 1.161218 1.161218 1.161219 1.161219
0.888125 0.718447 0.948693 0.759948 0.763024 0.991284 1.153291 1.153291 1.153292 1.153292
0.900550 0.727545 0.962113 0.771287 0.774224 1.005630 1.168967 1.168967 1.168968 1.168968
0.874935 0.703140 0.946435 0.760513 0.765023 0.990689 1.151721 1.151721 1.151723 1.151723
0.887259 0.711086 0.960960 0.771643 0.775730 0.999147 1.163133 1.163133 1.163134 1.163134
0.831949 0.665486 0.865084 0.724579 0.722839 0.902317 1.063786 1.063786 1.063787 1.063787
0.910353 0.727726 0.942368 0.786886 0.787918 0.985849 1.160958 1.160958 1.160959 1.160959
0.877483 0.697309 0.914595 0.754025 0.763608 0.943500 1.130795 1.130795 1.130796 1.130796
0.921509 0.732295 0.960484 0.791857 0.801921 0.990839 1.184366 1.184366 1.184367 1.184367
0.850251 0.678341 0.885200 0.726333 0.747129 0.916193 1.111321 1.111321 1.111322 1.111322
0.886098 0.709085 0.924228 0.762143 0.780232 0.958727 1.157161 1.157161 1.157162 1.157162
0.914086 0.731482 0.953420 0.786215 0.804876 0.989008 1.190832 1.190832 1.190834 1.190834
0.910310 0.728460 0.949481 0.782967 0.801551 0.984923 1.179758 1.179758 1.179760 1.179760
0.907655 0.728373 0.937123 0.781234 0.799214 0.981822 1.175414 1.175414 1.175416 1.175416
0.899517 0.721926 0.927678 0.773398 0.790873 0.974231 1.167317 1.167317 1.167319 1.167319
0.870327 0.700385 0.882619 0.713284 0.763322 0.940046 1.134139 1.134139 1.134140 1.134140
0.899275 0.723023 0.914345 0.737989 0.788730 0.969259 1.167532 1.167532 1.167533 1.167533
0.918160 0.738207 0.933546 0.753487 0.805293 0.989614 1.186185 1.186185 1.186186 1.186186
0.888514 0.717076 0.897290 0.731883 0.782250 0.964523 1.140158 1.140158 1.140159 1.140159
0.893213 0.716319 0.896175 0.731687 0.765476 0.938716 1.132470 1.132470 1.132471 1.132471
0.911329 0.728543 0.906762 0.744864 0.779578 0.958241 1.162483 1.162483 1.162484 1.162484
0.905355 0.726734 0.900890 0.741043 0.772779 0.947648 1.165628 1.165628 1.165630 1.165630
0.881038 0.713222 0.884383 0.723794 0.756453 0.929158 1.126117 1.126117 1.126118 1.126118
0.895157 0.724507 0.898377 0.649470 0.768423 0.921724 1.136580 1.136580 1.136581 1.136581
0.938111 0.753325 0.944462 0.680428 0.808673 0.965107 1.197075 1.197075 1.197077 1.197077
0.889934 0.714637 0.920159 0.662919 0.784850 0.915543 1.161061 1.161061 1.161062 1.161062
0.902273 0.724546 0.932918 0.672111 0.795732 0.928238 1.155750 1.155750 1.155751 1.155751
0.926733 0.744188 0.958208 0.690331 0.817304 0.953401 1.176909 1.176909 1.176910 1.176910
0.906188 0.731497 0.939541 0.670700 0.795888 0.933943 1.156074 1.156074 1.156075 1.156075
