0.965022 0.964929 0.965886 0.962916 0.966593 0.952738 0.960356 0.960356 0.960356 0.960356
0.993412 0.993317 0.994301 0.991244 0.995029 0.980767 0.983744 0.983744 0.983744 0.983744
0.944934 0.846717 0.945344 0.903061 0.908088 0.893516 0.932848 0.932848 0.932848 0.932848
1.005544 0.899574 1.006238 0.957423 0.962523 0.947411 0.992932 0.992932 0.992932 0.992932
0.878424 0.701072 0.879031 0.836388 0.765705 0.827641 0.859277 0.859277 0.859277 0.859277
1.026711 0.818535 1.023819 0.973022 0.886279 0.964084 1.008311 1.008311 1.008311 1.008311
1.006275 0.805797 0.993442 0.945601 0.864523 0.945131 0.984437 0.984437 0.984437 0.984437
0.996926 0.794319 0.959243 0.936815 0.856491 0.936350 0.963227 0.963227 0.963227 0.963227
1.034914 0.826749 0.996700 0.976186 0.883415 0.968513 1.004608 1.004608 1.004608 1.004608
0.975375 0.774155 0.924048 0.873264 0.793496 0.885269 0.952369 0.952369 0.952369 0.952369
1.057157 0.833543 1.003469 0.946944 0.857786 0.957452 1.037026 1.037026 1.037025 1.037025
1.054273 0.828229 1.000767 0.944220 0.852944 0.953328 1.033364 1.033364 1.033364 1.033364
0.967988 0.761793 0.923232 0.854214 0.773552 0.873197 0.952147 0.952147 0.952146 0.952146
1.065525 0.838553 1.016259 0.940286 0.851497 0.961182 1.040859 1.040859 1.040859 1.040859
1.042745 0.824010 1.002939 0.925085 0.842195 0.945690 1.029685 1.029685 1.029685 1.029685
1.048003 0.828261 1.006865 0.928751 0.845187 0.951642 1.037047 1.037047 1.037047 1.037047
1.049568 0.825868 1.006492 0.924368 0.841399 0.945204 1.033651 1.033651 1.033651 1.033651
1.041577 0.819581 0.998830 0.917331 0.834993 0.938008 1.007125 1.007125 1.007125 1.007125
1.051334 0.824650 0.999818 0.923862 0.841279 0.947277 1.022758 1.022758 1.022758 1.022758
1.057610 0.829974 1.006578 0.926703 0.849305 0.953988 1.030670 1.030670 1.030669 1.030669
1.051054 0.824071 1.001713 0.917505 0.846142 0.948002 1.017026 1.017026 1.017026 1.017026
1.040487 0.815624 0.991446 0.802159 0.837469 0.916280 1.000129 1.000129 1.000129 1.000129
0.943178 0.771491 0.950523 0.724601 0.757469 0.828751 0.922692 0.922692 0.922692 0.922692
1.065907 0.867317 1.071612 0.819640 0.858431 0.937111 1.043826 1.043826 1.043826 1.043826
0.980689 0.828064 1.015550 0.795653 0.813521 0.909685 1.008472 1.008472 1.008472 1.008472
0.998634 0.834311 1.035356 0.812066 0.828005 0.925882 1.013476 1.013476 1.013476 1.013476
1.036550 0.868416 1.063781 0.843492 0.859442 0.960813 1.051147 1.051147 1.051147 1.051147
0.998787 0.778373 1.026206 0.756033 0.826656 0.926286 0.990153 0.990153 0.990154 0.990154
1.052788 0.821759 1.083083 0.799602 0.871963 0.979916 1.049214 1.049214 1.049214 1.049214
0.981629 0.764753 0.969560 0.746626 0.807959 0.879992 0.954221 0.954221 0.954221 0.954221
1.069600 0.834552 1.060579 0.816092 0.882022 0.959931 1.043041 1.043041 1.043042 1.043042
1.052372 0.823602 1.045428 0.808449 0.869603 0.948335 1.025343 1.025343 1.025343 1.025343
1.017525 0.804393 1.027757 0.807360 0.840925 0.926217 1.015252 1.015252 1.015252 1.015252
1.006506 0.783881 0.997783 0.795089 0.811467 0.900548 0.988442 0.988442 0.988442 0.988442
1.058744 0.824364 1.043778 0.835213 0.852732 0.948266 1.038735 1.038735 1.038735 1.038735
1.023137 0.803406 1.017521 0.810094 0.828907 0.923293 0.996540 0.996540 0.996540 0.996540
0.989072 0.785473 1.008131 0.793915 0.809953 0.903065 0.983929 0.983929 0.983929 0.983929
1.023442 0.823973 1.057053 0.830437 0.845957 0.949871 1.029326 1.029326 1.029326 1.029326
0.998771 0.804727 0.995970 0.802354 0.816964 0.924154 1.021343 1.021343 1.021343 1.021343
1.015156 0.822208 1.015093 0.810290 0.826941 0.941006 1.042840 1.042840 1.042840 1.042840
1.033603 0.839368 1.034969 0.826533 0.840884 0.960564 1.062924 1.062924 1.062924 1.062924
0.996407 0.804385 1.004592 0.792114 0.815040 0.919415 1.035437 1.035437 1.035438 1.035438
0.993423 0.804142 0.984895 0.752786 0.810596 0.914162 1.036634 1.036634 1.036634 1.036634
1.050613 0.850436 1.041594 0.796122 0.857260 0.966789 1.093390 1.093390 1.093389 1.093389
1.038108 0.839214 1.029354 0.787369 0.847632 0.955736 1.079952 1.079952 1.079952 1.079952
1.020140 0.818101 1.011114 0.771171 0.832920 0.935596 1.057214 1.057214 1.057214 1.057214
1.025517 0.823561 1.017632 0.775474 0.840162 0.943566 1.063621 1.063621 1.063621 1.063621
1.011630 0.815880 1.012577 0.772132 0.834890 0.937449 1.050344 1.050344 1.050344 1.050344
0.968921 0.787928 0.974260 0.746951 0.810235 0.912434 1.026939 1.026939 1.026939 1.026939
0.975730 0.793465 1.007606 0.772517 0.834761 0.918845 1.057342 1.057342 1.057341 1.057341
0.989170 0.807968 1.023392 0.789014 0.848049 0.929067 1.076409 1.076409 1.076408 1.076408
0.973841 0.790565 0.991675 0.776787 0.832878 0.918423 1.044494 1.044494 1.044494 1.044494
0.938206 0.773691 0.979326 0.751003 0.811612 0.912768 1.031224 1.031224 1.031223 1.031223
0.961381 0.791735 0.997685 0.761892 0.822025 0.934868 1.047680 1.047680 1.047680 1.047680
1.006011 0.828490 1.044001 0.797262 0.860186 0.978268 1.090628 1.090628 1.090627 1.090627
0.999452 0.822550 1.032546 0.786092 0.851291 0.970410 1.080649 1.080649 1.080648 1.080648
0.995233 0.819318 1.029119 0.781598 0.847963 0.961208 1.071324 1.071324 1.071324 1.071324
1.000592 0.824229 1.033238 0.784729 0.846578 0.963360 1.079720 1.079720 1.079719 1.079719
1.001665 0.822846 1.035631 0.785995 0.847409 0.959116 1.076424 1.076424 1.076424 1.076424
1.005975 0.827884 1.043133 0.791132 0.853217 0.961685 1.085408 1.085408 1.085407 1.085407
0.927959 0.764815 0.949068 0.743777 0.803480 0.901003 1.033800 1.033800 1.033800 1.033800
0.984765 0.814621 1.006947 0.789335 0.853138 0.957226 1.097752 1.097752 1.097751 1.097751
0.961132 0.798081 0.976132 0.773271 0.835824 0.940949 1.064195 1.064195 1.064195 1.064195
0.990770 0.817549 1.003894 0.797893 0.859809 0.968043 1.095090 1.095090 1.095090 1.095090
0.956320 0.772043 0.981939 0.781115 0.839158 0.950020 1.067272 1.067272 1.067271 1.067271
0.965237 0.785480 0.998323 0.794929 0.853770 0.967347 1.079400 1.079400 1.079399 1.079399
0.955639 0.778579 0.995085 0.784825 0.845170 0.964048 1.071115 1.071115 1.071114 1.071114
0.931665 0.762832 0.984716 0.781651 0.850666 0.963624 1.064364 1.064364 1.064364 1.064364
0.932148 0.760814 0.984566 0.783010 0.848484 0.964493 1.060398 1.060398 1.060397 1.060397
0.926164 0.761653 0.985529 0.780124 0.849398 0.961922 1.042414 1.042414 1.042414 1.042414
0.971367 0.798827 1.033630 0.818199 0.866421 1.008871 1.090021 1.090021 1.090021 1.090021
0.868600 0.696243 0.948028 0.737218 0.776517 0.924908 1.025351 1.025351 1.025350 1.025350
0.928016 0.745775 1.016796 0.771879 0.832139 0.987761 1.089951 1.089951 1.089950 1.089950
0.947783 0.761468 1.036680 0.787090 0.846906 0.997934 1.108234 1.108234 1.108233 1.108233
0.948828 0.766131 1.041384 0.788545 0.850246 1.002023 1.113594 1.113594 1.113593 1.113593
0.923460 0.734040 0.988997 0.766170 0.820492 0.960788 1.077264 1.077264 1.077263 1.077263
0.929034 0.745518 0.998873 0.764860 0.832374 0.975006 1.094825 1.094825 1.094825 1.094825
0.885192 0.713145 0.950649 0.724485 0.800831 0.931000 1.060857 1.060857 1.060857 1.060857
0.918068 0.734965 0.979551 0.747240 0.808488 0.934798 1.087090 1.087090 1.087090 1.087090
0.932239 0.749368 0.994751 0.759863 0.819178 0.944928 1.114160 1.114160 1.114160 1.114160
0.920965 0.740722 0.984321 0.697471 0.804867 0.935770 1.103929 1.103929 1.103929 1.103929
0.900563 0.723039 0.957406 0.682020 0.790165 0.915040 1.077263 1.077263 1.077263 1.077263
0.899304 0.728734 0.913894 0.649784 0.758937 0.878224 1.091585 1.091585 1.091586 1.091586
0.916998 0.739740 0.931243 0.665689 0.761837 0.900260 1.128887 1.128887 1.128887 1.128887
0.958240 0.766954 0.976202 0.695417 0.799440 0.939925 1.185558 1.185558 1.185558 1.185558
0.965567 0.772818 0.983666 0.700734 0.805552 0.947111 1.191742 1.191742 1.191743 1.191743
0.943888 0.754780 0.964078 0.685911 0.787485 0.923889 1.160680 1.160680 1.160681 1.160681
0.932107 0.745414 0.952101 0.683952 0.780771 0.913687 1.148483 1.148483 1.148484 1.148484
0.947520 0.759034 0.969385 0.695612 0.793885 0.932588 1.168600 1.168600 1.168602 1.168602
0.954961 0.762897 0.976582 0.692714 0.799077 0.940502 1.180336 1.180336 1.180337 1.180337
0.944477 0.753762 0.942154 0.678321 0.784539 0.930150 1.171314 1.171314 1.171315 1.171315
0.956118 0.763052 0.953767 0.686681 0.794209 0.941614 1.175590 1.175590 1.175591 1.175591
0.908205 0.724185 0.905972 0.652270 0.754409 0.894428 1.110853 1.110853 1.110854 1.110854
0.933310 0.740297 0.942657 0.680287 0.788477 0.932006 1.157647 1.157647 1.157648 1.157648
0.897753 0.735979 0.934573 0.670838 0.779165 0.926851 1.149787 1.149787 1.149788 1.149788
0.903070 0.745986 0.946176 0.674971 0.788109 0.936032 1.153952 1.153952 1.153952 1.153952
0.918299 0.756371 0.959400 0.685265 0.799693 0.949381 1.166707 1.166707 1.166708 1.166708
0.920757 0.759054 0.962720 0.687619 0.802535 0.951062 1.163165 1.163165 1.163166 1.163166
0.897633 0.720909 0.927853 0.665217 0.783673 0.920176 1.146323 1.146323 1.146324 1.146324
0.891069 0.719292 0.923866 0.659510 0.782610 0.918361 1.136787 1.136787 1.136787 1.136787
