0.981787 0.980502 0.981936 0.982687 0.982453 0.982253 0.981401 0.981401 0.981401 0.981401
0.942909 0.946485 0.945918 0.942571 0.949210 0.948433 0.941583 0.941583 0.941583 0.941583
0.978137 0.976708 0.978888 0.978684 0.987432 0.984413 0.977765 0.977765 0.977765 0.977765
0.984102 0.979971 0.984438 0.972910 0.992159 0.991038 0.985865 0.985865 0.985864 0.985864
0.851954 0.756853 0.852245 0.842265 0.782175 0.857959 0.845480 0.845480 0.845479 0.845479
0.975909 0.861649 0.960876 0.964810 0.893800 0.986820 0.954570 0.954570 0.954570 0.954570
0.997169 0.881650 0.982958 0.986132 0.916382 1.011576 0.976132 0.976132 0.976132 0.976132
0.997665 0.881278 0.984799 0.982923 0.919121 1.012002 0.969701 0.969701 0.969700 0.969700
0.926744 0.820083 0.919144 0.899645 0.843335 0.937797 0.903954 0.903954 0.903953 0.903953
1.023957 0.906107 1.015560 0.994015 0.931798 1.036170 0.993861 0.993861 0.993861 0.993861
1.021994 0.904369 1.013613 0.992109 0.930012 1.034183 0.985114 0.985114 0.985114 0.985114
0.989106 0.874089 0.975294 0.950623 0.889656 1.000425 0.945278 0.945278 0.945278 0.945278
0.970754 0.886647 0.986576 0.956466 0.897012 1.015107 0.957936 0.957936 0.957936 0.957936
0.970818 0.898928 0.999777 0.966931 0.905482 1.031931 0.968543 0.968543 0.968543 0.968543
0.980328 0.908001 1.010486 0.974937 0.914639 1.036535 0.973702 0.973702 0.973702 0.973702
0.989743 0.916122 1.015618 0.976879 0.919871 1.044896 0.980451 0.980451 0.980451 0.980451
0.984908 0.912089 1.011452 0.969311 0.918628 1.040946 0.977376 0.977376 0.977376 0.977376
0.995074 0.924087 1.011541 0.980005 0.928109 1.051445 0.986705 0.986705 0.986705 0.986705
0.988766 0.919685 1.006423 0.977082 0.922874 1.048576 0.985640 0.985640 0.985640 0.985640
0.980976 0.912218 0.992986 0.968061 0.914691 1.041392 0.976928 0.976928 0.976928 0.976928
0.963678 0.899960 0.983954 0.959891 0.905181 1.030348 0.960730 0.960730 0.960730 0.960730
0.967355 0.907097 0.987787 0.964936 0.906653 1.029594 0.973385 0.973385 0.973386 0.973386
0.915265 0.856614 0.897287 0.914287 0.852486 0.938234 0.898307 0.898307 0.898307 0.898307
0.986309 0.927206 0.968740 0.992621 0.920598 1.008418 0.972100 0.972100 0.972100 0.972100
0.964642 0.887211 0.960122 0.984638 0.910405 1.002770 0.959973 0.959973 0.959973 0.959973
0.962781 0.889423 0.948721 0.974438 0.904344 1.001085 0.954432 0.954432 0.954432 0.954432
0.913054 0.875288 0.926743 0.975016 0.883394 1.001679 0.950468 0.950468 0.950469 0.950469
0.949044 0.908873 0.939630 1.003406 0.911516 1.041133 0.991265 0.991265 0.991265 0.991265
0.936689 0.891381 0.921373 0.984870 0.875727 0.994823 0.966651 0.966651 0.966652 0.966652
0.948187 0.903376 0.938995 0.994173 0.886361 1.013680 0.980758 0.980758 0.980759 0.980759
0.924407 0.885113 0.929217 0.990159 0.892131 1.013242 0.974585 0.974585 0.974586 0.974586
0.953855 0.907601 0.956591 1.022697 0.918640 1.043449 1.003871 1.003871 1.003872 1.003872
0.892073 0.855868 0.898720 0.966049 0.870520 0.991691 0.958390 0.958390 0.958391 0.958391
0.890103 0.852476 0.891975 0.963916 0.872051 0.989501 0.954315 0.954315 0.954316 0.954316
0.818404 0.817888 0.867395 0.883178 0.800034 0.907785 0.893024 0.893024 0.893025 0.893025
0.911394 0.910731 0.966816 0.981381 0.892386 0.998062 0.989684 0.989684 0.989685 0.989685
0.932894 0.931979 0.987932 1.002964 0.910259 1.010601 1.008541 1.008541 1.008542 1.008542
0.908843 0.908461 0.964029 0.907855 0.881964 0.986940 0.985434 0.985434 0.985435 0.985435
0.867271 0.868197 0.907345 0.882948 0.859195 0.956552 0.970948 0.970948 0.970949 0.970949
0.910817 0.914180 0.953768 0.930784 0.896538 1.000947 1.024469 1.024469 1.024470 1.024470
0.916108 0.918007 0.959555 0.932721 0.898189 1.003144 1.030679 1.030679 1.030680 1.030680
0.887889 0.892133 0.914502 0.861688 0.868375 0.969593 1.003090 1.003090 1.003091 1.003091
0.930599 0.927722 0.961522 0.902862 0.913964 1.015342 1.056599 1.056599 1.056600 1.056600
0.926402 0.923538 0.957186 0.898790 0.909842 1.010763 1.042820 1.042820 1.042821 1.042821
0.906578 0.889705 0.914019 0.878075 0.882816 0.974482 1.014331 1.014331 1.014332 1.014332
0.885065 0.876660 0.852969 0.817866 0.828965 0.914361 1.004833 1.004833 1.004834 1.004834
0.942590 0.927495 0.910170 0.871447 0.880542 0.971716 1.075122 1.075122 1.075123 1.075123
0.939345 0.921627 0.904461 0.867069 0.875643 0.965892 1.065300 1.065300 1.065301 1.065301
0.899924 0.891890 0.881031 0.857972 0.839012 0.934727 1.045157 1.045157 1.045157 1.045157
0.891112 0.890658 0.880055 0.852697 0.835689 0.932561 1.027436 1.027436 1.027437 1.027437
0.896820 0.903150 0.892287 0.860520 0.847389 0.942081 1.023049 1.023049 1.023050 1.023050
0.838771 0.823322 0.855977 0.810960 0.794340 0.903343 1.006550 1.006550 1.006551 1.006551
0.841087 0.834968 0.879710 0.824407 0.805126 0.916507 1.030880 1.030880 1.030881 1.030881
0.886937 0.879533 0.924413 0.865297 0.840776 0.963200 1.091384 1.091384 1.091384 1.091384
0.881505 0.871390 0.911126 0.858082 0.834105 0.957789 1.091314 1.091314 1.091314 1.091314
0.890505 0.877068 0.920461 0.866713 0.840157 0.966036 1.101569 1.101569 1.101570 1.101570
0.881965 0.870883 0.915162 0.841218 0.834612 0.956370 1.085489 1.085489 1.085490 1.085490
0.857939 0.843360 0.889627 0.822156 0.799253 0.935258 1.070930 1.070930 1.070931 1.070931
0.834255 0.823322 0.864080 0.794764 0.784771 0.911402 1.059034 1.059034 1.059034 1.059034
0.856667 0.823639 0.877188 0.809865 0.807186 0.928819 1.099347 1.099347 1.099348 1.099348
0.847927 0.815862 0.838274 0.793626 0.790627 0.916547 1.106362 1.106362 1.106362 1.106362
0.878739 0.846021 0.867541 0.821337 0.813638 0.946881 1.149361 1.149361 1.149362 1.149362
0.858803 0.826664 0.847691 0.708917 0.795021 0.903517 1.115841 1.115841 1.115842 1.115842
0.832146 0.813683 0.841961 0.689336 0.779187 0.903128 1.108014 1.108014 1.108015 1.108015
0.875576 0.858418 0.887129 0.726647 0.818798 0.952701 1.167087 1.167087 1.167088 1.167088
0.857055 0.844656 0.870751 0.706718 0.798172 0.934227 1.147618 1.147618 1.147619 1.147619
0.873276 0.858278 0.888334 0.720482 0.813205 0.946700 1.164520 1.164520 1.164522 1.164522
0.861178 0.849878 0.883433 0.714286 0.810506 0.938604 1.160878 1.160878 1.160880 1.160880
0.831933 0.821017 0.876484 0.708668 0.801055 0.906730 1.146600 1.146600 1.146601 1.146601
0.796363 0.780839 0.825333 0.643889 0.730798 0.841789 1.104018 1.104018 1.104018 1.104018
0.835673 0.762192 0.867071 0.628512 0.765505 0.883797 1.132551 1.132551 1.132552 1.132552
0.845862 0.760042 0.861373 0.633365 0.755880 0.879302 1.128305 1.128305 1.128306 1.128306
0.905559 0.813682 0.922165 0.678065 0.809227 0.941359 1.201667 1.201667 1.201668 1.201668
0.876941 0.790951 0.886980 0.659091 0.786628 0.918143 1.155859 1.155859 1.155859 1.155859
0.866662 0.777065 0.882617 0.647543 0.781644 0.900932 1.154310 1.154310 1.154310 1.154310
0.851431 0.762746 0.867105 0.636163 0.767907 0.885099 1.128108 1.128108 1.128108 1.128108
0.876576 0.792766 0.896219 0.649908 0.797222 0.919175 1.173275 1.173275 1.173276 1.173276
0.874382 0.796815 0.899746 0.648435 0.799619 0.920505 1.167662 1.167662 1.167663 1.167663
0.867942 0.786795 0.904288 0.653249 0.807259 0.926503 1.175396 1.175396 1.175397 1.175397
0.858189 0.775492 0.893527 0.646697 0.795728 0.916443 1.157257 1.157257 1.157258 1.157258
0.897782 0.811270 0.934750 0.676533 0.832439 0.958724 1.207729 1.207729 1.207730 1.207730
0.884009 0.801764 0.920209 0.666176 0.820121 0.945068 1.189923 1.189923 1.189924 1.189924
0.844926 0.686732 0.879121 0.609839 0.752074 0.865147 1.133803 1.133803 1.133804 1.133804
0.916443 0.744859 0.953532 0.661458 0.815731 0.938375 1.226493 1.226493 1.226494 1.226494
0.883734 0.718325 0.919552 0.644066 0.789768 0.906201 1.185079 1.185079 1.185080 1.185080
0.887310 0.727005 0.930006 0.652028 0.799318 0.917903 1.192278 1.192278 1.192279 1.192279
0.875667 0.709889 0.918889 0.644946 0.788447 0.905420 1.161224 1.161224 1.161225 1.161225
0.906388 0.738481 0.954390 0.668070 0.818424 0.939990 1.206446 1.206446 1.206447 1.206447
0.894252 0.727931 0.944057 0.660002 0.807486 0.925443 1.185895 1.185895 1.185896 1.185896
0.900475 0.734108 0.954342 0.666681 0.814634 0.932928 1.197943 1.197943 1.197944 1.197944
0.888511 0.724355 0.941663 0.657824 0.803811 0.920534 1.160530 1.160530 1.160531 1.160531
0.904274 0.737290 0.957292 0.668775 0.816858 0.938031 1.183594 1.183594 1.183594 1.183594
0.893376 0.730615 0.947506 0.665243 0.808676 0.930519 1.168306 1.168306 1.168307 1.168307
0.916089 0.749190 0.971595 0.682155 0.806491 0.954175 1.194425 1.194425 1.194426 1.194426
0.907098 0.743105 0.963591 0.675802 0.798781 0.948670 1.183845 1.183845 1.183846 1.183846
0.909598 0.746502 0.969076 0.679170 0.803016 0.949746 1.191886 1.191886 1.191887 1.191887
0.903765 0.742359 0.963614 0.675324 0.798563 0.942802 1.177495 1.177495 1.177496 1.177496
0.874082 0.714387 0.908323 0.653144 0.772336 0.911837 1.124735 1.124735 1.124736 1.124736
0.915182 0.744707 0.949264 0.679614 0.803827 0.946840 1.172017 1.172017 1.172017 1.172017
0.907683 0.732703 0.941092 0.671807 0.797201 0.935484 1.157982 1.157982 1.157982 1.157982
