0.924807 0.924943 0.918352 0.921793 0.928900 0.929107 0.949662 0.949662 0.949662 0.949662
0.947462 0.947600 0.940848 0.944373 0.699153 0.951866 0.969603 0.969603 0.969603 0.969603
0.979602 0.983191 0.953975 0.948642 0.700753 0.972705 1.002267 1.002267 1.002267 1.002267
0.974903 0.969593 0.946017 0.933992 0.683023 0.962677 1.007963 1.007963 1.007964 1.007964
0.937010 0.868681 0.839791 0.855116 0.615874 0.857738 0.960367 0.960367 0.960367 0.960367
1.054774 0.977857 0.945337 0.962588 0.693277 0.965539 1.076831 1.076831 1.076831 1.076831
1.016846 0.918906 0.923225 0.937227 0.667469 0.942690 1.057177 1.057177 1.057178 1.057178
1.026700 0.927050 0.900800 0.947005 0.674063 0.950382 1.067775 1.067775 1.067776 1.067776
1.000727 0.896006 0.851110 0.907740 0.660543 0.932954 1.038670 1.038670 1.038670 1.038670
1.040637 0.932515 0.883083 0.942113 0.686049 0.970817 1.084382 1.084382 1.084382 1.084382
1.057367 0.947506 0.897280 0.957259 0.697079 0.986424 1.098996 1.098996 1.098996 1.098996
1.026394 0.913043 0.851549 0.923466 0.669137 0.928053 1.061304 1.061304 1.061304 1.061304
1.048175 0.928339 0.863496 0.942873 0.683883 0.948794 1.080805 1.080805 1.080805 1.080805
1.056620 0.935599 0.866371 0.951498 0.691037 0.954356 1.094770 1.094770 1.094770 1.094770
0.997933 0.836276 0.818251 0.898651 0.652656 0.901349 1.005988 1.005988 1.005988 1.005988
0.921506 0.797540 0.766350 0.780584 0.578611 0.832319 0.957142 0.957142 0.957142 0.957142
1.015156 0.894067 0.843596 0.854670 0.647024 0.936781 1.087323 1.087323 1.087322 1.087322
0.988550 0.875363 0.774217 0.808671 0.593338 0.882763 1.067565 1.067565 1.067565 1.067565
0.996598 0.871137 0.797657 0.847488 0.616909 0.928491 1.114998 1.114998 1.114998 1.114998
0.992832 0.886291 0.806668 0.866744 0.632492 0.947840 1.142293 1.142293 1.142293 1.142293
0.983456 0.878537 0.794470 0.860356 0.626689 0.932934 1.124493 1.124493 1.124493 1.124493
0.931326 0.831081 0.755209 0.808358 0.588123 0.895241 1.097892 1.097892 1.097891 1.097891
0.959465 0.752667 0.756863 0.810128 0.590077 0.912056 1.136448 1.136448 1.136447 1.136447
1.007662 0.789755 0.789017 0.845991 0.587741 0.948126 1.196211 1.196211 1.196211 1.196211
0.936236 0.733775 0.733089 0.786025 0.546080 0.880920 1.050770 1.050770 1.050770 1.050770
1.036341 0.775051 0.807767 0.874448 0.604469 0.980019 1.169838 1.169838 1.169838 1.169838
1.005445 0.732426 0.783023 0.822488 0.589158 0.954455 1.139804 1.139804 1.139804 1.139804
1.033639 0.732608 0.802610 0.847102 0.605096 0.986379 1.179196 1.179196 1.179196 1.179196
0.952819 0.701917 0.756717 0.791744 0.565091 0.945057 1.137129 1.137129 1.137129 1.137129
1.004063 0.740651 0.796202 0.833203 0.595215 0.996074 1.198767 1.198767 1.198767 1.198767
0.957531 0.709282 0.770801 0.800150 0.567541 0.917529 1.155457 1.155457 1.155458 1.155458
0.991734 0.735400 0.800442 0.831502 0.591340 0.950659 1.200593 1.200593 1.200593 1.200593
0.943911 0.702549 0.770173 0.799899 0.564629 0.909652 1.145577 1.145577 1.145577 1.145577
0.955717 0.715142 0.789727 0.817456 0.578503 0.917053 1.175882 1.175882 1.175881 1.175881
0.927473 0.704020 0.766157 0.801668 0.565330 0.871187 1.171272 1.171272 1.171272 1.171272
0.938658 0.730905 0.790854 0.834823 0.588543 0.902456 1.218840 1.218840 1.218840 1.218840
0.912809 0.722429 0.763917 0.810669 0.563679 0.889848 1.202858 1.202858 1.202858 1.202858
0.946441 0.747543 0.787168 0.841334 0.584713 0.918024 1.253319 1.253319 1.253319 1.253319
0.940552 0.742892 0.730741 0.824040 0.581075 0.868364 1.246602 1.246602 1.246602 1.246602
0.919461 0.712181 0.724032 0.792258 0.577033 0.861213 1.236952 1.236952 1.236952 1.236952
0.913090 0.717040 0.722419 0.782589 0.571531 0.856854 1.236721 1.236721 1.236720 1.236720
0.903683 0.706007 0.702698 0.764883 0.559044 0.845524 1.225994 1.225994 1.225993 1.225993
0.912749 0.715248 0.720011 0.769610 0.574250 0.878030 1.272703 1.272703 1.272702 1.272702
0.886723 0.701070 0.708796 0.754823 0.567202 0.865304 1.268705 1.268705 1.268705 1.268705
0.879717 0.694163 0.709055 0.750116 0.562861 0.859043 1.271000 1.271000 1.271000 1.271000
0.901109 0.709166 0.720262 0.758521 0.574454 0.841234 1.302099 1.302099 1.302099 1.302099
0.911353 0.698627 0.699888 0.767144 0.583199 0.854040 1.322412 1.322412 1.322411 1.322411
0.917821 0.703585 0.704856 0.772588 0.587338 0.860101 1.322612 1.322612 1.322612 1.322612
0.872055 0.655714 0.661972 0.727636 0.563620 0.807785 1.275123 1.275123 1.275123 1.275123
0.892355 0.670978 0.677381 0.744574 0.576740 0.826588 1.276004 1.276004 1.276004 1.276004
0.922082 0.689971 0.698804 0.749914 0.592889 0.849496 1.322735 1.322735 1.322735 1.322735
0.900204 0.674606 0.656536 0.736702 0.583644 0.831873 1.307091 1.307091 1.307092 1.307092
0.911963 0.681919 0.666446 0.750797 0.588880 0.847847 1.335120 1.335120 1.335120 1.335120
0.855190 0.641169 0.575897 0.712479 0.552233 0.788795 1.275394 1.275394 1.275395 1.275395
0.901970 0.676135 0.608664 0.753745 0.583494 0.834449 1.353973 1.353973 1.353974 1.353974
0.883884 0.663636 0.564023 0.742175 0.573869 0.822236 1.344641 1.344641 1.344642 1.344642
0.898429 0.674712 0.570995 0.752456 0.577791 0.830997 1.373674 1.373674 1.373675 1.373675
0.873648 0.648642 0.557332 0.719904 0.561794 0.806749 1.357708 1.357708 1.357708 1.357708
0.894793 0.660443 0.568239 0.735778 0.575545 0.823431 1.397390 1.397390 1.397391 1.397391
0.874365 0.645587 0.553030 0.710178 0.563313 0.791766 1.349505 1.349505 1.349506 1.349506
0.901950 0.667520 0.569875 0.733213 0.581939 0.812510 1.399816 1.399816 1.399816 1.399816
0.825381 0.549246 0.521497 0.650904 0.498577 0.665481 1.282495 1.282495 1.282495 1.282495
0.916435 0.599421 0.579256 0.722023 0.553768 0.738779 1.426904 1.426904 1.426904 1.426904
0.854445 0.554354 0.533924 0.673165 0.512133 0.681862 1.306754 1.306754 1.306754 1.306754
0.910758 0.597517 0.574214 0.722296 0.551682 0.729005 1.415988 1.415988 1.415988 1.415988
0.855335 0.547578 0.548183 0.692117 0.522853 0.693068 1.357751 1.357751 1.357751 1.357751
0.880083 0.559260 0.563375 0.699127 0.538921 0.705868 1.394895 1.394895 1.394895 1.394895
0.870356 0.552129 0.540174 0.687110 0.529409 0.696111 1.394333 1.394333 1.394334 1.394334
0.906907 0.575688 0.562495 0.714836 0.544422 0.722262 1.457581 1.457581 1.457581 1.457581
0.839517 0.515174 0.539533 0.662546 0.515981 0.683182 1.413308 1.413308 1.413308 1.413308
0.762977 0.484002 0.500226 0.631710 0.494350 0.657862 1.378691 1.378691 1.378691 1.378691
0.803287 0.520728 0.539641 0.673091 0.524664 0.710816 1.495922 1.495922 1.495922 1.495922
0.775217 0.496242 0.517802 0.625949 0.502690 0.657898 1.463900 1.463900 1.463900 1.463900
0.790830 0.512152 0.527300 0.646485 0.517928 0.653508 1.515246 1.515246 1.515246 1.515246
0.781901 0.514663 0.531016 0.644972 0.514856 0.655031 1.527950 1.527950 1.527950 1.527950
0.783508 0.516901 0.534631 0.648468 0.515216 0.654475 1.538675 1.538675 1.538674 1.538674
0.775986 0.512202 0.526993 0.641651 0.508585 0.644934 1.530204 1.530204 1.530204 1.530204
0.747704 0.475529 0.502743 0.622104 0.479770 0.623572 1.464838 1.464838 1.464838 1.464838
0.769912 0.482615 0.518955 0.635999 0.489142 0.638802 1.495575 1.495575 1.495575 1.495575
0.703322 0.448993 0.482801 0.591691 0.455066 0.597923 1.397537 1.397537 1.397538 1.397538
0.733964 0.465975 0.504049 0.615607 0.474402 0.622387 1.463298 1.463298 1.463298 1.463298
0.731449 0.481504 0.517195 0.638770 0.493159 0.648639 1.530219 1.530219 1.530220 1.530220
0.734062 0.485871 0.520592 0.640574 0.497406 0.645156 1.548260 1.548260 1.548260 1.548260
0.617645 0.416226 0.457772 0.541201 0.415186 0.576005 1.383484 1.383484 1.383484 1.383484
0.694008 0.465874 0.512927 0.596837 0.452713 0.648433 1.550796 1.550796 1.550796 1.550796
0.609325 0.459233 0.505042 0.592289 0.451635 0.644462 1.553436 1.553436 1.553436 1.553436
0.607864 0.455864 0.507760 0.596990 0.452200 0.651145 1.565945 1.565945 1.565945 1.565945
0.609726 0.457785 0.506834 0.597414 0.445128 0.656285 1.585887 1.585887 1.585888 1.585888
0.578789 0.455503 0.507970 0.596013 0.446108 0.652993 1.584146 1.584146 1.584146 1.584146
0.592641 0.464198 0.519264 0.604547 0.457443 0.667817 1.630285 1.630285 1.630285 1.630285
0.578965 0.457710 0.494462 0.594738 0.450554 0.657689 1.611963 1.611963 1.611964 1.611964
0.557279 0.439079 0.477387 0.573689 0.431853 0.634530 1.558868 1.558868 1.558869 1.558869
0.574293 0.448730 0.474816 0.587406 0.437929 0.644090 1.615308 1.615308 1.615309 1.615309
0.558828 0.439762 0.470354 0.583203 0.434848 0.622546 1.607571 1.607571 1.607571 1.607571
0.525673 0.419253 0.428107 0.549446 0.414501 0.591985 1.550678 1.550678 1.550679 1.550679
0.528033 0.424494 0.423673 0.499793 0.413369 0.581698 1.586542 1.586542 1.586542 1.586542
0.562138 0.451082 0.450344 0.532408 0.438014 0.617753 1.689131 1.689131 1.689131 1.689131
0.527257 0.432986 0.429579 0.512488 0.383417 0.591074 1.626605 1.626605 1.626605 1.626605
0.533617 0.421156 0.433115 0.503096 0.389344 0.580416 1.643999 1.643999 1.644000 1.644000
0.557491 0.439999 0.441926 0.525605 0.406764 0.606384 1.707333 1.707333 1.707334 1.707334
