0.921382 0.934676 0.921105 0.931104 0.927821 0.901955 0.945719 0.945719 0.945719 0.945719
0.956665 0.971502 0.958903 0.969991 0.969129 0.936845 0.985103 0.985103 0.985103 0.985103
0.913437 0.949296 0.931135 0.950489 0.863585 0.912502 0.965695 0.965695 0.965695 0.965695
0.922170 0.946379 0.934657 0.924682 0.865575 0.883518 0.988604 0.988604 0.988604 0.988604
0.958134 0.983514 0.967196 0.958284 0.890818 0.912736 1.032349 1.032349 1.032349 1.032349
0.957333 0.982692 0.902730 0.943674 0.890074 0.868042 1.032382 1.032382 1.032382 1.032382
0.971476 0.995377 0.914658 0.958215 0.899007 0.878709 1.047705 1.047705 1.047705 1.047705
0.941530 0.848051 0.862350 0.903416 0.848552 0.842173 1.020244 1.020244 1.020244 1.020244
0.965480 0.863199 0.883237 0.909465 0.871656 0.854811 1.044592 1.044592 1.044592 1.044592
0.987737 0.881161 0.905410 0.936005 0.888149 0.879816 1.077514 1.077514 1.077514 1.077514
0.934769 0.864663 0.882227 0.922302 0.876759 0.870739 1.070034 1.070034 1.070034 1.070034
0.955318 0.885748 0.900670 0.943387 0.897351 0.885266 1.099633 1.099633 1.099633 1.099633
0.913394 0.868740 0.878310 0.928097 0.882557 0.866348 1.081038 1.081038 1.081037 1.081037
0.902327 0.877002 0.889064 0.927889 0.878893 0.878338 1.100600 1.100600 1.100600 1.100600
0.873851 0.847867 0.834774 0.893030 0.845479 0.848237 1.077346 1.077346 1.077345 1.077345
0.862452 0.833983 0.826388 0.883272 0.830939 0.839124 1.068283 1.068283 1.068283 1.068283
0.854698 0.821935 0.819305 0.872691 0.822618 0.829466 1.062216 1.062216 1.062216 1.062216
0.905291 0.866468 0.866362 0.915669 0.872567 0.877508 1.130797 1.130797 1.130796 1.130796
0.871898 0.830376 0.840912 0.891029 0.843454 0.855957 1.100495 1.100495 1.100494 1.100494
0.855843 0.799494 0.815891 0.866963 0.836186 0.830502 1.096100 1.096100 1.096099 1.096099
0.874192 0.817572 0.829323 0.883473 0.838189 0.852393 1.130395 1.130395 1.130395 1.130395
0.893843 0.814270 0.814718 0.903332 0.860296 0.874875 1.160641 1.160641 1.160640 1.160640
0.822064 0.758988 0.725006 0.832070 0.801759 0.813379 1.094603 1.094603 1.094603 1.094603
0.880190 0.813331 0.774543 0.889179 0.857404 0.871480 1.176654 1.176654 1.176654 1.176654
0.757253 0.722667 0.675855 0.719592 0.708200 0.749759 1.043039 1.043039 1.043039 1.043039
0.869196 0.791525 0.772222 0.830124 0.812892 0.864925 1.204141 1.204141 1.204141 1.204141
0.856834 0.783012 0.746536 0.795046 0.776813 0.842704 1.186747 1.186747 1.186747 1.186747
0.856151 0.762645 0.755666 0.802334 0.775174 0.852772 1.207582 1.207582 1.207583 1.207583
0.841384 0.759870 0.746149 0.784307 0.759805 0.839640 1.194812 1.194812 1.194813 1.194813
0.868853 0.771275 0.770813 0.809143 0.784878 0.866916 1.236356 1.236356 1.236356 1.236356
0.856232 0.764233 0.761883 0.796794 0.777359 0.846711 1.228372 1.228372 1.228372 1.228372
0.844645 0.743056 0.753431 0.780389 0.759269 0.830973 1.201490 1.201490 1.201490 1.201490
0.852994 0.750925 0.756516 0.789752 0.766981 0.833863 1.205845 1.205845 1.205845 1.205845
0.861038 0.751717 0.737035 0.792079 0.761848 0.829096 1.223921 1.223921 1.223921 1.223921
0.818370 0.690689 0.725852 0.753771 0.741357 0.805207 1.218480 1.218480 1.218480 1.218480
0.838709 0.702692 0.727282 0.767722 0.751336 0.799815 1.242326 1.242326 1.242326 1.242326
0.839349 0.704278 0.700431 0.773115 0.758173 0.802870 1.258428 1.258428 1.258428 1.258428
0.852262 0.716064 0.710125 0.783952 0.769492 0.815377 1.278301 1.278301 1.278301 1.278301
0.841067 0.714915 0.699562 0.783260 0.766956 0.783517 1.279978 1.279978 1.279977 1.279977
0.792528 0.668207 0.651683 0.738037 0.716848 0.730856 1.184686 1.184686 1.184685 1.184685
0.844237 0.709046 0.692258 0.771614 0.741024 0.780001 1.258950 1.258950 1.258949 1.258949
0.813316 0.688523 0.657045 0.673154 0.708750 0.735074 1.235342 1.235342 1.235341 1.235341
0.818064 0.696305 0.622853 0.657885 0.671331 0.715483 1.252811 1.252811 1.252811 1.252811
0.841040 0.702009 0.649020 0.665191 0.701107 0.746254 1.307341 1.307341 1.307341 1.307341
0.814928 0.682752 0.635746 0.651456 0.681517 0.726949 1.269943 1.269943 1.269943 1.269943
0.846614 0.717255 0.666386 0.681281 0.715535 0.757505 1.341212 1.341212 1.341211 1.341211
0.784761 0.597800 0.617700 0.612623 0.620963 0.628452 1.244692 1.244692 1.244691 1.244691
0.728065 0.564667 0.598902 0.570702 0.571511 0.618672 1.226364 1.226364 1.226363 1.226363
0.806208 0.619596 0.660819 0.625194 0.619811 0.681278 1.372288 1.372288 1.372288 1.372288
0.714782 0.616759 0.657047 0.626519 0.624405 0.683752 1.388117 1.388117 1.388116 1.388116
0.707413 0.614755 0.661990 0.632659 0.630600 0.672168 1.405060 1.405060 1.405059 1.405059
0.680180 0.592663 0.586539 0.615582 0.606339 0.641195 1.376211 1.376211 1.376211 1.376211
0.733752 0.639341 0.632735 0.664065 0.654095 0.691696 1.480804 1.480804 1.480803 1.480803
0.710148 0.618774 0.612381 0.642703 0.633053 0.669445 1.401533 1.401533 1.401532 1.401532
0.726878 0.633677 0.623842 0.657239 0.645828 0.681772 1.440483 1.440483 1.440482 1.440482
0.667845 0.605139 0.586240 0.612273 0.601151 0.651068 1.384537 1.384537 1.384536 1.384536
0.692720 0.633525 0.592710 0.639532 0.628659 0.680787 1.453510 1.453510 1.453510 1.453510
0.677398 0.632680 0.588371 0.642021 0.632674 0.682180 1.461679 1.461679 1.461678 1.461678
0.683434 0.637736 0.589233 0.644063 0.605374 0.681256 1.478009 1.478009 1.478009 1.478009
0.652696 0.576412 0.562732 0.615096 0.578147 0.650616 1.373343 1.373343 1.373342 1.373342
0.674966 0.591070 0.564102 0.625534 0.601088 0.677620 1.417345 1.417345 1.417345 1.417345
0.670047 0.597098 0.559569 0.617189 0.605704 0.687263 1.450929 1.450929 1.450928 1.450928
0.685519 0.608213 0.568458 0.631313 0.620186 0.703910 1.480296 1.480296 1.480295 1.480295
0.693335 0.615545 0.574568 0.637503 0.619047 0.708909 1.502007 1.502007 1.502006 1.502006
0.668690 0.570563 0.552048 0.596381 0.599046 0.663381 1.446659 1.446659 1.446658 1.446658
0.691516 0.588483 0.566149 0.608844 0.617245 0.655856 1.496263 1.496263 1.496262 1.496262
0.644209 0.511030 0.487130 0.540294 0.539456 0.566401 1.381790 1.381790 1.381790 1.381790
0.671690 0.532907 0.504364 0.561505 0.564957 0.593308 1.479455 1.479455 1.479454 1.479454
0.657532 0.509053 0.501893 0.560833 0.558112 0.587951 1.478691 1.478691 1.478691 1.478691
0.699289 0.541381 0.533766 0.596449 0.593555 0.625290 1.561752 1.561752 1.561751 1.561751
0.666001 0.520222 0.515127 0.573495 0.574751 0.604119 1.526256 1.526256 1.526255 1.526255
0.683246 0.533567 0.525988 0.588982 0.591040 0.618412 1.573331 1.573331 1.573330 1.573330
0.651645 0.490323 0.496678 0.565227 0.551879 0.591844 1.490795 1.490795 1.490795 1.490795
0.695096 0.523018 0.529797 0.602917 0.588679 0.631308 1.583971 1.583971 1.583970 1.583970
0.640701 0.505326 0.515592 0.584067 0.572873 0.609933 1.536367 1.536367 1.536367 1.536367
0.636613 0.496393 0.514229 0.570984 0.569158 0.605046 1.551620 1.551620 1.551619 1.551619
0.653781 0.509780 0.515764 0.586382 0.584507 0.621363 1.583982 1.583982 1.583981 1.583981
0.579409 0.460110 0.465510 0.529248 0.527555 0.564240 1.435968 1.435968 1.435968 1.435968
0.635422 0.504509 0.511575 0.582181 0.579601 0.620649 1.585103 1.585103 1.585103 1.585103
0.611214 0.482794 0.483634 0.553028 0.551015 0.595242 1.527222 1.527222 1.527222 1.527222
0.638047 0.501548 0.504042 0.562702 0.572248 0.618007 1.599376 1.599376 1.599376 1.599376
0.640042 0.500164 0.503330 0.563275 0.574190 0.617805 1.612246 1.612246 1.612246 1.612246
0.623665 0.495348 0.499548 0.553831 0.562531 0.610291 1.602255 1.602255 1.602256 1.602256
0.599708 0.484129 0.477137 0.531792 0.532740 0.595034 1.563561 1.563561 1.563561 1.563561
0.539791 0.450461 0.438122 0.502166 0.505498 0.567471 1.510596 1.510596 1.510596 1.510596
0.550831 0.453761 0.456899 0.532698 0.531998 0.604156 1.596982 1.596982 1.596982 1.596982
0.557245 0.459202 0.460358 0.532303 0.539062 0.601418 1.596668 1.596668 1.596668 1.596668
0.567488 0.467259 0.453042 0.542486 0.549072 0.611543 1.626553 1.626553 1.626553 1.626553
0.574222 0.471855 0.455584 0.549444 0.555839 0.615708 1.653961 1.653961 1.653961 1.653961
0.552918 0.454348 0.438682 0.529058 0.393208 0.592865 1.587158 1.587158 1.587158 1.587158
0.561373 0.462693 0.451831 0.535101 0.406007 0.618864 1.656209 1.656209 1.656209 1.656209
0.544694 0.451347 0.443984 0.524043 0.398637 0.597884 1.629134 1.629134 1.629134 1.629134
0.533610 0.444013 0.441535 0.516973 0.390464 0.565750 1.613080 1.613080 1.613080 1.613080
0.539188 0.437008 0.445774 0.506435 0.396369 0.573860 1.636894 1.636894 1.636894 1.636894
0.523188 0.424040 0.432546 0.491407 0.384607 0.556831 1.501647 1.501647 1.501647 1.501647
0.567035 0.460312 0.443302 0.535146 0.418353 0.606833 1.649352 1.649352 1.649352 1.649352
0.530521 0.430212 0.416328 0.496757 0.387887 0.575313 1.590971 1.590971 1.590972 1.590972
0.558809 0.440900 0.437236 0.524204 0.408176 0.609176 1.686429 1.686429 1.686429 1.686429
0.544235 0.428556 0.429381 0.511389 0.397630 0.593685 1.658520 1.658520 1.658520 1.658520
0.557514 0.440017 0.441943 0.525626 0.406780 0.606409 1.707402 1.707402 1.707402 1.707402
