0.957690 0.957690 0.957690 0.957690 0.703586 0.957690 0.954419 0.954419 0.954419 0.954419
1.000157 0.973117 0.997212 1.001991 0.734078 1.005416 1.003062 1.003062 1.003062 1.003062
0.976967 0.953432 0.988178 0.975026 0.729246 1.009732 1.007031 1.007031 1.007032 1.007032
0.966561 0.932553 0.981328 0.949088 0.721403 0.997337 1.012658 1.012658 1.012658 1.012658
0.924215 0.870123 0.953843 0.925938 0.696112 0.965381 0.988631 0.988631 0.988631 0.988631
0.981474 0.924030 1.012938 0.983303 0.739239 1.025190 1.042640 1.042640 1.042641 1.042641
0.941460 0.909240 0.991010 0.970519 0.729421 1.006551 1.028349 1.028349 1.028349 1.028349
0.890521 0.853087 0.926716 0.917982 0.684374 0.942492 0.955432 0.955432 0.955432 0.955432
0.928625 0.885017 0.949773 0.945342 0.705331 0.979918 0.997952 0.997952 0.997952 0.997952
0.936751 0.875488 0.971062 0.937864 0.722762 1.002840 1.021804 1.021804 1.021804 1.021804
0.962696 0.899944 0.993938 0.961372 0.735748 1.024735 1.055411 1.055411 1.055411 1.055411
0.968473 0.905929 0.999256 0.965614 0.730476 1.026501 1.065171 1.065171 1.065171 1.065171
0.887446 0.830135 0.915654 0.884826 0.669361 0.940619 0.922791 0.922791 0.922791 0.922791
0.989195 0.923456 1.014329 0.987210 0.746444 1.043228 1.033659 1.033659 1.033659 1.033659
0.967990 0.900157 0.989804 0.948136 0.708829 1.022778 1.009071 1.009071 1.009070 1.009070
0.986856 0.918921 1.007560 0.965313 0.722319 1.042910 1.029149 1.029149 1.029149 1.029149
0.971532 0.905286 0.986228 0.952313 0.711295 1.020204 1.006889 1.006889 1.006888 1.006888
0.962400 0.915838 0.991742 0.968455 0.725148 1.035588 1.025717 1.025717 1.025717 1.025717
0.946067 0.865260 0.971221 0.923433 0.715233 0.987742 1.006947 1.006947 1.006946 1.006946
0.942217 0.867887 0.984696 0.938361 0.726884 0.977130 1.025663 1.025663 1.025662 1.025662
0.968527 0.891308 1.004723 0.959085 0.708626 0.994197 1.056667 1.056667 1.056666 1.056666
0.930425 0.839866 0.954047 0.913287 0.687543 0.944066 1.030011 1.030011 1.030010 1.030010
0.930606 0.844522 0.966371 0.921982 0.695870 0.940173 1.044401 1.044401 1.044400 1.044400
0.956819 0.866406 0.995583 0.953631 0.712581 0.972512 1.082701 1.082701 1.082700 1.082700
0.924092 0.829740 0.932069 0.905738 0.691908 0.945955 1.043565 1.043565 1.043564 1.043564
0.924123 0.843371 0.925849 0.904469 0.681466 0.959184 1.059081 1.059081 1.059080 1.059080
0.931016 0.828220 0.944915 0.920300 0.685647 0.978662 1.086578 1.086578 1.086577 1.086577
0.948721 0.839880 0.961311 0.914076 0.695092 0.991869 1.110787 1.110787 1.110786 1.110786
0.947210 0.839242 0.957646 0.910854 0.693140 0.990960 1.113423 1.113423 1.113422 1.113422
0.941049 0.833099 0.919397 0.905594 0.688760 0.983020 1.106546 1.106546 1.106545 1.106545
0.833853 0.763104 0.831087 0.841841 0.643373 0.922902 1.052433 1.052433 1.052432 1.052432
0.883368 0.796799 0.882614 0.885451 0.674848 0.972694 1.105488 1.105488 1.105487 1.105487
0.902554 0.814523 0.897516 0.903849 0.687228 0.988824 1.134169 1.134169 1.134168 1.134168
0.783082 0.793446 0.873301 0.886386 0.677510 0.971182 1.122706 1.122706 1.122705 1.122705
0.799366 0.803225 0.860392 0.899005 0.680552 0.976501 1.152364 1.152364 1.152364 1.152364
0.800443 0.813705 0.860031 0.911393 0.688264 0.952116 1.170809 1.170809 1.170808 1.170808
0.804816 0.780698 0.860780 0.920985 0.692024 0.962136 1.184003 1.184003 1.184002 1.184002
0.809585 0.785139 0.861820 0.927444 0.697784 0.965729 1.196765 1.196765 1.196764 1.196764
0.808034 0.782196 0.858848 0.926249 0.693197 0.961520 1.194555 1.194555 1.194554 1.194554
0.790533 0.765254 0.840246 0.906187 0.678183 0.940694 1.142885 1.142885 1.142884 1.142884
0.788911 0.671345 0.815712 0.879728 0.659126 0.928348 1.145970 1.145970 1.145969 1.145969
0.823365 0.700554 0.853109 0.920948 0.689155 0.971809 1.203852 1.203852 1.203852 1.203852
0.796884 0.674666 0.832110 0.900563 0.669429 0.952592 1.177340 1.177340 1.177340 1.177340
0.799806 0.678151 0.803715 0.909522 0.677482 0.959006 1.196062 1.196062 1.196062 1.196062
0.769312 0.657497 0.761644 0.792228 0.646967 0.902360 1.171805 1.171805 1.171805 1.171805
0.769649 0.657882 0.756659 0.789992 0.650115 0.906953 1.203825 1.203825 1.203825 1.203825
0.765296 0.619101 0.752379 0.785523 0.646437 0.901823 1.164628 1.164628 1.164627 1.164627
0.795341 0.637566 0.779132 0.807629 0.657974 0.932036 1.223096 1.223096 1.223095 1.223095
0.802893 0.644648 0.743757 0.819210 0.666633 0.946085 1.251291 1.251291 1.251291 1.251291
0.818742 0.646145 0.758738 0.834587 0.680024 0.964609 1.278614 1.278614 1.278614 1.278614
0.684438 0.549947 0.662864 0.700555 0.563945 0.855646 1.135144 1.135144 1.135144 1.135144
0.735067 0.599149 0.711682 0.760314 0.609893 0.899564 1.251313 1.251313 1.251313 1.251313
0.743866 0.605280 0.698259 0.764641 0.613077 0.907783 1.279929 1.279929 1.279929 1.279929
0.769134 0.624189 0.715979 0.780494 0.631600 0.897341 1.323602 1.323602 1.323602 1.323602
0.750809 0.608119 0.704744 0.763177 0.616706 0.876548 1.304713 1.304713 1.304713 1.304713
0.769114 0.622944 0.674372 0.770508 0.631741 0.854664 1.337682 1.337682 1.337682 1.337682
0.736226 0.593024 0.645809 0.735336 0.604103 0.816038 1.284760 1.284760 1.284760 1.284760
0.751108 0.589307 0.658306 0.727306 0.619163 0.835732 1.316322 1.316322 1.316322 1.316322
0.764222 0.605182 0.652874 0.745195 0.635144 0.857210 1.355537 1.355537 1.355537 1.355537
0.729114 0.579534 0.629692 0.718590 0.607908 0.822200 1.296521 1.296521 1.296521 1.296521
0.756658 0.601633 0.650848 0.736607 0.631891 0.839617 1.329752 1.329752 1.329752 1.329752
0.744136 0.570091 0.633721 0.728914 0.608400 0.828571 1.299235 1.299235 1.299235 1.299235
0.795473 0.609421 0.677441 0.779201 0.650373 0.885733 1.385314 1.385314 1.385314 1.385314
0.782530 0.600878 0.669579 0.769097 0.638924 0.868796 1.369523 1.369523 1.369523 1.369523
0.782743 0.598197 0.668650 0.762083 0.640020 0.867988 1.376842 1.376842 1.376843 1.376843
0.790824 0.604373 0.675552 0.769950 0.646627 0.876948 1.385605 1.385605 1.385605 1.385605
0.729349 0.584258 0.657811 0.746300 0.629620 0.847734 1.344722 1.344722 1.344722 1.344722
0.721215 0.585743 0.653555 0.734057 0.620964 0.839857 1.338754 1.338754 1.338754 1.338754
0.722466 0.599604 0.670832 0.744182 0.627056 0.863418 1.382089 1.382089 1.382089 1.382089
0.684366 0.588930 0.654270 0.733976 0.619597 0.855314 1.373785 1.373785 1.373785 1.373785
0.693509 0.594188 0.658342 0.743632 0.628376 0.867699 1.388259 1.388259 1.388259 1.388259
0.684299 0.588359 0.637053 0.712891 0.601062 0.846215 1.369514 1.369514 1.369514 1.369514
0.693535 0.596935 0.647356 0.724928 0.612829 0.857957 1.392477 1.392477 1.392477 1.392477
0.689111 0.588801 0.628864 0.715844 0.602150 0.826241 1.376462 1.376462 1.376462 1.376462
0.648557 0.561630 0.572673 0.674755 0.574269 0.786083 1.328428 1.328428 1.328428 1.328428
0.651236 0.565451 0.529897 0.685648 0.576655 0.783106 1.358837 1.358837 1.358838 1.358838
0.679662 0.596752 0.557983 0.720328 0.608216 0.819766 1.441679 1.441679 1.441679 1.441679
0.642782 0.577569 0.536674 0.699135 0.536826 0.790875 1.399841 1.399841 1.399841 1.399841
0.675145 0.606649 0.550531 0.734337 0.563855 0.830695 1.461573 1.461573 1.461573 1.461573
0.598420 0.547611 0.496955 0.662872 0.508981 0.754425 1.325169 1.325169 1.325170 1.325170
0.632364 0.583850 0.532137 0.707178 0.546844 0.808724 1.436910 1.436910 1.436911 1.436911
0.639679 0.593837 0.539899 0.714824 0.555946 0.810789 1.465431 1.465431 1.465432 1.465432
0.645873 0.584038 0.523753 0.721747 0.563469 0.821761 1.485813 1.485813 1.485814 1.485814
0.630508 0.570798 0.508802 0.702923 0.539809 0.806075 1.464452 1.464452 1.464452 1.464452
0.593671 0.500986 0.442480 0.630467 0.476836 0.703593 1.366911 1.366911 1.366911 1.366911
0.601560 0.527632 0.458579 0.647744 0.489502 0.741016 1.448957 1.448957 1.448958 1.448958
0.600112 0.529221 0.431152 0.627862 0.459858 0.715354 1.457401 1.457401 1.457402 1.457402
0.587980 0.466228 0.422436 0.596773 0.421829 0.627316 1.429625 1.429625 1.429626 1.429626
0.625715 0.489940 0.446973 0.611979 0.445674 0.640249 1.542716 1.542716 1.542717 1.542717
0.616217 0.484521 0.446854 0.606907 0.438840 0.609035 1.535572 1.535572 1.535573 1.535573
0.647868 0.506420 0.467681 0.636739 0.461504 0.638114 1.622366 1.622366 1.622367 1.622367
0.631254 0.501515 0.464139 0.626027 0.452106 0.630316 1.612219 1.612219 1.612220 1.612220
0.541360 0.444192 0.403714 0.505018 0.372244 0.540555 1.424599 1.424599 1.424600 1.424600
0.573648 0.470183 0.429414 0.530940 0.390892 0.580419 1.556352 1.556352 1.556353 1.556353
0.581018 0.474617 0.436253 0.538915 0.394248 0.589246 1.583747 1.583747 1.583749 1.583749
0.610935 0.500228 0.458231 0.567151 0.415158 0.616374 1.674548 1.674548 1.674550 1.674550
0.591702 0.480902 0.443279 0.539257 0.402790 0.590897 1.619346 1.619346 1.619347 1.619347
0.564828 0.443783 0.438453 0.515410 0.393663 0.576369 1.619164 1.619164 1.619165 1.619165
0.554024 0.429694 0.439508 0.525540 0.398230 0.589827 1.645362 1.645362 1.645363 1.645363
0.542319 0.428024 0.429898 0.511300 0.395693 0.589881 1.660867 1.660867 1.660867 1.660867
