0.931214 0.935110 0.945315 0.937731 0.931067 0.899468 0.941189 0.941189 0.941189 0.941189
0.905695 0.908514 0.922894 0.904877 0.897393 0.886462 0.943768 0.943768 0.943768 0.943768
0.969122 0.974423 0.986483 0.969079 0.961651 0.943623 1.015473 1.015473 1.015473 1.015473
0.894050 0.808280 0.910067 0.867276 0.830584 0.779143 0.937917 0.937917 0.937917 0.937917
0.950417 0.866926 0.980326 0.930781 0.897711 0.840218 1.023090 1.023090 1.023090 1.023090
0.941078 0.847664 0.965137 0.888121 0.882501 0.797907 1.027248 1.027248 1.027247 1.027247
0.965635 0.870711 0.992938 0.914343 0.910963 0.819035 1.057456 1.057456 1.057456 1.057456
0.918846 0.831613 0.955157 0.879377 0.869602 0.783515 1.008753 1.008753 1.008753 1.008753
0.967153 0.876497 1.003843 0.924362 0.914909 0.824864 1.062212 1.062212 1.062211 1.062211
0.950782 0.862650 0.982044 0.906584 0.882653 0.814807 1.054301 1.054301 1.054300 1.054300
0.938687 0.854254 0.983572 0.891637 0.886236 0.827070 1.069813 1.069813 1.069812 1.069812
0.909803 0.812131 0.942293 0.856633 0.867538 0.792372 1.052127 1.052127 1.052126 1.052126
0.948403 0.846587 0.917568 0.880098 0.904345 0.786201 1.097718 1.097718 1.097717 1.097717
0.948516 0.839662 0.885694 0.874548 0.890006 0.774495 1.103894 1.103894 1.103894 1.103894
0.924779 0.788782 0.854953 0.857955 0.849532 0.757717 1.069264 1.069264 1.069264 1.069264
0.947993 0.826284 0.898026 0.890079 0.877878 0.797145 1.129627 1.129627 1.129627 1.129627
0.800335 0.710230 0.792319 0.754533 0.735235 0.714100 1.012805 1.012805 1.012805 1.012805
0.866366 0.764594 0.858053 0.814321 0.795074 0.771051 1.100029 1.100029 1.100029 1.100029
0.917495 0.805886 0.907183 0.854282 0.843210 0.815574 1.170855 1.170855 1.170855 1.170855
0.845384 0.742547 0.835883 0.787139 0.776937 0.751474 1.019960 1.019960 1.019960 1.019960
0.934053 0.818630 0.925407 0.874910 0.854961 0.835324 1.136262 1.136262 1.136262 1.136262
0.919973 0.815333 0.919626 0.867443 0.851014 0.825226 1.137702 1.137702 1.137702 1.137702
0.895263 0.791872 0.902382 0.845561 0.828362 0.803599 1.117979 1.117979 1.117979 1.117979
0.858123 0.752882 0.855098 0.810460 0.787574 0.762496 1.052566 1.052566 1.052566 1.052566
0.879466 0.761681 0.895608 0.863459 0.832451 0.815303 1.117576 1.117576 1.117576 1.117576
0.865414 0.762713 0.880634 0.844482 0.831501 0.819668 1.134043 1.134043 1.134043 1.134043
0.861288 0.752186 0.873313 0.831465 0.810486 0.811240 1.140520 1.140520 1.140520 1.140520
0.884792 0.737340 0.893047 0.858454 0.832603 0.837573 1.178410 1.178410 1.178410 1.178410
0.867067 0.717231 0.874118 0.825881 0.817348 0.812443 1.153032 1.153032 1.153032 1.153032
0.876408 0.722148 0.881060 0.819301 0.801708 0.822736 1.162654 1.162654 1.162654 1.162654
0.891156 0.734184 0.897752 0.835628 0.816672 0.839100 1.189964 1.189964 1.189964 1.189964
0.847426 0.701949 0.804575 0.772091 0.731326 0.772151 1.140911 1.140911 1.140912 1.140912
0.878194 0.727435 0.833788 0.800124 0.556791 0.800186 1.178298 1.178298 1.178299 1.178299
0.923760 0.764481 0.870577 0.836859 0.555459 0.833141 1.242214 1.242214 1.242214 1.242214
0.930146 0.756619 0.876942 0.841843 0.559490 0.838769 1.253372 1.253372 1.253373 1.253373
0.889297 0.727259 0.849095 0.812377 0.541292 0.798471 1.214833 1.214833 1.214834 1.214834
0.885068 0.742487 0.861904 0.831920 0.554157 0.813388 1.243168 1.243168 1.243169 1.243169
0.864593 0.724065 0.816312 0.807631 0.537726 0.792346 1.227487 1.227487 1.227487 1.227487
0.878624 0.747867 0.844946 0.828168 0.549414 0.816297 1.272230 1.272230 1.272230 1.272230
0.851187 0.718426 0.793480 0.789000 0.535119 0.796454 1.230023 1.230023 1.230024 1.230024
0.866070 0.732079 0.776954 0.807819 0.549012 0.812854 1.266785 1.266785 1.266786 1.266786
0.866490 0.739257 0.757688 0.813879 0.553787 0.819835 1.282759 1.282759 1.282760 1.282760
0.862114 0.744118 0.752532 0.819823 0.556484 0.794255 1.294965 1.294965 1.294966 1.294966
0.840027 0.721464 0.738970 0.807095 0.544209 0.783812 1.275006 1.275006 1.275007 1.275007
0.844690 0.726628 0.702662 0.815470 0.549217 0.792518 1.299301 1.299301 1.299302 1.299302
0.857508 0.738269 0.711738 0.826242 0.556872 0.805089 1.324256 1.324256 1.324257 1.324257
0.834690 0.700489 0.701831 0.812275 0.541342 0.793661 1.312695 1.312695 1.312696 1.312696
0.798927 0.675823 0.661830 0.704052 0.514422 0.743118 1.279763 1.279763 1.279764 1.279764
0.795817 0.682905 0.659056 0.708711 0.516000 0.724618 1.308453 1.308453 1.308454 1.308454
0.731063 0.648503 0.617632 0.683014 0.499700 0.705288 1.290172 1.290172 1.290173 1.290173
0.793571 0.702539 0.666298 0.742117 0.542672 0.761768 1.407383 1.407383 1.407384 1.407384
0.792053 0.683010 0.638949 0.740697 0.543698 0.763208 1.410569 1.410569 1.410570 1.410570
0.795793 0.686679 0.641552 0.743020 0.539116 0.763552 1.421805 1.421805 1.421806 1.421806
0.776268 0.669831 0.625811 0.724790 0.525888 0.744818 1.356306 1.356306 1.356307 1.356307
0.805999 0.695485 0.634604 0.752549 0.546030 0.773344 1.399872 1.399872 1.399874 1.399874
0.807958 0.693084 0.633268 0.752792 0.547503 0.772556 1.410157 1.410157 1.410159 1.410159
0.749721 0.674127 0.620419 0.734144 0.536373 0.751400 1.376944 1.376944 1.376945 1.376945
0.752926 0.677483 0.619500 0.738826 0.538812 0.749826 1.374259 1.374259 1.374260 1.374260
0.743145 0.655744 0.619736 0.717185 0.540228 0.750827 1.376780 1.376780 1.376781 1.376781
0.742565 0.647783 0.621581 0.705071 0.539749 0.749010 1.398285 1.398285 1.398286 1.398286
0.672653 0.597601 0.573429 0.650451 0.497937 0.695199 1.295668 1.295668 1.295669 1.295669
0.687269 0.569162 0.541134 0.633068 0.477292 0.658471 1.312320 1.312320 1.312321 1.312321
0.741430 0.590121 0.581569 0.662450 0.516633 0.689240 1.413824 1.413824 1.413825 1.413825
0.706350 0.569788 0.536094 0.632078 0.498750 0.663777 1.381210 1.381210 1.381211 1.381211
0.754984 0.607412 0.568245 0.666951 0.531155 0.678279 1.476529 1.476529 1.476530 1.476530
0.736009 0.604732 0.562346 0.667483 0.532899 0.677572 1.480249 1.480249 1.480250 1.480250
0.743620 0.608025 0.567233 0.657324 0.535640 0.680869 1.500345 1.500345 1.500347 1.500347
0.742744 0.607449 0.564283 0.654868 0.529944 0.676186 1.506150 1.506150 1.506152 1.506152
0.736259 0.602454 0.556709 0.648552 0.523583 0.666913 1.499173 1.499173 1.499175 1.499175
0.633735 0.535558 0.486014 0.525114 0.432681 0.574045 1.329582 1.329582 1.329584 1.329584
0.714405 0.595054 0.549235 0.587724 0.482943 0.643800 1.486140 1.486140 1.486142 1.486142
0.707101 0.517756 0.528832 0.565891 0.465528 0.630148 1.477947 1.477947 1.477949 1.477949
0.743959 0.543743 0.555542 0.595762 0.487508 0.661371 1.555093 1.555093 1.555095 1.555095
0.677529 0.514690 0.517468 0.550122 0.449794 0.626033 1.481555 1.481555 1.481557 1.481557
0.685721 0.524630 0.533161 0.568087 0.464538 0.629356 1.533582 1.533582 1.533584 1.533584
0.679039 0.506032 0.527520 0.545385 0.462138 0.625619 1.525119 1.525119 1.525120 1.525120
0.694760 0.520582 0.541344 0.557594 0.475210 0.634399 1.573202 1.573202 1.573204 1.573204
0.660261 0.512979 0.529696 0.551736 0.471085 0.630489 1.568837 1.568837 1.568838 1.568838
0.627425 0.488765 0.463839 0.530569 0.447667 0.594408 1.518667 1.518667 1.518668 1.518668
0.660400 0.514030 0.471785 0.558864 0.471282 0.624698 1.599010 1.599010 1.599011 1.599011
0.655711 0.510556 0.466550 0.548103 0.468692 0.610345 1.569075 1.569075 1.569077 1.569077
0.650597 0.513589 0.465103 0.540940 0.463816 0.606724 1.567408 1.567408 1.567410 1.567410
0.641485 0.514697 0.455512 0.532598 0.450402 0.606572 1.568379 1.568379 1.568380 1.568380
0.636390 0.507985 0.444134 0.521789 0.441612 0.599978 1.558481 1.558481 1.558482 1.558482
0.569540 0.510425 0.445761 0.527824 0.449079 0.607832 1.591317 1.591317 1.591318 1.591318
0.553149 0.507330 0.440291 0.526099 0.407048 0.602212 1.586773 1.586773 1.586774 1.586774
0.565425 0.520412 0.441369 0.522482 0.403351 0.608415 1.621620 1.621620 1.621621 1.621621
0.578093 0.529745 0.448080 0.534080 0.412718 0.622734 1.653332 1.653332 1.653334 1.653334
0.553185 0.505209 0.430077 0.512165 0.393273 0.597291 1.589522 1.589522 1.589523 1.589523
0.551909 0.477030 0.429084 0.510983 0.392366 0.595913 1.542945 1.542945 1.542946 1.542946
0.601909 0.520246 0.467958 0.557276 0.427913 0.649900 1.678423 1.678423 1.678424 1.678424
0.587068 0.493700 0.455075 0.544532 0.416960 0.637209 1.647418 1.647418 1.647419 1.647419
0.581470 0.485426 0.440672 0.536000 0.408393 0.611704 1.623298 1.623298 1.623299 1.623299
0.556273 0.453155 0.428544 0.523188 0.394273 0.592400 1.585576 1.585576 1.585576 1.585576
0.549576 0.447764 0.420429 0.515203 0.391249 0.587988 1.608585 1.608585 1.608585 1.608585
0.581158 0.473496 0.444589 0.544810 0.413733 0.621777 1.689293 1.689293 1.689294 1.689294
0.579226 0.471810 0.441033 0.543587 0.413341 0.618361 1.691800 1.691800 1.691801 1.691801
0.535365 0.421571 0.422383 0.503055 0.391149 0.584010 1.637908 1.637908 1.637908 1.637908
0.555991 0.438815 0.440736 0.524190 0.405669 0.604752 1.709436 1.709436 1.709436 1.709436
0.563130 0.444449 0.446395 0.530921 0.410878 0.612517 1.724601 1.724601 1.724601 1.724601
