0.986179 0.985876 0.978825 0.984239 0.986052 0.986076 0.987873 0.987873 0.987873 0.987873
0.983760 0.984385 0.974307 0.981717 0.984230 0.981092 0.989059 0.989059 0.989059 0.989059
0.969231 0.878426 0.944133 0.964792 0.964175 0.964190 0.975315 0.975315 0.975315 0.975315
0.891939 0.808375 0.868843 0.919092 0.918505 0.887299 0.931620 0.931620 0.931621 0.931621
0.959278 0.861142 0.931946 0.983443 0.981365 0.953047 0.999308 0.999308 0.999308 0.999308
0.944896 0.866204 0.942501 0.984006 0.987517 0.952208 1.006336 1.006336 1.006336 1.006336
0.910883 0.827592 0.910876 0.944040 0.957499 0.915668 0.972997 0.972997 0.972997 0.972997
0.910124 0.801560 0.881981 0.914304 0.916278 0.867807 0.964987 0.964987 0.964988 0.964988
0.975267 0.855028 0.947950 0.981234 0.980464 0.929029 1.040628 1.040628 1.040628 1.040628
0.924995 0.831486 0.926123 0.942275 0.903864 0.894127 1.017232 1.017232 1.017233 1.017233
0.914766 0.830365 0.923134 0.935470 0.890843 0.870138 1.031644 1.031644 1.031645 1.031645
0.899062 0.827713 0.908070 0.924560 0.885711 0.853172 1.038780 1.038780 1.038780 1.038780
0.905807 0.849232 0.931656 0.941302 0.899512 0.871830 1.067237 1.067237 1.067238 1.067238
0.912658 0.853292 0.931056 0.932397 0.897590 0.867574 1.080104 1.080104 1.080105 1.080105
0.809967 0.764134 0.873103 0.831847 0.839571 0.825545 1.023801 1.023801 1.023802 1.023802
0.872333 0.824805 0.941079 0.893269 0.904233 0.888182 1.107835 1.107835 1.107836 1.107836
0.871788 0.810482 0.931097 0.888537 0.900806 0.888329 1.112672 1.112672 1.112673 1.112673
0.873668 0.818951 0.938555 0.891703 0.905676 0.894972 1.126140 1.126140 1.126141 1.126141
0.814949 0.789707 0.884503 0.826980 0.871393 0.873802 1.101112 1.101112 1.101113 1.101113
0.840553 0.809439 0.911451 0.848216 0.891030 0.899981 1.137915 1.137915 1.137916 1.137916
0.838229 0.805820 0.908468 0.840757 0.881513 0.890734 1.137208 1.137208 1.137209 1.137209
0.843380 0.797941 0.913663 0.842018 0.877487 0.890697 1.148679 1.148679 1.148680 1.148680
0.839174 0.795576 0.900391 0.831301 0.873033 0.874322 1.137449 1.137449 1.137450 1.137450
0.813198 0.803696 0.913417 0.842871 0.884057 0.883313 1.159246 1.159246 1.159247 1.159247
0.815396 0.807245 0.918991 0.849136 0.886593 0.890047 1.170493 1.170493 1.170494 1.170494
0.696386 0.757234 0.853326 0.750149 0.821787 0.814545 1.095196 1.095196 1.095197 1.095197
0.758694 0.827296 0.931415 0.819136 0.892956 0.888826 1.194727 1.194727 1.194728 1.194728
0.739782 0.811466 0.911540 0.805768 0.877482 0.860598 1.175880 1.175880 1.175881 1.175881
0.713187 0.743823 0.888430 0.786632 0.851682 0.817910 1.163594 1.163594 1.163595 1.163595
0.741389 0.774206 0.924316 0.816141 0.885930 0.840300 1.212211 1.212211 1.212212 1.212212
0.718374 0.759021 0.894028 0.798428 0.868380 0.816231 1.195799 1.195799 1.195800 1.195800
0.712580 0.752579 0.878490 0.791031 0.859908 0.786673 1.185144 1.185144 1.185146 1.185146
0.726382 0.753421 0.876450 0.804202 0.859129 0.804993 1.207578 1.207578 1.207579 1.207579
0.715162 0.758971 0.875853 0.799901 0.864213 0.807336 1.216941 1.216941 1.216942 1.216942
0.715662 0.755401 0.878645 0.794431 0.870692 0.804950 1.229910 1.229910 1.229911 1.229911
0.721207 0.761253 0.886325 0.800171 0.876666 0.806748 1.246195 1.246195 1.246196 1.246196
0.567537 0.532191 0.716880 0.676651 0.634085 0.681537 1.104121 1.104121 1.104122 1.104122
0.653009 0.616499 0.825974 0.771374 0.725475 0.751383 1.291302 1.291302 1.291302 1.291302
0.672478 0.634950 0.848795 0.789175 0.748031 0.768718 1.332696 1.332696 1.332697 1.332697
0.643226 0.612368 0.818523 0.763253 0.719976 0.734380 1.293883 1.293883 1.293884 1.293884
0.660650 0.625628 0.836953 0.777943 0.732870 0.745823 1.326469 1.326469 1.326470 1.326470
0.645524 0.562560 0.810401 0.761270 0.712064 0.678236 1.296527 1.296527 1.296528 1.296528
0.660045 0.573666 0.823651 0.779479 0.722380 0.685005 1.344537 1.344537 1.344538 1.344538
0.652970 0.578276 0.834918 0.791361 0.732942 0.692321 1.369758 1.369758 1.369759 1.369759
0.654095 0.577981 0.830954 0.793647 0.734374 0.692707 1.375042 1.375042 1.375043 1.375043
0.626144 0.534338 0.766633 0.759338 0.687028 0.643375 1.313456 1.313456 1.313457 1.313457
0.654920 0.551179 0.793088 0.780326 0.713251 0.658247 1.377502 1.377502 1.377502 1.377502
0.663369 0.559811 0.804366 0.788752 0.719789 0.664311 1.399816 1.399816 1.399816 1.399816
0.595719 0.530047 0.738254 0.747366 0.679060 0.612339 1.336936 1.336936 1.336936 1.336936
0.531781 0.430397 0.659017 0.667151 0.530272 0.546617 1.171639 1.171639 1.171640 1.171640
0.641425 0.513517 0.792181 0.790597 0.634675 0.654658 1.404830 1.404830 1.404830 1.404830
0.644588 0.519187 0.794694 0.760761 0.641683 0.636319 1.420342 1.420342 1.420342 1.420342
0.646450 0.525569 0.799319 0.770584 0.647503 0.636716 1.439642 1.439642 1.439643 1.439643
0.619572 0.514606 0.777419 0.739497 0.618417 0.602614 1.414922 1.414922 1.414922 1.414922
0.626117 0.479507 0.785406 0.749721 0.625349 0.610292 1.438328 1.438328 1.438329 1.438329
0.569072 0.482291 0.785684 0.753840 0.626484 0.613527 1.450885 1.450885 1.450886 1.450886
0.548870 0.470772 0.753109 0.721983 0.608142 0.600416 1.440523 1.440523 1.440523 1.440523
0.558758 0.480978 0.765355 0.738661 0.617929 0.610126 1.485209 1.485209 1.485209 1.485209
0.426721 0.453720 0.721981 0.696800 0.485742 0.575549 1.405644 1.405644 1.405644 1.405644
0.462681 0.491128 0.781609 0.754534 0.526553 0.615512 1.532734 1.532734 1.532734 1.532734
0.458805 0.484805 0.769467 0.752678 0.525258 0.613541 1.509509 1.509509 1.509509 1.509509
0.462841 0.489261 0.775561 0.759069 0.532129 0.617941 1.530622 1.530622 1.530622 1.530622
0.440085 0.474697 0.752789 0.726405 0.505320 0.562266 1.494072 1.494072 1.494072 1.494072
0.421743 0.451346 0.749491 0.674246 0.474981 0.551730 1.481619 1.481619 1.481619 1.481619
0.440814 0.477589 0.788407 0.708070 0.500529 0.580291 1.571239 1.571239 1.571239 1.571239
0.415635 0.456262 0.757055 0.682850 0.471215 0.563459 1.539328 1.539328 1.539329 1.539329
0.398287 0.446325 0.715211 0.667479 0.450102 0.548914 1.519704 1.519704 1.519705 1.519705
0.376645 0.441862 0.708059 0.660805 0.399707 0.524986 1.473368 1.473368 1.473368 1.473368
0.402060 0.471677 0.755837 0.705394 0.423473 0.560410 1.540462 1.540462 1.540462 1.540462
0.414206 0.485790 0.779873 0.729990 0.437401 0.577916 1.601338 1.601338 1.601338 1.601338
0.400196 0.462871 0.745306 0.706972 0.423986 0.559483 1.563968 1.563968 1.563968 1.563968
0.380493 0.447950 0.735782 0.702435 0.404279 0.556838 1.550216 1.550216 1.550217 1.550217
0.383814 0.455927 0.729480 0.704257 0.403830 0.551119 1.583683 1.583683 1.583684 1.583684
0.385372 0.454153 0.736903 0.712591 0.402348 0.558165 1.610954 1.610954 1.610956 1.610956
0.372078 0.425016 0.716687 0.647417 0.392675 0.538823 1.574727 1.574727 1.574729 1.574729
0.373749 0.427641 0.717473 0.654616 0.386980 0.541634 1.591541 1.591541 1.591543 1.591543
0.381763 0.442294 0.740955 0.678443 0.399873 0.555082 1.651120 1.651120 1.651122 1.651122
0.334813 0.154502 0.650815 0.586795 0.340657 0.487111 1.448759 1.448759 1.448760 1.448760
0.337301 0.148755 0.619782 0.564967 0.351989 0.509851 1.545646 1.545646 1.545648 1.545648
0.373183 0.163799 0.671935 0.619375 0.385205 0.559962 1.699246 1.699246 1.699248 1.699248
0.381823 0.169734 0.692907 0.638708 0.399162 0.580250 1.759302 1.759302 1.759304 1.759304
0.364277 0.159741 0.637425 0.615153 0.374210 0.548869 1.702907 1.702907 1.702909 1.702909
0.359742 0.157513 0.633026 0.583553 0.369286 0.522564 1.693635 1.693635 1.693637 1.693637
0.351115 0.149280 0.609772 0.573495 0.341687 0.497710 1.671899 1.671899 1.671901 1.671901
0.331106 0.140773 0.619485 0.580013 0.347874 0.508548 1.704587 1.704587 1.704588 1.704588
0.349834 0.148736 0.645814 0.605202 0.364788 0.535907 1.802719 1.802719 1.802720 1.802720
0.333467 0.135793 0.627234 0.585752 0.350942 0.519713 1.751706 1.751706 1.751708 1.751708
0.315686 0.128553 0.593788 0.448488 0.268703 0.492000 1.645572 1.645572 1.645574 1.645574
0.344447 0.135549 0.641767 0.479951 0.292350 0.536887 1.791535 1.791535 1.791536 1.791536
0.349705 0.138332 0.655626 0.491420 0.299425 0.548161 1.836437 1.836437 1.836439 1.836439
0.345056 0.137523 0.648762 0.486005 0.296486 0.543659 1.827210 1.827210 1.827212 1.827212
0.326200 0.129222 0.613307 0.461981 0.281034 0.510195 1.731134 1.731134 1.731137 1.731137
0.321648 0.128859 0.589837 0.457618 0.280701 0.492976 1.760143 1.760143 1.760146 1.760146
0.309092 0.106802 0.574973 0.446745 0.264543 0.460446 1.725160 1.725160 1.725163 1.725163
0.324845 0.112246 0.604276 0.469514 0.278026 0.483913 1.756994 1.756994 1.756996 1.756996
0.342293 0.118338 0.636577 0.494603 0.290708 0.509014 1.858810 1.858810 1.858813 1.858813
0.341442 0.118195 0.635463 0.494942 0.289504 0.509753 1.867424 1.867424 1.867427 1.867427
0.337360 0.115313 0.625187 0.490315 0.285994 0.504070 1.846172 1.846172 1.846174 1.846174
0.331456 0.114118 0.614142 0.484107 0.281038 0.496949 1.839624 1.839624 1.839626 1.839626
0.295548 0.111618 0.600686 0.473500 0.274880 0.482079 1.791324 1.791324 1.791326 1.791326
