0.983460 0.984388 0.981328 0.983353 0.984058 0.980895 0.987061 0.987061 0.987061 0.987061
0.940459 0.961694 0.952304 0.941569 0.937749 0.926281 0.967939 0.967939 0.967939 0.967939
0.922975 0.935415 0.936967 0.919636 0.925660 0.906818 0.952769 0.952769 0.952769 0.952769
0.963217 0.970112 0.976917 0.954392 0.957700 0.945018 0.996244 0.996244 0.996244 0.996244
0.959895 0.953420 0.962892 0.934444 0.947291 0.921194 0.995471 0.995471 0.995471 0.995471
0.962410 0.967736 0.971606 0.941326 0.957557 0.929390 1.012657 1.012657 1.012657 1.012657
0.918434 0.934640 0.921480 0.892018 0.919699 0.899918 0.994799 0.994799 0.994799 0.994799
0.956833 0.973417 0.952847 0.927484 0.958027 0.937445 1.038172 1.038172 1.038171 1.038171
0.942676 0.964846 0.937106 0.874962 0.949592 0.893298 1.029030 1.029030 1.029030 1.029030
0.954435 0.989371 0.956272 0.892857 0.973729 0.916005 1.054281 1.054281 1.054281 1.054281
0.912727 0.906205 0.931768 0.866960 0.939805 0.891201 1.027765 1.027765 1.027765 1.027765
0.938715 0.933176 0.959081 0.889904 0.967186 0.905847 1.059305 1.059305 1.059305 1.059305
0.823465 0.826014 0.888990 0.784761 0.894214 0.852002 0.992482 0.992482 0.992482 0.992482
0.863924 0.872483 0.933947 0.815723 0.932870 0.856481 1.058373 1.058373 1.058373 1.058373
0.872756 0.887804 0.943336 0.828120 0.942570 0.868207 1.084379 1.084379 1.084378 1.084378
0.873746 0.805029 0.928877 0.826980 0.938269 0.867022 1.086571 1.086571 1.086570 1.086570
0.710240 0.581348 0.776064 0.722375 0.701014 0.756602 0.994431 0.994431 0.994431 0.994431
0.853850 0.698896 0.920567 0.857643 0.836423 0.907206 1.196644 1.196644 1.196643 1.196643
0.842848 0.691427 0.909428 0.844108 0.825660 0.894581 1.186798 1.186798 1.186797 1.186797
0.831512 0.676728 0.902662 0.839204 0.808285 0.890222 1.186185 1.186185 1.186184 1.186184
0.839722 0.685271 0.912762 0.845730 0.813256 0.895737 1.201796 1.201796 1.201796 1.201796
0.784926 0.662186 0.861999 0.785987 0.784112 0.876382 1.177549 1.177549 1.177548 1.177548
0.812865 0.686926 0.895707 0.817803 0.812156 0.912029 1.227974 1.227974 1.227973 1.227973
0.796320 0.620493 0.877225 0.803745 0.796135 0.895393 1.210099 1.210099 1.210099 1.210099
0.806373 0.627269 0.886922 0.812829 0.805997 0.894291 1.232318 1.232318 1.232317 1.232317
0.787963 0.618465 0.851816 0.789442 0.779915 0.857415 1.219536 1.219536 1.219536 1.219536
0.806974 0.633457 0.870516 0.803200 0.799723 0.872351 1.251678 1.251678 1.251678 1.251678
0.767695 0.611192 0.828859 0.768384 0.769626 0.827921 1.219933 1.219933 1.219933 1.219933
0.767559 0.611083 0.828712 0.768248 0.769489 0.827775 1.181983 1.181983 1.181983 1.181983
0.795878 0.630626 0.842020 0.789337 0.789217 0.852036 1.217834 1.217834 1.217834 1.217834
0.774544 0.626242 0.836516 0.773134 0.767080 0.793501 1.216709 1.216709 1.216708 1.216708
0.798697 0.646024 0.861853 0.797002 0.794360 0.816928 1.261106 1.261106 1.261106 1.261106
0.797868 0.637237 0.857284 0.798276 0.793401 0.816747 1.260530 1.260530 1.260529 1.260529
0.783995 0.624472 0.837315 0.785488 0.773502 0.792724 1.256220 1.256220 1.256219 1.256219
0.718242 0.603193 0.783991 0.759281 0.744449 0.745440 1.223983 1.223983 1.223983 1.223983
0.757178 0.639188 0.831645 0.807247 0.791715 0.790290 1.302790 1.302790 1.302789 1.302789
0.711363 0.583110 0.771115 0.763645 0.705131 0.724535 1.237940 1.237940 1.237940 1.237940
0.754245 0.608476 0.817252 0.805939 0.739676 0.763486 1.317707 1.317707 1.317707 1.317707
0.677344 0.604703 0.807782 0.800694 0.732173 0.758370 1.313344 1.313344 1.313344 1.313344
0.669326 0.604593 0.796798 0.798841 0.731892 0.751248 1.321241 1.321241 1.321240 1.321240
0.641576 0.576024 0.763759 0.769946 0.703423 0.714840 1.269228 1.269228 1.269229 1.269229
0.673889 0.606266 0.794536 0.802433 0.738786 0.740735 1.326737 1.326737 1.326738 1.326738
0.631264 0.489831 0.754995 0.763627 0.678713 0.674422 1.267599 1.267599 1.267600 1.267600
0.678193 0.517430 0.803020 0.816559 0.726859 0.725131 1.368634 1.368634 1.368634 1.368634
0.665290 0.507370 0.780346 0.800057 0.711816 0.691150 1.341453 1.341453 1.341453 1.341453
0.679333 0.515338 0.793270 0.810707 0.720345 0.697833 1.367229 1.367229 1.367230 1.367230
0.673139 0.510640 0.786038 0.803316 0.708417 0.691471 1.326919 1.326919 1.326920 1.326920
0.663993 0.525096 0.811700 0.829093 0.730218 0.711101 1.376584 1.376584 1.376585 1.376585
0.662611 0.528339 0.814741 0.828529 0.731061 0.713389 1.387354 1.387354 1.387355 1.387355
0.613848 0.498208 0.783723 0.802121 0.679222 0.691825 1.339923 1.339923 1.339924 1.339924
0.643610 0.523827 0.823258 0.842935 0.710277 0.726514 1.406703 1.406703 1.406704 1.406704
0.605951 0.478062 0.751127 0.769257 0.640463 0.648793 1.314588 1.314588 1.314589 1.314589
0.620619 0.474592 0.774936 0.741393 0.663068 0.664389 1.363153 1.363153 1.363154 1.363154
0.617999 0.477229 0.777776 0.741127 0.658034 0.651034 1.392023 1.392023 1.392025 1.392025
0.615095 0.437112 0.767125 0.738750 0.651259 0.603061 1.385940 1.385940 1.385942 1.385942
0.625304 0.453783 0.800695 0.762879 0.676359 0.621854 1.440450 1.440450 1.440452 1.440452
0.608551 0.442366 0.776610 0.747340 0.645791 0.605631 1.410492 1.410492 1.410494 1.410494
0.623330 0.448803 0.793350 0.761588 0.657132 0.619533 1.440929 1.440929 1.440930 1.440930
0.631516 0.452630 0.806183 0.772761 0.664814 0.627066 1.469128 1.469128 1.469130 1.469130
0.619767 0.429276 0.783712 0.743819 0.650589 0.615471 1.438614 1.438614 1.438616 1.438616
0.566732 0.392542 0.716648 0.704101 0.615848 0.562803 1.365464 1.365464 1.365466 1.365466
0.596858 0.422987 0.766062 0.749133 0.662658 0.603771 1.471932 1.471932 1.471934 1.471934
0.573685 0.386571 0.744414 0.729162 0.641256 0.572112 1.452209 1.452209 1.452212 1.452212
0.587027 0.400527 0.770142 0.757045 0.663798 0.587358 1.509248 1.509248 1.509250 1.509250
0.569535 0.395725 0.760893 0.742218 0.649183 0.577982 1.493187 1.493187 1.493190 1.493190
0.567962 0.396977 0.761583 0.746701 0.652434 0.572346 1.503038 1.503038 1.503040 1.503040
0.568017 0.392717 0.759056 0.733680 0.647469 0.568354 1.494269 1.494269 1.494271 1.494271
0.575681 0.397129 0.764328 0.744444 0.656356 0.575352 1.517658 1.517658 1.517660 1.517660
0.558928 0.380242 0.734020 0.724493 0.639334 0.559724 1.489485 1.489485 1.489487 1.489487
0.533625 0.363028 0.700790 0.559436 0.493678 0.534384 1.411141 1.411141 1.411143 1.411143
0.546258 0.368710 0.745302 0.554678 0.495684 0.560132 1.494811 1.494811 1.494814 1.494814
0.554907 0.373979 0.761356 0.541254 0.503171 0.548559 1.529249 1.529249 1.529252 1.529252
0.568574 0.384569 0.778764 0.557355 0.514591 0.561052 1.586933 1.586933 1.586935 1.586935
0.515723 0.365177 0.739495 0.529250 0.438316 0.514684 1.475722 1.475722 1.475723 1.475723
0.556245 0.393197 0.797193 0.567385 0.469004 0.550943 1.595096 1.595096 1.595098 1.595098
0.482938 0.326254 0.654266 0.470786 0.417635 0.496972 1.466595 1.466595 1.466596 1.466596
0.463612 0.344004 0.682874 0.467495 0.435126 0.511230 1.542467 1.542467 1.542469 1.542469
0.477603 0.342251 0.678000 0.481353 0.438077 0.510987 1.585602 1.585602 1.585604 1.585604
0.448604 0.321469 0.686073 0.484897 0.444244 0.520047 1.610203 1.610203 1.610205 1.610205
0.470545 0.337193 0.720339 0.508350 0.465562 0.542499 1.698166 1.698166 1.698167 1.698167
0.443228 0.325658 0.698924 0.484816 0.426245 0.518535 1.648597 1.648597 1.648599 1.648599
0.457919 0.336884 0.722624 0.502479 0.439643 0.537838 1.715402 1.715402 1.715404 1.715404
0.422677 0.317433 0.657588 0.473113 0.404507 0.504695 1.631280 1.631280 1.631282 1.631282
0.414626 0.314907 0.629158 0.466224 0.401943 0.485143 1.650053 1.650053 1.650054 1.650054
0.430734 0.325374 0.655226 0.480689 0.420395 0.502150 1.731213 1.731213 1.731215 1.731215
0.377404 0.113552 0.574971 0.415361 0.357801 0.440244 1.517599 1.517599 1.517600 1.517600
0.441220 0.132715 0.673232 0.487792 0.419390 0.515199 1.790244 1.790244 1.790246 1.790246
0.434833 0.130201 0.658696 0.483599 0.415785 0.510389 1.752270 1.752270 1.752273 1.752273
0.437382 0.131953 0.664455 0.487556 0.419697 0.516025 1.777316 1.777316 1.777318 1.777318
0.439000 0.132511 0.666748 0.489231 0.418012 0.517028 1.791061 1.791061 1.791063 1.791063
0.329236 0.122755 0.617658 0.453211 0.322685 0.478961 1.664645 1.664645 1.664647 1.664647
0.342685 0.128829 0.648154 0.476976 0.337970 0.497916 1.758681 1.758681 1.758683 1.758683
0.332982 0.126836 0.641392 0.474040 0.327897 0.498243 1.775599 1.775599 1.775602 1.775602
0.332864 0.129195 0.656980 0.486310 0.336177 0.508842 1.827862 1.827862 1.827865 1.827865
0.321826 0.123220 0.612477 0.474655 0.319388 0.487776 1.792990 1.792990 1.792992 1.792992
0.327514 0.123152 0.610038 0.481754 0.318568 0.498304 1.823889 1.823889 1.823891 1.823891
0.329216 0.123450 0.608213 0.476077 0.317141 0.494707 1.841544 1.841544 1.841547 1.841547
0.292490 0.120309 0.592738 0.463963 0.309071 0.478171 1.786716 1.786716 1.786718 1.786718
0.301631 0.125233 0.613049 0.483245 0.320695 0.492001 1.862214 1.862214 1.862216 1.862216
0.253061 0.095572 0.514334 0.405432 0.235365 0.412778 1.533812 1.533812 1.533813 1.533813
