0.981278 0.979750 0.978019 0.977919 0.971269 0.976420 0.982699 0.982699 0.982699 0.982699
0.973927 0.970092 0.969720 0.974272 0.964807 0.972615 0.981929 0.981929 0.981930 0.981930
0.947604 0.900788 0.939584 0.901948 0.935432 0.949850 0.957537 0.957537 0.957537 0.957537
0.984885 0.936480 0.976729 0.937799 0.972233 0.991182 0.998108 0.998108 0.998108 0.998108
0.975056 0.933874 0.973184 0.930087 0.972331 0.986228 0.999303 0.999303 0.999303 0.999303
0.955511 0.912741 0.883267 0.918835 0.954534 0.961149 0.989722 0.989722 0.989722 0.989722
0.928520 0.884113 0.855609 0.892879 0.841929 0.931254 0.960298 0.960298 0.960298 0.960298
0.991802 0.942375 0.912682 0.956497 0.898209 0.995875 1.030267 1.030267 1.030266 1.030266
0.971195 0.907795 0.873294 0.931688 0.874856 0.965480 1.016783 1.016783 1.016783 1.016783
0.994836 0.929309 0.892375 0.945406 0.895164 0.989695 1.043528 1.043528 1.043528 1.043528
0.983336 0.918912 0.884974 0.939682 0.869196 0.978013 1.036585 1.036585 1.036584 1.036584
0.985622 0.890047 0.884951 0.895905 0.865397 0.980720 1.039613 1.039613 1.039612 1.039612
0.941427 0.875073 0.862600 0.886069 0.812585 0.964321 1.030164 1.030164 1.030164 1.030164
0.988687 0.919003 0.906388 0.929922 0.852802 1.009974 1.082063 1.082063 1.082063 1.082063
0.973862 0.901854 0.888580 0.914157 0.841907 0.991004 1.068750 1.068750 1.068749 1.068749
0.875407 0.810679 0.800722 0.817225 0.632760 0.741080 0.965435 0.965435 0.965435 0.965435
0.960027 0.918989 0.891232 0.912948 0.705840 0.825604 1.090625 1.090625 1.090624 1.090624
0.963607 0.875341 0.836769 0.908004 0.709418 0.829788 1.089082 1.089082 1.089080 1.089080
0.968914 0.887504 0.852406 0.922932 0.722556 0.847345 1.117883 1.117883 1.117881 1.117881
0.947229 0.868649 0.836107 0.898749 0.691008 0.824377 1.115343 1.115343 1.115342 1.115342
0.963789 0.884249 0.847509 0.918076 0.698519 0.841235 1.141039 1.141039 1.141038 1.141038
0.926575 0.845905 0.817920 0.899560 0.675703 0.751295 1.127504 1.127504 1.127503 1.127503
0.938928 0.843457 0.832819 0.902179 0.683229 0.745819 1.152754 1.152754 1.152753 1.152753
0.958369 0.860443 0.849481 0.919367 0.690917 0.754834 1.177111 1.177111 1.177110 1.177110
0.920534 0.837701 0.822688 0.903381 0.665275 0.739284 1.154559 1.154559 1.154558 1.154558
0.938795 0.854205 0.835559 0.920376 0.625775 0.751038 1.175396 1.175396 1.175395 1.175395
0.940849 0.851391 0.830722 0.915494 0.622392 0.713409 1.173069 1.173069 1.173068 1.173068
0.927338 0.852021 0.835334 0.922565 0.632042 0.674115 1.193539 1.193539 1.193538 1.193538
0.900967 0.794785 0.789327 0.852317 0.614001 0.649397 1.167804 1.167804 1.167803 1.167803
0.943161 0.827860 0.823140 0.892233 0.646809 0.624423 1.228910 1.228910 1.228908 1.228908
0.927975 0.791119 0.813444 0.856322 0.638639 0.582270 1.217345 1.217345 1.217344 1.217344
0.949598 0.819447 0.835869 0.883577 0.657436 0.602228 1.262808 1.262808 1.262807 1.262807
0.936168 0.813784 0.828805 0.871954 0.648337 0.588423 1.255121 1.255121 1.255120 1.255120
0.902032 0.802730 0.811760 0.826501 0.626291 0.562319 1.248662 1.248662 1.248661 1.248661
0.887869 0.749939 0.781174 0.795359 0.555378 0.541132 1.211193 1.211193 1.211192 1.211192
0.887652 0.766447 0.836368 0.851556 0.594618 0.579365 1.297715 1.297715 1.297714 1.297714
0.717553 0.729006 0.810329 0.822737 0.574495 0.559758 1.253319 1.253319 1.253318 1.253318
0.736353 0.704268 0.795390 0.819756 0.567008 0.552348 1.283034 1.283034 1.283032 1.283032
0.764265 0.728586 0.827416 0.846839 0.581800 0.572841 1.337110 1.337110 1.337108 1.337108
0.680106 0.651896 0.543619 0.761473 0.518371 0.515355 1.229378 1.229378 1.229376 1.229376
0.764878 0.731554 0.611928 0.852086 0.583633 0.577989 1.376211 1.376211 1.376209 1.376209
0.749823 0.719103 0.597160 0.823859 0.577640 0.568168 1.376127 1.376127 1.376126 1.376126
0.738344 0.709478 0.540645 0.821452 0.563495 0.510724 1.375560 1.375560 1.375558 1.375558
0.746255 0.704977 0.534056 0.818478 0.567745 0.514029 1.397111 1.397111 1.397109 1.397109
0.751825 0.630608 0.513222 0.824586 0.571982 0.517866 1.401032 1.401032 1.401030 1.401030
0.773643 0.649897 0.523655 0.849043 0.572110 0.503739 1.434755 1.434755 1.434753 1.434753
0.789595 0.663252 0.535894 0.865577 0.583299 0.507923 1.468503 1.468503 1.468500 1.468500
0.728453 0.640081 0.513586 0.823131 0.551841 0.484261 1.419139 1.419139 1.419137 1.419137
0.741986 0.654514 0.505903 0.837809 0.560068 0.495061 1.443252 1.443252 1.443250 1.443250
0.753502 0.661178 0.512849 0.847412 0.570652 0.498095 1.467418 1.467418 1.467416 1.467416
0.719675 0.652789 0.503185 0.829760 0.562489 0.489691 1.454557 1.454557 1.454555 1.454555
0.667130 0.629195 0.455693 0.783700 0.525123 0.459660 1.406403 1.406403 1.406401 1.406401
0.717112 0.674805 0.490671 0.841157 0.563361 0.493444 1.518824 1.518824 1.518822 1.518822
0.699556 0.646692 0.476741 0.817931 0.549734 0.470635 1.493682 1.493682 1.493680 1.493680
0.668885 0.614423 0.462841 0.773736 0.518994 0.444413 1.417128 1.417128 1.417126 1.417126
0.698606 0.622851 0.468182 0.807535 0.539017 0.464896 1.490942 1.490942 1.490939 1.490939
0.693420 0.618110 0.466143 0.785794 0.536267 0.461444 1.483399 1.483399 1.483396 1.483396
0.683436 0.601713 0.464258 0.736442 0.528097 0.453551 1.477961 1.477961 1.477958 1.477958
0.660592 0.576769 0.451303 0.687033 0.515040 0.426894 1.458338 1.458338 1.458335 1.458335
0.694540 0.610849 0.471819 0.728688 0.544340 0.451296 1.552524 1.552524 1.552521 1.552521
0.686737 0.606530 0.468136 0.726027 0.537348 0.443397 1.549095 1.549095 1.549092 1.549092
0.694924 0.608143 0.471934 0.734378 0.544608 0.449684 1.576009 1.576009 1.576007 1.576007
0.612048 0.587961 0.421447 0.709295 0.526007 0.434760 1.510745 1.510745 1.510743 1.510743
0.642893 0.618675 0.441992 0.744354 0.550021 0.456527 1.591979 1.591979 1.591976 1.591976
0.605592 0.546188 0.396823 0.711977 0.521693 0.405923 1.517023 1.517023 1.517020 1.517020
0.628601 0.561433 0.409302 0.739155 0.538706 0.421518 1.568511 1.568511 1.568507 1.568507
0.644741 0.575544 0.420584 0.759225 0.550498 0.433052 1.617034 1.617034 1.617030 1.617030
0.629068 0.565099 0.415098 0.747093 0.535292 0.420643 1.598008 1.598008 1.598004 1.598004
0.630304 0.569740 0.417872 0.754488 0.540795 0.422533 1.614981 1.614981 1.614977 1.614977
0.557706 0.527022 0.374307 0.691651 0.446284 0.391991 1.504625 1.504625 1.504622 1.504622
0.583923 0.550990 0.390187 0.720511 0.471338 0.412023 1.603675 1.603675 1.603672 1.603672
0.582083 0.553044 0.389065 0.716609 0.473632 0.413876 1.620044 1.620044 1.620041 1.620041
0.573065 0.541718 0.383817 0.680679 0.454028 0.396108 1.616938 1.616938 1.616935 1.616935
0.548424 0.512144 0.367052 0.660702 0.434690 0.380904 1.585590 1.585590 1.585587 1.585587
0.577676 0.536505 0.387714 0.698697 0.457061 0.400750 1.679408 1.679408 1.679405 1.679405
0.577249 0.538859 0.386489 0.699883 0.459035 0.403614 1.691629 1.691629 1.691626 1.691626
0.549665 0.500971 0.368020 0.650841 0.437100 0.377992 1.594855 1.594855 1.594852 1.594852
0.571068 0.518051 0.382141 0.653481 0.453763 0.392252 1.661041 1.661041 1.661038 1.661038
0.588363 0.533740 0.393714 0.673271 0.467505 0.404131 1.701831 1.701831 1.701829 1.701829
0.537545 0.453388 0.343601 0.595482 0.417108 0.360565 1.573928 1.573928 1.573926 1.573926
0.520956 0.438526 0.332307 0.608234 0.430487 0.370479 1.554963 1.554963 1.554962 1.554962
0.552920 0.469917 0.342847 0.620234 0.463280 0.396577 1.671700 1.671700 1.671698 1.671698
0.526764 0.450610 0.327666 0.611291 0.458779 0.388047 1.662072 1.662072 1.662070 1.662070
0.545634 0.466751 0.339403 0.633188 0.475214 0.401948 1.695216 1.695216 1.695214 1.695214
0.541055 0.464816 0.336206 0.630353 0.472190 0.402398 1.698365 1.698365 1.698363 1.698363
0.544797 0.468885 0.339358 0.635623 0.476262 0.403479 1.725759 1.725759 1.725757 1.725757
0.534816 0.463115 0.327437 0.631064 0.473757 0.399376 1.721274 1.721274 1.721271 1.721271
0.517053 0.420486 0.288258 0.605309 0.457105 0.383598 1.675165 1.675165 1.675162 1.675162
0.543959 0.442367 0.297705 0.636807 0.472086 0.403559 1.759742 1.759742 1.759739 1.759739
0.514036 0.346395 0.281328 0.497312 0.446117 0.381359 1.662490 1.662490 1.662487 1.662487
0.544387 0.367501 0.300005 0.528938 0.473330 0.406760 1.781542 1.781542 1.781539 1.781539
0.547925 0.369262 0.302276 0.532494 0.474485 0.406791 1.795194 1.795194 1.795190 1.795190
0.508482 0.317976 0.282209 0.495582 0.409414 0.376770 1.676177 1.676177 1.676175 1.676175
0.538089 0.338656 0.301202 0.529094 0.434846 0.397686 1.793695 1.793695 1.793692 1.793692
0.522429 0.322837 0.267382 0.505160 0.419681 0.380845 1.746026 1.746026 1.746023 1.746023
0.528352 0.303106 0.271488 0.483852 0.427483 0.386512 1.780582 1.780582 1.780579 1.780579
0.493603 0.294479 0.265093 0.470007 0.415079 0.359818 1.720494 1.720494 1.720492 1.720492
0.466017 0.278022 0.186484 0.443739 0.391881 0.194078 1.617477 1.617477 1.617474 1.617474
0.509879 0.295248 0.200937 0.478129 0.422252 0.212344 1.752669 1.752669 1.752667 1.752667
0.556431 0.322205 0.219283 0.521783 0.460804 0.231732 1.908332 1.908332 1.908329 1.908329
