0.987372 0.987372 0.987372 0.987372 0.987372 0.987372 0.981058 0.981058 0.981058 0.981058
1.000992 1.000992 1.000992 1.000992 1.000992 1.000992 0.993810 0.993810 0.993811 0.993811
1.002869 1.002869 1.002869 1.002869 1.002869 1.002869 0.995669 0.995669 0.995670 0.995670
0.999216 0.999216 0.999216 0.999216 0.999216 0.999216 0.990225 0.990225 0.990225 0.990225
1.003612 1.003612 1.003612 1.003612 1.003612 1.003612 0.994582 0.994582 0.994583 0.994583
0.994851 0.994851 0.994851 0.994851 0.994851 0.994851 0.981562 0.981562 0.981564 0.981564
0.993977 0.993977 0.993977 0.993977 0.993977 0.993977 0.975089 0.975089 0.975090 0.975090
0.998820 0.998820 0.998820 0.998820 0.998820 0.998820 0.975515 0.975515 0.975515 0.975515
0.998852 0.998852 0.998852 0.998852 0.998852 0.998852 0.970400 0.970400 0.970400 0.970400
1.011525 1.011525 1.011525 1.011525 1.011525 1.011525 0.982712 0.982712 0.982713 0.982713
1.006981 1.006981 1.006981 1.006981 1.006981 1.006981 0.976098 0.976098 0.976099 0.976099
1.004921 1.004921 1.004921 1.004921 1.004921 1.004921 0.970480 0.970480 0.970481 0.970481
1.010336 1.010336 1.010336 1.010336 1.010336 1.010336 0.973995 0.973995 0.973997 0.973997
1.008371 1.008371 1.008371 1.008371 1.008371 1.008371 0.969113 0.969113 0.969114 0.969114
1.014658 1.014658 1.014658 1.014658 1.014658 1.014658 0.974600 0.974600 0.974601 0.974601
1.004529 1.004529 1.004529 1.004529 1.004529 1.004529 0.959367 0.959367 0.959368 0.959368
1.015676 1.015676 1.015676 1.015676 1.015676 1.015676 0.968762 0.968762 0.968763 0.968763
1.012468 1.012468 1.012468 1.012468 1.012468 1.012468 0.962688 0.962688 0.962688 0.962688
1.017805 1.017805 1.017805 1.017805 1.017805 1.017805 0.966696 0.966696 0.966696 0.966696
1.011277 1.011277 1.011277 1.011277 1.011277 1.011277 0.956144 0.956144 0.956143 0.956143
1.016427 1.016427 1.016427 1.016427 1.016427 1.016427 0.958259 0.958259 0.958258 0.958258
1.017307 1.017307 1.017307 1.017307 1.017307 1.017307 0.956222 0.956222 0.956222 0.956222
1.016753 1.016753 1.016753 1.016753 1.016753 1.016753 0.952037 0.952037 0.952036 0.952036
0.991309 0.991309 0.991309 0.991309 0.991309 0.991309 0.912045 0.912045 0.912044 0.912044
0.955719 0.955719 0.955719 0.955719 0.955719 0.955719 0.844113 0.844113 0.844113 0.844113
1.041916 1.041916 1.041916 1.041916 1.041916 1.041916 0.917163 0.917163 0.917162 0.917162
1.049138 1.049138 1.049138 1.049138 1.049138 1.049138 0.923015 0.923015 0.923013 0.923013
1.049416 1.049416 1.049416 1.049416 1.049416 1.049416 0.922782 0.922782 0.922781 0.922781
1.044841 1.044841 1.044841 1.044841 1.044841 1.044841 0.916216 0.916216 0.916214 0.916214
1.049964 1.049964 1.049964 1.049964 1.049964 1.049964 0.919918 0.919918 0.919917 0.919917
1.050019 1.050019 1.050019 1.050019 1.050019 1.050019 0.919057 0.919057 0.919056 0.919056
1.051025 1.051025 1.051025 1.051025 1.051025 1.051025 0.919299 0.919299 0.919298 0.919298
1.052205 1.052205 1.052205 1.052205 1.052205 1.052205 0.920083 0.920083 0.920083 0.920083
1.050757 1.050757 1.050757 1.050757 1.050757 1.050757 0.917902 0.917902 0.917902 0.917902
1.051759 1.051759 1.051759 1.051759 1.051759 1.051759 0.918129 0.918129 0.918129 0.918129
1.042633 1.042633 1.042633 1.042633 1.042633 1.042633 0.905477 0.905477 0.905476 0.905476
1.050322 1.050322 1.050322 1.050322 1.050322 1.050322 0.909925 0.909925 0.909924 0.909924
1.053517 1.053517 1.053517 1.053517 1.053517 1.053517 0.911428 0.911428 0.911427 0.911427
1.030625 1.030625 1.030625 1.030625 1.030625 1.030625 0.880401 0.880401 0.880400 0.880400
1.061914 1.061914 1.061914 1.061914 1.061914 1.061914 0.907129 0.907129 0.907129 0.907129
1.056671 1.056671 1.056671 1.056671 1.056671 1.056671 0.900453 0.900453 0.900452 0.900452
1.060752 1.060752 1.060752 1.060752 1.060752 1.060752 0.903052 0.903052 0.903051 0.903051
1.058991 1.058991 1.058991 1.058991 1.058991 1.058991 0.899783 0.899783 0.899783 0.899783
1.063602 1.063602 1.063602 1.063602 1.063602 1.063602 0.903542 0.903542 0.903542 0.903542
1.050699 1.050699 1.050699 1.050699 1.050699 1.050699 0.887017 0.887017 0.887018 0.887018
1.065431 1.065431 1.065431 1.065431 1.065431 1.065431 0.899031 0.899031 0.899031 0.899031
1.063064 1.063064 1.063064 1.063064 1.063064 1.063064 0.895556 0.895556 0.895557 0.895557
1.067191 1.067191 1.067191 1.067191 1.067191 1.067191 0.899002 0.899002 0.899002 0.899002
0.997451 0.997451 0.997451 0.997451 0.997451 0.997451 0.811469 0.811469 0.811470 0.811470
1.074356 1.074356 1.074356 1.074356 1.074356 1.074356 0.871557 0.871557 0.871558 0.871558
1.074397 1.074397 1.074397 1.074397 1.074397 1.074397 0.868711 0.868711 0.868711 0.868711
1.077702 1.077702 1.077702 1.077702 1.077702 1.077702 0.869322 0.869322 0.869322 0.869322
1.055413 1.055413 1.055413 1.055413 1.055413 1.055413 0.840173 0.840173 0.840173 0.840173
1.078403 1.078403 1.078403 1.078403 1.078403 1.078403 0.854436 0.854436 0.854436 0.854436
1.047994 1.047994 1.047994 1.047994 1.047994 1.047994 0.813932 0.813932 0.813932 0.813932
1.094677 1.094677 1.094677 1.094677 1.094677 1.094677 0.848897 0.848897 0.848897 0.848897
1.088956 1.088956 1.088956 1.088956 1.088956 1.088956 0.840803 0.840803 0.840803 0.840803
1.098839 1.098839 1.098839 1.098839 1.098839 1.098839 0.847888 0.847888 0.847888 0.847888
1.077793 1.077793 1.077793 1.077793 1.077793 1.077793 0.823137 0.823137 0.823137 0.823137
1.102870 1.102870 1.102870 1.102870 1.102870 1.102870 0.841732 0.841732 0.841732 0.841732
