0.965631 0.967840 0.964464 0.972207 0.946883 0.954710 0.969852 0.969852 0.969852 0.969852
0.955611 0.952973 0.945146 0.962109 0.933556 0.920029 0.960911 0.960911 0.960911 0.960911
0.967789 0.966024 0.938151 0.977294 0.944646 0.930746 0.981616 0.981616 0.981616 0.981616
0.936712 0.951581 0.918460 0.944419 0.829811 0.906711 0.976400 0.976400 0.976400 0.976400
0.198729 0.847840 0.824714 0.639299 0.692630 0.805593 0.877947 0.877947 0.877947 0.877947
0.255354 1.096790 1.067993 0.831888 0.894818 1.047006 1.145970 1.145970 1.145970 1.145970
0.250037 1.076171 1.055138 0.819936 0.874311 1.027327 1.136312 1.136312 1.136312 1.136312
0.251019 1.084929 1.046054 0.823855 0.875094 1.025658 1.150651 1.150651 1.150651 1.150651
0.246145 1.044787 1.045178 0.810938 0.859480 1.014040 1.147507 1.147507 1.147507 1.147507
0.247859 1.042721 1.044599 0.814261 0.801099 1.011407 1.160452 1.160452 1.160452 1.160452
0.237235 0.933653 1.016110 0.789331 0.786240 0.985206 1.124743 1.124743 1.124743 1.124743
0.238213 0.957548 1.034118 0.812889 0.819869 1.005791 1.167492 1.167492 1.167492 1.167492
0.242316 0.972706 1.038125 0.824916 0.833985 1.018116 1.187565 1.187565 1.187565 1.187565
0.243507 0.979334 1.030010 0.831425 0.834397 1.020893 1.196353 1.196353 1.196353 1.196353
0.234675 0.940725 1.005757 0.812775 0.818512 0.988800 1.164118 1.164118 1.164118 1.164118
0.236508 0.948833 1.011742 0.762452 0.823648 1.008186 1.183925 1.183925 1.183926 1.183926
0.242508 0.971705 1.023271 0.778502 0.847967 1.038912 1.221626 1.221626 1.221627 1.221627
0.238421 0.855258 1.003738 0.765330 0.822276 1.022833 1.195034 1.195034 1.195034 1.195034
0.199249 0.724591 0.827891 0.665235 0.706760 0.889218 1.122788 1.122788 1.122788 1.122788
0.223375 0.820550 0.939291 0.755483 0.797246 0.933626 1.268622 1.268622 1.268623 1.268623
0.226256 0.822805 0.948153 0.702164 0.789630 0.944242 1.284462 1.284462 1.284462 1.284462
0.217002 0.779516 0.883294 0.668073 0.703030 0.902086 1.218395 1.218395 1.218396 1.218396
0.228792 0.752041 0.923320 0.657478 0.738267 0.948933 1.285613 1.285613 1.285614 1.285614
0.214393 0.712679 0.872305 0.620964 0.292151 0.891909 1.226860 1.226860 1.226861 1.226861
0.236936 0.780022 0.963106 0.618099 0.319806 0.983677 1.363729 1.363729 1.363730 1.363730
0.225284 0.743670 0.911637 0.322653 0.304100 0.938955 1.317852 1.317852 1.317853 1.317853
0.238458 0.788348 0.976301 0.338471 0.317040 1.003829 1.417884 1.417884 1.417885 1.417885
0.247129 0.817463 1.011850 0.348795 0.327722 1.038763 1.468028 1.468028 1.468028 1.468028
0.241587 0.797067 0.994412 0.345598 0.314952 1.009052 1.442495 1.442495 1.442496 1.442496
0.245926 0.811898 1.015714 0.347722 0.320370 1.031671 1.480497 1.480497 1.480498 1.480498
0.238042 0.799929 0.998208 0.341002 0.315492 1.012409 1.465671 1.465671 1.465672 1.465672
0.234649 0.782372 1.000736 0.335172 0.312830 1.010644 1.475989 1.475989 1.475990 1.475990
0.240045 0.804101 1.032668 0.344970 0.320814 1.036292 1.523150 1.523150 1.523151 1.523151
0.238049 0.799016 1.023342 0.321594 0.318636 1.028511 1.514690 1.514690 1.514691 1.514691
0.213514 0.742679 0.934982 0.295820 0.295972 0.925583 1.376499 1.376499 1.376500 1.376500
0.231434 0.807175 1.017080 0.320908 0.303338 1.002527 1.489894 1.489894 1.489895 1.489895
0.131760 0.541788 0.243309 0.089875 0.172696 0.672273 1.019970 1.019970 1.019971 1.019971
0.217590 0.891495 0.391168 0.147855 0.283212 1.098059 1.688338 1.688338 1.688339 1.688339
0.214008 0.866967 0.382030 0.141420 0.277244 1.016587 1.664234 1.664234 1.664236 1.664236
0.213943 0.861727 0.380668 0.140122 0.277353 1.022542 1.684220 1.684220 1.684222 1.684222
0.192450 0.776259 0.353788 0.124111 0.229585 0.951070 1.608918 1.608918 1.608919 1.608919
0.201637 0.803042 0.368932 0.128966 0.195016 0.990067 1.686400 1.686400 1.686400 1.686400
0.206259 0.820714 0.376886 0.131481 0.198634 0.978277 1.730781 1.730781 1.730782 1.730782
0.199970 0.784003 0.352636 0.126936 0.189021 0.933597 1.681088 1.681088 1.681088 1.681088
0.188511 0.724485 0.345267 0.116152 0.173972 0.904884 1.608378 1.608378 1.608379 1.608379
0.203348 0.780192 0.373223 0.125439 0.188126 0.911987 1.751114 1.751114 1.751115 1.751115
0.200532 0.770192 0.368031 0.124160 0.184190 0.901499 1.711937 1.711937 1.711938 1.711938
0.208752 0.807150 0.382037 0.129339 0.192222 0.937305 1.796191 1.796191 1.796192 1.796192
0.199693 0.776298 0.362359 0.124823 0.182688 0.876062 1.744942 1.744942 1.744943 1.744943
0.204299 0.793910 0.371264 0.126432 0.186076 0.876004 1.790157 1.790157 1.790157 1.790157
0.204301 0.795511 0.366802 0.125717 0.184703 0.878312 1.795099 1.795099 1.795101 1.795101
0.201857 0.792749 0.357235 0.124620 0.182942 0.864550 1.767159 1.767159 1.767160 1.767160
0.196087 0.772111 0.346933 0.099433 0.177618 0.837206 1.725095 1.725095 1.725096 1.725096
0.201240 0.802056 0.355921 0.102500 0.184259 0.850719 1.803303 1.803303 1.803304 1.803304
0.196786 0.785886 0.348042 0.095268 0.180093 0.806523 1.775006 1.775006 1.775008 1.775008
0.194589 0.757350 0.344462 0.091726 0.177580 0.771243 1.761190 1.761190 1.761191 1.761191
0.203433 0.782135 0.357144 0.095935 0.184658 0.806966 1.846299 1.846299 1.846301 1.846301
0.198104 0.769559 0.352075 0.093698 0.179593 0.795544 1.831188 1.831188 1.831189 1.831189
0.191683 0.751755 0.331057 0.088904 0.176266 0.776641 1.802290 1.802290 1.802292 1.802292
0.146519 0.271299 0.060087 0.069486 0.135019 0.608513 1.402274 1.402274 1.402276 1.402276
