0.969426 0.972030 0.972892 0.970210 0.916618 0.968710 0.968038 0.968038 0.968038 0.968038
0.979745 0.984347 0.971422 0.974976 0.919534 0.981590 0.981033 0.981033 0.981033 0.981033
0.967154 0.970065 0.960953 0.963562 0.909946 0.905329 0.977441 0.977441 0.977441 0.977441
0.968095 0.965433 0.958748 0.955936 0.911465 0.911795 0.990442 0.990442 0.990442 0.990442
0.965315 0.972660 0.967779 0.956007 0.907697 0.920417 1.005862 1.005862 1.005863 1.005863
0.947253 0.964122 0.961086 0.950319 0.896232 0.845880 0.994792 0.994792 0.994792 0.994792
0.960370 0.978009 0.974441 0.958029 0.906302 0.856300 1.007596 1.007596 1.007596 1.007596
0.971351 0.987972 0.972151 0.964902 0.920381 0.870405 1.025552 1.025552 1.025553 1.025553
0.878692 0.894999 0.908598 0.859471 0.766161 0.814131 0.985221 0.985221 0.985222 0.985222
0.944173 0.961342 0.977751 0.914340 0.819621 0.855024 1.061590 1.061590 1.061590 1.061590
0.920077 0.945789 0.925929 0.873739 0.810169 0.840653 1.052279 1.052279 1.052279 1.052279
0.928754 0.966342 0.934327 0.885912 0.826662 0.840200 1.081928 1.081928 1.081928 1.081928
0.846395 0.890608 0.858458 0.813728 0.318146 0.768018 1.004123 1.004123 1.004123 1.004123
0.941673 0.993466 0.954844 0.743603 0.353771 0.851796 1.122655 1.122655 1.122655 1.122655
0.972786 1.017181 0.979032 0.765988 0.338280 0.871588 1.164724 1.164724 1.164724 1.164724
0.794972 0.392461 0.189977 0.640068 0.277031 0.730108 0.968852 0.968852 0.968852 0.968852
1.037820 0.513739 0.246900 0.458750 0.361685 0.956866 1.285488 1.285488 1.285488 1.285488
1.124097 0.557029 0.267407 0.498729 0.388944 1.038880 1.380317 1.380317 1.380317 1.380317
1.156564 0.575521 0.271695 0.513569 0.398969 1.062976 1.432480 1.432480 1.432480 1.432480
1.117958 0.550946 0.262375 0.447122 0.381991 1.025392 1.392695 1.392695 1.392695 1.392695
1.137885 0.553685 0.265795 0.451349 0.315210 1.036964 1.418093 1.418093 1.418092 1.418092
1.181177 0.578611 0.275130 0.468843 0.328024 1.075098 1.483673 1.483673 1.483673 1.483673
1.115440 0.558092 0.263337 0.454091 0.321691 1.032221 1.448381 1.448381 1.448380 1.448380
1.136102 0.569503 0.264816 0.463871 0.326208 1.049051 1.478857 1.478857 1.478856 1.478856
1.102008 0.555400 0.254691 0.453939 0.314366 0.994228 1.456766 1.456766 1.456765 1.456765
1.098272 0.506490 0.251657 0.422283 0.312050 0.988603 1.452983 1.452983 1.452982 1.452982
1.092153 0.496269 0.241516 0.418161 0.304580 0.967699 1.447534 1.447534 1.447534 1.447534
1.114871 0.497507 0.251210 0.428486 0.311414 0.995974 1.502783 1.502783 1.502783 1.502783
0.909249 0.411339 0.202206 0.363470 0.261214 0.845000 1.377904 1.377904 1.377904 1.377904
1.031836 0.466379 0.229163 0.411094 0.295166 0.926273 1.568866 1.568866 1.568866 1.568866
1.016104 0.459636 0.225252 0.376818 0.290222 0.922825 1.559054 1.559054 1.559053 1.559053
1.020778 0.413383 0.225774 0.378526 0.287571 0.928369 1.558398 1.558398 1.558398 1.558398
1.034780 0.414855 0.228089 0.352097 0.285055 0.939686 1.579135 1.579135 1.579134 1.579134
0.569361 0.269118 0.052734 0.095302 0.156844 0.608999 1.044806 1.044806 1.044806 1.044806
0.929893 0.438927 0.084996 0.155278 0.256160 0.989772 1.706350 1.706350 1.706350 1.706350
0.885752 0.418723 0.081914 0.146586 0.240328 0.952241 1.652110 1.652110 1.652110 1.652110
0.912657 0.435148 0.083196 0.151534 0.248236 0.977484 1.696084 1.696084 1.696084 1.696084
0.898815 0.427442 0.082369 0.151260 0.240335 0.956578 1.678963 1.678963 1.678963 1.678963
0.869704 0.386921 0.081000 0.148234 0.238459 0.941996 1.645108 1.645108 1.645108 1.645108
0.922103 0.412148 0.086628 0.158123 0.253450 1.001074 1.759491 1.759491 1.759492 1.759492
0.876373 0.390427 0.083419 0.152439 0.245188 0.956202 1.688417 1.688417 1.688417 1.688417
0.892807 0.398658 0.084881 0.156355 0.244936 0.963115 1.727598 1.727598 1.727598 1.727598
0.906786 0.399972 0.085498 0.158869 0.247440 0.979009 1.759474 1.759474 1.759474 1.759474
0.870540 0.380987 0.083478 0.152079 0.238951 0.951804 1.725631 1.725631 1.725631 1.725631
0.888291 0.389536 0.085119 0.145878 0.244199 0.972003 1.765722 1.765722 1.765721 1.765721
0.174355 0.321099 0.070712 0.091359 0.188577 0.798983 1.468877 1.468877 1.468877 1.468877
0.222749 0.405614 0.089705 0.113505 0.239790 0.960830 1.880751 1.880751 1.880750 1.880750
0.224483 0.409030 0.090710 0.113061 0.241476 0.972546 1.910996 1.910996 1.910996 1.910996
0.221096 0.403692 0.090143 0.112089 0.237324 0.959856 1.905992 1.905992 1.905992 1.905992
0.215423 0.383330 0.087908 0.106339 0.230582 0.904412 1.863430 1.863430 1.863429 1.863429
0.218875 0.387510 0.088445 0.108042 0.233401 0.894806 1.895498 1.895498 1.895497 1.895497
0.201808 0.350239 0.084698 0.096695 0.210107 0.848266 1.773743 1.773743 1.773743 1.773743
0.215615 0.374956 0.090492 0.098195 0.224373 0.878666 1.907582 1.907582 1.907583 1.907583
0.212416 0.376002 0.090515 0.098011 0.224888 0.877603 1.922083 1.922083 1.922084 1.922084
0.212830 0.377090 0.088888 0.098497 0.225135 0.878366 1.942577 1.942577 1.942578 1.942578
0.193948 0.356109 0.082512 0.092052 0.212467 0.803108 1.793588 1.793588 1.793589 1.793589
0.209711 0.387658 0.089916 0.100798 0.230983 0.878342 1.970080 1.970080 1.970081 1.970081
0.209752 0.386338 0.087553 0.100434 0.229425 0.868905 1.975081 1.975081 1.975082 1.975082
0.197153 0.369569 0.083239 0.094252 0.195713 0.822017 1.907837 1.907837 1.907838 1.907838
0.191675 0.354913 0.078606 0.090902 0.176631 0.796055 1.834450 1.834450 1.834452 1.834452
