0.943348 0.960698 0.963237 0.963450 0.957453 0.946966 0.974393 0.974393 0.974393 0.974393
0.943348 0.976329 0.977758 0.975522 0.973633 0.940372 0.993821 0.993821 0.993821 0.993821
0.914146 0.946221 0.956595 0.952765 0.960021 0.920530 0.985568 0.985568 0.985568 0.985568
0.924389 0.961090 0.964600 0.971668 0.942467 0.936057 1.005643 1.005643 1.005643 1.005643
0.912358 0.961528 0.953163 0.968191 0.940114 0.936838 1.015479 1.015479 1.015480 1.015480
0.912991 0.961008 0.956274 0.971889 0.923226 0.932150 1.021584 1.021584 1.021584 1.021584
0.898707 0.942898 0.940732 0.939864 0.908161 0.911373 1.005482 1.005482 1.005482 1.005482
0.925830 0.971021 0.966662 0.956654 0.936483 0.936963 1.037185 1.037185 1.037185 1.037185
0.904885 0.929172 0.943380 0.935798 0.919155 0.919326 1.011121 1.011121 1.011121 1.011121
0.893486 0.918740 0.919325 0.929618 0.888514 0.919810 1.019137 1.019137 1.019137 1.019137
0.905247 0.921844 0.938875 0.947193 0.901650 0.941818 1.040980 1.040980 1.040980 1.040980
0.886343 0.889365 0.899104 0.915260 0.883339 0.929581 1.028985 1.028985 1.028985 1.028985
0.897312 0.899602 0.917610 0.923695 0.905809 0.917142 1.056803 1.056803 1.056803 1.056803
0.826794 0.874743 0.907816 0.905520 0.886745 0.875612 1.040364 1.040364 1.040363 1.040363
0.839000 0.884730 0.917755 0.905647 0.903676 0.897951 1.067795 1.067795 1.067794 1.067794
0.838616 0.889645 0.917293 0.900445 0.900448 0.895563 1.079495 1.079495 1.079494 1.079494
0.838471 0.853275 0.910782 0.897547 0.888209 0.892559 1.086395 1.086395 1.086394 1.086394
0.855161 0.868576 0.924410 0.913334 0.907169 0.914181 1.111606 1.111606 1.111605 1.111605
0.845798 0.859634 0.904994 0.898599 0.901670 0.903011 1.106543 1.106543 1.106542 1.106542
0.812603 0.841196 0.888257 0.887819 0.887570 0.879443 1.100088 1.100088 1.100088 1.100088
0.815723 0.842065 0.885234 0.893457 0.886562 0.882071 1.102080 1.102080 1.102079 1.102079
0.792786 0.821017 0.823361 0.831312 0.851144 0.858802 1.097870 1.097870 1.097869 1.097869
0.806921 0.838181 0.815179 0.830831 0.865300 0.863464 1.126412 1.126412 1.126412 1.126412
0.793762 0.831529 0.814903 0.809438 0.845543 0.842862 1.122711 1.122711 1.122710 1.122710
0.791121 0.855447 0.812485 0.829006 0.864213 0.863937 1.157735 1.157735 1.157734 1.157734
0.791508 0.863775 0.815329 0.830326 0.864139 0.860342 1.170111 1.170111 1.170109 1.170109
0.786128 0.857572 0.812161 0.818028 0.863618 0.857209 1.174570 1.174570 1.174569 1.174569
0.795888 0.865594 0.820151 0.823066 0.872074 0.867593 1.197133 1.197133 1.197132 1.197132
0.794702 0.862506 0.817684 0.814422 0.867723 0.861434 1.196884 1.196884 1.196883 1.196883
0.769502 0.835494 0.795436 0.768712 0.836507 0.846448 1.176810 1.176810 1.176809 1.176809
0.797794 0.865832 0.823302 0.797828 0.867583 0.878712 1.221885 1.221885 1.221884 1.221884
0.782691 0.847223 0.806734 0.785345 0.848523 0.856254 1.198269 1.198269 1.198269 1.198269
0.775264 0.839095 0.791191 0.780762 0.831091 0.847888 1.197771 1.197771 1.197770 1.197770
0.760207 0.842263 0.798694 0.780709 0.826491 0.849802 1.211432 1.211432 1.211431 1.211431
0.697867 0.778576 0.739357 0.723892 0.767070 0.797434 1.136377 1.136377 1.136377 1.136377
0.760568 0.853421 0.808937 0.792309 0.840131 0.871385 1.247997 1.247997 1.247997 1.247997
0.743901 0.835296 0.788415 0.781093 0.823442 0.846821 1.234923 1.234923 1.234923 1.234923
0.730603 0.823970 0.772905 0.778960 0.819225 0.836557 1.234622 1.234622 1.234622 1.234622
0.724789 0.824290 0.769660 0.743792 0.787161 0.832010 1.235641 1.235641 1.235640 1.235640
0.726714 0.819481 0.774593 0.749987 0.789531 0.836035 1.252559 1.252559 1.252558 1.252558
0.729357 0.818132 0.760116 0.751261 0.782125 0.834991 1.260193 1.260193 1.260193 1.260193
0.721249 0.819493 0.757145 0.754263 0.782903 0.825974 1.266063 1.266063 1.266063 1.266063
0.716640 0.812983 0.732958 0.742700 0.761311 0.823324 1.268331 1.268331 1.268331 1.268331
0.734336 0.830021 0.750735 0.754824 0.777445 0.843091 1.298970 1.298970 1.298969 1.298969
0.711271 0.802443 0.724244 0.728682 0.754680 0.823377 1.264613 1.264613 1.264613 1.264613
0.725365 0.814550 0.733434 0.715691 0.763457 0.832651 1.294524 1.294524 1.294524 1.294524
0.720125 0.791718 0.721771 0.701236 0.758966 0.821938 1.285349 1.285349 1.285348 1.285348
0.720290 0.789954 0.697747 0.701753 0.761408 0.819000 1.296482 1.296482 1.296481 1.296481
0.719107 0.773229 0.696052 0.689429 0.746669 0.809618 1.305712 1.305712 1.305712 1.305712
0.723110 0.779755 0.702368 0.693771 0.748893 0.816461 1.325020 1.325020 1.325020 1.325020
0.716413 0.774077 0.691320 0.691644 0.745583 0.804801 1.326500 1.326500 1.326501 1.326501
0.702226 0.763671 0.674799 0.676296 0.740406 0.737002 1.319162 1.319162 1.319163 1.319163
0.700353 0.750788 0.669712 0.670973 0.742083 0.731855 1.315827 1.315827 1.315827 1.315827
0.712458 0.764304 0.673108 0.682062 0.728415 0.742949 1.344166 1.344166 1.344166 1.344166
0.676942 0.727843 0.622803 0.655957 0.693666 0.678636 1.292645 1.292645 1.292645 1.292645
0.670454 0.746793 0.641562 0.674262 0.720768 0.693184 1.343541 1.343541 1.343541 1.343541
0.644126 0.743708 0.640393 0.671774 0.664734 0.690614 1.355596 1.355596 1.355596 1.355596
0.630032 0.687945 0.630483 0.652685 0.622571 0.671972 1.328723 1.328723 1.328723 1.328723
0.662938 0.722735 0.660081 0.677408 0.649496 0.707351 1.402633 1.402633 1.402634 1.402634
0.634067 0.701654 0.652642 0.661046 0.639239 0.702424 1.398737 1.398737 1.398738 1.398738
