0.943348 0.960698 0.963237 0.963450 0.957453 0.946966 0.974393 0.974393 0.974393 0.974393
0.947297 0.955404 0.975007 0.972967 0.963001 0.961034 0.986459 0.986459 0.986459 0.986459
0.941214 0.958041 0.971661 0.967784 0.956266 0.950424 0.990117 0.990117 0.990117 0.990117
0.922119 0.938984 0.956374 0.924241 0.932739 0.944905 0.984994 0.984994 0.984994 0.984994
0.914210 0.932221 0.935782 0.921875 0.905316 0.949252 0.996845 0.996845 0.996845 0.996845
0.907742 0.947523 0.956551 0.933420 0.911642 0.963374 1.020910 1.020910 1.020910 1.020910
0.917603 0.953375 0.960186 0.908731 0.914148 0.965673 1.035882 1.035882 1.035882 1.035882
0.909755 0.943742 0.927489 0.892852 0.887002 0.960480 1.035480 1.035480 1.035479 1.035479
0.924392 0.957071 0.937845 0.905157 0.902545 0.980066 1.055545 1.055545 1.055544 1.055544
0.915982 0.947193 0.931699 0.899724 0.877660 0.965620 1.051500 1.051500 1.051499 1.051499
0.905652 0.933893 0.914545 0.891802 0.863461 0.953921 1.037539 1.037539 1.037539 1.037539
0.907624 0.943801 0.920010 0.860240 0.838143 0.958429 1.049004 1.049004 1.049004 1.049004
0.903478 0.937728 0.912142 0.853460 0.836147 0.961957 1.049560 1.049560 1.049560 1.049560
0.897717 0.934564 0.881600 0.832680 0.829838 0.944177 1.051237 1.051237 1.051237 1.051237
0.900069 0.923670 0.879592 0.830505 0.836128 0.942555 1.054138 1.054138 1.054138 1.054138
0.893140 0.916671 0.881207 0.830600 0.844226 0.944811 1.070474 1.070474 1.070474 1.070474
0.895194 0.924306 0.883193 0.828107 0.843530 0.944898 1.085189 1.085189 1.085189 1.085189
0.867441 0.912242 0.874299 0.825194 0.837464 0.928132 1.088117 1.088117 1.088117 1.088117
0.839714 0.896361 0.874917 0.815018 0.834224 0.932833 1.098239 1.098239 1.098238 1.098238
0.864130 0.927744 0.903878 0.842307 0.862734 0.962502 1.138861 1.138861 1.138861 1.138861
0.799109 0.889314 0.868445 0.807773 0.765868 0.923025 1.106049 1.106049 1.106049 1.106049
0.812224 0.903137 0.889853 0.818467 0.788481 0.914305 1.140479 1.140479 1.140479 1.140479
0.814505 0.908262 0.895465 0.821362 0.788662 0.919504 1.154170 1.154170 1.154169 1.154169
0.805275 0.890366 0.888630 0.816648 0.779999 0.911061 1.153649 1.153649 1.153649 1.153649
0.789002 0.859589 0.851575 0.789662 0.764686 0.899844 1.141144 1.141144 1.141143 1.141143
0.793409 0.861540 0.853112 0.782629 0.772239 0.914454 1.160638 1.160638 1.160638 1.160638
0.801597 0.871006 0.853154 0.786561 0.784064 0.922706 1.180197 1.180197 1.180197 1.180197
0.795737 0.847725 0.846248 0.768361 0.764521 0.906957 1.181851 1.181851 1.181851 1.181851
0.771818 0.829241 0.834137 0.738113 0.736622 0.872943 1.161501 1.161501 1.161501 1.161501
0.784781 0.846874 0.846595 0.762083 0.758721 0.892805 1.202212 1.202212 1.202212 1.202212
0.784491 0.845227 0.842032 0.751411 0.751968 0.892832 1.205646 1.205646 1.205646 1.205646
0.784305 0.848795 0.839471 0.757648 0.729865 0.897620 1.216285 1.216285 1.216285 1.216285
0.770353 0.839104 0.821093 0.742358 0.726286 0.823690 1.212041 1.212041 1.212042 1.212042
0.717623 0.824896 0.821268 0.735760 0.718824 0.795045 1.206317 1.206317 1.206317 1.206317
0.731541 0.854575 0.849816 0.759426 0.745147 0.804820 1.254230 1.254230 1.254231 1.254231
0.735174 0.856222 0.851862 0.758481 0.746907 0.808576 1.268919 1.268919 1.268919 1.268919
0.723523 0.844338 0.832889 0.751129 0.738662 0.791731 1.261892 1.261892 1.261892 1.261892
0.689895 0.761388 0.799379 0.711433 0.674411 0.750986 1.205771 1.205771 1.205772 1.205772
0.720590 0.778605 0.833697 0.743712 0.707387 0.787449 1.256189 1.256189 1.256190 1.256190
0.724274 0.750723 0.832155 0.745238 0.701462 0.788956 1.270902 1.270902 1.270904 1.270904
0.670027 0.699329 0.776295 0.696351 0.656069 0.746068 1.201391 1.201391 1.201392 1.201392
0.717636 0.733323 0.824189 0.736084 0.703636 0.794540 1.286934 1.286934 1.286935 1.286935
0.713996 0.739033 0.825985 0.743542 0.708640 0.790762 1.300830 1.300830 1.300832 1.300832
0.683823 0.710077 0.757076 0.681759 0.670432 0.758701 1.277007 1.277007 1.277009 1.277009
0.710789 0.734192 0.769424 0.707275 0.687831 0.784781 1.330615 1.330615 1.330616 1.330616
0.709030 0.732891 0.758305 0.704999 0.662048 0.781203 1.332870 1.332870 1.332871 1.332871
0.704662 0.728300 0.746195 0.703241 0.650627 0.776171 1.336794 1.336794 1.336795 1.336795
0.666941 0.714104 0.734563 0.690790 0.646050 0.757631 1.327776 1.327776 1.327778 1.327778
0.687508 0.734594 0.756065 0.705666 0.663639 0.776609 1.370481 1.370481 1.370482 1.370482
0.694795 0.742055 0.762800 0.713910 0.670922 0.785862 1.387060 1.387060 1.387062 1.387062
0.657519 0.724854 0.722135 0.694251 0.651111 0.764839 1.358109 1.358109 1.358110 1.358110
0.674813 0.741209 0.740812 0.706693 0.665955 0.784433 1.393103 1.393103 1.393104 1.393104
0.661747 0.727358 0.723901 0.698506 0.654428 0.764308 1.382103 1.382103 1.382104 1.382104
0.649945 0.712065 0.710553 0.673988 0.642318 0.745611 1.357295 1.357295 1.357296 1.357296
0.654578 0.716863 0.717715 0.673315 0.650931 0.753311 1.381569 1.381569 1.381571 1.381571
0.652077 0.712369 0.691017 0.671082 0.650381 0.747579 1.387892 1.387892 1.387894 1.387894
0.655688 0.714444 0.693999 0.677058 0.651957 0.746641 1.395014 1.395014 1.395016 1.395016
0.664204 0.723473 0.701226 0.677652 0.661068 0.754795 1.414983 1.414983 1.414985 1.414985
0.620590 0.677494 0.638022 0.640869 0.619056 0.677982 1.338102 1.338102 1.338104 1.338104
0.643862 0.712493 0.662724 0.671259 0.649115 0.713275 1.420345 1.420345 1.420346 1.420346
