0.948005 0.957894 0.958565 0.942559 0.957436 0.925942 0.947614 0.947614 0.947614 0.947614
0.976654 0.986157 0.972483 0.963604 0.976189 0.955176 0.977251 0.977251 0.977252 0.977252
0.973212 0.976652 0.959809 0.963262 0.965879 0.947541 0.982468 0.982468 0.982468 0.982468
0.966112 0.970611 0.957698 0.952194 0.958154 0.930567 0.984382 0.984382 0.984382 0.984382
0.957386 0.966661 0.932961 0.951169 0.929971 0.918489 0.978894 0.978894 0.978894 0.978894
0.972462 0.983924 0.952597 0.958574 0.929631 0.935428 1.000659 1.000659 1.000659 1.000659
0.964612 0.966960 0.939614 0.934193 0.917693 0.905324 0.991667 0.991667 0.991668 0.991668
0.931539 0.946421 0.925348 0.896669 0.880832 0.892700 0.977970 0.977970 0.977970 0.977970
0.964894 0.981334 0.958335 0.925626 0.908182 0.922404 1.018259 1.018259 1.018260 1.018260
0.964995 0.982636 0.948024 0.922352 0.908435 0.925649 1.019972 1.019972 1.019972 1.019972
0.929900 0.967942 0.896342 0.904227 0.894492 0.911457 1.004791 1.004791 1.004791 1.004791
0.948748 0.990500 0.905241 0.923812 0.905981 0.932990 1.021078 1.021078 1.021078 1.021078
0.953807 0.998375 0.914966 0.929420 0.909852 0.942551 1.033698 1.033698 1.033698 1.033698
0.936570 0.962413 0.846469 0.890926 0.882650 0.922337 1.020525 1.020525 1.020525 1.020525
0.954106 0.989776 0.863808 0.918427 0.906464 0.949329 1.053819 1.053819 1.053820 1.053820
0.940762 0.980128 0.845458 0.873821 0.895657 0.909349 1.041411 1.041411 1.041412 1.041412
0.929728 0.980916 0.845380 0.853356 0.900503 0.878161 1.041516 1.041516 1.041517 1.041517
0.955584 1.006484 0.869937 0.872283 0.927860 0.886687 1.074589 1.074589 1.074590 1.074590
0.957604 1.007516 0.870559 0.874078 0.926899 0.889049 1.082910 1.082910 1.082911 1.082911
0.924345 0.944769 0.823242 0.841565 0.882854 0.844802 1.055739 1.055739 1.055740 1.055740
0.946302 0.960073 0.834617 0.853312 0.896665 0.855390 1.079790 1.079790 1.079791 1.079791
0.949804 0.969952 0.847618 0.863738 0.907396 0.864976 1.096589 1.096589 1.096590 1.096590
0.951317 0.972801 0.844618 0.868812 0.906386 0.869086 1.103840 1.103840 1.103841 1.103841
0.928715 0.934878 0.825694 0.842385 0.874413 0.838065 1.084316 1.084316 1.084317 1.084317
0.946229 0.949435 0.838086 0.851973 0.884256 0.852449 1.100953 1.100953 1.100954 1.100954
0.952297 0.950410 0.844005 0.855904 0.885443 0.857010 1.107187 1.107187 1.107188 1.107188
0.959330 0.960991 0.848300 0.865313 0.896371 0.864533 1.123316 1.123316 1.123317 1.123317
0.943878 0.947410 0.836201 0.852843 0.879866 0.850842 1.110877 1.110877 1.110878 1.110878
0.947010 0.951441 0.831794 0.820783 0.884028 0.855033 1.114699 1.114699 1.114700 1.114700
0.937749 0.932480 0.822888 0.807163 0.861134 0.847813 1.106258 1.106258 1.106259 1.106259
0.945221 0.938879 0.825551 0.811910 0.864832 0.856483 1.122576 1.122576 1.122578 1.122578
0.899071 0.925498 0.796864 0.778629 0.845634 0.840966 1.107449 1.107449 1.107450 1.107450
0.930888 0.956669 0.821401 0.808789 0.874156 0.872306 1.153463 1.153463 1.153464 1.153464
0.923767 0.953905 0.821027 0.807764 0.860591 0.871228 1.154903 1.154903 1.154905 1.154905
0.903919 0.927198 0.811761 0.792828 0.840796 0.860661 1.146766 1.146766 1.146767 1.146767
0.915133 0.930536 0.813574 0.799481 0.844551 0.862914 1.158990 1.158990 1.158991 1.158991
0.907910 0.928251 0.796886 0.791849 0.828438 0.855892 1.158789 1.158789 1.158790 1.158790
0.906709 0.931240 0.798537 0.796476 0.831800 0.858869 1.171427 1.171427 1.171428 1.171428
0.903260 0.927684 0.790582 0.794592 0.814574 0.852649 1.174746 1.174746 1.174747 1.174747
0.909150 0.932267 0.792589 0.798430 0.819516 0.854815 1.179658 1.179658 1.179659 1.179659
0.902556 0.927081 0.788264 0.791588 0.816508 0.847176 1.183182 1.183182 1.183183 1.183183
0.891875 0.913338 0.761001 0.774053 0.809635 0.835222 1.174943 1.174943 1.174944 1.174944
0.912413 0.935780 0.776125 0.790977 0.829815 0.856614 1.205096 1.205096 1.205098 1.205098
0.869828 0.911237 0.754495 0.771741 0.779546 0.838865 1.181704 1.181704 1.181705 1.181705
0.883591 0.924394 0.764519 0.783390 0.790227 0.838885 1.198154 1.198154 1.198155 1.198155
0.896652 0.937792 0.777081 0.794830 0.801689 0.850261 1.219145 1.219145 1.219146 1.219146
0.884979 0.924347 0.763248 0.784671 0.791687 0.838292 1.206390 1.206390 1.206391 1.206391
0.874883 0.915505 0.763581 0.783517 0.791262 0.833128 1.208869 1.208869 1.208870 1.208870
0.843106 0.889490 0.741361 0.766303 0.781298 0.818863 1.199042 1.199042 1.199043 1.199043
0.857994 0.906061 0.758807 0.783373 0.796777 0.836197 1.228028 1.228028 1.228029 1.228029
0.837018 0.861921 0.738137 0.765465 0.777480 0.798927 1.211154 1.211154 1.211154 1.211154
0.845722 0.872096 0.747220 0.774273 0.788356 0.796435 1.227648 1.227648 1.227649 1.227649
0.838874 0.869307 0.745885 0.772269 0.785277 0.795786 1.229095 1.229095 1.229096 1.229096
0.842367 0.872045 0.750896 0.775061 0.791414 0.787365 1.242666 1.242666 1.242666 1.242666
0.838008 0.870939 0.750009 0.760162 0.795654 0.791101 1.246853 1.246853 1.246854 1.246854
0.838139 0.876755 0.751727 0.763537 0.794452 0.789802 1.255579 1.255579 1.255580 1.255580
0.821167 0.859593 0.740783 0.731943 0.782209 0.766750 1.241482 1.241482 1.241483 1.241483
0.811686 0.851275 0.738307 0.730938 0.773385 0.727098 1.249051 1.249051 1.249052 1.249052
0.827733 0.832044 0.752972 0.741701 0.788361 0.739964 1.274307 1.274307 1.274308 1.274308
0.814477 0.776379 0.725069 0.722337 0.778450 0.732184 1.260356 1.260356 1.260357 1.260357
