0.976711 0.976033 0.961825 0.969228 0.966631 0.977993 0.977712 0.977712 0.977712 0.977712
0.988524 0.986208 0.969137 0.984121 0.976755 0.991617 0.995426 0.995426 0.995426 0.995426
0.972274 0.968933 0.948733 0.965940 0.957197 0.977502 0.985651 0.985651 0.985651 0.985651
0.981220 0.976187 0.958614 0.969486 0.968418 0.969120 0.998537 0.998537 0.998537 0.998537
0.964737 0.953402 0.952336 0.956119 0.950676 0.961953 0.996252 0.996252 0.996252 0.996252
0.963599 0.945249 0.941980 0.945852 0.942031 0.950287 0.994131 0.994131 0.994131 0.994131
0.974966 0.956386 0.947200 0.958393 0.936969 0.958179 1.012560 1.012560 1.012560 1.012560
0.972780 0.955866 0.946786 0.954976 0.938242 0.954410 1.020711 1.020711 1.020711 1.020711
0.976761 0.958269 0.946899 0.957272 0.941655 0.954525 1.022505 1.022505 1.022505 1.022505
0.968623 0.952760 0.944063 0.949994 0.932826 0.951200 1.021073 1.021073 1.021074 1.021074
0.982509 0.966144 0.959153 0.963443 0.945940 0.963676 1.038505 1.038505 1.038506 1.038506
0.969991 0.952560 0.942344 0.951397 0.934401 0.950377 1.027928 1.027928 1.027929 1.027929
0.969204 0.956353 0.948405 0.956738 0.926239 0.955744 1.036303 1.036303 1.036304 1.036304
0.956327 0.944959 0.937569 0.945061 0.917179 0.930428 1.025793 1.025793 1.025794 1.025794
0.966559 0.954033 0.946279 0.955119 0.924080 0.940900 1.042593 1.042593 1.042594 1.042594
0.963345 0.911362 0.943218 0.947234 0.920641 0.935863 1.039585 1.039585 1.039586 1.039586
0.912581 0.874999 0.911190 0.891854 0.866816 0.905221 1.005681 1.005681 1.005682 1.005682
0.900792 0.895089 0.912728 0.887583 0.879569 0.922374 1.029581 1.029581 1.029582 1.029582
0.920978 0.916983 0.934929 0.909036 0.897170 0.943302 1.058037 1.058037 1.058039 1.058039
0.912117 0.912063 0.919118 0.868715 0.890398 0.907576 1.050207 1.050207 1.050209 1.050209
0.934543 0.937966 0.939570 0.893261 0.916779 0.931177 1.083701 1.083701 1.083703 1.083703
0.927011 0.931293 0.937376 0.890080 0.911313 0.926857 1.081848 1.081848 1.081850 1.081850
0.912856 0.923094 0.933985 0.883927 0.904790 0.919530 1.077914 1.077914 1.077915 1.077915
0.913669 0.929942 0.936812 0.888503 0.904086 0.918695 1.086255 1.086255 1.086257 1.086257
0.901092 0.925881 0.925514 0.886719 0.898868 0.915423 1.085922 1.085922 1.085923 1.085923
0.887165 0.912197 0.916501 0.854186 0.889344 0.893052 1.078982 1.078982 1.078984 1.078984
0.871367 0.907316 0.910781 0.829051 0.888657 0.857119 1.072454 1.072454 1.072456 1.072456
0.884232 0.917927 0.902948 0.832508 0.904896 0.867771 1.093653 1.093653 1.093655 1.093655
0.881410 0.905619 0.899223 0.824141 0.887326 0.866168 1.092593 1.092593 1.092595 1.092595
0.890445 0.919063 0.911528 0.838563 0.901252 0.879253 1.117308 1.117308 1.117310 1.117310
0.876183 0.895984 0.891905 0.810689 0.882553 0.844142 1.098401 1.098401 1.098403 1.098403
0.889542 0.913217 0.909139 0.811428 0.905496 0.865558 1.124726 1.124726 1.124728 1.124728
0.870413 0.898053 0.874509 0.800352 0.867801 0.843571 1.104378 1.104378 1.104379 1.104379
0.889840 0.918955 0.886376 0.784853 0.888419 0.863781 1.129164 1.129164 1.129166 1.129166
0.876083 0.888211 0.822201 0.754348 0.864151 0.847505 1.117740 1.117740 1.117742 1.117742
0.905683 0.910234 0.841439 0.776742 0.886341 0.867668 1.153511 1.153511 1.153513 1.153513
0.886254 0.876817 0.824530 0.754895 0.857095 0.838675 1.135786 1.135786 1.135788 1.135788
0.866845 0.876673 0.791284 0.751172 0.856611 0.838214 1.135680 1.135680 1.135681 1.135681
0.884552 0.897242 0.799264 0.767559 0.867747 0.858149 1.154267 1.154267 1.154268 1.154268
0.861896 0.881433 0.784628 0.759039 0.866341 0.852828 1.157606 1.157606 1.157607 1.157607
0.869764 0.894355 0.781721 0.764692 0.864393 0.860402 1.177264 1.177264 1.177265 1.177265
0.871723 0.895465 0.785474 0.765996 0.869490 0.849677 1.187996 1.187996 1.187997 1.187997
0.866545 0.891233 0.772327 0.758673 0.864475 0.847513 1.182802 1.182802 1.182803 1.182803
0.865212 0.890793 0.771021 0.754938 0.859183 0.844142 1.187130 1.187130 1.187131 1.187131
0.855809 0.835546 0.746334 0.739075 0.852820 0.839636 1.180275 1.180275 1.180276 1.180276
0.874822 0.855255 0.759005 0.758724 0.869411 0.860995 1.212542 1.212542 1.212543 1.212543
0.857752 0.839504 0.748014 0.740775 0.851843 0.835165 1.199952 1.199952 1.199953 1.199953
0.865641 0.844493 0.752042 0.742103 0.853264 0.841446 1.206813 1.206813 1.206814 1.206814
0.859413 0.842558 0.751382 0.740857 0.850706 0.841525 1.209334 1.209334 1.209335 1.209335
0.835999 0.837180 0.745327 0.737571 0.815459 0.840884 1.210028 1.210028 1.210028 1.210028
0.832265 0.812708 0.739875 0.735472 0.812007 0.819860 1.217844 1.217844 1.217845 1.217845
0.840161 0.822124 0.750791 0.736631 0.806708 0.829834 1.237251 1.237251 1.237251 1.237251
0.846198 0.826903 0.754298 0.741392 0.810808 0.822797 1.243807 1.243807 1.243808 1.243808
0.822067 0.780398 0.717893 0.718411 0.777252 0.786882 1.220407 1.220407 1.220408 1.220408
0.839931 0.792464 0.726495 0.736358 0.788533 0.800376 1.258017 1.258017 1.258018 1.258018
0.838399 0.792492 0.733858 0.742402 0.795750 0.803158 1.272823 1.272823 1.272824 1.272824
0.811373 0.774946 0.718113 0.714344 0.777760 0.759178 1.231285 1.231285 1.231287 1.231287
0.837625 0.795738 0.741826 0.736138 0.798879 0.782913 1.270175 1.270175 1.270176 1.270176
0.849064 0.807821 0.749638 0.745341 0.811290 0.795609 1.290837 1.290837 1.290838 1.290838
0.817753 0.779502 0.727986 0.725243 0.781581 0.735129 1.265425 1.265425 1.265426 1.265426
