0.881493 0.926284 0.814355 0.910206 0.834679 0.923633 0.921190 0.921190 0.921190 0.921190
0.946246 1.001256 0.873059 0.860191 0.897301 0.975855 0.997653 0.997653 0.997653 0.997653
0.978234 1.017542 0.901233 0.888357 0.927811 0.999017 1.031691 1.031691 1.031691 1.031691
0.938454 0.974993 0.813536 0.853123 0.899746 0.945722 0.998398 0.998398 0.998398 0.998398
0.955157 0.978924 0.812938 0.878072 0.925428 0.959404 1.026585 1.026585 1.026585 1.026585
0.828337 0.827796 0.624376 0.738131 0.202044 0.800529 0.895638 0.895638 0.895638 0.895638
1.045217 1.052687 0.801564 0.949821 0.260056 1.023951 1.157559 1.157559 1.157559 1.157559
1.029255 1.030129 0.782882 0.927780 0.252383 1.001723 1.147628 1.147628 1.147629 1.147629
1.029567 1.037243 0.790123 0.925903 0.253001 1.008622 1.162463 1.162463 1.162463 1.162463
1.008809 1.009732 0.755725 0.887755 0.243536 0.991990 1.142016 1.142016 1.142016 1.142016
1.028252 1.025963 0.773383 0.901111 0.248611 1.005589 1.176284 1.176284 1.176284 1.176284
1.023285 0.980049 0.772275 0.894845 0.246886 0.997336 1.179560 1.179560 1.179559 1.179559
1.027815 0.983539 0.777265 0.891584 0.246562 1.002989 1.192710 1.192710 1.192710 1.192710
1.034576 0.974152 0.783164 0.895362 0.247000 1.004155 1.195485 1.195485 1.195485 1.195485
0.982141 0.953696 0.773103 0.884556 0.242696 0.994941 1.186701 1.186701 1.186701 1.186701
0.983996 0.948519 0.739743 0.886875 0.242572 0.993016 1.187932 1.187932 1.187932 1.187932
0.945753 0.946271 0.744244 0.861802 0.240655 0.987808 1.195185 1.195185 1.195185 1.195185
0.666353 0.557315 0.528270 0.619380 0.174984 0.716409 0.709909 0.709909 0.709909 0.709909
1.054272 0.836217 0.834520 0.988492 0.279025 1.125156 1.126302 1.126302 1.126302 1.126302
1.068360 0.848321 0.827514 1.005030 0.282641 1.141383 1.145788 1.145788 1.145788 1.145788
1.007280 0.569050 0.772527 0.941639 0.248290 1.076390 1.088355 1.088355 1.088355 1.088355
1.070487 0.595348 0.822491 1.002167 0.264349 1.130816 1.151241 1.151241 1.151241 1.151241
1.066577 0.585983 0.706733 0.943297 0.263044 1.127341 1.149550 1.149550 1.149549 1.149549
1.055392 0.580750 0.691111 0.939288 0.253436 1.064866 1.155437 1.155437 1.155437 1.155437
1.079566 0.583022 0.689647 0.962517 0.233397 1.079873 1.187454 1.187454 1.187454 1.187454
0.329361 0.467961 0.558560 0.774096 0.071206 0.852848 0.952389 0.952389 0.952389 0.952389
0.460996 0.645422 0.753439 1.087945 0.098929 1.176896 1.338895 1.338895 1.338896 1.338896
0.440090 0.627051 0.715302 1.048602 0.096700 1.162643 1.342536 1.342536 1.342536 1.342536
0.458448 0.651604 0.743714 1.092131 0.100656 1.207937 1.400811 1.400811 1.400812 1.400812
0.448307 0.626345 0.715264 1.043851 0.097192 1.169025 1.367947 1.367947 1.367948 1.367948
0.459988 0.638985 0.734281 1.060735 0.099400 1.199661 1.404490 1.404490 1.404490 1.404490
0.407099 0.197039 0.647903 0.943269 0.087400 1.040934 1.253331 1.253331 1.253331 1.253331
0.477751 0.227787 0.762353 1.101081 0.102475 1.219618 1.477700 1.477700 1.477700 1.477700
0.452731 0.209742 0.695822 1.015438 0.095091 1.057557 1.376998 1.376998 1.376998 1.376998
0.486509 0.220115 0.746634 1.092608 0.102740 1.126961 1.490810 1.490810 1.490810 1.490810
0.446797 0.196503 0.689962 0.966898 0.090666 1.047005 1.380532 1.380532 1.380533 1.380533
0.400432 0.178040 0.622172 0.859949 0.015598 0.938339 1.251987 1.251987 1.251987 1.251987
0.481429 0.213690 0.748465 1.025323 0.018646 1.122931 1.506807 1.506807 1.506807 1.506807
0.478022 0.203916 0.748012 1.007343 0.018529 1.110701 1.511682 1.511682 1.511682 1.511682
0.462269 0.199178 0.747064 0.981072 0.018380 1.094734 1.512982 1.512982 1.512983 1.512983
0.400142 0.172787 0.656424 0.843434 0.010208 0.608032 1.323051 1.323051 1.323052 1.323052
0.482927 0.205239 0.794337 1.005649 0.012289 0.734483 1.605866 1.605866 1.605867 1.605867
0.480397 0.184667 0.784912 0.999565 0.012236 0.731007 1.595204 1.595204 1.595204 1.595204
0.475838 0.171710 0.766096 0.989241 0.011818 0.704932 1.584284 1.584284 1.584285 1.584285
0.462384 0.166712 0.729682 0.971173 0.011345 0.686662 1.549974 1.549974 1.549974 1.549974
0.474247 0.171389 0.748255 1.000432 0.011772 0.716116 1.613713 1.613713 1.613713 1.613713
0.479784 0.173170 0.759885 1.015488 0.011911 0.726006 1.643922 1.643922 1.643923 1.643923
0.478057 0.173354 0.753862 0.995809 0.011933 0.713569 1.648026 1.648026 1.648026 1.648026
0.458965 0.166251 0.730070 0.962679 0.011470 0.691121 1.579170 1.579170 1.579171 1.579171
0.462963 0.164940 0.743615 0.979371 0.011715 0.698964 1.611198 1.611198 1.611199 1.611199
0.435146 0.108756 0.693819 0.906334 0.011103 0.656657 1.527979 1.527979 1.527980 1.527980
0.469972 0.117165 0.751210 0.982688 0.011973 0.704931 1.663155 1.663155 1.663156 1.663156
0.463050 0.115264 0.749368 0.980037 0.011923 0.705542 1.670079 1.670079 1.670080 1.670080
0.466052 0.116727 0.716682 0.992569 0.012090 0.707565 1.692191 1.692191 1.692192 1.692192
0.447268 0.111402 0.671326 0.959059 0.011651 0.684406 1.661180 1.661180 1.661180 1.661180
0.451795 0.113729 0.683309 0.964771 0.011508 0.688739 1.697464 1.697464 1.697465 1.697465
0.434433 0.111419 0.668094 0.953055 0.011209 0.678253 1.686620 1.686620 1.686620 1.686620
0.420093 0.105988 0.653181 0.930153 0.010881 0.658820 1.673832 1.673832 1.673832 1.673832
0.364098 0.092105 0.568385 0.809623 0.009529 0.200229 1.456689 1.456689 1.456690 1.456690
0.439642 0.109127 0.682061 0.957631 0.011496 0.221945 1.765945 1.765945 1.765946 1.765946
