1 1 1 1 1 1 1 1 1 1
2 2 2 2 2 2 1 1 1 1
3 1 3 3 3 1 2 1 1 1
4 2 2 2 4 2 3 1 1 1
5 3 1 3 3 3 4 1 1 1
4 4 1 4 4 4 5 1 1 1
5 5 2 5 5 5 6 1 1 1
6 6 3 4 4 6 7 1 1 1
7 5 4 5 5 7 6 1 1 1
6 6 5 6 6 8 5 1 1 1
7 7 6 7 5 7 6 1 1 1
6 8 7 8 6 8 7 1 1 1
7 7 8 9 7 9 6 1 1 1
6 8 7 10 8 8 5 2 2 2
7 7 8 11 9 9 4 1 1 1
8 8 9 12 10 8 3 1 1 1
7 9 10 13 11 9 4 1 1 1
8 10 11 12 12 10 5 1 1 1
9 11 12 13 13 11 6 1 1 1
8 10 11 14 14 12 7 1 1 1
9 9 12 15 15 13 6 1 1 1
10 10 13 16 16 12 5 1 1 1
11 11 14 17 17 13 4 1 1 1
10 12 15 18 18 14 5 1 1 1
11 13 16 19 19 15 6 1 1 1
12 14 17 20 20 14 5 1 1 1
13 15 18 21 21 15 4 1 1 1
14 16 19 22 22 16 5 1 1 1
15 15 20 23 23 17 6 1 1 1
16 16 21 24 24 18 7 1 1 1
17 17 22 23 25 19 6 1 1 1
18 18 23 24 24 20 5 1 1 1
19 19 22 23 25 19 6 2 2 2
18 20 23 24 26 20 7 1 1 1
19 21 24 25 25 19 8 1 1 1
20 20 25 26 24 20 7 1 1 1
21 21 26 25 25 21 8 1 1 1
22 22 27 26 24 22 9 1 1 1
23 21 28 25 25 23 10 1 1 1
24 22 29 26 24 24 11 1 1 1
25 23 30 27 23 25 10 1 1 1
26 22 31 26 24 24 11 1 1 1
27 23 30 27 25 23 12 1 1 1
28 24 31 28 26 22 13 1 1 1
29 23 32 29 27 23 14 1 1 1
30 24 31 30 26 24 15 1 1 1
31 25 30 31 27 25 16 1 1 1
32 26 29 30 26 26 17 2 2 2
31 25 30 31 27 27 18 1 1 1
32 26 31 30 28 26 17 1 1 1
33 27 32 31 29 27 18 1 1 1
32 28 33 30 30 28 19 1 1 1
33 29 32 29 29 29 20 1 1 1
32 30 33 30 30 30 21 1 1 1
33 31 34 29 29 31 22 1 1 1
32 32 35 30 28 32 23 1 1 1
33 33 36 31 29 33 24 1 1 1
34 34 37 32 30 34 23 1 1 1
35 35 38 33 31 35 24 1 1 1
36 36 39 34 32 36 25 1 1 1
