2 2 2 2 2 2 1 1 1 1
3 3 3 3 3 3 1 1 1 1
4 4 4 4 4 4 1 1 1 1
5 5 5 5 5 5 1 1 1 1
6 6 6 6 6 4 1 1 1 1
5 5 5 7 7 5 2 2 2 2
6 6 6 8 8 4 1 1 1 1
7 5 7 7 9 5 1 1 1 1
6 6 6 8 8 6 2 2 2 2
7 7 5 9 9 7 1 1 1 1
8 8 6 10 10 8 1 1 1 1
9 9 7 11 11 9 1 1 1 1
10 10 8 12 12 8 1 1 1 1
11 11 9 11 13 7 1 1 1 1
12 12 10 12 12 8 1 1 1 1
13 13 11 13 13 9 1 1 1 1
12 14 12 12 14 10 1 1 1 1
13 15 13 13 15 9 1 1 1 1
14 16 14 14 14 10 1 1 1 1
15 17 13 13 15 11 1 1 1 1
16 18 14 14 16 12 1 1 1 1
17 19 13 15 17 13 1 1 1 1
18 20 14 16 18 14 1 1 1 1
19 21 15 15 19 15 1 1 1 1
20 22 16 16 20 16 1 1 1 1
19 23 17 17 21 17 1 1 1 1
18 24 18 16 22 16 2 2 2 2
19 25 17 17 23 15 1 1 1 1
20 26 18 18 24 16 1 1 1 1
21 25 19 17 25 17 1 1 1 1
22 26 18 18 26 16 1 1 1 1
23 27 19 17 27 17 1 1 1 1
24 28 20 18 26 18 1 1 1 1
25 29 19 19 27 19 1 1 1 1
26 30 20 18 28 20 1 1 1 1
27 31 21 19 27 21 1 1 1 1
28 32 22 18 28 20 1 1 1 1
29 33 23 19 29 21 1 1 1 1
28 34 22 20 30 20 2 2 2 2
29 35 21 21 31 21 1 1 1 1
30 34 22 20 32 22 1 1 1 1
31 35 23 21 33 23 1 1 1 1
30 36 24 22 32 24 1 1 1 1
31 37 25 23 33 25 1 1 1 1
32 38 26 24 34 26 1 1 1 1
31 37 27 25 33 27 2 2 2 2
30 38 26 26 34 28 1 1 1 1
31 39 25 27 35 29 1 1 1 1
32 40 26 28 34 30 1 1 1 1
33 39 27 29 35 31 1 1 1 1
34 40 26 28 36 32 1 1 1 1
35 41 27 29 37 33 1 1 1 1
36 42 28 30 38 34 1 1 1 1
35 43 27 31 39 35 1 1 1 1
34 42 28 32 40 36 2 2 2 2
33 43 27 33 41 37 1 1 1 1
34 44 26 34 42 36 1 1 1 1
33 45 27 33 43 37 1 1 1 1
34 46 26 32 44 38 1 1 1 1
35 47 27 33 45 39 1 1 1 1
36 48 26 34 46 40 1 1 1 1
37 49 25 35 45 41 1 1 1 1
38 50 24 36 46 42 1 1 1 1
39 51 23 37 47 43 1 1 1 1
40 52 24 38 48 44 1 1 1 1
41 53 23 39 47 45 1 1 1 1
42 54 24 40 46 46 1 1 1 1
43 53 25 41 45 47 1 1 1 1
42 54 26 42 46 48 1 1 1 1
41 55 27 43 47 49 1 1 1 1
42 56 28 44 48 50 1 1 1 1
41 57 29 45 49 51 1 1 1 1
42 58 30 46 48 52 1 1 1 1
43 59 31 45 47 53 1 1 1 1
44 60 32 46 48 54 1 1 1 1
45 59 33 45 47 55 2 2 2 2
44 58 32 46 48 56 3 3 3 3
45 59 33 47 47 57 2 2 2 2
44 60 34 48 48 58 1 1 1 1
45 61 35 49 49 59 1 1 1 1
46 62 36 50 50 60 1 1 1 1
47 63 37 51 51 59 1 1 1 1
48 64 38 52 52 58 1 1 1 1
47 65 39 53 51 59 1 1 1 1
48 66 40 54 52 60 1 1 1 1
47 67 41 55 53 59 1 1 1 1
46 68 42 56 54 58 1 1 1 1
47 67 41 57 53 59 2 2 2 2
46 68 42 58 54 60 1 1 1 1
47 69 43 59 55 61 1 1 1 1
48 70 42 60 56 62 1 1 1 1
49 71 43 59 57 63 1 1 1 1
50 72 44 58 58 64 1 1 1 1
51 71 45 59 59 65 1 1 1 1
52 72 46 60 58 66 1 1 1 1
51 73 47 61 57 67 1 1 1 1
52 72 48 62 58 68 1 1 1 1
53 73 49 63 57 69 1 1 1 1
54 72 50 64 58 70 1 1 1 1
55 73 51 65 57 71 1 1 1 1
