1 1 1 1 1 1 1 1 1 1
1 2 1 1 2 1 2 2 2 2
2 3 2 2 3 2 1 1 1 1
1 4 3 3 4 3 1 1 1 1
2 5 2 4 5 4 1 1 1 1
1 4 1 5 6 3 2 2 2 2
1 5 2 4 5 2 3 3 3 3
1 4 1 5 4 3 4 4 4 4
1 5 1 4 3 2 5 5 5 5
2 4 1 5 2 1 6 6 6 6
1 5 1 6 1 1 7 7 7 7
1 4 1 7 1 2 8 8 8 8
1 3 1 8 1 1 9 9 9 9
1 2 1 7 2 2 10 10 10 10
2 3 1 6 3 3 11 11 11 11
1 4 1 5 4 2 12 12 12 12
1 3 1 4 3 1 13 13 13 13
1 4 1 3 4 1 14 14 14 14
1 3 1 2 3 2 15 15 15 15
2 2 2 1 2 3 16 16 16 16
1 1 1 1 1 2 17 17 17 17
2 1 1 1 1 3 18 18 18 18
1 1 1 1 1 2 19 19 19 19
1 2 2 2 1 1 20 20 20 20
1 1 3 1 1 2 21 21 21 21
2 1 2 2 1 1 22 22 22 22
1 1 3 3 1 1 23 23 23 23
2 1 2 2 1 1 24 24 24 24
3 1 1 1 2 1 25 25 25 25
4 1 1 1 1 1 26 26 26 26
3 2 2 1 1 2 27 27 27 27
4 1 3 2 1 1 28 28 28 28
3 1 2 1 1 1 29 29 29 29
2 2 3 1 1 2 30 30 30 30
3 1 4 2 1 1 31 31 31 31
2 2 3 3 1 1 32 32 32 32
1 3 2 2 1 1 33 33 33 33
1 2 1 1 1 1 34 34 34 34
1 1 1 1 2 2 35 35 35 35
1 1 1 1 1 1 36 36 36 36
2 1 1 2 1 1 37 37 37 37
1 2 1 3 1 1 38 38 38 38
1 1 1 2 2 2 39 39 39 39
1 2 1 1 1 1 40 40 40 40
1 1 1 1 2 1 41 41 41 41
1 1 1 1 1 1 42 42 42 42
1 1 2 1 1 2 43 43 43 43
2 2 1 1 1 1 44 44 44 44
1 1 2 2 2 1 45 45 45 45
1 2 3 1 1 1 46 46 46 46
1 3 2 1 1 2 47 47 47 47
1 2 1 1 2 1 48 48 48 48
1 1 2 1 1 1 49 49 49 49
2 1 1 1 1 2 50 50 50 50
1 2 1 1 2 3 51 51 51 51
2 1 1 2 3 2 52 52 52 52
3 2 2 3 4 1 53 53 53 53
2 3 1 4 5 1 54 54 54 54
1 2 2 5 6 2 55 55 55 55
1 1 1 6 5 1 56 56 56 56
