1 1 1 1 1 1 1 1 1 1
1 2 1 1 1 2 2 2 2 2
1 1 2 2 2 3 3 3 3 3
1 1 1 3 1 2 4 4 4 4
2 1 1 2 1 1 5 5 5 5
1 2 1 3 2 1 6 6 6 6
1 1 1 2 1 1 7 7 7 7
2 1 1 1 2 2 8 8 8 8
1 1 1 1 1 3 9 9 9 9
1 1 1 2 1 4 10 10 10 10
2 1 1 3 1 3 11 11 11 11
1 2 1 4 1 2 12 12 12 12
1 1 1 3 2 1 13 13 13 13
1 1 2 2 3 1 14 14 14 14
1 1 1 1 2 1 15 15 15 15
2 2 1 2 3 1 16 16 16 16
3 1 1 1 4 1 17 17 17 17
2 1 1 1 3 2 18 18 18 18
1 1 1 1 2 1 19 19 19 19
1 1 1 2 1 1 20 20 20 20
2 1 1 3 1 1 21 21 21 21
1 1 1 2 1 1 22 22 22 22
1 1 2 1 1 1 23 23 23 23
1 2 1 1 1 1 24 24 24 24
1 1 1 1 2 2 25 25 25 25
1 1 1 1 1 1 26 26 26 26
1 1 1 1 1 1 27 27 27 27
1 1 2 1 2 1 28 28 28 28
1 1 1 2 1 1 29 29 29 29
2 1 2 1 1 1 30 30 30 30
3 1 1 1 1 1 31 31 31 31
2 2 1 1 1 1 32 32 32 32
3 1 1 1 2 1 33 33 33 33
2 1 1 1 1 1 34 34 34 34
1 1 1 2 1 1 35 35 35 35
1 1 2 1 1 1 36 36 36 36
1 1 3 1 1 2 37 37 37 37
1 2 2 1 1 3 38 38 38 38
1 3 1 1 1 2 39 39 39 39
1 2 2 1 1 3 40 40 40 40
1 1 1 1 2 2 41 41 41 41
1 1 2 1 1 1 42 42 42 42
1 2 1 1 1 2 43 43 43 43
1 1 1 1 1 1 44 44 44 44
2 1 1 1 2 2 45 45 45 45
1 1 1 1 3 1 46 46 46 46
2 2 1 2 4 2 47 47 47 47
1 1 1 1 3 1 48 48 48 48
1 1 1 2 2 2 49 49 49 49
1 1 1 1 1 1 50 50 50 50
2 1 1 1 1 1 51 51 51 51
3 1 1 2 1 1 52 52 52 52
2 1 1 1 2 1 53 53 53 53
1 1 2 2 3 1 54 54 54 54
1 1 3 3 4 2 55 55 55 55
1 1 2 2 3 1 56 56 56 56
1 1 1 1 2 1 57 57 57 57
1 1 1 1 1 2 58 58 58 58
2 1 2 2 1 1 59 59 59 59
1 2 1 1 1 1 60 60 60 60
