1 1 1 1 1 1 1 1 1 1
1 1 1 1 2 2 2 2 2 2
1 2 2 1 1 1 3 3 3 3
1 1 1 1 1 1 4 4 4 4
1 1 1 1 1 2 5 5 5 5
2 2 1 1 2 1 6 6 6 6
1 1 2 1 1 1 7 7 7 7
2 1 1 1 2 1 8 8 8 8
1 2 2 1 1 1 9 9 9 9
2 1 1 1 1 1 10 10 10 10
1 1 1 2 1 1 11 11 11 11
2 1 2 1 2 1 12 12 12 12
1 1 1 1 1 1 13 13 13 13
2 1 1 2 1 1 14 14 14 14
3 2 1 3 1 2 15 15 15 15
2 3 2 2 1 3 16 16 16 16
3 2 1 1 2 2 17 17 17 17
2 3 2 1 1 1 18 18 18 18
1 2 1 2 1 1 19 19 19 19
1 1 1 3 1 1 20 20 20 20
2 1 2 4 1 2 21 21 21 21
3 2 1 5 2 1 22 22 22 22
2 1 1 4 3 1 23 23 23 23
1 1 1 3 2 2 24 24 24 24
2 1 1 4 1 3 25 25 25 25
3 2 1 5 2 2 26 26 26 26
2 3 1 6 3 3 27 27 27 27
1 4 2 5 2 4 28 28 28 28
2 3 1 4 3 5 29 29 29 29
3 2 2 3 4 4 30 30 30 30
2 1 1 4 3 3 31 31 31 31
3 2 2 5 4 2 32 32 32 32
2 1 1 4 5 1 33 33 33 33
1 1 1 3 6 1 34 34 34 34
1 1 2 2 7 1 35 35 35 35
2 1 3 3 6 1 36 36 36 36
1 1 2 2 7 1 37 37 37 37
1 1 1 1 6 1 38 38 38 38
2 2 1 1 5 1 39 39 39 39
3 3 2 1 6 1 40 40 40 40
2 2 1 1 5 1 41 41 41 41
1 1 2 2 4 2 42 42 42 42
1 2 1 3 3 1 43 43 43 43
2 3 2 4 2 1 44 44 44 44
3 2 1 5 3 2 45 45 45 45
2 3 1 4 4 1 46 46 46 46
3 2 1 3 3 2 47 47 47 47
2 1 1 2 2 1 48 48 48 48
1 1 1 3 3 2 49 49 49 49
2 1 1 2 2 1 50 50 50 50
1 2 2 1 1 1 51 51 51 51
1 1 3 2 2 1 52 52 52 52
2 1 2 1 1 1 53 53 53 53
1 1 3 1 2 1 54 54 54 54
2 2 2 1 1 1 55 55 55 55
1 1 1 1 1 2 56 56 56 56
1 1 1 2 1 1 57 57 57 57
1 2 1 1 1 1 58 58 58 58
1 3 1 1 1 1 59 59 59 59
1 4 1 1 1 1 60 60 60 60
