1 2 2 2 1 1 2 2 2 2
1 3 3 3 2 1 3 3 3 3
2 4 4 4 3 2 2 2 2 2
1 5 5 5 4 3 1 1 1 1
2 6 6 6 5 2 1 1 1 1
1 7 5 5 6 1 2 2 2 2
1 8 4 4 5 2 3 3 3 3
2 9 5 5 6 3 2 2 2 2
3 10 6 6 7 4 1 1 1 1
4 11 7 7 8 5 1 1 1 1
3 12 6 8 7 4 2 2 2 2
4 13 7 9 6 5 1 1 1 1
3 14 8 10 7 6 1 1 1 1
2 15 9 11 8 7 1 1 1 1
3 16 10 12 7 8 1 1 1 1
4 17 11 13 8 9 1 1 1 1
5 18 12 14 7 10 1 1 1 1
6 19 13 15 8 11 1 1 1 1
7 20 14 16 9 12 1 1 1 1
8 21 15 15 10 11 1 1 1 1
9 22 16 16 11 12 1 1 1 1
10 23 17 17 12 13 1 1 1 1
11 24 18 18 13 14 1 1 1 1
12 25 19 19 14 15 1 1 1 1
13 26 20 20 15 16 1 1 1 1
12 27 21 19 16 17 1 1 1 1
13 28 22 20 15 18 1 1 1 1
14 29 23 21 16 17 1 1 1 1
15 30 24 22 17 18 1 1 1 1
16 31 23 21 18 19 2 2 2 2
17 30 22 22 19 20 1 1 1 1
18 31 23 23 20 21 1 1 1 1
19 32 24 22 19 22 1 1 1 1
20 33 25 23 20 23 1 1 1 1
21 34 26 24 19 24 1 1 1 1
22 35 25 25 18 25 1 1 1 1
23 34 26 26 19 24 1 1 1 1
24 33 27 27 20 25 1 1 1 1
25 34 28 28 21 24 1 1 1 1
24 35 29 27 22 25 1 1 1 1
25 36 30 28 21 26 1 1 1 1
24 37 31 29 22 27 1 1 1 1
25 38 30 30 23 26 1 1 1 1
24 39 29 31 22 27 2 2 2 2
23 40 30 32 23 28 1 1 1 1
24 41 31 33 24 29 1 1 1 1
25 40 30 34 25 30 1 1 1 1
26 41 31 35 26 31 1 1 1 1
27 42 32 36 27 32 1 1 1 1
28 43 33 37 28 33 1 1 1 1
29 44 32 38 27 34 1 1 1 1
30 45 33 39 28 35 1 1 1 1
29 46 34 40 29 36 1 1 1 1
30 45 35 39 30 37 1 1 1 1
31 46 34 40 29 38 1 1 1 1
32 47 35 41 28 39 1 1 1 1
33 48 36 42 29 40 1 1 1 1
34 47 35 41 30 41 2 2 2 2
35 48 36 42 31 42 1 1 1 1
36 49 37 41 32 43 1 1 1 1
37 50 38 42 33 42 1 1 1 1
38 49 37 43 34 43 1 1 1 1
39 50 38 44 35 44 1 1 1 1
40 51 39 45 36 45 1 1 1 1
39 50 40 46 35 46 2 2 2 2
40 51 41 47 36 47 1 1 1 1
41 52 42 46 37 48 1 1 1 1
42 53 43 47 36 49 1 1 1 1
43 54 44 48 37 50 1 1 1 1
44 55 45 47 38 51 1 1 1 1
45 54 44 46 39 52 2 2 2 2
46 53 45 45 40 53 1 1 1 1
47 54 46 46 39 54 1 1 1 1
48 55 45 45 40 53 2 2 2 2
49 56 46 44 41 54 1 1 1 1
48 57 47 45 42 53 1 1 1 1
49 58 48 44 43 52 1 1 1 1
50 59 47 45 42 51 2 2 2 2
51 60 48 46 43 50 1 1 1 1
52 61 49 47 44 51 1 1 1 1
51 62 50 46 43 52 2 2 2 2
52 63 49 47 42 53 1 1 1 1
51 64 50 48 43 54 1 1 1 1
52 63 51 49 44 55 1 1 1 1
53 64 52 50 45 56 1 1 1 1
54 65 53 51 46 57 1 1 1 1
55 66 54 50 47 58 1 1 1 1
56 67 55 49 48 57 1 1 1 1
57 68 56 50 47 58 1 1 1 1
58 69 57 51 48 59 1 1 1 1
59 70 56 52 49 60 1 1 1 1
58 71 57 53 50 61 1 1 1 1
57 72 58 54 51 60 1 1 1 1
58 73 59 55 52 61 1 1 1 1
59 74 58 56 53 62 1 1 1 1
58 73 59 57 54 63 1 1 1 1
59 74 60 58 55 62 1 1 1 1
60 75 61 59 54 61 1 1 1 1
59 76 62 60 55 62 1 1 1 1
60 77 63 61 56 63 1 1 1 1
