1 1 1 1 1 1 1 1 1 1
1 1 1 1 1 1 1 1 1 1
2 2 2 2 2 2 1 1 1 1
3 3 3 3 3 3 1 1 1 1
4 2 2 2 2 4 2 2 2 2
5 3 3 3 3 5 1 1 1 1
6 4 4 4 4 6 1 1 1 1
6 4 4 4 4 6 1 1 1 1
7 3 5 5 5 7 1 1 1 1
6 4 6 6 6 8 1 1 1 1
5 3 7 7 7 7 2 2 2 2
6 4 6 8 8 8 1 1 1 1
5 5 7 7 9 7 2 2 2 2
6 6 8 8 10 8 1 1 1 1
7 7 9 9 11 9 1 1 1 1
8 8 10 10 12 10 1 1 1 1
9 9 9 11 11 11 1 1 1 1
10 10 10 12 12 12 1 1 1 1
11 11 11 13 13 13 1 1 1 1
12 12 12 12 14 12 1 1 1 1
13 13 13 13 15 13 1 1 1 1
12 14 14 14 14 14 1 1 1 1
13 15 15 15 15 15 1 1 1 1
14 16 16 16 16 16 1 1 1 1
15 17 17 15 17 17 1 1 1 1
16 18 18 16 18 16 1 1 1 1
15 19 19 17 19 15 1 1 1 1
16 20 18 18 20 16 1 1 1 1
17 21 19 19 21 17 1 1 1 1
18 22 18 20 20 18 1 1 1 1
19 21 19 19 21 19 1 1 1 1
20 22 20 20 22 20 1 1 1 1
21 23 21 21 23 19 1 1 1 1
22 24 22 22 24 20 1 1 1 1
23 25 23 23 25 21 1 1 1 1
24 26 24 24 26 22 1 1 1 1
25 27 25 25 27 23 1 1 1 1
26 28 26 26 28 24 1 1 1 1
27 29 27 27 29 25 1 1 1 1
28 30 28 28 30 26 1 1 1 1
29 31 29 29 29 27 1 1 1 1
30 32 30 30 30 28 1 1 1 1
31 33 31 31 29 27 1 1 1 1
32 34 32 32 30 28 1 1 1 1
33 35 33 33 31 29 1 1 1 1
34 36 34 34 32 30 1 1 1 1
35 37 35 35 33 31 1 1 1 1
36 38 36 36 34 32 1 1 1 1
37 39 37 37 33 33 1 1 1 1
38 40 38 38 34 34 1 1 1 1
39 41 39 37 35 35 1 1 1 1
40 42 40 38 36 36 1 1 1 1
41 43 41 39 37 37 1 1 1 1
42 44 42 40 38 38 1 1 1 1
43 45 43 39 39 39 1 1 1 1
44 46 42 40 40 40 1 1 1 1
45 47 43 41 41 41 1 1 1 1
46 48 44 42 40 42 1 1 1 1
47 49 45 43 41 43 1 1 1 1
48 50 46 44 42 44 1 1 1 1
