1 1 1 1 1 1 1 1 1 1
1 1 1 1 1 1 1 1 1 1
2 1 2 1 2 2 1 2 2 2
1 1 3 2 1 3 1 3 3 3
1 1 4 1 1 4 2 4 4 4
1 1 5 2 1 5 3 5 5 5
1 2 4 1 1 4 4 6 6 6
1 3 5 2 2 3 5 7 7 7
2 4 4 3 3 2 4 8 8 8
3 5 5 2 4 3 3 9 9 9
2 6 4 3 5 4 2 10 10 10
1 7 3 2 6 3 3 11 11 11
2 8 2 1 5 2 2 12 12 12
1 7 1 2 6 1 1 13 13 13
1 8 1 1 5 2 1 14 14 14
2 7 1 1 6 3 1 15 15 15
1 6 1 1 5 4 2 16 16 16
1 5 2 1 4 5 1 17 17 17
1 4 3 2 5 4 1 18 18 18
1 5 4 3 6 5 2 19 19 19
1 6 5 2 7 4 1 20 20 20
1 5 6 3 6 5 2 21 21 21
1 4 7 4 5 4 1 22 22 22
2 3 8 3 6 5 1 23 23 23
1 2 9 2 7 6 2 24 24 24
1 1 10 1 8 7 3 25 25 25
2 1 9 1 9 6 2 26 26 26
3 1 8 1 8 5 1 27 27 27
2 2 9 2 9 4 2 28 28 28
3 3 10 3 10 5 1 29 29 29
2 4 9 4 9 4 1 30 30 30
1 5 10 3 10 5 1 31 31 31
1 4 11 2 9 6 2 32 32 32
1 3 12 3 8 7 1 33 33 33
1 4 11 4 7 8 1 34 34 34
1 5 10 5 6 9 2 35 35 35
1 6 11 6 7 8 3 36 36 36
2 5 12 5 8 9 4 37 37 37
1 6 11 4 9 8 3 38 38 38
2 7 12 3 10 9 2 39 39 39
1 6 11 2 9 8 1 40 40 40
2 5 12 1 10 9 2 41 41 41
3 6 11 2 11 8 3 42 42 42
2 5 10 1 12 9 2 43 43 43
1 6 9 1 13 8 3 44 44 44
1 5 10 1 14 9 4 45 45 45
2 4 11 2 15 10 3 46 46 46
1 3 10 3 14 9 2 47 47 47
1 2 9 4 15 10 3 48 48 48
2 1 10 5 16 11 4 49 49 49
3 2 11 4 17 10 3 50 50 50
4 1 10 5 16 9 4 51 51 51
5 1 9 6 15 8 5 52 52 52
6 2 10 5 14 7 6 53 53 53
5 1 9 4 13 8 7 54 54 54
4 1 8 3 14 9 6 55 55 55
5 1 9 4 15 8 5 56 56 56
4 1 8 5 16 7 6 57 57 57
3 1 9 6 17 6 5 58 58 58
2 2 8 7 16 5 6 59 59 59
