1 1 1 1 1 1 1 1 1 1
2 2 2 2 2 2 1 1 1 1
1 3 3 1 3 3 2 2 2 2
1 4 4 2 2 2 1 3 3 3
1 3 5 1 3 1 1 4 4 4
2 2 6 2 2 2 2 5 5 5
1 3 7 3 1 1 1 6 6 6
1 2 6 4 2 1 2 7 7 7
1 3 7 3 3 2 3 8 8 8
2 4 6 2 2 1 4 9 9 9
1 3 5 1 3 2 3 10 10 10
2 2 4 1 4 3 2 11 11 11
1 3 3 1 3 2 3 12 12 12
1 4 2 2 4 1 2 13 13 13
1 5 1 1 3 1 3 14 14 14
2 4 1 1 2 2 4 15 15 15
3 3 2 2 1 3 5 16 16 16
2 4 1 3 2 2 6 17 17 17
1 3 1 2 1 3 7 18 18 18
2 4 2 1 1 2 8 19 19 19
1 5 1 1 1 3 9 20 20 20
2 4 1 1 2 4 10 21 21 21
1 3 2 1 1 3 11 22 22 22
2 2 1 2 2 4 10 23 23 23
3 1 1 1 1 5 11 24 24 24
2 1 1 1 1 6 12 25 25 25
1 1 2 1 1 5 13 26 26 26
1 1 1 1 1 4 12 27 27 27
1 2 2 1 1 3 11 28 28 28
1 1 1 1 1 2 10 29 29 29
1 1 1 2 1 3 11 30 30 30
1 1 1 3 2 4 12 31 31 31
2 2 1 4 3 5 13 32 32 32
3 1 1 3 2 4 12 33 33 33
2 2 1 2 3 5 11 34 34 34
1 3 1 1 4 4 12 35 35 35
1 4 2 2 3 3 13 36 36 36
2 3 1 3 4 4 12 37 37 37
1 4 1 4 3 3 11 38 38 38
1 3 1 5 4 4 10 39 39 39
1 4 1 4 5 3 11 40 40 40
1 5 1 5 6 4 10 41 41 41
2 4 2 4 5 5 9 42 42 42
3 3 3 3 4 6 8 43 43 43
2 4 2 2 3 7 7 44 44 44
1 3 3 1 4 6 6 45 45 45
1 2 4 1 5 5 5 46 46 46
2 3 3 1 6 6 6 47 47 47
3 4 2 2 5 7 7 48 48 48
2 3 1 3 4 8 8 49 49 49
3 2 1 4 5 7 7 50 50 50
4 3 1 5 4 6 6 51 51 51
3 2 2 6 5 5 5 52 52 52
4 1 1 5 4 4 4 53 53 53
3 1 1 6 5 3 3 54 54 54
4 1 1 5 6 2 2 55 55 55
3 1 1 4 7 1 1 56 56 56
4 1 1 3 6 1 2 57 57 57
3 1 1 4 5 1 1 58 58 58
2 1 1 3 4 2 1 59 59 59
