1 2 2 2 2 2 2 1 1 1
2 3 1 3 3 3 1 1 1 1
1 2 2 4 4 4 2 1 1 1
1 3 1 5 5 3 1 2 2 2
1 4 2 4 4 4 1 3 3 3
1 5 3 5 3 3 1 4 4 4
2 6 2 6 4 4 1 3 3 3
3 7 3 7 5 3 2 2 2 2
4 8 4 8 6 4 3 1 1 1
5 9 5 9 7 3 4 1 1 1
4 10 4 10 8 4 5 1 1 1
3 11 5 9 9 5 6 1 1 1
2 10 6 10 10 4 7 1 1 1
1 9 7 11 11 5 8 1 1 1
2 10 8 12 10 6 9 1 1 1
3 11 9 13 9 7 10 1 1 1
2 12 10 12 8 6 11 2 2 2
3 13 11 13 7 5 12 1 1 1
4 14 12 14 6 4 11 2 2 2
5 13 13 15 7 3 12 1 1 1
4 12 14 16 6 4 13 1 1 1
3 13 15 15 5 5 14 1 1 1
2 12 16 16 6 6 15 1 1 1
1 13 17 17 7 7 14 1 1 1
1 14 16 18 8 8 13 1 1 1
1 13 17 17 9 9 14 2 2 2
2 14 18 18 10 10 15 1 1 1
3 15 19 19 11 11 14 1 1 1
4 16 20 18 12 12 13 1 1 1
5 17 19 19 13 13 12 1 1 1
6 18 18 20 14 12 11 2 2 2
7 19 17 19 13 13 12 3 3 3
8 20 18 20 12 12 13 2 2 2
9 19 19 21 13 13 14 1 1 1
8 20 20 20 12 14 15 2 2 2
9 21 19 21 13 15 14 1 1 1
10 20 20 22 12 16 15 1 1 1
11 21 21 21 13 17 14 1 1 1
12 22 20 22 14 16 15 1 1 1
13 21 21 23 15 15 16 1 1 1
14 22 22 24 16 16 17 1 1 1
13 21 23 25 15 17 18 2 2 2
14 22 24 24 16 16 19 1 1 1
15 23 25 23 15 17 18 1 1 1
16 24 26 24 16 16 19 2 2 2
17 25 25 25 15 15 20 3 3 3
18 26 26 24 14 14 21 2 2 2
19 27 27 25 13 15 22 1 1 1
20 28 26 26 14 16 23 1 1 1
21 27 27 27 13 17 24 1 1 1
20 26 28 28 14 18 25 2 2 2
19 27 29 27 13 19 24 3 3 3
18 28 30 26 14 20 25 2 2 2
19 29 29 27 15 19 24 3 3 3
20 30 30 28 14 20 25 2 2 2
21 31 29 29 15 19 26 1 1 1
22 32 30 30 14 20 25 1 1 1
23 33 31 29 15 19 24 1 1 1
24 34 32 30 16 20 25 1 1 1
25 33 33 31 15 21 24 1 1 1
26 34 34 32 16 22 23 1 1 1
25 33 33 33 17 23 24 2 2 2
24 34 32 34 18 24 25 1 1 1
25 35 31 35 19 25 26 1 1 1
24 36 32 36 20 26 27 1 1 1
25 35 33 37 21 27 28 1 1 1
26 36 32 36 22 26 29 1 1 1
27 37 31 35 21 27 30 1 1 1
26 38 32 36 22 28 31 1 1 1
27 37 33 35 23 29 32 1 1 1
28 38 34 36 24 30 33 1 1 1
29 37 35 37 25 29 32 1 1 1
30 38 36 38 26 30 33 1 1 1
31 39 35 39 27 29 34 1 1 1
32 40 36 40 26 28 33 1 1 1
33 41 37 39 27 29 34 1 1 1
34 42 38 40 26 28 35 1 1 1
35 43 39 41 27 29 36 1 1 1
36 44 40 42 26 28 37 2 2 2
35 43 41 43 27 29 38 1 1 1
36 42 42 44 26 30 39 1 1 1
37 43 43 45 27 31 40 1 1 1
38 42 44 46 26 30 41 1 1 1
39 43 43 47 27 29 42 1 1 1
38 44 44 46 28 30 43 1 1 1
37 43 45 47 29 31 44 1 1 1
38 44 46 48 28 30 45 1 1 1
37 45 47 49 29 29 46 1 1 1
38 46 48 48 30 30 47 1 1 1
39 45 49 49 29 31 48 1 1 1
40 46 48 48 30 32 49 1 1 1
39 47 49 47 29 33 50 1 1 1
40 46 50 46 30 32 51 1 1 1
41 45 49 47 31 33 52 1 1 1
40 46 48 48 30 34 53 1 1 1
41 47 47 49 31 35 54 1 1 1
42 48 48 50 30 34 55 1 1 1
43 49 49 51 31 33 54 1 1 1
44 50 50 52 32 34 55 1 1 1
45 51 51 53 33 35 56 1 1 1
