2 2 2 2 2 2 1 1 1 1
3 3 3 3 3 3 1 1 1 1
4 4 4 4 4 2 1 1 1 1
5 5 5 5 3 3 1 1 1 1
6 4 6 4 4 2 2 2 2 2
7 3 7 5 5 3 1 1 1 1
8 4 6 6 6 4 1 1 1 1
9 3 5 7 5 3 2 2 2 2
10 4 6 8 6 4 1 1 1 1
11 5 7 7 7 5 1 1 1 1
12 6 8 8 8 6 1 1 1 1
13 7 9 9 7 7 1 1 1 1
14 8 10 10 8 8 1 1 1 1
15 9 9 11 9 7 1 1 1 1
16 10 10 12 10 6 1 1 1 1
15 9 11 13 9 7 2 2 2 2
14 10 12 14 10 8 1 1 1 1
15 11 13 15 11 9 1 1 1 1
16 12 14 16 12 10 1 1 1 1
17 13 15 17 13 11 1 1 1 1
18 14 14 18 14 12 1 1 1 1
19 15 15 19 15 13 1 1 1 1
18 16 16 20 16 14 1 1 1 1
19 17 17 19 15 13 2 2 2 2
20 18 18 20 16 12 1 1 1 1
21 17 19 21 15 13 1 1 1 1
22 18 18 22 16 14 1 1 1 1
21 19 19 23 15 13 2 2 2 2
20 20 20 24 16 14 1 1 1 1
21 21 21 25 17 15 1 1 1 1
22 22 22 26 16 16 1 1 1 1
23 23 23 27 17 15 1 1 1 1
24 24 24 28 18 16 1 1 1 1
25 25 25 29 19 17 1 1 1 1
26 26 26 30 20 18 1 1 1 1
27 27 27 29 21 17 1 1 1 1
28 28 28 28 22 18 1 1 1 1
29 29 29 29 23 19 1 1 1 1
30 30 30 30 24 20 1 1 1 1
31 31 31 31 25 21 1 1 1 1
32 32 32 32 26 22 1 1 1 1
33 33 33 33 27 21 1 1 1 1
34 32 34 32 28 22 1 1 1 1
35 33 33 31 27 23 2 2 2 2
34 32 34 30 28 24 3 3 3 3
33 33 35 31 29 25 2 2 2 2
34 34 34 32 30 24 1 1 1 1
35 35 35 33 31 25 1 1 1 1
36 36 36 34 32 26 1 1 1 1
37 37 37 35 33 27 1 1 1 1
38 38 36 36 34 28 1 1 1 1
37 39 37 37 35 29 1 1 1 1
38 38 38 38 36 28 1 1 1 1
39 39 39 39 37 27 1 1 1 1
40 38 40 40 38 28 1 1 1 1
41 39 41 41 37 29 1 1 1 1
42 38 42 40 38 30 1 1 1 1
43 39 43 39 39 31 1 1 1 1
42 40 44 38 38 32 2 2 2 2
43 41 43 39 37 33 1 1 1 1
