2 1 2 2 2 2 2 1 1 1
3 2 3 3 3 3 1 1 1 1
4 3 4 4 2 4 2 1 1 1
3 4 5 5 3 5 3 1 1 1
4 5 6 6 4 6 2 1 1 1
5 4 5 7 5 7 1 2 2 2
6 5 4 8 6 8 2 1 1 1
7 6 5 7 7 9 3 1 1 1
8 7 4 8 8 10 4 1 1 1
9 8 3 9 7 11 5 1 1 1
10 9 2 10 8 12 6 1 1 1
9 8 1 11 9 13 5 2 2 2
10 9 2 12 10 14 6 1 1 1
11 10 3 13 11 15 7 1 1 1
12 11 4 14 12 16 8 1 1 1
13 12 5 15 13 17 9 1 1 1
14 13 6 16 14 18 10 1 1 1
13 14 7 17 15 19 11 1 1 1
14 15 6 18 16 20 12 1 1 1
13 16 5 19 17 19 13 2 2 2
14 17 6 20 18 20 14 1 1 1
15 18 7 21 19 21 15 1 1 1
16 19 8 22 20 22 16 1 1 1
17 18 9 23 21 23 17 1 1 1
16 19 10 24 20 24 18 1 1 1
15 20 11 23 21 25 17 1 1 1
16 21 12 24 22 26 18 1 1 1
17 22 13 25 23 27 19 1 1 1
18 23 14 26 24 28 20 1 1 1
19 24 15 27 25 27 21 1 1 1
20 25 16 26 26 28 22 1 1 1
21 26 17 27 27 29 21 1 1 1
20 27 18 28 28 30 22 1 1 1
21 26 19 29 29 31 23 1 1 1
22 27 20 30 30 32 24 1 1 1
23 28 21 31 31 33 25 1 1 1
24 29 22 32 32 34 26 1 1 1
25 30 23 33 33 35 27 1 1 1
26 31 24 34 34 36 28 1 1 1
27 32 25 35 35 37 29 1 1 1
28 33 26 34 36 36 30 1 1 1
27 34 27 35 37 37 31 1 1 1
28 35 28 36 36 38 32 1 1 1
29 36 29 37 37 39 33 1 1 1
30 37 30 38 38 40 34 1 1 1
31 36 29 39 39 41 35 1 1 1
32 37 30 40 40 42 36 1 1 1
33 38 31 41 41 43 37 1 1 1
34 39 32 40 42 44 38 1 1 1
35 40 33 41 43 45 37 1 1 1
36 41 34 42 44 46 38 1 1 1
35 40 35 43 45 45 39 1 1 1
36 41 36 44 46 46 40 1 1 1
37 42 37 45 47 47 41 1 1 1
38 43 38 44 48 48 42 1 1 1
39 42 39 45 49 49 43 1 1 1
40 43 40 46 50 48 44 1 1 1
41 42 39 47 51 49 45 1 1 1
42 41 38 48 52 50 46 1 1 1
43 42 37 49 53 51 47 1 1 1
