1 2 2 2 2 2 2 1 1 1
2 3 3 3 3 3 1 1 1 1
3 4 4 4 2 4 2 1 1 1
4 5 3 5 3 5 3 1 1 1
5 4 4 4 2 6 2 2 2 2
4 3 5 3 3 7 1 3 3 3
5 4 4 4 4 8 1 2 2 2
4 3 5 3 5 9 1 3 3 3
5 2 6 2 6 10 2 2 2 2
6 3 7 1 7 11 1 1 1 1
7 4 6 1 8 12 2 1 1 1
8 5 7 2 7 13 1 1 1 1
7 6 8 1 8 12 1 2 2 2
8 7 9 2 9 13 2 1 1 1
9 6 8 3 10 14 3 1 1 1
10 7 7 4 11 15 4 1 1 1
11 8 8 5 10 16 5 1 1 1
12 7 7 6 9 17 4 2 2 2
13 8 8 7 10 18 5 1 1 1
14 7 9 8 9 19 6 1 1 1
13 8 10 9 8 20 5 2 2 2
14 9 11 8 9 21 6 1 1 1
15 10 12 7 10 22 7 1 1 1
16 11 13 6 11 23 8 1 1 1
17 12 14 7 10 24 9 1 1 1
18 13 15 8 11 25 10 1 1 1
19 12 16 9 12 24 11 1 1 1
20 13 17 8 13 25 12 1 1 1
21 14 18 9 14 26 13 1 1 1
22 15 19 8 15 27 12 1 1 1
23 16 20 7 14 28 11 2 2 2
24 17 21 6 15 27 12 1 1 1
23 18 22 7 14 28 13 1 1 1
24 17 23 6 13 27 14 2 2 2
25 16 24 7 14 28 13 1 1 1
24 15 25 8 15 29 12 1 1 1
25 16 26 7 14 30 13 1 1 1
26 17 27 6 15 29 12 1 1 1
27 18 28 5 16 30 13 1 1 1
28 19 29 4 15 31 12 2 2 2
27 20 30 3 16 32 13 1 1 1
28 21 31 2 17 31 14 1 1 1
29 20 32 1 16 32 13 2 2 2
30 19 33 2 15 31 14 3 3 3
29 20 32 3 16 32 15 2 2 2
30 21 31 2 17 31 16 1 1 1
31 20 32 3 18 32 15 1 1 1
32 21 31 4 19 33 16 1 1 1
33 20 32 5 20 34 15 1 1 1
34 19 31 6 19 35 16 2 2 2
33 20 30 5 20 36 15 3 3 3
34 21 29 6 21 37 16 2 2 2
35 22 30 7 22 38 17 1 1 1
36 23 31 8 23 39 18 1 1 1
37 24 32 9 22 40 19 1 1 1
38 23 31 10 23 41 18 2 2 2
39 24 32 11 24 42 19 1 1 1
38 23 33 12 25 43 20 1 1 1
39 24 34 13 26 44 19 1 1 1
38 25 35 14 27 45 20 1 1 1
