2 2 2 2 1 2 2 1 1 1
3 3 3 3 2 3 3 1 1 1
4 4 4 4 3 2 4 1 1 1
5 5 5 5 4 3 5 1 1 1
6 6 6 6 5 4 6 1 1 1
7 7 7 7 6 5 7 1 1 1
8 8 8 8 7 6 8 1 1 1
7 9 9 9 8 7 9 1 1 1
8 8 10 10 9 8 10 1 1 1
9 7 11 11 10 9 11 1 1 1
10 6 10 12 11 8 10 2 2 2
11 7 11 13 12 9 9 1 1 1
10 8 12 14 13 10 10 1 1 1
9 7 13 13 14 11 11 1 1 1
10 8 14 14 15 12 12 1 1 1
11 7 15 15 16 13 13 1 1 1
12 8 16 16 17 14 14 1 1 1
13 7 15 15 18 15 15 1 1 1
14 8 16 16 19 16 16 1 1 1
15 9 17 17 20 17 17 1 1 1
16 10 18 18 21 16 18 1 1 1
15 11 19 19 22 17 19 1 1 1
16 12 20 18 23 18 20 1 1 1
17 13 21 19 24 19 21 1 1 1
18 14 22 20 25 18 22 1 1 1
19 15 23 19 26 19 23 1 1 1
20 16 24 20 27 20 24 1 1 1
21 17 25 21 26 19 25 1 1 1
22 18 26 20 27 20 26 1 1 1
21 19 25 21 28 19 27 2 2 2
22 18 26 22 29 20 28 1 1 1
23 19 27 23 30 21 29 1 1 1
22 20 28 24 31 22 30 1 1 1
23 21 29 25 32 23 31 1 1 1
24 22 30 26 33 24 32 1 1 1
25 23 31 27 34 25 33 1 1 1
24 24 32 26 35 26 34 1 1 1
25 25 33 27 36 27 35 1 1 1
26 26 32 28 37 28 36 1 1 1
27 27 33 29 38 27 37 1 1 1
26 28 34 30 39 26 38 1 1 1
27 29 35 31 40 27 39 1 1 1
28 28 36 32 41 26 38 1 1 1
29 29 37 33 42 27 39 1 1 1
30 30 38 34 43 26 40 1 1 1
31 31 39 35 42 25 41 1 1 1
32 30 40 36 43 26 42 1 1 1
33 31 39 37 44 27 43 1 1 1
34 32 38 38 45 28 44 1 1 1
35 33 39 37 46 27 45 1 1 1
36 34 40 38 47 28 46 1 1 1
37 35 39 39 48 29 47 1 1 1
38 36 40 40 49 30 48 1 1 1
39 37 41 41 50 31 49 1 1 1
40 38 42 42 51 32 48 1 1 1
41 37 43 43 52 33 49 1 1 1
42 38 44 44 51 34 50 1 1 1
43 37 43 45 52 35 51 1 1 1
44 38 44 46 53 36 52 1 1 1
45 39 45 47 54 37 53 1 1 1
44 38 46 48 55 38 52 1 1 1
45 39 47 49 56 39 51 1 1 1
44 40 46 50 57 40 52 1 1 1
45 39 47 49 58 41 53 1 1 1
46 38 48 50 59 42 54 1 1 1
47 39 49 51 60 43 55 1 1 1
48 40 50 52 61 44 56 1 1 1
49 41 51 51 62 45 57 1 1 1
50 42 50 52 63 46 58 1 1 1
49 41 51 53 64 47 59 1 1 1
50 42 52 52 65 46 60 1 1 1
49 41 53 53 66 47 61 1 1 1
50 42 54 54 67 48 60 1 1 1
51 43 55 55 68 49 61 1 1 1
52 44 54 56 69 50 62 1 1 1
53 45 55 57 70 51 63 1 1 1
54 46 56 58 71 52 64 1 1 1
55 47 57 59 72 53 63 1 1 1
56 48 58 58 73 54 64 1 1 1
57 49 59 59 74 55 65 1 1 1
56 50 60 60 73 56 66 1 1 1
57 51 61 61 74 57 67 1 1 1
58 52 62 62 75 56 68 1 1 1
59 53 63 63 76 57 69 1 1 1
60 54 64 64 77 58 70 1 1 1
59 55 65 65 78 59 71 1 1 1
60 56 66 64 79 60 72 1 1 1
61 57 67 65 80 61 73 1 1 1
62 58 68 66 81 62 74 1 1 1
61 59 69 67 82 63 75 1 1 1
62 60 70 68 81 64 76 1 1 1
63 61 71 69 82 65 77 1 1 1
64 60 72 70 83 66 78 1 1 1
65 61 71 71 84 67 79 1 1 1
66 62 70 70 85 68 80 1 1 1
67 63 71 71 84 69 81 1 1 1
68 64 70 72 83 70 82 1 1 1
69 65 71 73 82 71 83 1 1 1
70 66 72 74 83 72 84 1 1 1
69 67 73 75 84 73 85 1 1 1
