2 2 2 1 2 2 1 2 2 2
3 1 1 1 3 3 1 3 3 3
4 2 1 2 2 4 2 4 4 4
5 1 2 1 1 5 3 5 5 5
6 1 3 2 2 6 4 6 6 6
5 2 2 3 1 7 3 7 7 7
6 1 1 2 2 6 2 8 8 8
7 1 2 3 1 7 3 9 9 9
8 2 1 2 1 6 4 10 10 10
7 1 1 3 1 5 5 11 11 11
6 1 2 2 1 6 6 12 12 12
5 1 3 1 1 5 7 13 13 13
4 2 2 1 1 6 6 14 14 14
5 1 1 1 1 5 5 15 15 15
4 2 1 2 1 4 6 16 16 16
3 1 1 1 2 3 7 17 17 17
2 1 1 1 3 2 6 18 18 18
3 1 1 1 4 1 7 19 19 19
4 2 1 2 3 1 6 20 20 20
5 3 2 3 2 1 5 21 21 21
4 2 1 2 3 2 4 22 22 22
5 3 1 1 2 1 5 23 23 23
4 2 2 1 3 2 6 24 24 24
3 1 3 1 2 1 5 25 25 25
2 1 2 1 3 2 4 26 26 26
1 2 3 1 4 1 3 27 27 27
2 1 2 1 5 1 4 28 28 28
1 1 3 1 6 1 3 29 29 29
1 1 4 2 7 1 4 30 30 30
1 2 3 3 6 1 3 31 31 31
1 1 2 2 5 1 2 32 32 32
2 1 1 1 4 1 1 33 33 33
3 1 1 2 5 1 2 34 34 34
2 2 2 1 6 1 3 35 35 35
3 1 1 2 5 1 2 36 36 36
4 2 2 3 6 2 3 37 37 37
3 3 1 2 5 1 2 38 38 38
2 4 2 3 4 2 1 39 39 39
1 3 3 4 3 1 1 40 40 40
2 2 4 5 2 2 1 41 41 41
1 1 3 4 1 1 2 42 42 42
2 1 4 5 1 2 3 43 43 43
1 2 3 4 1 3 2 44 44 44
2 1 2 5 1 2 3 45 45 45
1 1 3 4 1 1 2 46 46 46
1 1 2 5 2 1 1 47 47 47
2 1 3 4 1 1 1 48 48 48
3 1 2 3 1 1 1 49 49 49
4 1 1 2 1 2 1 50 50 50
5 1 1 3 1 1 2 51 51 51
4 1 2 2 2 2 3 52 52 52
3 1 1 3 1 1 2 53 53 53
2 1 2 2 2 1 3 54 54 54
1 2 3 3 3 2 2 55 55 55
1 3 2 4 2 3 1 56 56 56
2 2 1 5 1 2 2 57 57 57
3 1 1 6 1 1 1 58 58 58
4 1 1 7 2 2 1 59 59 59
3 2 2 6 1 3 2 60 60 60
2 1 3 7 1 4 3 61 61 61
1 2 4 6 2 5 2 62 62 62
1 3 5 5 1 6 1 63 63 63
2 2 6 4 1 5 1 64 64 64
1 3 5 5 2 6 2 65 65 65
1 2 4 6 1 7 1 66 66 66
1 1 5 7 2 6 1 67 67 67
1 1 4 8 1 5 2 68 68 68
1 2 5 7 2 4 1 69 69 69
1 1 6 6 1 3 2 70 70 70
1 1 5 5 1 2 1 71 71 71
2 1 6 6 2 1 1 72 72 72
3 2 7 5 1 1 1 73 73 73
4 3 8 6 1 2 1 74 74 74
5 4 7 7 1 3 1 75 75 75
4 3 6 6 1 4 1 76 76 76
5 2 5 7 1 3 1 77 77 77
6 1 4 8 1 4 1 78 78 78
7 1 3 7 1 5 2 79 79 79
6 1 4 6 1 4 1 80 80 80
5 2 3 5 2 3 1 81 81 81
6 3 4 6 1 2 2 82 82 82
7 2 5 5 1 1 1 83 83 83
6 1 4 6 2 2 1 84 84 84
5 1 5 5 3 1 1 85 85 85
4 1 4 6 2 2 1 86 86 86
5 2 3 7 1 1 1 87 87 87
6 3 2 6 1 1 1 88 88 88
7 2 1 5 1 1 1 89 89 89
6 1 1 4 2 2 1 90 90 90
5 1 1 3 1 1 1 91 91 91
6 1 1 2 1 1 1 92 92 92
7 2 1 3 2 2 1 93 93 93
6 3 2 4 3 1 1 94 94 94
5 2 1 3 4 2 2 95 95 95
6 1 2 4 5 1 1 96 96 96
5 1 1 5 4 2 2 97 97 97
4 2 2 4 3 3 3 98 98 98
3 1 3 5 4 2 2 99 99 99
2 2 4 4 5 1 1 100 100 100
1 1 5 5 4 1 2 100 100 100
