2 1 2 2 2 2 2 1 1 1
1 1 3 3 1 3 1 2 2 2
2 2 4 2 2 4 2 1 1 1
1 1 3 1 3 5 3 2 2 2
2 2 4 1 4 6 4 1 1 1
1 3 5 1 5 5 5 2 2 2
2 4 6 1 4 6 6 1 1 1
3 5 7 1 3 7 7 1 1 1
4 6 8 2 4 6 8 1 1 1
3 7 9 3 5 7 9 1 1 1
4 8 10 4 6 6 8 1 1 1
5 9 11 3 7 5 7 1 1 1
6 10 12 4 8 4 8 1 1 1
7 11 11 5 9 5 9 1 1 1
8 12 12 6 10 6 10 1 1 1
9 13 13 7 11 5 9 1 1 1
10 14 14 6 12 6 8 1 1 1
9 15 15 7 13 5 9 1 1 1
10 14 14 8 14 6 10 1 1 1
11 13 15 7 15 7 9 1 1 1
10 14 14 8 16 6 10 2 2 2
11 15 15 9 17 7 11 1 1 1
12 16 16 10 18 6 10 1 1 1
13 17 17 11 19 7 11 1 1 1
14 18 18 12 20 8 12 1 1 1
15 19 19 13 21 9 13 1 1 1
16 20 20 14 22 10 14 1 1 1
17 21 21 15 23 9 13 1 1 1
18 22 22 16 24 10 14 1 1 1
19 23 23 17 23 11 13 1 1 1
20 24 24 18 24 12 12 1 1 1
21 25 25 19 23 11 11 2 2 2
22 26 26 20 24 12 12 1 1 1
21 27 27 21 25 13 13 1 1 1
22 28 28 22 26 14 14 1 1 1
23 29 29 23 27 15 15 1 1 1
22 30 30 24 26 14 14 2 2 2
23 31 29 25 25 15 13 3 3 3
22 32 30 26 24 16 14 2 2 2
23 33 31 27 25 17 15 1 1 1
24 32 30 28 24 18 16 2 2 2
25 33 31 27 25 17 17 1 1 1
26 32 32 28 26 18 16 1 1 1
27 33 33 29 27 19 15 1 1 1
26 32 34 30 28 20 14 1 1 1
27 33 35 31 27 21 15 1 1 1
28 32 34 32 28 20 16 1 1 1
29 33 35 31 29 21 17 1 1 1
30 34 36 32 30 22 16 1 1 1
31 35 37 33 31 23 17 1 1 1
32 36 38 34 32 24 18 1 1 1
33 37 37 33 33 25 19 1 1 1
34 38 38 34 34 26 20 1 1 1
35 37 39 35 35 27 21 1 1 1
34 38 38 36 36 28 22 2 2 2
35 39 39 35 37 27 23 1 1 1
34 40 38 36 38 28 24 1 1 1
35 39 39 35 39 29 25 1 1 1
36 40 40 36 40 30 26 1 1 1
37 39 41 37 41 31 27 1 1 1
38 38 42 36 42 32 26 2 2 2
37 37 43 37 43 31 27 1 1 1
36 38 44 38 44 30 28 1 1 1
37 39 45 37 45 31 29 1 1 1
38 40 46 38 46 32 30 1 1 1
39 39 45 39 47 31 31 1 1 1
40 40 46 38 46 32 32 1 1 1
41 39 47 39 47 33 31 1 1 1
42 40 48 40 46 32 32 1 1 1
41 41 47 41 47 33 33 1 1 1
42 42 46 42 46 32 34 1 1 1
41 41 47 43 47 33 35 1 1 1
42 42 48 44 46 34 34 1 1 1
43 43 47 45 47 35 35 1 1 1
44 44 48 46 48 36 36 1 1 1
43 45 47 47 49 37 37 1 1 1
44 46 48 48 50 38 36 1 1 1
45 47 49 49 51 39 37 1 1 1
46 48 50 50 50 40 38 1 1 1
47 49 51 49 49 41 37 2 2 2
46 50 52 50 50 42 38 1 1 1
45 51 51 49 51 43 39 1 1 1
46 52 50 50 50 44 38 2 2 2
47 53 51 51 51 45 39 1 1 1
48 52 52 50 50 46 40 1 1 1
49 51 53 49 51 47 41 1 1 1
50 50 54 50 52 48 40 1 1 1
51 51 55 49 51 49 39 2 2 2
52 52 56 50 50 50 40 3 3 3
53 51 57 51 51 51 41 2 2 2
52 50 58 52 52 52 42 1 1 1
53 51 59 53 51 51 41 2 2 2
54 50 60 54 52 52 42 1 1 1
53 51 61 53 51 53 43 2 2 2
54 50 62 54 52 54 42 1 1 1
55 49 61 55 51 55 43 1 1 1
56 50 62 54 50 56 44 1 1 1
55 51 63 55 49 57 45 1 1 1
56 50 62 56 50 56 46 1 1 1
57 49 63 57 51 57 47 1 1 1
