2 1 2 1 1 1 2 2 2 2
3 2 3 2 2 2 1 1 1 1
4 3 4 3 3 1 1 1 1 1
5 4 5 4 4 2 1 1 1 1
6 3 4 3 5 3 2 2 2 2
7 4 5 4 6 2 1 1 1 1
8 3 4 3 7 1 2 2 2 2
9 4 5 4 8 1 1 1 1 1
10 5 4 5 9 2 1 1 1 1
11 6 3 6 10 3 1 1 1 1
12 5 4 7 9 2 2 2 2 2
13 6 5 8 10 3 1 1 1 1
14 5 4 9 11 4 1 1 1 1
13 4 5 10 12 5 1 1 1 1
12 5 4 11 13 6 1 1 1 1
11 6 5 12 12 5 2 2 2 2
12 7 4 11 11 6 3 3 3 3
13 6 3 10 10 7 4 4 4 4
14 7 4 11 11 8 3 3 3 3
13 8 5 12 12 9 2 2 2 2
14 9 6 13 13 10 1 1 1 1
15 8 5 14 14 11 1 1 1 1
16 9 4 15 15 10 1 1 1 1
15 10 5 16 16 11 1 1 1 1
16 11 4 17 17 12 1 1 1 1
15 12 5 18 18 13 1 1 1 1
16 11 6 17 19 14 1 1 1 1
17 12 7 18 20 13 2 2 2 2
18 13 8 19 21 12 1 1 1 1
17 14 7 18 22 13 2 2 2 2
18 15 8 19 21 14 1 1 1 1
19 14 9 20 22 13 1 1 1 1
20 13 10 21 23 14 1 1 1 1
21 14 9 22 24 15 1 1 1 1
22 15 10 21 25 16 1 1 1 1
23 16 11 22 26 15 1 1 1 1
24 17 10 21 27 16 1 1 1 1
23 18 11 22 26 15 2 2 2 2
22 19 12 21 27 16 1 1 1 1
21 20 13 20 28 17 1 1 1 1
22 21 14 21 29 18 1 1 1 1
23 22 15 20 28 19 1 1 1 1
24 23 16 19 29 20 1 1 1 1
23 24 17 20 30 19 1 1 1 1
22 25 16 21 31 20 1 1 1 1
21 26 17 22 32 19 2 2 2 2
22 27 16 21 33 20 1 1 1 1
21 28 17 22 34 21 2 2 2 2
20 27 16 23 35 22 3 3 3 3
21 26 17 22 36 23 4 4 4 4
20 27 16 21 37 22 5 5 5 5
19 26 15 22 38 21 6 6 6 6
18 25 16 21 39 20 7 7 7 7
17 26 15 22 40 21 6 6 6 6
18 27 16 23 41 22 5 5 5 5
19 28 17 22 42 23 4 4 4 4
18 29 18 23 43 24 3 3 3 3
19 28 19 24 44 25 2 2 2 2
20 29 20 25 43 26 1 1 1 1
19 30 21 26 44 27 1 1 1 1
