2 2 2 2 2 2 2 1 1 1
3 3 1 3 3 3 3 1 1 1
4 2 2 4 4 4 4 1 1 1
5 3 3 5 3 5 5 1 1 1
6 2 2 6 4 6 6 1 1 1
7 1 1 7 5 7 7 1 1 1
8 2 1 8 6 8 8 1 1 1
9 3 2 9 7 9 9 1 1 1
10 4 3 10 8 10 10 1 1 1
11 5 4 11 9 9 11 1 1 1
12 6 3 12 10 10 12 1 1 1
11 7 4 11 11 11 13 1 1 1
12 6 5 12 12 12 14 1 1 1
13 7 6 13 13 13 15 1 1 1
14 8 7 14 14 14 16 1 1 1
15 9 8 15 13 15 17 1 1 1
16 10 9 16 14 16 16 1 1 1
17 11 10 17 13 17 17 1 1 1
18 10 11 18 14 18 18 1 1 1
19 11 12 19 15 17 19 1 1 1
20 12 13 20 14 18 20 1 1 1
21 13 14 21 13 19 21 1 1 1
22 14 15 22 14 20 22 1 1 1
23 15 16 23 15 21 23 1 1 1
24 16 17 24 16 22 24 1 1 1
25 17 18 25 17 23 25 1 1 1
26 18 19 26 18 24 26 1 1 1
27 19 20 27 19 25 25 1 1 1
28 20 21 26 20 26 24 1 1 1
29 21 22 27 21 27 25 1 1 1
30 20 23 26 22 28 26 1 1 1
31 21 24 27 23 27 27 1 1 1
32 22 25 28 22 26 28 1 1 1
33 23 26 29 23 27 29 1 1 1
34 24 25 30 24 26 30 1 1 1
35 25 24 31 25 27 29 1 1 1
36 24 25 32 26 28 30 1 1 1
37 25 26 31 27 29 31 1 1 1
38 26 25 32 28 28 32 1 1 1
39 27 26 33 29 29 33 1 1 1
40 28 27 34 30 30 34 1 1 1
41 29 28 35 31 29 35 1 1 1
42 30 29 36 32 30 36 1 1 1
43 31 30 37 33 31 35 1 1 1
44 32 31 38 32 32 34 1 1 1
43 33 32 39 33 33 35 1 1 1
44 34 33 40 32 34 36 1 1 1
45 35 34 41 31 35 37 1 1 1
46 36 35 42 32 36 38 1 1 1
47 37 36 43 31 37 39 1 1 1
48 38 35 44 32 36 38 1 1 1
49 39 34 45 33 35 39 1 1 1
50 40 35 46 34 36 40 1 1 1
51 41 36 45 35 37 41 1 1 1
52 42 37 46 36 38 42 1 1 1
53 43 38 47 37 37 43 1 1 1
54 44 39 48 36 38 44 1 1 1
55 45 40 49 37 37 45 1 1 1
56 46 41 50 38 38 46 1 1 1
57 47 42 51 39 39 45 1 1 1
58 48 43 52 40 40 44 1 1 1
59 49 44 53 39 39 43 1 1 1
60 50 45 54 40 40 44 1 1 1
61 51 46 55 41 41 45 1 1 1
62 52 47 56 42 42 46 1 1 1
63 53 48 57 43 43 47 1 1 1
64 54 47 58 44 44 48 1 1 1
65 55 48 57 45 45 49 1 1 1
66 56 49 58 46 46 50 1 1 1
67 57 50 59 47 47 51 1 1 1
68 58 51 60 48 48 52 1 1 1
69 57 52 61 49 47 53 1 1 1
70 58 53 62 50 48 54 1 1 1
71 59 54 63 51 47 55 1 1 1
72 60 55 64 52 48 56 1 1 1
73 61 56 65 53 49 57 1 1 1
74 62 57 66 54 50 58 1 1 1
75 63 58 67 55 51 59 1 1 1
76 62 59 68 56 52 60 1 1 1
77 61 60 69 57 53 61 1 1 1
78 62 61 70 58 54 62 1 1 1
79 63 62 71 59 55 63 1 1 1
80 64 63 72 60 56 64 1 1 1
81 65 64 73 61 55 65 1 1 1
82 66 65 74 62 56 66 1 1 1
83 67 66 75 63 57 67 1 1 1
84 68 67 76 62 58 68 1 1 1
85 69 68 77 63 59 69 1 1 1
86 70 69 78 64 60 70 1 1 1
87 71 70 79 63 61 71 1 1 1
88 72 71 80 64 62 72 1 1 1
89 73 72 79 63 63 73 1 1 1
90 72 73 80 64 64 74 1 1 1
91 71 74 81 65 65 75 1 1 1
90 72 73 82 64 66 76 1 1 1
91 73 72 83 65 67 77 1 1 1
92 74 73 84 64 68 78 1 1 1
93 75 74 85 65 67 79 1 1 1
94 76 75 86 66 68 80 1 1 1
95 77 76 87 67 69 81 1 1 1
