2 2 2 2 2 2 1 1 1 1
1 1 1 1 3 3 2 2 2 2
1 2 1 1 2 2 3 3 3 3
2 3 2 2 3 3 2 2 2 2
3 4 3 3 4 2 1 1 1 1
2 5 4 4 5 3 1 1 1 1
3 6 5 5 6 4 1 1 1 1
2 7 6 6 5 5 1 1 1 1
3 8 7 7 6 6 1 1 1 1
2 9 8 8 7 7 1 1 1 1
3 10 9 7 8 8 1 1 1 1
4 11 8 8 7 9 1 1 1 1
5 12 9 9 8 10 1 1 1 1
4 13 10 10 9 11 1 1 1 1
5 14 11 9 10 10 1 1 1 1
6 13 10 10 11 11 1 1 1 1
7 14 11 11 12 12 1 1 1 1
8 13 12 12 13 13 1 1 1 1
9 14 13 11 14 14 1 1 1 1
10 15 14 10 15 15 1 1 1 1
11 16 13 11 16 14 1 1 1 1
12 17 12 12 15 13 2 2 2 2
13 18 13 13 14 14 1 1 1 1
14 19 14 14 15 13 1 1 1 1
13 20 15 13 16 14 1 1 1 1
14 21 14 12 17 13 2 2 2 2
15 22 15 13 16 14 1 1 1 1
16 23 14 14 17 13 1 1 1 1
15 24 15 15 16 14 1 1 1 1
14 25 14 16 17 15 1 1 1 1
15 26 15 15 18 16 1 1 1 1
16 25 16 16 19 15 2 2 2 2
17 26 17 17 20 16 1 1 1 1
18 27 18 18 19 17 1 1 1 1
19 28 19 19 18 18 1 1 1 1
20 27 20 20 17 17 2 2 2 2
21 28 21 21 16 18 1 1 1 1
22 29 22 22 17 19 1 1 1 1
23 30 23 23 18 20 1 1 1 1
22 31 22 24 19 21 1 1 1 1
23 32 23 25 20 22 1 1 1 1
24 33 24 24 21 21 1 1 1 1
25 34 25 25 22 22 1 1 1 1
24 35 26 24 23 23 1 1 1 1
25 34 25 25 24 24 2 2 2 2
26 33 26 26 23 25 1 1 1 1
27 34 27 27 24 24 1 1 1 1
28 35 28 28 25 25 1 1 1 1
29 36 29 29 24 26 1 1 1 1
28 37 30 30 25 27 1 1 1 1
29 38 31 31 26 28 1 1 1 1
28 37 32 32 27 27 2 2 2 2
29 38 33 33 28 28 1 1 1 1
30 39 32 34 27 29 1 1 1 1
29 40 33 35 28 30 1 1 1 1
30 41 34 36 29 31 1 1 1 1
31 42 35 37 30 32 1 1 1 1
32 41 36 38 31 33 1 1 1 1
33 40 37 39 32 34 1 1 1 1
34 41 38 40 33 35 1 1 1 1
