2 2 2 2 2 2 2 1 1 1
1 3 3 3 1 1 1 2 2 2
2 4 4 4 2 2 2 1 1 1
3 5 5 5 3 3 3 1 1 1
4 4 4 6 2 2 4 2 2 2
5 5 5 7 3 3 5 1 1 1
4 6 4 8 4 4 6 1 1 1
5 7 5 7 5 5 7 1 1 1
6 6 6 8 6 6 6 1 1 1
7 5 7 9 5 7 7 1 1 1
8 4 8 8 6 8 8 1 1 1
9 5 9 9 5 9 9 1 1 1
10 6 10 8 6 10 10 1 1 1
11 5 11 9 5 11 11 1 1 1
12 6 12 8 6 12 12 1 1 1
13 7 11 9 7 13 13 1 1 1
14 8 10 10 6 14 14 1 1 1
15 9 11 9 7 13 13 2 2 2
16 8 12 10 8 14 14 1 1 1
17 9 11 11 9 15 15 1 1 1
16 10 12 12 8 16 16 1 1 1
15 11 13 13 9 17 15 1 1 1
16 10 14 12 8 16 16 2 2 2
17 11 15 13 9 17 17 1 1 1
18 12 14 14 10 16 18 1 1 1
19 13 15 13 11 15 19 1 1 1
20 14 14 14 12 16 20 1 1 1
21 15 15 13 13 17 21 1 1 1
22 14 14 14 12 18 22 1 1 1
23 15 15 13 13 19 23 1 1 1
24 16 16 14 14 18 24 1 1 1
25 17 17 13 15 17 25 1 1 1
26 18 18 12 16 16 26 1 1 1
27 19 19 13 15 17 27 1 1 1
28 20 18 14 16 16 26 1 1 1
29 21 19 15 17 17 27 1 1 1
30 20 20 16 18 18 28 1 1 1
31 21 21 17 17 19 29 1 1 1
32 22 20 18 16 18 30 1 1 1
33 21 19 17 17 19 31 2 2 2
34 22 20 18 18 20 32 1 1 1
33 23 21 19 19 21 33 1 1 1
34 22 22 20 20 22 34 1 1 1
35 23 23 21 21 23 35 1 1 1
36 24 24 22 22 22 36 1 1 1
37 23 25 23 23 21 37 1 1 1
38 24 26 24 24 20 36 1 1 1
39 25 25 25 25 21 37 1 1 1
40 26 24 26 26 20 38 1 1 1
41 27 25 25 27 21 39 1 1 1
42 28 26 26 28 22 40 1 1 1
43 29 27 27 27 23 41 1 1 1
44 30 28 28 28 24 40 1 1 1
45 29 29 29 29 23 39 1 1 1
44 30 30 28 28 24 40 2 2 2
45 31 29 29 27 25 41 1 1 1
44 30 30 30 28 24 42 2 2 2
45 31 31 31 29 25 43 1 1 1
46 32 32 30 30 26 42 1 1 1
47 33 33 31 31 27 43 1 1 1
