1 1 1 1 1 1 1 1 1 1
1 2 1 1 1 2 2 2 2 2
1 1 2 1 2 3 3 3 3 3
2 2 3 2 3 4 2 2 2 2
1 3 4 3 4 5 1 1 1 1
1 2 3 4 5 4 2 2 2 2
2 3 4 5 6 5 1 1 1 1
3 2 3 4 7 6 2 2 2 2
4 3 4 5 8 5 1 1 1 1
5 4 5 4 9 6 1 1 1 1
4 5 6 3 10 7 1 1 1 1
5 4 7 2 11 8 1 1 1 1
6 5 8 3 10 9 1 1 1 1
5 4 9 2 11 8 2 2 2 2
6 5 10 3 12 9 1 1 1 1
7 4 9 4 13 8 2 2 2 2
8 3 8 3 14 7 3 3 3 3
9 4 9 4 15 6 2 2 2 2
10 5 10 5 16 7 1 1 1 1
11 6 11 6 17 8 1 1 1 1
12 7 12 5 18 9 1 1 1 1
13 8 13 6 19 10 1 1 1 1
14 9 14 7 20 11 1 1 1 1
15 10 15 8 21 12 1 1 1 1
16 11 16 9 20 13 1 1 1 1
17 12 17 10 21 14 1 1 1 1
18 13 18 11 22 15 1 1 1 1
19 14 17 12 23 16 1 1 1 1
20 15 18 13 24 17 1 1 1 1
21 16 17 14 25 18 1 1 1 1
20 17 18 15 26 19 1 1 1 1
21 16 19 16 27 20 1 1 1 1
20 17 20 17 28 21 1 1 1 1
21 18 21 18 29 22 1 1 1 1
22 19 22 17 30 23 1 1 1 1
23 20 21 18 31 24 1 1 1 1
24 21 20 19 32 23 1 1 1 1
25 20 21 20 33 22 1 1 1 1
26 19 22 21 34 23 1 1 1 1
27 20 21 22 35 24 1 1 1 1
28 21 22 23 36 25 1 1 1 1
29 22 23 24 37 26 1 1 1 1
30 21 24 25 38 25 1 1 1 1
31 22 25 26 39 26 1 1 1 1
30 23 26 27 40 25 1 1 1 1
31 24 27 28 39 26 1 1 1 1
32 23 26 29 40 25 2 2 2 2
33 24 27 30 41 26 1 1 1 1
34 25 28 29 42 27 1 1 1 1
35 26 29 30 43 28 1 1 1 1
34 27 30 31 44 29 1 1 1 1
33 28 31 32 45 30 1 1 1 1
34 29 32 33 44 31 1 1 1 1
33 28 33 34 45 30 2 2 2 2
32 27 34 35 46 31 3 3 3 3
33 28 35 36 47 32 2 2 2 2
34 29 36 37 48 33 1 1 1 1
35 30 37 38 49 34 1 1 1 1
36 31 38 37 50 35 1 1 1 1
37 30 39 38 51 36 1 1 1 1
