2 2 1 2 2 1 1 2 2 2
1 1 1 3 3 2 1 3 3 3
1 2 2 4 4 3 1 4 4 4
2 1 1 3 3 4 1 5 5 5
1 1 1 2 4 3 1 6 6 6
1 1 2 1 5 2 1 7 7 7
1 1 1 1 6 3 2 8 8 8
1 1 2 1 5 4 3 9 9 9
1 1 3 1 6 5 2 10 10 10
2 2 4 1 5 4 1 11 11 11
3 1 3 2 6 3 1 12 12 12
2 1 2 1 7 2 1 13 13 13
3 1 3 1 6 3 2 14 14 14
4 1 2 1 5 2 1 15 15 15
3 2 3 2 6 1 1 16 16 16
2 3 4 1 7 2 1 17 17 17
3 2 3 2 6 1 1 18 18 18
4 1 4 1 5 2 2 19 19 19
3 1 5 2 4 1 1 20 20 20
2 2 4 3 3 1 1 21 21 21
1 3 3 4 4 2 2 22 22 22
1 4 4 3 3 1 3 23 23 23
2 3 3 2 4 1 4 24 24 24
1 2 2 1 3 1 3 25 25 25
2 1 3 2 2 2 2 26 26 26
1 1 4 3 1 1 1 27 27 27
2 2 3 4 2 1 2 28 28 28
3 3 2 3 3 1 3 29 29 29
2 2 1 4 4 1 2 30 30 30
3 1 2 5 3 2 1 31 31 31
2 1 1 6 2 1 1 32 32 32
1 2 1 5 3 2 1 33 33 33
1 3 1 4 4 1 1 34 34 34
2 2 1 3 5 2 1 35 35 35
1 1 1 2 4 1 2 36 36 36
1 1 1 1 3 1 3 37 37 37
2 2 1 1 2 2 2 38 38 38
1 3 1 2 3 3 1 39 39 39
1 2 2 3 4 2 1 40 40 40
2 3 3 4 3 3 1 41 41 41
3 2 4 5 2 2 1 42 42 42
2 3 5 4 1 3 2 43 43 43
1 2 4 5 1 4 1 44 44 44
1 3 3 6 1 5 1 45 45 45
1 2 2 5 2 4 2 46 46 46
1 3 1 4 1 5 3 47 47 47
1 2 1 3 1 6 4 48 48 48
2 3 2 2 2 5 5 49 49 49
1 2 1 1 3 4 6 50 50 50
2 1 2 2 4 3 5 51 51 51
1 1 1 1 5 4 4 52 52 52
1 2 2 2 4 3 3 53 53 53
1 1 1 3 5 4 2 54 54 54
1 1 1 2 6 5 1 55 55 55
2 2 1 3 5 4 1 56 56 56
1 1 1 2 6 5 2 57 57 57
1 2 1 1 5 6 3 58 58 58
2 1 2 2 6 7 4 59 59 59
3 2 3 1 5 6 5 60 60 60
2 3 4 1 6 5 4 61 61 61
3 2 5 2 5 6 5 62 62 62
4 3 4 3 4 7 4 63 63 63
3 4 3 4 3 6 3 64 64 64
2 3 2 3 2 5 2 65 65 65
3 4 1 2 3 4 1 66 66 66
2 5 1 3 4 3 1 67 67 67
1 6 1 4 5 4 1 68 68 68
1 7 1 5 6 5 2 69 69 69
2 8 2 4 5 4 3 70 70 70
1 7 1 3 6 5 4 71 71 71
1 6 1 2 5 4 5 72 72 72
2 5 1 1 6 3 4 73 73 73
1 4 2 1 7 2 5 74 74 74
1 5 3 1 6 1 6 75 75 75
1 4 4 2 5 2 5 76 76 76
1 5 5 3 4 3 4 77 77 77
1 4 4 4 5 4 5 78 78 78
2 3 3 3 6 3 4 79 79 79
1 4 2 2 5 2 5 80 80 80
1 3 1 3 6 1 6 81 81 81
1 2 2 2 5 2 7 82 82 82
1 1 1 3 6 3 6 83 83 83
1 2 2 2 5 2 5 84 84 84
2 1 3 1 6 1 6 85 85 85
1 2 4 1 5 1 5 86 86 86
1 1 5 1 4 1 4 87 87 87
1 2 6 2 3 2 5 88 88 88
1 1 5 1 2 3 6 89 89 89
1 2 6 1 3 2 7 90 90 90
2 1 5 1 2 3 6 91 91 91
3 2 6 2 1 2 7 92 92 92
2 1 5 3 1 3 8 93 93 93
3 1 4 4 2 4 9 94 94 94
4 1 3 3 1 3 8 95 95 95
3 1 2 4 2 4 9 96 96 96
2 2 1 3 1 5 10 97 97 97
1 1 1 2 2 4 11 98 98 98
1 1 2 1 1 3 10 99 99 99
2 1 3 2 1 2 9 100 100 100
3 2 2 3 1 1 10 100 100 100
