1 1 1 1 1 1 1 1 1 1
1 1 2 2 1 1 2 2 2 2
1 1 1 3 1 2 3 3 3 3
2 1 1 4 1 3 4 4 4 4
3 2 2 3 2 4 3 5 5 5
2 3 1 4 3 3 4 6 6 6
1 4 2 5 2 4 3 7 7 7
1 5 1 6 1 3 2 8 8 8
1 6 1 7 2 4 3 9 9 9
2 7 2 6 3 3 2 10 10 10
3 8 1 7 4 2 3 11 11 11
2 9 2 6 3 1 4 12 12 12
1 8 3 5 2 1 5 13 13 13
2 7 2 6 1 2 6 14 14 14
1 6 3 7 1 3 5 15 15 15
2 5 2 8 1 2 6 16 16 16
3 4 1 9 2 3 7 17 17 17
2 5 1 8 1 4 8 18 18 18
3 4 1 9 1 3 7 19 19 19
4 3 1 8 1 4 6 20 20 20
3 2 2 9 1 3 5 21 21 21
2 1 3 8 2 4 6 22 22 22
1 2 2 7 1 5 7 23 23 23
1 1 3 6 2 4 6 24 24 24
2 2 2 5 1 3 5 25 25 25
1 1 3 4 2 2 6 26 26 26
2 2 4 5 1 1 5 27 27 27
1 3 3 4 2 2 6 28 28 28
1 2 2 5 3 3 5 29 29 29
1 3 3 4 4 2 4 30 30 30
2 2 4 3 5 1 3 31 31 31
3 3 5 4 6 2 4 32 32 32
4 4 4 3 7 1 3 33 33 33
3 5 5 4 6 1 4 34 34 34
4 4 4 5 5 2 3 35 35 35
5 5 3 6 4 3 2 36 36 36
4 4 4 5 5 2 1 37 37 37
5 3 5 6 4 1 1 38 38 38
4 2 6 5 3 1 1 39 39 39
3 3 7 6 2 2 2 40 40 40
4 2 6 7 3 3 3 41 41 41
3 3 7 8 2 4 4 42 42 42
4 4 6 7 1 5 5 43 43 43
5 3 7 8 2 4 4 44 44 44
6 2 8 7 3 5 3 45 45 45
5 1 9 8 4 4 2 46 46 46
4 1 10 7 5 3 1 47 47 47
3 1 11 6 4 2 1 48 48 48
4 2 12 5 5 1 2 49 49 49
3 3 13 6 6 1 1 50 50 50
2 2 14 7 7 2 1 51 51 51
3 1 15 8 6 3 2 52 52 52
4 1 16 7 7 2 3 53 53 53
5 1 15 6 8 1 2 54 54 54
6 1 14 5 7 1 1 55 55 55
7 1 15 4 8 2 2 56 56 56
8 2 14 3 7 3 3 57 57 57
9 1 15 4 8 2 2 58 58 58
10 2 14 5 9 3 1 59 59 59
9 3 15 6 8 4 2 60 60 60
8 4 16 5 9 3 1 61 61 61
9 5 15 6 10 4 1 62 62 62
8 4 14 7 9 3 1 63 63 63
7 5 15 8 8 2 2 64 64 64
8 6 16 7 9 1 1 65 65 65
9 7 15 8 10 1 1 66 66 66
10 8 16 7 11 1 2 67 67 67
9 7 15 6 12 2 3 68 68 68
8 8 16 5 13 3 2 69 69 69
9 9 15 6 14 4 3 70 70 70
8 8 16 7 13 5 2 71 71 71
7 9 15 6 14 4 3 72 72 72
8 8 16 7 13 3 4 73 73 73
9 7 17 6 14 2 5 74 74 74
8 8 16 7 13 3 4 75 75 75
7 9 17 8 14 4 3 76 76 76
8 8 18 9 15 5 2 77 77 77
9 7 17 8 16 6 1 78 78 78
10 6 18 9 17 5 2 79 79 79
11 7 17 8 16 4 1 80 80 80
12 8 18 7 15 5 1 81 81 81
11 9 17 6 14 4 1 82 82 82
12 10 18 5 15 5 2 83 83 83
13 11 19 6 16 4 1 84 84 84
14 12 18 5 15 5 1 85 85 85
15 13 17 6 14 6 2 86 86 86
16 12 18 7 13 7 1 87 87 87
17 11 17 6 14 8 2 88 88 88
16 12 16 7 13 7 3 89 89 89
15 11 17 6 14 8 4 90 90 90
14 10 16 7 13 9 3 91 91 91
13 11 15 8 12 8 4 92 92 92
12 10 16 9 13 7 5 93 93 93
13 9 17 8 14 8 4 94 94 94
14 8 16 9 13 7 5 95 95 95
15 7 17 10 14 8 4 96 96 96
16 6 18 9 13 9 5 97 97 97
15 5 17 10 12 8 6 98 98 98
16 6 16 9 11 9 7 99 99 99
15 7 17 10 12 10 6 100 100 100
