1 1 1 1 1 1 1 1 1 1
2 2 2 2 2 2 1 1 1 1
3 3 1 3 3 3 1 1 1 1
4 4 2 2 4 4 1 1 1 1
5 3 3 3 5 5 1 1 1 1
4 4 2 2 4 6 2 2 2 2
5 5 3 3 5 7 1 1 1 1
6 6 4 4 6 8 1 1 1 1
7 7 3 5 7 9 1 1 1 1
8 8 4 6 6 10 1 1 1 1
9 9 3 7 7 11 1 1 1 1
10 10 2 8 8 12 1 1 1 1
11 11 3 7 9 13 1 1 1 1
12 12 4 8 10 14 1 1 1 1
13 13 5 9 11 15 1 1 1 1
14 12 6 10 12 16 1 1 1 1
15 13 7 11 13 17 1 1 1 1
16 14 8 12 14 18 1 1 1 1
17 15 9 13 15 19 1 1 1 1
18 16 8 14 16 20 1 1 1 1
19 17 9 15 17 21 1 1 1 1
20 18 10 16 18 22 1 1 1 1
21 19 11 17 19 23 1 1 1 1
22 20 12 18 20 24 1 1 1 1
23 21 13 19 21 25 1 1 1 1
24 22 14 20 22 26 1 1 1 1
25 23 15 21 21 27 1 1 1 1
26 24 16 22 22 28 1 1 1 1
27 25 17 23 23 29 1 1 1 1
28 24 18 24 24 30 1 1 1 1
29 25 19 25 25 31 1 1 1 1
30 26 20 26 26 30 1 1 1 1
31 27 21 25 27 31 1 1 1 1
32 28 22 26 28 32 1 1 1 1
33 29 23 27 29 33 1 1 1 1
34 30 24 28 30 34 1 1 1 1
35 31 25 29 31 35 1 1 1 1
36 32 26 28 32 36 1 1 1 1
37 33 27 29 31 37 1 1 1 1
38 34 28 28 32 38 1 1 1 1
39 35 29 29 31 39 1 1 1 1
40 36 30 30 32 40 1 1 1 1
41 37 31 31 33 41 1 1 1 1
42 36 32 32 34 42 1 1 1 1
43 37 33 33 33 43 1 1 1 1
44 38 34 34 32 44 1 1 1 1
45 39 35 35 33 45 1 1 1 1
46 40 34 36 34 46 1 1 1 1
47 39 35 37 35 47 1 1 1 1
48 40 36 38 34 46 2 2 2 2
49 41 37 39 35 47 1 1 1 1
50 42 38 40 36 48 1 1 1 1
51 43 39 41 37 49 1 1 1 1
52 42 40 42 38 48 1 1 1 1
53 43 41 43 39 49 1 1 1 1
54 44 42 42 40 50 1 1 1 1
55 45 43 43 41 51 1 1 1 1
56 46 44 44 42 52 1 1 1 1
57 47 43 45 43 53 1 1 1 1
58 48 44 46 44 54 1 1 1 1
59 49 45 47 45 53 1 1 1 1
60 50 46 48 46 52 1 1 1 1
61 51 47 49 47 53 1 1 1 1
62 52 48 50 48 54 1 1 1 1
63 53 49 51 49 55 1 1 1 1
64 54 50 52 50 56 1 1 1 1
65 55 51 53 51 57 1 1 1 1
66 56 52 54 50 58 1 1 1 1
67 57 53 55 51 59 1 1 1 1
68 58 54 56 52 60 1 1 1 1
69 59 53 57 53 61 1 1 1 1
70 60 54 58 54 62 1 1 1 1
71 61 55 59 53 63 1 1 1 1
72 62 56 60 54 64 1 1 1 1
73 63 57 61 55 65 1 1 1 1
74 64 58 62 56 66 1 1 1 1
75 65 57 63 57 67 1 1 1 1
76 66 58 62 58 68 1 1 1 1
77 67 57 63 59 69 1 1 1 1
78 68 58 64 60 70 1 1 1 1
77 69 59 65 61 71 1 1 1 1
78 70 60 66 62 72 1 1 1 1
79 71 61 65 63 73 1 1 1 1
80 72 62 66 64 74 1 1 1 1
81 71 63 67 65 75 1 1 1 1
82 72 64 68 66 76 1 1 1 1
81 73 65 69 67 77 1 1 1 1
82 74 66 70 68 78 1 1 1 1
83 75 67 71 69 79 1 1 1 1
84 76 68 72 70 80 1 1 1 1
85 77 69 73 71 79 1 1 1 1
86 78 70 74 72 80 1 1 1 1
87 79 71 75 73 81 1 1 1 1
88 78 72 76 72 82 1 1 1 1
89 79 73 77 71 83 1 1 1 1
90 80 74 78 72 84 1 1 1 1
91 81 75 79 73 85 1 1 1 1
92 82 76 80 74 86 1 1 1 1
93 83 77 81 75 87 1 1 1 1
94 84 78 82 76 88 1 1 1 1
