2 2 2 2 2 2 1 1 1 1
3 1 1 1 3 1 2 2 2 2
2 2 1 1 2 1 3 3 3 3
3 3 2 2 3 2 2 2 2 2
4 2 3 3 4 3 1 1 1 1
5 3 4 4 5 4 1 1 1 1
6 4 3 5 6 5 1 1 1 1
7 5 4 6 7 6 1 1 1 1
6 6 5 5 8 7 1 1 1 1
7 7 6 4 9 8 1 1 1 1
8 8 5 5 10 7 2 2 2 2
9 9 6 6 11 8 1 1 1 1
10 10 7 7 12 9 1 1 1 1
11 11 8 8 13 10 1 1 1 1
12 12 9 9 14 11 1 1 1 1
11 13 10 10 15 12 1 1 1 1
12 14 11 11 14 13 1 1 1 1
13 15 12 12 13 12 1 1 1 1
12 16 13 13 14 13 1 1 1 1
13 17 14 12 15 12 1 1 1 1
14 18 13 13 16 13 1 1 1 1
13 19 14 14 17 12 1 1 1 1
14 20 13 13 18 11 2 2 2 2
15 21 14 14 19 12 1 1 1 1
16 22 15 15 20 13 1 1 1 1
17 23 14 16 21 14 1 1 1 1
18 24 15 15 22 15 1 1 1 1
19 25 16 16 23 16 1 1 1 1
20 26 17 17 24 17 1 1 1 1
21 27 18 18 25 18 1 1 1 1
22 26 19 17 26 19 1 1 1 1
23 25 20 18 27 20 1 1 1 1
24 26 21 19 28 21 1 1 1 1
25 27 22 20 29 22 1 1 1 1
26 28 23 21 30 23 1 1 1 1
27 29 24 22 31 24 1 1 1 1
28 30 25 21 32 23 1 1 1 1
27 31 24 20 33 24 2 2 2 2
28 32 25 19 34 25 1 1 1 1
29 31 26 20 35 24 2 2 2 2
30 32 27 21 36 25 1 1 1 1
29 33 28 20 37 26 1 1 1 1
30 34 29 21 38 27 1 1 1 1
31 35 30 22 39 28 1 1 1 1
32 36 31 23 40 29 1 1 1 1
31 37 32 24 39 30 1 1 1 1
32 38 33 25 40 29 1 1 1 1
33 39 34 24 41 30 1 1 1 1
34 40 35 23 42 29 1 1 1 1
35 41 36 24 43 30 1 1 1 1
36 42 35 25 44 29 1 1 1 1
37 41 36 26 45 30 1 1 1 1
38 40 37 27 46 29 1 1 1 1
37 41 38 26 47 30 1 1 1 1
38 40 39 25 46 31 2 2 2 2
39 41 40 26 47 30 1 1 1 1
38 42 41 25 48 31 1 1 1 1
39 41 42 26 49 32 1 1 1 1
40 42 43 25 50 33 1 1 1 1
41 43 44 24 51 32 1 1 1 1
42 44 45 25 52 33 1 1 1 1
43 45 46 26 51 34 1 1 1 1
44 46 45 27 52 35 1 1 1 1
45 47 46 28 51 36 1 1 1 1
46 48 47 29 52 35 1 1 1 1
47 49 48 28 53 36 1 1 1 1
48 50 49 29 52 37 1 1 1 1
49 51 50 30 53 38 1 1 1 1
50 52 51 29 54 39 1 1 1 1
49 53 52 30 55 40 1 1 1 1
50 54 53 31 54 39 1 1 1 1
51 55 52 30 55 40 1 1 1 1
52 56 51 31 54 41 1 1 1 1
53 55 50 32 55 42 1 1 1 1
54 56 51 33 56 43 1 1 1 1
53 57 50 34 57 44 1 1 1 1
54 58 51 35 58 43 1 1 1 1
55 59 52 34 59 44 1 1 1 1
54 58 53 35 60 45 1 1 1 1
55 57 54 36 61 46 1 1 1 1
56 58 55 37 60 47 1 1 1 1
57 59 56 36 61 48 1 1 1 1
58 60 57 37 62 49 1 1 1 1
59 61 56 38 63 50 1 1 1 1
60 60 57 39 64 51 1 1 1 1
61 61 58 38 63 50 2 2 2 2
60 62 59 39 64 49 1 1 1 1
61 63 60 40 65 50 1 1 1 1
60 64 61 41 66 51 1 1 1 1
61 63 62 40 67 52 1 1 1 1
62 64 63 39 68 53 1 1 1 1
63 65 64 38 69 52 1 1 1 1
64 66 65 39 70 51 1 1 1 1
65 67 66 40 71 50 1 1 1 1
66 66 67 41 72 51 1 1 1 1
67 67 68 42 73 52 1 1 1 1
68 68 69 43 74 53 1 1 1 1
69 67 68 42 75 54 2 2 2 2
70 66 69 43 76 53 1 1 1 1
71 67 68 44 77 52 2 2 2 2
