2 2 2 2 1 2 1 2 2 2
1 3 3 1 1 1 1 3 3 3
1 4 2 1 2 1 1 4 4 4
2 5 3 2 3 2 2 3 3 3
1 6 4 3 4 1 3 2 2 2
2 5 5 4 5 1 4 1 1 1
3 6 6 5 6 2 5 1 1 1
4 7 7 6 7 3 6 1 1 1
3 8 8 7 8 4 5 1 1 1
2 7 9 8 9 5 6 1 1 1
3 8 10 9 10 6 7 1 1 1
4 9 11 8 11 5 8 1 1 1
3 10 12 9 10 6 9 1 1 1
4 11 13 10 11 7 8 1 1 1
3 12 12 11 10 8 9 1 1 1
4 13 13 12 11 9 10 1 1 1
3 14 14 13 12 10 11 1 1 1
4 15 15 12 11 11 12 1 1 1
5 16 16 11 12 10 13 1 1 1
6 17 17 12 13 9 14 1 1 1
7 18 18 11 14 10 15 1 1 1
8 19 19 12 15 9 16 1 1 1
9 20 18 13 16 10 15 1 1 1
10 21 17 14 17 11 16 1 1 1
11 22 18 15 16 12 17 1 1 1
12 23 19 14 17 13 16 1 1 1
11 24 18 15 18 14 17 1 1 1
12 25 19 16 19 13 18 1 1 1
13 26 20 17 18 14 19 1 1 1
12 27 21 16 19 15 20 1 1 1
13 28 22 17 20 14 21 1 1 1
12 29 23 18 21 15 22 1 1 1
13 30 24 19 22 16 23 1 1 1
14 31 25 18 23 17 24 1 1 1
15 32 26 19 24 18 25 1 1 1
14 33 25 20 25 19 26 1 1 1
15 34 26 21 26 18 27 1 1 1
16 35 27 20 27 19 28 1 1 1
17 36 28 19 28 20 29 1 1 1
18 35 29 20 29 19 28 1 1 1
19 36 30 21 28 20 29 1 1 1
20 37 31 22 29 19 30 1 1 1
21 36 30 23 30 20 31 1 1 1
22 35 29 24 31 21 30 2 2 2
23 34 30 25 32 20 31 1 1 1
22 35 31 26 33 21 30 1 1 1
23 36 32 27 34 22 31 1 1 1
22 37 33 26 35 23 32 1 1 1
21 36 34 27 36 24 31 1 1 1
22 37 33 28 37 25 32 1 1 1
23 38 34 27 38 26 33 1 1 1
24 39 35 26 37 27 32 1 1 1
25 40 36 27 38 28 33 1 1 1
24 41 37 28 39 27 34 1 1 1
25 42 36 29 40 26 35 1 1 1
26 41 35 30 41 27 36 1 1 1
27 42 34 31 42 28 37 1 1 1
28 43 33 32 43 29 38 1 1 1
29 42 34 31 44 30 37 1 1 1
30 43 35 32 45 29 38 1 1 1
31 44 36 33 46 30 39 1 1 1
32 43 35 34 47 31 40 1 1 1
33 44 36 33 48 32 41 1 1 1
34 45 37 34 49 33 40 1 1 1
35 46 38 35 50 34 39 1 1 1
36 47 39 36 49 33 40 1 1 1
37 46 40 37 48 34 39 1 1 1
38 45 39 38 49 33 40 1 1 1
37 46 40 39 50 34 41 1 1 1
38 47 41 38 49 35 40 1 1 1
37 48 42 39 48 36 39 1 1 1
38 47 43 40 49 37 38 1 1 1
39 48 44 41 50 38 39 1 1 1
40 49 45 42 51 37 40 1 1 1
41 50 46 43 52 38 39 1 1 1
42 49 47 44 53 39 40 1 1 1
43 50 48 43 54 38 41 1 1 1
44 51 47 44 55 39 40 1 1 1
43 52 48 45 56 40 41 1 1 1
44 53 49 46 55 41 42 1 1 1
45 54 48 45 56 42 41 1 1 1
46 55 49 46 55 41 40 1 1 1
47 56 50 47 56 40 41 1 1 1
48 57 51 48 55 41 42 1 1 1
47 56 52 47 56 42 43 1 1 1
48 57 53 48 55 43 44 1 1 1
49 58 54 49 56 44 45 1 1 1
48 57 55 50 55 45 46 1 1 1
47 56 56 51 56 44 47 1 1 1
48 57 57 50 57 45 48 1 1 1
47 58 58 51 58 46 49 1 1 1
48 59 59 52 59 45 50 1 1 1
47 60 60 53 60 46 51 1 1 1
48 61 61 54 61 45 52 1 1 1
49 60 62 55 62 46 51 1 1 1
48 59 63 56 63 47 52 1 1 1
49 60 64 57 64 48 51 1 1 1
50 59 65 58 63 49 50 1 1 1
51 60 66 57 64 50 51 1 1 1
52 59 65 58 65 49 52 1 1 1
