2 2 1 2 2 2 2 1 1 1
3 3 2 3 3 3 3 1 1 1
4 2 3 4 4 4 4 1 1 1
5 3 4 5 5 3 5 1 1 1
6 4 5 6 6 2 6 1 1 1
5 5 6 7 7 3 7 1 1 1
6 6 7 8 8 4 8 1 1 1
7 7 8 9 9 5 9 1 1 1
8 8 9 10 10 6 10 1 1 1
9 9 8 11 11 7 11 1 1 1
10 10 7 12 12 8 12 1 1 1
11 11 8 13 13 9 13 1 1 1
12 12 9 14 14 10 14 1 1 1
13 13 10 15 15 11 15 1 1 1
12 14 11 16 16 12 16 1 1 1
13 15 10 17 17 13 17 1 1 1
14 16 11 18 18 14 18 1 1 1
15 17 12 19 19 15 19 1 1 1
16 18 13 20 20 16 20 1 1 1
17 19 14 19 21 17 21 1 1 1
18 20 15 20 22 18 22 1 1 1
19 21 16 21 21 19 23 1 1 1
20 20 17 22 22 20 24 1 1 1
21 19 18 23 23 21 25 1 1 1
22 20 19 24 24 22 26 1 1 1
23 21 20 25 25 23 27 1 1 1
24 22 21 26 26 24 28 1 1 1
23 23 20 27 27 25 29 1 1 1
24 24 21 28 26 26 30 1 1 1
25 25 22 29 27 27 31 1 1 1
26 26 21 30 28 26 32 1 1 1
27 27 22 31 29 27 33 1 1 1
28 28 23 32 30 28 34 1 1 1
29 29 24 33 29 29 35 1 1 1
28 30 25 34 30 30 36 1 1 1
29 31 26 35 31 31 37 1 1 1
30 32 27 36 32 32 38 1 1 1
31 33 28 37 33 33 37 1 1 1
32 34 29 38 34 32 38 1 1 1
33 35 30 39 35 33 39 1 1 1
34 36 29 40 36 34 40 1 1 1
35 37 30 41 37 35 41 1 1 1
36 38 31 42 38 34 42 1 1 1
37 39 30 43 39 35 43 1 1 1
38 40 31 44 40 36 44 1 1 1
39 41 32 45 41 37 43 1 1 1
40 42 33 46 42 38 44 1 1 1
41 43 34 47 43 39 45 1 1 1
42 44 35 48 44 40 46 1 1 1
43 45 36 49 45 41 47 1 1 1
44 46 37 50 46 42 48 1 1 1
45 47 38 49 47 43 49 1 1 1
46 48 39 50 48 44 50 1 1 1
47 49 38 51 49 45 51 1 1 1
48 50 39 52 50 46 52 1 1 1
49 51 40 53 51 47 53 1 1 1
50 52 41 54 52 48 54 1 1 1
51 53 42 55 53 49 55 1 1 1
52 54 43 56 54 50 56 1 1 1
53 55 44 57 55 51 57 1 1 1
