2 2 2 2 2 2 1 1 1 1
3 3 3 3 3 1 1 1 1 1
4 4 4 4 4 2 1 1 1 1
5 5 5 5 5 3 1 1 1 1
6 6 6 6 6 4 1 1 1 1
7 7 7 7 7 5 1 1 1 1
8 8 8 8 8 6 1 1 1 1
9 9 9 9 9 7 1 1 1 1
10 10 10 10 10 8 1 1 1 1
11 11 11 9 11 9 1 1 1 1
12 12 12 10 12 10 1 1 1 1
13 11 13 11 13 11 1 1 1 1
14 12 14 12 14 12 1 1 1 1
15 11 15 13 15 13 1 1 1 1
16 12 16 14 16 14 1 1 1 1
17 13 15 15 17 15 1 1 1 1
18 14 16 16 18 16 1 1 1 1
19 15 17 17 19 17 1 1 1 1
20 16 18 18 20 18 1 1 1 1
21 17 19 19 21 19 1 1 1 1
22 18 20 20 22 20 1 1 1 1
23 19 21 21 23 21 1 1 1 1
24 20 22 22 24 22 1 1 1 1
25 21 23 23 25 23 1 1 1 1
26 22 24 24 26 24 1 1 1 1
27 23 25 25 27 25 1 1 1 1
28 24 26 26 28 26 1 1 1 1
29 23 27 27 27 27 1 1 1 1
30 24 28 28 28 28 1 1 1 1
31 25 29 29 29 29 1 1 1 1
30 26 30 30 28 28 2 2 2 2
31 27 29 31 29 29 1 1 1 1
32 28 30 32 30 30 1 1 1 1
33 29 31 33 31 31 1 1 1 1
34 30 32 34 32 32 1 1 1 1
35 31 33 33 33 33 1 1 1 1
36 32 34 34 34 34 1 1 1 1
37 33 35 35 35 35 1 1 1 1
38 34 36 36 34 36 1 1 1 1
39 35 37 37 35 37 1 1 1 1
40 36 38 38 36 38 1 1 1 1
41 35 39 39 37 39 1 1 1 1
40 36 40 40 38 40 1 1 1 1
39 37 41 41 39 39 1 1 1 1
40 36 42 42 40 40 1 1 1 1
39 37 43 43 41 41 1 1 1 1
40 38 44 44 42 42 1 1 1 1
41 39 45 45 43 43 1 1 1 1
42 40 46 46 44 42 1 1 1 1
43 41 47 47 45 43 1 1 1 1
44 42 48 48 46 44 1 1 1 1
45 43 49 49 47 45 1 1 1 1
46 44 50 50 48 46 1 1 1 1
45 45 51 51 49 47 1 1 1 1
46 46 52 52 50 48 1 1 1 1
47 47 53 53 51 49 1 1 1 1
48 48 54 54 52 50 1 1 1 1
49 49 55 55 53 51 1 1 1 1
50 50 56 56 54 52 1 1 1 1
51 51 57 57 55 53 1 1 1 1
