2 1 2 1 1 1 2 2 2 2
1 1 1 2 1 1 3 3 3 3
2 2 2 3 1 1 4 4 4 4
1 1 3 2 2 1 5 5 5 5
2 2 4 1 1 2 6 6 6 6
3 1 3 2 1 1 7 7 7 7
4 2 4 1 2 2 8 8 8 8
5 1 5 1 1 3 9 9 9 9
6 2 4 1 2 4 10 10 10 10
7 1 5 1 1 3 11 11 11 11
6 1 6 1 1 2 12 12 12 12
5 1 7 2 2 3 13 13 13 13
6 1 6 1 1 4 14 14 14 14
5 2 7 2 1 5 15 15 15 15
6 3 6 1 2 6 16 16 16 16
5 4 7 1 3 5 17 17 17 17
6 3 8 1 2 6 18 18 18 18
7 2 7 1 1 5 19 19 19 19
6 3 6 1 1 6 20 20 20 20
7 2 5 1 2 5 21 21 21 21
6 1 4 2 3 4 22 22 22 22
7 2 5 3 2 3 23 23 23 23
6 1 6 2 3 2 24 24 24 24
7 1 7 3 4 1 25 25 25 25
8 1 6 4 3 1 26 26 26 26
9 2 5 3 4 2 27 27 27 27
8 1 4 2 3 3 28 28 28 28
7 2 3 1 4 4 29 29 29 29
8 3 4 1 5 3 30 30 30 30
9 2 3 2 4 4 31 31 31 31
10 3 2 1 3 3 32 32 32 32
9 4 1 2 2 2 33 33 33 33
10 3 1 3 3 1 34 34 34 34
11 4 1 4 4 2 35 35 35 35
10 5 2 3 5 3 36 36 36 36
11 6 1 4 6 2 37 37 37 37
12 7 2 5 5 3 38 38 38 38
13 8 1 4 4 4 39 39 39 39
14 9 2 3 5 5 40 40 40 40
13 8 3 2 6 6 41 41 41 41
14 9 2 3 7 5 42 42 42 42
15 10 1 4 6 6 43 43 43 43
14 11 1 3 7 5 44 44 44 44
13 10 1 2 8 4 45 45 45 45
12 11 2 1 9 5 46 46 46 46
11 12 3 1 10 6 47 47 47 47
10 11 4 1 11 5 48 48 48 48
9 10 3 1 10 4 49 49 49 49
8 11 4 1 11 5 50 50 50 50
7 10 5 2 10 6 51 51 51 51
6 9 4 1 11 7 52 52 52 52
5 10 5 2 12 8 53 53 53 53
6 11 6 3 13 7 54 54 54 54
7 12 5 4 12 6 55 55 55 55
6 13 6 5 13 7 56 56 56 56
5 14 7 6 12 8 57 57 57 57
4 13 8 7 11 9 58 58 58 58
3 12 9 8 12 10 59 59 59 59
4 13 8 9 13 11 60 60 60 60
5 14 9 8 14 12 61 61 61 61
6 13 10 7 15 11 62 62 62 62
7 14 11 6 16 12 63 63 63 63
8 13 12 7 15 11 64 64 64 64
7 14 11 6 16 10 65 65 65 65
6 13 10 7 15 9 66 66 66 66
7 12 9 8 14 10 67 67 67 67
8 11 10 9 13 9 68 68 68 68
9 10 11 10 12 10 69 69 69 69
8 11 10 9 11 9 70 70 70 70
9 10 9 10 10 10 71 71 71 71
8 9 10 9 11 9 72 72 72 72
9 10 9 10 12 10 73 73 73 73
10 11 10 9 13 9 74 74 74 74
9 10 9 8 12 10 75 75 75 75
8 11 8 9 13 9 76 76 76 76
7 10 7 8 12 10 77 77 77 77
8 11 6 7 11 9 78 78 78 78
9 12 7 8 10 10 79 79 79 79
8 13 6 9 11 11 80 80 80 80
7 12 7 8 10 10 81 81 81 81
6 13 6 7 11 11 82 82 82 82
7 12 5 8 10 10 83 83 83 83
6 11 4 7 9 9 84 84 84 84
7 12 5 6 10 10 85 85 85 85
6 11 4 5 11 9 86 86 86 86
5 10 3 6 12 10 87 87 87 87
6 11 2 7 11 9 88 88 88 88
7 12 3 6 10 8 89 89 89 89
8 11 2 5 11 9 90 90 90 90
7 10 3 6 10 10 91 91 91 91
8 9 2 5 9 9 92 92 92 92
9 10 3 6 8 8 93 93 93 93
10 11 4 7 7 7 94 94 94 94
11 12 5 8 6 6 95 95 95 95
12 13 4 7 5 5 96 96 96 96
11 12 5 6 4 6 97 97 97 97
12 13 6 7 5 7 98 98 98 98
11 14 5 6 6 8 99 99 99 99
12 13 4 7 5 9 100 100 100 100
11 14 5 6 4 10 100 100 100 100
