2 2 2 2 2 1 2 1 1 1
3 3 3 1 1 2 3 1 1 1
2 2 4 1 1 3 4 2 2 2
3 3 3 2 2 4 5 1 1 1
4 4 4 3 3 5 6 1 1 1
3 5 5 4 4 6 7 1 1 1
4 4 6 5 5 7 8 1 1 1
5 5 7 6 6 6 9 1 1 1
6 4 8 7 7 7 10 1 1 1
7 3 9 6 8 8 11 1 1 1
6 2 10 7 9 7 10 2 2 2
7 3 11 8 10 8 11 1 1 1
8 4 12 9 11 9 12 1 1 1
9 5 11 10 12 8 13 1 1 1
10 6 12 11 13 7 14 1 1 1
11 7 11 12 14 8 15 1 1 1
12 8 12 13 15 9 16 1 1 1
13 7 13 14 16 10 15 1 1 1
12 8 14 13 17 11 16 1 1 1
13 9 13 14 18 12 17 1 1 1
14 10 12 15 19 11 18 1 1 1
15 11 13 16 18 10 19 1 1 1
14 12 12 15 19 9 20 2 2 2
15 13 13 16 20 8 21 1 1 1
14 14 14 15 21 7 22 2 2 2
15 15 13 14 22 8 23 1 1 1
16 16 14 13 21 9 24 1 1 1
17 15 15 14 20 8 25 1 1 1
18 16 16 15 19 9 24 1 1 1
17 15 15 16 20 10 25 1 1 1
18 16 14 17 21 11 26 1 1 1
19 17 13 18 22 12 25 1 1 1
20 18 14 19 23 13 24 1 1 1
21 19 13 20 22 14 25 1 1 1
22 20 14 21 23 15 24 1 1 1
23 19 15 22 24 16 25 1 1 1
24 20 14 23 25 17 26 1 1 1
25 21 13 24 24 18 25 2 2 2
26 22 12 25 25 17 24 1 1 1
27 21 11 26 24 18 25 1 1 1
28 22 12 25 25 17 24 1 1 1
29 23 11 24 26 18 25 1 1 1
30 24 12 25 27 19 26 1 1 1
29 25 13 26 28 18 25 1 1 1
30 26 14 27 29 19 26 1 1 1
31 27 15 28 30 20 27 1 1 1
32 28 16 29 31 21 28 1 1 1
33 27 15 28 32 22 29 1 1 1
32 28 16 29 33 21 28 2 2 2
33 29 17 30 34 20 27 1 1 1
34 28 18 31 35 21 28 1 1 1
35 29 17 32 36 22 29 1 1 1
36 30 18 31 35 23 30 1 1 1
37 31 19 32 36 22 29 1 1 1
38 32 18 33 35 23 30 1 1 1
39 33 19 32 36 24 31 1 1 1
40 34 20 33 37 25 32 1 1 1
41 35 19 32 38 24 31 2 2 2
42 36 20 33 39 23 32 1 1 1
43 37 19 34 40 24 33 2 2 2
44 38 20 33 41 25 32 1 1 1
45 39 21 34 42 26 33 1 1 1
46 40 22 35 43 27 34 1 1 1
47 41 23 36 44 26 33 1 1 1
46 40 24 37 45 27 32 1 1 1
47 41 25 36 46 26 33 1 1 1
48 42 26 35 47 27 34 1 1 1
49 43 27 36 48 28 35 1 1 1
50 42 26 37 49 29 34 1 1 1
51 43 27 36 48 30 35 1 1 1
52 44 28 37 47 31 34 1 1 1
53 45 29 38 46 32 33 1 1 1
54 44 30 37 47 33 34 1 1 1
55 45 31 36 46 34 35 1 1 1
56 46 32 37 47 35 36 1 1 1
57 47 33 38 46 34 35 1 1 1
58 48 34 39 47 35 36 1 1 1
59 49 33 38 46 36 37 1 1 1
60 50 34 39 47 35 38 1 1 1
59 51 35 40 48 36 39 1 1 1
60 52 36 41 47 37 40 1 1 1
61 53 37 42 48 38 39 1 1 1
62 52 38 43 49 39 38 1 1 1
63 51 37 44 48 40 39 1 1 1
64 52 38 45 49 41 40 1 1 1
65 53 39 46 50 42 41 1 1 1
66 54 40 45 51 43 42 1 1 1
67 55 39 46 52 42 43 1 1 1
68 56 40 47 53 43 44 1 1 1
67 57 41 48 54 44 45 1 1 1
68 56 42 49 55 45 44 1 1 1
69 57 43 50 56 46 43 1 1 1
68 58 44 51 57 47 44 1 1 1
69 59 45 52 58 48 45 1 1 1
70 60 46 53 57 49 46 1 1 1
71 61 47 54 58 50 45 1 1 1
72 60 48 55 59 51 46 1 1 1
73 61 49 56 58 52 47 1 1 1
74 62 50 57 59 51 46 1 1 1
73 63 51 58 58 52 45 2 2 2
