1 1 1 1 1 1 1 1 1 1
1 1 1 1 1 1 1 1 1 1
1 1 1 1 1 1 1 1 1 1
2 2 2 2 2 2 1 1 1 1
3 3 3 3 3 3 1 1 1 1
4 4 4 4 2 4 1 1 1 1
5 5 5 5 1 3 1 1 1 1
6 6 6 6 2 4 1 1 1 1
7 7 7 7 3 5 1 1 1 1
8 8 8 8 4 6 1 1 1 1
9 9 9 9 5 7 1 1 1 1
10 10 10 10 6 8 1 1 1 1
11 9 11 11 7 9 1 1 1 1
12 10 12 12 8 10 1 1 1 1
13 11 13 13 9 11 1 1 1 1
14 12 14 14 10 12 1 1 1 1
15 13 13 15 11 13 1 1 1 1
16 14 14 16 12 14 1 1 1 1
17 15 15 17 13 15 1 1 1 1
18 16 16 18 14 16 1 1 1 1
19 17 17 19 15 17 1 1 1 1
20 18 16 20 16 18 1 1 1 1
19 19 15 21 17 17 2 2 2 2
20 20 16 22 18 18 1 1 1 1
21 21 17 23 19 19 1 1 1 1
22 22 18 24 20 20 1 1 1 1
23 23 19 25 21 21 1 1 1 1
24 22 20 26 22 22 1 1 1 1
25 23 21 27 23 23 1 1 1 1
26 24 22 28 24 24 1 1 1 1
25 25 23 29 25 25 1 1 1 1
26 26 24 30 26 26 1 1 1 1
27 27 25 31 27 27 1 1 1 1
28 28 26 30 26 28 1 1 1 1
29 29 27 31 27 27 1 1 1 1
28 30 28 32 28 28 1 1 1 1
29 31 27 33 29 29 1 1 1 1
30 32 28 34 30 30 1 1 1 1
31 31 29 35 29 31 1 1 1 1
32 32 30 36 30 32 1 1 1 1
33 33 31 37 31 33 1 1 1 1
34 32 32 38 32 34 1 1 1 1
35 31 33 37 33 35 1 1 1 1
36 32 34 38 32 36 1 1 1 1
37 33 35 39 33 37 1 1 1 1
38 34 36 40 34 38 1 1 1 1
39 35 37 41 35 39 1 1 1 1
40 36 38 42 36 40 1 1 1 1
41 37 39 43 37 41 1 1 1 1
42 38 40 42 38 42 1 1 1 1
43 39 41 43 39 41 1 1 1 1
44 40 42 44 40 42 1 1 1 1
45 41 43 43 41 43 1 1 1 1
46 42 44 44 42 44 1 1 1 1
47 43 45 45 43 45 1 1 1 1
48 44 46 46 44 46 1 1 1 1
47 43 47 47 45 47 1 1 1 1
48 44 48 48 46 48 1 1 1 1
49 45 49 49 47 49 1 1 1 1
50 46 50 50 46 50 1 1 1 1
51 47 51 51 47 51 1 1 1 1
52 48 50 52 48 52 1 1 1 1
53 49 51 53 49 53 1 1 1 1
54 50 52 54 50 54 1 1 1 1
55 51 53 55 51 55 1 1 1 1
56 52 54 54 52 56 1 1 1 1
57 53 55 55 53 57 1 1 1 1
58 54 56 56 54 58 1 1 1 1
59 55 57 57 55 59 1 1 1 1
60 56 58 58 54 60 1 1 1 1
61 57 59 59 55 61 1 1 1 1
62 58 60 60 56 62 1 1 1 1
63 59 61 61 57 63 1 1 1 1
64 60 60 62 58 64 1 1 1 1
65 61 61 63 57 65 1 1 1 1
66 62 62 64 58 66 1 1 1 1
67 63 63 65 59 67 1 1 1 1
68 64 64 66 60 68 1 1 1 1
69 65 65 67 61 69 1 1 1 1
68 66 66 68 62 70 1 1 1 1
69 67 67 67 63 71 1 1 1 1
68 68 68 68 62 72 1 1 1 1
69 67 69 69 61 73 1 1 1 1
70 68 70 70 62 74 1 1 1 1
71 69 71 71 63 75 1 1 1 1
72 70 72 72 64 76 1 1 1 1
73 71 73 73 65 77 1 1 1 1
74 72 74 74 66 78 1 1 1 1
75 73 75 73 67 79 1 1 1 1
76 74 76 74 68 80 1 1 1 1
77 73 77 75 69 81 1 1 1 1
78 74 78 76 70 82 1 1 1 1
79 75 79 77 69 83 1 1 1 1
80 74 80 78 70 84 1 1 1 1
81 75 81 79 71 85 1 1 1 1
82 76 82 80 72 86 1 1 1 1
83 77 83 81 73 87 1 1 1 1
84 78 82 82 74 88 1 1 1 1
85 79 83 83 75 87 1 1 1 1
86 80 84 84 76 88 1 1 1 1
