1 2 2 1 1 1 2 2 2 2
2 3 3 2 2 2 1 1 1 1
3 4 2 3 3 3 2 1 1 1
4 3 3 4 4 2 3 1 1 1
5 4 2 5 3 1 2 2 2 2
6 5 3 6 2 1 3 1 1 1
7 6 2 5 3 2 4 1 1 1
8 5 3 4 4 3 5 1 1 1
7 6 4 5 3 2 6 2 2 2
8 5 3 4 4 3 5 3 3 3
9 6 4 3 5 4 6 2 2 2
8 7 5 2 6 5 7 1 1 1
9 8 6 3 7 6 8 1 1 1
10 9 5 2 8 7 9 1 1 1
9 8 6 1 7 8 10 2 2 2
10 9 7 2 8 7 11 1 1 1
9 10 8 3 7 8 12 1 1 1
10 11 9 4 6 9 11 1 1 1
9 10 10 5 7 10 12 2 2 2
10 11 11 6 8 11 11 1 1 1
9 12 10 5 9 12 10 2 2 2
8 13 11 4 10 13 9 1 1 1
9 14 12 3 11 12 10 1 1 1
10 15 13 4 12 11 11 1 1 1
11 16 14 5 13 10 12 1 1 1
10 17 15 6 14 11 11 1 1 1
11 18 14 5 15 12 12 1 1 1
12 19 15 4 14 13 13 2 2 2
13 18 16 5 13 14 14 1 1 1
12 19 17 6 14 15 15 1 1 1
11 20 18 7 15 14 14 1 1 1
12 21 19 8 14 15 15 1 1 1
11 22 20 9 15 14 14 1 1 1
12 21 21 10 16 15 13 1 1 1
13 22 22 9 15 14 14 2 2 2
14 21 21 8 16 15 15 3 3 3
15 22 20 9 15 16 16 4 4 4
16 23 19 10 14 17 17 5 5 5
17 22 20 11 13 18 18 4 4 4
18 23 19 10 14 19 19 3 3 3
19 22 20 9 15 18 20 4 4 4
20 23 21 8 16 19 21 3 3 3
21 24 22 7 17 18 22 2 2 2
20 23 23 8 18 19 23 1 1 1
21 22 22 9 19 20 24 1 1 1
22 23 23 8 20 19 25 1 1 1
23 24 24 9 21 20 26 1 1 1
24 25 25 10 20 19 27 1 1 1
25 26 26 11 19 18 28 1 1 1
26 27 27 12 20 17 29 1 1 1
27 28 28 13 21 18 30 1 1 1
26 29 29 12 20 17 31 2 2 2
27 30 30 11 21 16 32 1 1 1
28 29 31 12 20 17 31 2 2 2
27 30 30 11 21 18 32 1 1 1
28 29 31 12 22 19 33 1 1 1
29 30 32 13 23 20 32 1 1 1
30 31 33 14 24 21 31 1 1 1
31 32 32 13 25 22 32 1 1 1
32 33 33 12 26 21 31 2 2 2
33 34 34 13 27 22 32 1 1 1
34 35 35 14 28 23 33 1 1 1
35 36 36 15 29 24 34 1 1 1
36 35 37 14 28 25 35 1 1 1
37 36 36 15 29 24 36 1 1 1
36 35 37 16 30 25 37 1 1 1
37 36 38 15 31 26 36 1 1 1
38 35 37 16 32 27 37 1 1 1
37 36 36 17 33 28 38 1 1 1
38 37 35 16 34 29 37 2 2 2
39 38 36 17 33 28 38 1 1 1
40 37 37 18 32 29 39 2 2 2
41 36 38 19 33 28 40 1 1 1
40 35 39 18 34 29 41 1 1 1
41 36 38 19 35 28 42 1 1 1
42 37 37 18 36 27 43 2 2 2
43 36 38 19 37 26 44 1 1 1
44 37 39 20 38 27 45 1 1 1
43 38 38 21 39 28 46 1 1 1
44 39 37 22 40 29 45 1 1 1
43 40 38 23 41 30 46 1 1 1
44 41 39 22 42 31 47 1 1 1
43 42 38 23 43 32 48 1 1 1
44 41 39 22 44 33 49 1 1 1
45 42 40 23 43 34 48 1 1 1
46 41 41 24 44 35 47 1 1 1
45 42 42 25 43 34 48 1 1 1
46 43 43 26 44 35 49 1 1 1
47 44 44 25 43 36 50 1 1 1
46 43 45 26 42 37 51 1 1 1
47 42 44 27 43 38 50 1 1 1
48 43 45 28 44 37 51 1 1 1
49 44 46 29 45 38 52 1 1 1
50 45 45 30 46 37 51 2 2 2
51 44 46 31 45 38 52 1 1 1
52 45 47 32 46 39 51 1 1 1
53 46 48 31 45 40 52 1 1 1
54 47 47 32 46 39 53 1 1 1
55 48 48 33 45 40 52 1 1 1
56 49 47 34 46 41 51 1 1 1
