2 2 2 1 1 1 1 2 2 2
3 3 1 2 1 1 1 3 3 3
4 4 1 1 2 2 1 4 4 4
5 3 2 1 3 1 2 5 5 5
6 4 3 2 2 1 1 6 6 6
7 3 4 1 3 1 2 7 7 7
6 4 5 2 4 1 3 8 8 8
5 5 6 3 3 1 2 9 9 9
4 4 7 4 2 2 3 10 10 10
3 5 6 3 1 3 2 11 11 11
2 4 7 2 2 4 1 12 12 12
1 3 6 3 1 3 2 13 13 13
1 4 7 2 2 4 3 14 14 14
2 3 8 1 1 3 4 15 15 15
1 2 7 1 2 2 3 16 16 16
2 1 8 1 1 3 4 17 17 17
1 1 7 1 2 4 3 18 18 18
2 1 8 1 3 3 4 19 19 19
3 2 9 2 2 2 5 20 20 20
4 3 10 1 1 3 6 21 21 21
3 2 11 1 2 2 7 22 22 22
2 3 10 1 3 1 6 23 23 23
3 4 9 2 2 2 7 24 24 24
4 3 10 3 1 1 6 25 25 25
3 4 9 4 1 2 5 26 26 26
4 5 10 5 2 3 4 27 27 27
3 6 9 4 3 4 3 28 28 28
4 7 10 5 4 3 4 29 29 29
3 8 9 4 5 2 5 30 30 30
2 9 8 3 6 1 4 31 31 31
1 10 9 2 5 1 5 32 32 32
1 11 8 1 6 2 4 33 33 33
1 12 9 1 7 1 5 34 34 34
1 13 8 1 6 2 6 35 35 35
1 12 9 1 7 1 7 36 36 36
2 11 10 2 8 1 6 37 37 37
3 10 11 1 7 2 5 38 38 38
4 9 12 1 6 1 4 39 39 39
3 8 13 1 5 1 5 40 40 40
2 9 12 1 6 2 4 41 41 41
3 8 11 1 7 1 3 42 42 42
2 9 12 2 6 1 4 43 43 43
3 10 13 3 5 1 5 44 44 44
2 9 12 2 4 2 4 45 45 45
3 8 13 1 5 1 3 46 46 46
4 9 12 2 6 1 2 47 47 47
5 10 13 3 5 1 1 48 48 48
6 9 12 2 6 1 2 49 49 49
5 10 11 3 5 1 1 50 50 50
4 11 10 2 4 1 1 51 51 51
5 10 11 3 5 2 1 52 52 52
4 11 10 4 6 3 2 53 53 53
5 12 9 5 5 2 1 54 54 54
6 11 10 6 4 3 2 55 55 55
5 10 11 5 3 4 3 56 56 56
4 9 10 6 2 5 4 57 57 57
5 10 9 5 3 4 5 58 58 58
4 9 10 4 4 3 6 59 59 59
5 8 11 5 5 4 7 60 60 60
6 7 12 6 6 3 8 61 61 61
5 6 13 7 5 4 7 62 62 62
4 5 14 6 4 5 6 63 63 63
3 6 15 5 3 4 5 64 64 64
2 5 14 4 4 5 4 65 65 65
3 6 15 3 5 4 5 66 66 66
2 5 16 4 6 3 4 67 67 67
1 6 15 5 7 4 5 68 68 68
1 7 14 4 8 3 6 69 69 69
2 6 13 3 9 2 5 70 70 70
1 5 14 2 10 1 4 71 71 71
2 6 15 1 9 2 3 72 72 72
1 5 14 1 8 3 2 73 73 73
2 6 15 1 7 4 3 74 74 74
1 5 16 2 6 5 2 75 75 75
1 4 15 3 7 4 1 76 76 76
2 3 14 2 8 3 1 77 77 77
1 4 15 3 7 2 1 78 78 78
1 3 14 2 6 3 2 79 79 79
1 2 15 3 5 4 3 80 80 80
1 1 14 4 6 3 4 81 81 81
2 1 15 5 5 2 3 82 82 82
1 2 16 6 6 1 2 83 83 83
1 1 17 5 5 2 1 84 84 84
2 1 18 4 4 3 1 85 85 85
1 2 19 3 3 2 2 86 86 86
2 1 20 4 2 1 3 87 87 87
3 1 21 5 3 2 4 88 88 88
2 1 22 4 4 3 5 89 89 89
3 2 21 3 5 2 4 90 90 90
2 1 20 2 6 3 5 91 91 91
3 1 21 3 5 4 4 92 92 92
2 1 20 4 4 5 3 93 93 93
3 1 21 5 5 4 2 94 94 94
2 2 22 6 6 3 3 95 95 95
3 3 23 7 5 2 4 96 96 96
2 2 22 6 6 3 5 97 97 97
1 3 23 7 7 2 4 98 98 98
1 2 22 8 8 3 5 99 99 99
1 3 23 9 7 4 6 100 100 100
1 4 24 10 8 5 7 100 100 100
