2 2 1 2 2 2 2 1 1 1
3 3 2 3 1 1 3 1 1 1
4 4 3 4 2 2 4 1 1 1
5 5 4 3 3 3 5 1 1 1
6 6 5 4 4 4 4 1 1 1
7 7 6 5 5 5 5 1 1 1
8 8 5 6 4 6 6 1 1 1
9 9 6 7 3 7 7 1 1 1
10 8 7 6 4 8 8 1 1 1
11 9 8 7 5 9 9 1 1 1
12 10 9 8 6 10 10 1 1 1
13 11 10 9 7 11 11 1 1 1
14 12 11 10 8 12 12 1 1 1
15 13 12 11 9 13 13 1 1 1
16 14 13 12 10 14 14 1 1 1
17 15 12 13 11 15 15 1 1 1
18 16 13 12 12 14 14 1 1 1
19 17 14 11 13 15 13 1 1 1
20 18 15 12 14 16 14 1 1 1
21 17 16 13 13 17 15 1 1 1
22 18 15 12 12 16 16 2 2 2
23 19 16 13 13 17 17 1 1 1
24 20 17 14 14 18 18 1 1 1
25 21 18 15 15 17 19 1 1 1
26 22 17 16 16 18 20 1 1 1
25 23 18 17 17 17 21 1 1 1
26 24 19 18 18 16 22 1 1 1
27 25 20 19 17 17 23 1 1 1
28 26 21 18 18 16 22 1 1 1
29 27 22 19 19 17 23 1 1 1
30 28 23 20 20 18 24 1 1 1
31 29 24 21 21 19 25 1 1 1
32 30 25 22 20 20 26 1 1 1
31 31 26 23 19 19 27 1 1 1
32 32 27 22 20 20 26 1 1 1
33 33 26 23 21 21 27 1 1 1
32 34 27 24 20 22 28 1 1 1
33 33 28 23 19 23 29 1 1 1
34 34 29 24 20 24 30 1 1 1
35 35 30 25 21 25 31 1 1 1
36 36 31 26 22 26 32 1 1 1
37 37 30 27 23 25 33 1 1 1
38 38 31 26 24 26 34 1 1 1
39 37 30 27 25 27 35 1 1 1
40 38 29 28 26 28 34 1 1 1
41 39 30 27 27 27 35 1 1 1
42 40 29 28 28 28 36 1 1 1
43 41 28 29 29 29 37 1 1 1
44 42 29 30 30 30 38 1 1 1
45 43 30 31 29 31 39 1 1 1
46 44 29 30 30 32 40 1 1 1
45 45 30 31 31 33 41 1 1 1
46 44 31 30 32 34 40 1 1 1
47 43 32 31 33 35 39 1 1 1
48 44 33 32 34 36 40 1 1 1
47 45 34 33 35 37 41 1 1 1
46 46 35 34 36 38 42 1 1 1
47 47 36 35 37 39 43 1 1 1
48 48 37 36 38 38 44 1 1 1
47 49 38 37 39 37 45 1 1 1
48 50 39 38 40 36 44 1 1 1
49 49 40 39 41 35 43 1 1 1
48 50 41 40 42 36 44 1 1 1
49 51 42 41 43 37 45 1 1 1
50 52 43 42 42 38 46 1 1 1
51 53 42 43 43 39 45 1 1 1
52 54 41 44 44 40 46 1 1 1
53 55 42 45 45 39 47 1 1 1
54 56 43 46 46 40 48 1 1 1
55 57 44 47 47 41 47 1 1 1
54 58 45 48 48 40 48 1 1 1
55 57 46 49 49 41 49 1 1 1
56 56 47 50 50 42 50 1 1 1
57 57 48 49 51 43 51 1 1 1
58 56 49 50 52 44 52 1 1 1
59 57 50 51 51 45 51 1 1 1
60 58 49 52 52 46 52 1 1 1
61 59 50 53 53 47 53 1 1 1
62 58 51 54 54 48 52 1 1 1
63 59 52 55 55 49 53 1 1 1
62 60 53 56 56 50 52 1 1 1
61 61 54 57 57 51 53 1 1 1
62 62 55 58 58 52 54 1 1 1
63 63 56 59 59 53 55 1 1 1
64 64 57 60 60 54 56 1 1 1
65 65 58 61 61 55 55 1 1 1
66 66 59 62 62 56 56 1 1 1
67 65 60 63 63 55 57 1 1 1
68 64 61 64 62 54 58 1 1 1
67 63 62 65 63 53 59 1 1 1
68 64 63 66 64 54 60 1 1 1
69 65 64 67 65 55 61 1 1 1
70 64 65 68 66 56 62 1 1 1
69 63 66 69 67 57 63 1 1 1
68 64 67 70 68 58 64 1 1 1
69 65 66 69 69 59 63 1 1 1
68 64 67 70 70 60 64 1 1 1
67 65 68 71 69 61 65 1 1 1
68 66 67 72 70 62 66 1 1 1
69 67 68 73 71 63 67 1 1 1
