2 2 2 2 2 2 2 1 1 1
3 3 3 3 3 3 3 1 1 1
4 4 4 2 4 4 4 1 1 1
3 5 5 3 5 5 5 1 1 1
4 6 6 4 6 6 6 1 1 1
5 7 7 5 7 5 7 1 1 1
6 8 6 6 8 6 8 1 1 1
7 7 7 7 9 7 9 1 1 1
8 8 8 8 8 8 10 1 1 1
9 9 9 9 7 9 11 1 1 1
10 10 10 10 8 10 12 1 1 1
11 11 11 11 9 11 13 1 1 1
12 12 12 12 10 12 14 1 1 1
13 13 13 13 11 13 15 1 1 1
12 14 14 14 12 14 16 1 1 1
11 15 15 15 13 15 17 1 1 1
12 16 16 16 14 16 18 1 1 1
13 17 15 17 15 17 19 1 1 1
12 18 16 18 16 16 20 1 1 1
13 19 15 19 17 17 21 1 1 1
14 20 16 20 18 16 22 1 1 1
15 21 17 21 19 17 23 1 1 1
16 22 18 22 20 18 24 1 1 1
17 23 19 23 21 19 25 1 1 1
18 24 18 24 22 20 26 1 1 1
19 23 19 25 23 21 27 1 1 1
20 24 20 26 22 20 26 1 1 1
21 25 19 27 23 21 27 1 1 1
22 26 20 28 24 22 28 1 1 1
23 27 21 29 23 23 29 1 1 1
24 28 22 30 24 24 30 1 1 1
25 29 23 31 25 25 31 1 1 1
26 30 24 32 26 26 32 1 1 1
25 31 25 33 27 27 33 1 1 1
26 30 26 34 26 28 34 1 1 1
27 31 27 35 27 29 35 1 1 1
28 32 28 36 28 30 36 1 1 1
29 31 29 37 29 31 37 1 1 1
30 32 30 38 30 32 38 1 1 1
29 33 31 39 31 33 39 1 1 1
30 34 32 40 30 34 40 1 1 1
31 35 33 41 31 35 41 1 1 1
32 34 34 42 32 36 42 1 1 1
33 35 35 43 33 37 43 1 1 1
32 36 36 44 34 38 44 1 1 1
33 37 35 45 33 39 45 1 1 1
32 36 36 46 32 40 46 1 1 1
33 37 37 47 33 41 47 1 1 1
34 38 38 48 34 42 48 1 1 1
35 39 37 49 35 43 49 1 1 1
34 40 36 50 36 44 50 1 1 1
35 41 37 51 37 45 51 1 1 1
34 42 38 52 38 46 52 1 1 1
35 43 39 51 37 47 53 1 1 1
36 44 40 52 38 48 54 1 1 1
37 45 41 53 39 49 55 1 1 1
36 46 42 54 38 50 56 1 1 1
37 47 41 55 39 51 57 1 1 1
38 46 42 56 38 52 58 1 1 1
39 47 43 57 39 53 59 1 1 1
40 48 44 58 40 54 60 1 1 1
39 49 45 59 41 55 61 1 1 1
40 50 46 60 42 56 62 1 1 1
41 51 47 61 43 57 63 1 1 1
40 52 48 62 44 58 64 1 1 1
41 53 49 63 45 59 65 1 1 1
40 54 50 64 46 60 66 1 1 1
41 55 51 65 47 61 67 1 1 1
40 56 52 66 46 62 68 1 1 1
41 55 53 67 47 63 69 1 1 1
42 56 54 68 48 64 70 1 1 1
43 57 55 69 49 65 71 1 1 1
44 58 56 70 50 66 72 1 1 1
45 59 57 69 51 65 73 1 1 1
46 60 58 70 52 66 74 1 1 1
45 61 59 71 53 67 75 1 1 1
46 62 60 72 54 66 76 1 1 1
47 61 61 73 55 67 77 1 1 1
48 62 62 74 56 68 78 1 1 1
49 63 63 73 57 69 79 1 1 1
50 64 62 74 58 70 80 1 1 1
51 65 63 73 59 71 81 1 1 1
52 64 64 74 60 72 82 1 1 1
53 65 65 75 61 73 83 1 1 1
54 64 66 76 62 74 84 1 1 1
55 65 67 77 63 75 85 1 1 1
56 66 68 78 64 76 86 1 1 1
57 67 69 79 65 77 87 1 1 1
58 68 68 80 66 78 86 1 1 1
59 69 69 79 67 79 87 1 1 1
58 70 70 80 68 80 88 1 1 1
59 69 71 81 69 81 89 1 1 1
60 68 72 82 70 82 90 1 1 1
61 69 73 83 71 83 91 1 1 1
62 70 74 84 72 84 92 1 1 1
63 71 75 85 73 85 93 1 1 1
64 70 76 86 72 86 92 1 1 1
65 71 77 87 71 87 93 1 1 1
66 72 78 88 72 88 94 1 1 1
67 73 79 89 73 89 95 1 1 1
