1 1 1 2 2 1 2 2 2 2
1 1 1 1 3 2 3 3 3 3
2 2 2 2 4 3 2 2 2 2
3 3 3 3 5 4 1 1 1 1
4 2 2 4 4 5 2 2 2 2
5 3 3 5 5 4 1 1 1 1
6 4 2 6 4 5 1 1 1 1
7 5 3 7 3 4 1 1 1 1
8 4 2 8 4 5 1 1 1 1
7 5 1 9 5 6 1 1 1 1
6 4 2 10 6 5 2 2 2 2
7 5 1 11 7 6 1 1 1 1
6 6 2 10 8 7 2 2 2 2
7 5 1 9 9 8 3 3 3 3
8 6 2 10 10 7 2 2 2 2
7 7 3 11 11 8 1 1 1 1
8 8 2 12 10 9 1 1 1 1
9 9 3 13 11 8 1 1 1 1
10 10 4 14 10 7 1 1 1 1
9 9 5 15 9 8 2 2 2 2
8 10 6 16 10 9 1 1 1 1
7 11 7 17 9 10 1 1 1 1
8 12 8 18 10 11 1 1 1 1
9 13 9 19 11 12 1 1 1 1
10 14 10 18 10 13 1 1 1 1
11 15 9 19 11 12 1 1 1 1
10 16 10 20 12 11 1 1 1 1
11 17 9 19 13 12 1 1 1 1
12 18 10 18 14 11 1 1 1 1
13 19 9 19 13 12 1 1 1 1
14 20 8 20 12 11 2 2 2 2
15 21 9 21 11 12 1 1 1 1
16 22 10 22 10 11 1 1 1 1
17 23 11 23 11 12 1 1 1 1
18 24 12 24 12 13 1 1 1 1
19 25 13 25 13 14 1 1 1 1
20 26 14 26 14 15 1 1 1 1
19 27 15 25 15 16 1 1 1 1
20 28 16 24 14 17 1 1 1 1
21 29 17 25 15 18 1 1 1 1
22 30 18 26 14 19 1 1 1 1
21 31 19 27 15 20 1 1 1 1
20 32 20 28 16 21 2 2 2 2
21 33 21 29 17 22 1 1 1 1
22 34 22 30 16 23 1 1 1 1
23 35 23 31 17 24 1 1 1 1
24 36 24 32 18 25 1 1 1 1
25 37 25 33 19 26 1 1 1 1
24 36 26 34 20 25 2 2 2 2
25 35 27 35 19 26 3 3 3 3
26 34 28 34 20 27 2 2 2 2
27 33 29 35 21 28 1 1 1 1
28 34 30 36 22 27 1 1 1 1
27 33 31 35 23 28 2 2 2 2
26 32 30 36 24 29 3 3 3 3
27 33 29 37 25 30 2 2 2 2
28 32 30 38 26 31 1 1 1 1
27 31 31 39 27 30 2 2 2 2
28 32 32 38 28 31 1 1 1 1
29 33 31 39 29 32 1 1 1 1
