1 1 1 1 1 1 1 1 1 1
2 2 2 2 2 2 1 1 1 1
3 1 3 3 3 3 1 1 1 1
4 1 2 4 2 2 2 2 2 2
5 2 3 5 3 3 1 1 1 1
6 3 4 6 2 2 1 1 1 1
5 2 5 7 3 1 2 2 2 2
6 3 4 8 4 2 1 1 1 1
7 4 5 9 3 3 1 1 1 1
8 5 6 10 2 4 1 1 1 1
9 6 7 11 3 3 1 1 1 1
10 5 8 12 4 4 1 1 1 1
9 6 9 13 5 5 1 1 1 1
8 5 10 14 6 4 2 2 2 2
9 6 11 15 7 5 1 1 1 1
10 7 12 16 8 6 1 1 1 1
11 8 13 17 9 7 1 1 1 1
12 9 14 18 10 8 1 1 1 1
13 10 15 19 11 9 1 1 1 1
14 11 16 20 12 8 1 1 1 1
15 12 17 21 13 9 1 1 1 1
16 13 16 22 14 10 1 1 1 1
15 12 17 21 15 11 2 2 2 2
16 11 18 22 16 12 1 1 1 1
17 12 19 23 17 13 1 1 1 1
18 13 20 24 18 14 1 1 1 1
19 14 21 25 19 15 1 1 1 1
18 15 22 26 20 16 1 1 1 1
17 16 23 27 19 17 1 1 1 1
18 15 24 28 18 18 1 1 1 1
19 14 25 29 19 19 1 1 1 1
20 15 26 30 20 20 1 1 1 1
21 16 27 31 21 21 1 1 1 1
22 17 28 32 22 22 1 1 1 1
23 18 29 33 21 23 1 1 1 1
24 19 30 32 22 24 1 1 1 1
25 20 31 33 23 25 1 1 1 1
26 19 30 34 24 26 1 1 1 1
27 20 31 35 23 27 1 1 1 1
28 21 32 36 24 28 1 1 1 1
29 22 33 37 25 29 1 1 1 1
30 23 34 38 26 30 1 1 1 1
31 24 35 39 27 31 1 1 1 1
32 25 36 40 28 32 1 1 1 1
33 26 37 41 29 33 1 1 1 1
34 27 38 42 30 34 1 1 1 1
35 28 39 43 31 35 1 1 1 1
34 29 38 44 30 36 2 2 2 2
35 30 39 45 31 37 1 1 1 1
36 31 40 46 30 38 1 1 1 1
37 32 41 47 31 39 1 1 1 1
38 33 42 48 32 40 1 1 1 1
39 34 43 49 31 39 1 1 1 1
40 35 44 50 32 40 1 1 1 1
41 36 45 51 33 41 1 1 1 1
42 37 46 52 34 42 1 1 1 1
43 38 47 51 35 43 1 1 1 1
44 39 48 52 36 44 1 1 1 1
45 38 49 53 37 45 1 1 1 1
46 39 50 52 36 46 1 1 1 1
