2 2 2 2 2 2 2 1 1 1
3 3 3 3 3 3 3 1 1 1
4 4 4 4 4 4 4 1 1 1
5 5 5 5 5 5 5 1 1 1
4 6 4 6 6 6 6 1 1 1
5 7 5 7 7 5 7 1 1 1
6 8 6 8 8 6 8 1 1 1
7 9 7 9 9 7 9 1 1 1
8 10 8 10 10 8 10 1 1 1
9 11 9 11 11 9 11 1 1 1
10 12 10 12 12 8 10 1 1 1
11 13 11 13 13 9 11 1 1 1
12 14 12 14 14 10 12 1 1 1
13 15 13 15 15 11 13 1 1 1
14 16 14 16 16 12 12 1 1 1
15 17 15 17 17 13 13 1 1 1
16 18 16 18 18 14 14 1 1 1
17 19 17 19 19 15 15 1 1 1
18 20 18 20 20 16 16 1 1 1
19 21 19 21 21 17 17 1 1 1
20 22 20 22 22 18 18 1 1 1
21 23 21 23 23 19 19 1 1 1
22 24 22 24 24 20 20 1 1 1
23 25 21 25 25 21 21 1 1 1
24 26 22 26 26 22 22 1 1 1
25 27 23 27 27 23 23 1 1 1
26 28 24 28 28 24 22 1 1 1
27 29 25 29 29 25 23 1 1 1
28 30 26 30 30 26 24 1 1 1
29 31 27 31 31 27 25 1 1 1
30 32 28 32 32 28 26 1 1 1
31 33 29 33 33 29 27 1 1 1
32 34 30 34 34 30 28 1 1 1
33 35 31 35 35 31 29 1 1 1
34 36 32 36 36 32 30 1 1 1
35 37 33 37 37 33 29 1 1 1
36 38 34 38 38 34 30 1 1 1
37 39 35 39 39 35 31 1 1 1
38 40 36 40 40 36 32 1 1 1
39 41 37 41 41 35 33 1 1 1
40 42 38 42 42 36 32 1 1 1
41 43 39 43 43 37 33 1 1 1
42 44 40 44 44 38 34 1 1 1
43 45 41 43 45 39 35 1 1 1
44 46 40 44 46 40 36 1 1 1
45 47 41 45 47 41 37 1 1 1
46 48 42 46 48 42 38 1 1 1
47 49 43 47 49 43 39 1 1 1
46 50 44 48 50 44 40 1 1 1
47 51 45 49 51 45 41 1 1 1
48 52 46 50 52 46 42 1 1 1
49 53 47 51 53 47 43 1 1 1
50 54 48 52 52 48 44 1 1 1
51 55 49 53 53 49 45 1 1 1
52 56 50 54 54 50 46 1 1 1
53 57 51 55 55 51 45 1 1 1
54 58 52 54 56 52 46 1 1 1
55 59 53 55 57 51 47 1 1 1
56 60 52 56 58 52 48 1 1 1
57 61 53 57 59 53 49 1 1 1
58 60 54 58 60 52 50 1 1 1
59 61 55 59 61 53 51 1 1 1
60 62 56 60 62 54 52 1 1 1
61 63 57 59 63 55 53 1 1 1
62 64 58 60 64 56 54 1 1 1
63 65 57 59 65 57 55 1 1 1
64 66 58 60 66 58 56 1 1 1
65 67 59 61 67 59 57 1 1 1
66 68 60 62 68 60 58 1 1 1
67 69 61 63 69 61 59 1 1 1
68 70 60 64 70 62 60 1 1 1
69 71 61 65 71 63 61 1 1 1
70 72 62 66 72 64 62 1 1 1
69 73 63 67 73 65 63 1 1 1
70 74 64 68 74 64 64 1 1 1
69 75 65 69 75 65 65 1 1 1
70 76 66 70 76 66 66 1 1 1
71 77 67 71 77 65 67 1 1 1
72 78 68 72 78 66 68 1 1 1
73 77 69 73 79 67 69 1 1 1
74 78 70 72 80 68 70 1 1 1
75 79 71 73 81 69 71 1 1 1
76 80 72 74 82 70 72 1 1 1
77 81 73 75 83 71 73 1 1 1
78 82 74 76 84 72 74 1 1 1
79 83 75 75 85 73 75 1 1 1
78 84 76 76 86 74 76 1 1 1
79 85 77 77 87 75 77 1 1 1
80 86 78 78 88 76 78 1 1 1
81 87 79 79 89 77 79 1 1 1
82 88 80 80 90 78 80 1 1 1
83 89 81 81 91 77 81 1 1 1
84 90 82 80 92 78 82 1 1 1
85 91 83 81 93 79 81 1 1 1
84 92 84 82 94 80 82 1 1 1
85 93 85 83 95 79 81 1 1 1
86 94 86 84 96 80 82 1 1 1
87 95 87 85 97 81 83 1 1 1
88 96 86 86 98 82 84 1 1 1
89 97 87 87 99 83 85 1 1 1
