2 2 2 2 2 2 2 1 1 1
3 3 3 3 1 3 3 1 1 1
4 4 4 4 2 4 4 1 1 1
5 5 5 5 3 5 5 1 1 1
6 4 6 6 4 6 6 1 1 1
7 5 7 7 5 7 7 1 1 1
6 6 8 8 4 8 8 1 1 1
7 7 9 9 5 7 9 1 1 1
8 8 10 10 6 8 10 1 1 1
9 9 11 11 7 9 11 1 1 1
8 10 12 12 8 10 12 1 1 1
9 11 13 13 9 11 13 1 1 1
10 12 14 14 10 12 14 1 1 1
11 11 15 15 11 13 15 1 1 1
12 12 16 16 12 12 16 1 1 1
13 13 17 17 13 13 15 1 1 1
14 14 18 18 14 12 16 1 1 1
15 15 19 19 15 13 15 1 1 1
16 14 20 18 16 14 16 1 1 1
17 15 21 19 17 15 17 1 1 1
18 16 22 20 16 16 18 1 1 1
19 17 23 19 17 17 19 1 1 1
20 18 24 20 18 18 18 1 1 1
21 19 25 19 19 19 19 1 1 1
22 20 26 20 18 20 18 1 1 1
23 21 27 21 19 21 19 1 1 1
24 20 28 22 20 22 20 1 1 1
23 21 29 23 21 23 21 1 1 1
24 22 30 24 22 24 20 1 1 1
25 23 31 25 23 23 21 1 1 1
24 24 30 24 24 24 22 1 1 1
25 25 31 25 25 25 23 1 1 1
26 26 32 26 26 26 24 1 1 1
27 27 33 25 27 27 25 1 1 1
28 28 34 26 28 28 26 1 1 1
29 29 35 27 29 29 25 1 1 1
30 30 36 28 30 30 24 1 1 1
31 31 35 29 31 31 25 1 1 1
32 30 34 30 32 32 26 1 1 1
33 31 35 31 33 33 27 1 1 1
34 32 36 32 34 34 28 1 1 1
35 33 37 33 35 35 29 1 1 1
34 34 38 34 36 36 30 1 1 1
35 35 39 35 37 37 31 1 1 1
36 36 38 36 38 38 32 1 1 1
37 37 39 37 39 39 33 1 1 1
36 38 38 38 40 40 34 1 1 1
37 39 39 39 41 41 35 1 1 1
38 40 40 40 42 42 36 1 1 1
37 41 41 41 43 43 37 1 1 1
38 42 42 42 44 44 38 1 1 1
39 43 43 43 43 45 39 1 1 1
40 44 44 44 44 46 40 1 1 1
39 45 43 45 45 47 41 1 1 1
40 44 42 46 46 48 42 1 1 1
41 45 41 47 47 49 43 1 1 1
42 46 40 48 48 50 44 1 1 1
41 47 41 49 49 51 45 1 1 1
42 48 42 50 50 52 46 1 1 1
43 47 43 51 51 53 47 1 1 1
