2 1 1 2 2 2 2 2 2 2
1 1 1 3 3 3 3 3 3 3
2 2 1 2 4 4 4 4 4 4
1 3 1 1 5 3 5 5 5 5
2 2 2 2 6 2 6 6 6 6
3 1 1 1 5 1 7 7 7 7
4 1 2 1 6 1 8 8 8 8
3 1 3 1 5 2 9 9 9 9
2 2 4 1 4 1 10 10 10 10
1 1 3 2 3 2 11 11 11 11
1 2 2 1 4 1 12 12 12 12
1 1 3 2 5 2 13 13 13 13
2 2 4 1 4 3 14 14 14 14
3 1 5 2 5 4 15 15 15 15
4 1 6 3 4 5 16 16 16 16
3 2 7 2 5 4 17 17 17 17
2 1 6 1 4 3 18 18 18 18
3 2 5 2 5 4 19 19 19 19
2 1 6 1 6 5 20 20 20 20
3 2 7 1 7 4 21 21 21 21
4 3 8 2 8 3 22 22 22 22
5 2 9 3 7 2 23 23 23 23
6 1 10 2 6 3 24 24 24 24
5 1 11 3 7 4 25 25 25 25
4 2 12 4 8 3 26 26 26 26
5 3 13 3 7 2 27 27 27 27
6 4 12 2 6 3 28 28 28 28
5 5 11 1 5 2 29 29 29 29
4 6 12 2 6 3 30 30 30 30
5 5 11 1 7 2 31 31 31 31
4 6 10 1 6 3 32 32 32 32
3 7 11 1 5 4 33 33 33 33
4 8 12 1 4 5 34 34 34 34
5 9 11 2 3 4 35 35 35 35
6 8 12 3 2 5 36 36 36 36
7 9 13 2 3 6 37 37 37 37
6 8 12 3 4 7 38 38 38 38
5 7 13 2 3 6 39 39 39 39
4 8 12 1 4 5 40 40 40 40
5 9 11 1 5 6 41 41 41 41
6 10 10 1 6 5 42 42 42 42
7 11 11 2 5 6 43 43 43 43
8 10 10 3 4 7 44 44 44 44
7 11 11 4 5 8 45 45 45 45
8 10 12 5 6 7 46 46 46 46
7 11 11 4 5 6 47 47 47 47
8 10 12 3 6 5 48 48 48 48
7 9 13 4 5 4 49 49 49 49
8 10 14 3 4 3 50 50 50 50
9 11 15 2 3 4 51 51 51 51
10 10 16 1 2 5 52 52 52 52
9 9 15 2 3 4 53 53 53 53
8 10 14 3 4 5 54 54 54 54
7 11 15 2 3 6 55 55 55 55
6 10 14 1 2 5 56 56 56 56
5 11 15 1 1 6 57 57 57 57
4 12 16 1 1 7 58 58 58 58
5 11 15 1 2 8 59 59 59 59
6 12 16 1 3 9 60 60 60 60
5 11 15 1 2 10 61 61 61 61
6 12 14 1 3 11 62 62 62 62
5 11 13 1 2 12 63 63 63 63
6 12 14 1 1 11 64 64 64 64
7 11 13 1 1 12 65 65 65 65
8 10 14 1 1 11 66 66 66 66
7 9 13 1 2 10 67 67 67 67
8 8 12 2 3 11 68 68 68 68
7 7 11 3 4 10 69 69 69 69
6 6 12 2 5 9 70 70 70 70
7 5 11 1 6 10 71 71 71 71
8 6 12 2 5 11 72 72 72 72
9 7 11 1 6 12 73 73 73 73
8 8 12 2 7 11 74 74 74 74
7 7 11 3 8 10 75 75 75 75
8 6 10 4 9 11 76 76 76 76
7 7 11 5 8 12 77 77 77 77
6 6 10 4 7 11 78 78 78 78
7 5 9 5 6 12 79 79 79 79
6 6 8 6 7 13 80 80 80 80
7 5 7 7 8 14 81 81 81 81
6 6 8 8 9 15 82 82 82 82
5 5 7 9 8 16 83 83 83 83
6 6 6 10 7 17 84 84 84 84
7 5 7 11 6 16 85 85 85 85
8 4 8 12 5 15 86 86 86 86
9 5 7 11 4 14 87 87 87 87
10 4 6 12 5 13 88 88 88 88
9 3 5 13 4 12 89 89 89 89
8 4 4 12 5 13 90 90 90 90
9 5 5 13 6 12 91 91 91 91
8 6 4 12 5 13 92 92 92 92
7 5 5 13 6 12 93 93 93 93
8 6 4 12 7 11 94 94 94 94
9 5 5 11 8 10 95 95 95 95
10 4 6 10 9 9 96 96 96 96
11 3 5 11 8 8 97 97 97 97
10 4 6 12 9 7 98 98 98 98
9 3 5 11 10 8 99 99 99 99
8 2 4 12 11 7 100 100 100 100
9 3 3 11 10 6 100 100 100 100
