2 2 2 2 2 2 1 1 1 1
1 3 3 3 3 3 1 1 1 1
2 4 4 4 4 2 1 1 1 1
3 5 5 5 3 3 1 1 1 1
4 4 6 4 4 2 2 2 2 2
5 3 7 5 5 3 1 1 1 1
6 4 6 6 6 4 1 1 1 1
6 4 6 6 6 4 1 1 1 1
7 5 5 7 7 5 1 1 1 1
8 6 4 6 8 6 1 1 1 1
9 5 5 7 9 7 1 1 1 1
10 6 6 8 8 8 1 1 1 1
9 7 7 9 9 9 1 1 1 1
10 8 6 10 10 8 1 1 1 1
11 9 7 11 11 7 1 1 1 1
10 8 8 12 10 8 2 2 2 2
9 9 9 13 11 9 1 1 1 1
10 10 10 14 12 10 1 1 1 1
11 11 9 15 13 11 1 1 1 1
12 12 10 16 14 10 1 1 1 1
13 13 9 15 15 11 1 1 1 1
14 14 10 16 16 12 1 1 1 1
13 15 11 17 17 13 1 1 1 1
14 16 12 16 16 12 2 2 2 2
15 17 13 17 17 11 1 1 1 1
16 16 14 18 16 12 1 1 1 1
17 17 13 17 17 13 1 1 1 1
16 18 14 18 16 12 2 2 2 2
15 19 15 19 17 13 1 1 1 1
14 20 16 20 18 14 1 1 1 1
15 21 17 21 17 15 1 1 1 1
16 22 18 22 18 14 1 1 1 1
17 23 19 23 19 15 1 1 1 1
18 24 20 24 20 16 1 1 1 1
17 25 21 25 21 17 1 1 1 1
18 26 22 24 22 16 1 1 1 1
19 27 23 23 23 15 1 1 1 1
20 28 24 24 24 16 1 1 1 1
21 29 25 25 25 17 1 1 1 1
22 30 26 26 26 18 1 1 1 1
23 31 27 27 27 19 1 1 1 1
24 32 26 28 28 18 1 1 1 1
25 31 27 27 29 19 1 1 1 1
26 32 28 26 28 20 2 2 2 2
25 31 29 25 29 21 3 3 3 3
24 32 30 26 30 22 2 2 2 2
25 33 29 27 31 21 1 1 1 1
26 34 30 28 32 22 1 1 1 1
27 35 31 29 33 23 1 1 1 1
28 36 32 30 34 24 1 1 1 1
29 37 31 31 35 25 1 1 1 1
28 38 32 32 34 26 1 1 1 1
29 37 33 33 35 25 1 1 1 1
30 38 34 34 36 24 1 1 1 1
31 37 35 35 37 25 1 1 1 1
32 38 36 36 36 26 1 1 1 1
33 37 37 35 37 27 1 1 1 1
34 38 38 34 38 28 1 1 1 1
33 39 39 33 37 29 2 2 2 2
32 38 40 32 38 30 3 3 3 3
