2 1 2 2 2 2 2 1 1 1
3 1 3 3 3 3 3 2 2 2
2 1 2 4 4 4 4 3 3 3
3 2 3 5 5 5 3 2 2 2
4 1 4 6 4 6 4 1 1 1
5 2 3 7 3 7 5 1 1 1
6 3 4 6 4 8 4 1 1 1
7 4 5 5 5 9 3 1 1 1
8 3 6 4 6 10 2 1 1 1
7 4 7 5 5 11 1 2 2 2
8 5 8 4 6 12 1 1 1 1
9 6 9 5 5 13 2 1 1 1
10 5 10 6 6 12 1 1 1 1
11 4 11 7 7 11 2 1 1 1
12 3 12 8 6 10 1 2 2 2
13 2 11 9 7 11 1 1 1 1
14 3 10 10 6 12 2 1 1 1
15 4 11 11 5 11 3 1 1 1
16 3 12 12 6 10 4 1 1 1
15 2 13 13 5 11 5 2 2 2
16 3 14 12 6 10 6 1 1 1
17 4 13 13 7 9 7 1 1 1
18 5 12 14 8 10 6 1 1 1
19 6 13 15 7 11 5 1 1 1
18 7 14 16 8 12 6 1 1 1
19 8 15 17 9 13 7 1 1 1
20 9 14 18 10 14 6 1 1 1
19 10 15 19 9 13 5 2 2 2
18 9 14 20 10 14 4 3 3 3
19 10 13 21 11 13 3 2 2 2
20 9 12 22 12 14 4 1 1 1
21 10 11 21 11 15 3 2 2 2
22 11 12 22 10 14 2 3 3 3
23 12 13 21 11 15 3 2 2 2
24 11 12 22 12 16 4 1 1 1
23 12 13 23 11 15 3 2 2 2
24 13 12 24 12 14 2 1 1 1
25 12 13 25 11 15 3 1 1 1
26 13 12 26 10 14 2 2 2 2
27 14 13 27 11 15 3 1 1 1
28 15 14 28 10 14 4 1 1 1
29 16 15 29 9 13 5 1 1 1
28 15 16 30 10 14 4 2 2 2
27 16 17 29 11 15 5 1 1 1
26 15 18 30 12 14 4 2 2 2
27 16 17 31 13 13 5 1 1 1
26 15 18 32 14 12 4 2 2 2
27 16 19 33 13 13 3 1 1 1
28 15 18 34 14 14 4 1 1 1
29 16 17 35 15 15 5 1 1 1
30 17 16 36 16 16 6 1 1 1
31 18 15 35 17 15 5 2 2 2
32 19 14 36 16 16 4 3 3 3
33 20 13 37 15 15 5 2 2 2
34 19 14 38 16 14 6 1 1 1
35 20 13 37 17 15 7 1 1 1
36 21 14 36 18 14 6 2 2 2
37 20 13 37 17 13 7 3 3 3
38 21 12 36 16 14 6 4 4 4
39 22 13 37 17 15 7 3 3 3
