2 2 2 2 2 2 2 1 1 1
3 3 3 3 3 3 3 1 1 1
4 4 4 4 4 4 4 1 1 1
5 5 3 5 5 5 5 1 1 1
6 6 4 6 6 6 6 1 1 1
7 7 3 7 7 7 7 1 1 1
8 8 4 8 8 8 8 1 1 1
9 9 3 9 7 7 9 1 1 1
10 8 4 10 8 8 10 1 1 1
11 9 5 9 9 9 9 1 1 1
12 10 6 10 10 10 10 1 1 1
13 11 7 11 9 11 11 1 1 1
14 10 8 12 10 12 12 1 1 1
15 11 9 13 11 13 13 1 1 1
16 12 10 14 12 14 14 1 1 1
17 13 11 15 13 15 15 1 1 1
18 14 12 16 12 16 16 1 1 1
19 15 13 17 13 17 17 1 1 1
20 16 14 18 14 18 18 1 1 1
21 17 15 19 15 19 19 1 1 1
22 18 16 20 16 18 20 1 1 1
23 19 17 21 17 19 21 1 1 1
24 20 18 22 18 20 22 1 1 1
25 21 19 23 19 21 23 1 1 1
26 22 20 24 20 22 24 1 1 1
27 23 21 25 21 23 25 1 1 1
28 24 22 26 22 22 26 1 1 1
29 25 23 25 23 23 27 1 1 1
30 26 24 26 24 24 28 1 1 1
31 27 25 25 25 25 29 1 1 1
32 28 26 26 26 26 30 1 1 1
33 29 27 27 27 27 31 1 1 1
34 30 28 28 28 28 32 1 1 1
35 31 29 29 29 29 31 1 1 1
36 32 30 30 30 30 32 1 1 1
35 33 31 31 31 31 33 1 1 1
36 34 32 30 32 32 34 1 1 1
37 35 33 31 33 33 33 1 1 1
38 36 34 32 34 34 34 1 1 1
39 37 33 33 35 35 35 1 1 1
40 38 34 34 36 36 36 1 1 1
41 39 35 33 37 37 37 1 1 1
40 40 34 34 38 38 38 1 1 1
41 41 35 33 39 39 39 1 1 1
42 42 36 34 40 40 40 1 1 1
43 43 35 35 41 41 41 1 1 1
44 42 36 36 42 42 42 1 1 1
45 43 37 37 43 43 43 1 1 1
46 42 38 38 44 44 44 1 1 1
47 43 39 39 45 45 45 1 1 1
48 44 40 40 46 46 46 1 1 1
49 45 41 41 47 47 47 1 1 1
50 46 42 42 48 48 48 1 1 1
51 47 43 43 49 49 49 1 1 1
52 48 44 44 50 50 50 1 1 1
53 49 45 45 49 49 51 1 1 1
54 50 46 46 50 50 52 1 1 1
55 49 47 47 51 51 53 1 1 1
56 50 48 48 52 52 54 1 1 1
55 51 49 49 53 53 55 1 1 1
