2 2 2 2 2 2 2 1 1 1
3 3 3 3 3 3 3 1 1 1
4 4 4 4 4 4 4 1 1 1
5 5 5 5 5 3 5 1 1 1
6 6 6 6 6 4 6 1 1 1
7 7 7 7 7 5 7 1 1 1
6 8 8 8 8 6 8 1 1 1
7 9 9 9 9 7 7 1 1 1
8 10 10 10 10 8 8 1 1 1
9 11 11 11 11 9 9 1 1 1
10 12 12 12 10 10 10 1 1 1
11 13 13 13 11 11 11 1 1 1
10 14 14 14 12 12 12 1 1 1
11 13 15 15 13 13 13 1 1 1
12 14 16 16 14 14 14 1 1 1
13 13 17 17 15 15 15 1 1 1
14 14 18 18 16 16 14 1 1 1
15 15 17 19 17 17 15 1 1 1
16 16 18 20 18 18 16 1 1 1
17 17 19 21 19 19 17 1 1 1
18 18 20 22 20 20 18 1 1 1
19 19 21 23 21 21 17 1 1 1
20 18 22 24 22 22 18 1 1 1
21 19 21 25 23 23 19 1 1 1
22 20 22 26 24 24 20 1 1 1
23 19 23 27 25 25 21 1 1 1
24 20 24 28 26 26 22 1 1 1
25 21 25 29 27 25 23 1 1 1
26 22 26 30 28 26 24 1 1 1
27 23 27 31 29 27 25 1 1 1
28 24 28 32 30 28 26 1 1 1
29 25 29 33 31 29 27 1 1 1
28 24 30 34 32 30 26 1 1 1
27 25 31 35 33 31 27 1 1 1
28 24 32 36 34 30 28 1 1 1
29 25 33 37 35 31 29 1 1 1
30 26 34 38 36 32 30 1 1 1
31 27 35 39 37 33 31 1 1 1
30 28 34 40 38 34 32 1 1 1
31 29 33 41 39 35 33 1 1 1
32 30 34 42 40 36 34 1 1 1
33 31 35 43 41 35 35 1 1 1
34 32 36 44 42 36 36 1 1 1
35 33 37 45 43 37 37 1 1 1
36 34 36 46 44 38 38 1 1 1
37 35 37 47 45 39 39 1 1 1
38 36 38 48 46 40 40 1 1 1
39 37 39 47 45 41 41 1 1 1
38 38 40 46 46 42 42 1 1 1
39 39 41 47 47 43 41 1 1 1
38 38 42 46 48 44 42 1 1 1
39 37 43 47 47 45 43 1 1 1
40 38 44 48 48 46 44 1 1 1
41 39 45 49 49 47 45 1 1 1
42 40 46 50 50 48 46 1 1 1
43 41 47 51 51 47 47 1 1 1
44 42 48 52 52 48 48 1 1 1
45 43 47 53 53 49 49 1 1 1
46 44 48 54 54 50 50 1 1 1
47 45 49 55 55 51 51 1 1 1
