2 2 2 2 2 2 1 1 1 1
3 1 3 3 3 3 1 1 1 1
4 2 4 4 4 4 1 1 1 1
5 3 5 5 5 3 1 1 1 1
6 4 6 6 6 2 1 1 1 1
7 5 7 7 7 3 1 1 1 1
6 4 8 8 8 4 1 1 1 1
7 5 9 9 9 5 1 1 1 1
8 4 8 10 8 6 2 2 2 2
7 5 9 11 9 7 1 1 1 1
8 6 10 12 10 8 1 1 1 1
9 7 11 13 9 7 1 1 1 1
10 8 12 14 10 8 1 1 1 1
11 9 13 13 11 9 1 1 1 1
12 10 14 14 12 10 1 1 1 1
13 11 15 15 13 11 1 1 1 1
14 12 16 16 12 12 1 1 1 1
15 13 17 17 11 13 1 1 1 1
16 14 18 18 12 14 1 1 1 1
17 15 19 19 13 15 1 1 1 1
18 14 20 20 14 16 1 1 1 1
19 15 19 21 15 17 1 1 1 1
20 16 20 22 14 18 1 1 1 1
21 15 21 23 15 19 1 1 1 1
22 16 22 24 16 20 1 1 1 1
21 17 21 25 17 21 1 1 1 1
22 18 22 26 18 22 1 1 1 1
21 19 23 27 17 23 1 1 1 1
22 20 24 28 18 24 1 1 1 1
23 21 25 29 19 25 1 1 1 1
24 22 26 28 20 26 1 1 1 1
25 23 27 29 21 27 1 1 1 1
24 24 28 30 22 28 1 1 1 1
25 25 29 29 23 29 1 1 1 1
26 26 30 30 24 30 1 1 1 1
27 27 31 31 25 31 1 1 1 1
26 28 32 32 26 32 1 1 1 1
27 29 31 33 27 33 1 1 1 1
26 30 32 34 28 34 1 1 1 1
27 31 33 33 29 35 1 1 1 1
28 32 34 34 30 34 1 1 1 1
29 33 33 35 31 33 1 1 1 1
30 34 34 36 30 34 1 1 1 1
31 35 33 37 31 35 1 1 1 1
32 36 32 38 30 36 1 1 1 1
33 37 31 39 31 37 1 1 1 1
34 38 32 40 32 38 1 1 1 1
35 39 33 39 33 39 1 1 1 1
34 38 34 40 34 38 2 2 2 2
35 39 33 41 33 37 3 3 3 3
34 40 34 42 34 38 2 2 2 2
35 41 35 43 35 39 1 1 1 1
34 42 36 44 36 40 1 1 1 1
35 43 37 45 37 41 1 1 1 1
36 44 38 46 38 42 1 1 1 1
37 45 39 47 37 43 1 1 1 1
38 46 40 48 38 44 1 1 1 1
39 47 41 49 39 45 1 1 1 1
38 48 42 50 38 46 1 1 1 1
39 49 43 49 39 45 1 1 1 1
