2 2 2 2 2 1 2 1 1 1
3 3 3 3 3 2 1 1 1 1
4 4 4 4 4 3 2 1 1 1
5 5 5 5 5 4 1 1 1 1
4 6 6 6 6 3 2 1 1 1
5 7 7 7 7 4 3 1 1 1
6 8 8 8 8 5 4 1 1 1
7 9 9 9 9 6 5 1 1 1
8 10 10 10 8 7 6 1 1 1
9 11 11 11 9 8 7 1 1 1
10 12 12 12 8 9 6 1 1 1
11 13 13 13 9 10 7 1 1 1
12 14 14 14 10 11 8 1 1 1
13 15 15 15 11 12 9 1 1 1
14 16 16 16 12 13 10 1 1 1
15 17 17 17 13 14 11 1 1 1
16 18 18 18 14 15 10 1 1 1
17 19 19 19 15 16 11 1 1 1
18 20 20 20 16 17 12 1 1 1
19 21 21 21 17 18 13 1 1 1
20 22 22 22 18 19 14 1 1 1
21 23 21 23 19 20 13 1 1 1
22 24 22 24 20 21 14 1 1 1
23 25 23 25 19 22 15 1 1 1
22 24 24 26 20 23 16 1 1 1
23 25 23 27 21 24 15 1 1 1
22 24 24 28 22 25 16 1 1 1
23 23 25 29 21 26 17 1 1 1
24 24 26 30 20 27 18 1 1 1
25 25 27 31 21 28 19 1 1 1
24 26 28 32 22 29 20 1 1 1
25 25 29 31 23 30 21 1 1 1
24 26 30 32 24 31 22 1 1 1
25 27 31 33 25 32 23 1 1 1
26 28 32 34 26 33 24 1 1 1
27 29 33 35 27 32 25 1 1 1
28 30 34 36 28 33 26 1 1 1
27 31 33 37 29 34 27 1 1 1
28 32 32 38 30 35 28 1 1 1
29 33 33 39 31 34 29 1 1 1
30 34 34 40 30 35 30 1 1 1
31 35 35 41 31 36 29 1 1 1
32 36 36 42 32 37 30 1 1 1
31 37 37 41 33 38 31 1 1 1
30 38 38 42 32 37 32 1 1 1
31 39 39 41 33 38 33 1 1 1
32 40 40 42 34 39 34 1 1 1
33 41 39 43 35 40 35 1 1 1
34 42 40 44 36 41 36 1 1 1
35 41 41 45 35 42 37 1 1 1
36 42 42 46 36 41 38 1 1 1
37 43 43 45 37 42 37 1 1 1
38 44 44 46 38 43 38 1 1 1
39 45 45 47 39 44 39 1 1 1
38 46 46 48 40 45 40 1 1 1
37 47 47 49 41 46 39 1 1 1
36 48 48 50 42 45 40 1 1 1
37 47 49 51 43 44 39 2 2 2
38 48 50 52 44 43 40 1 1 1
39 49 51 53 45 44 41 1 1 1
40 50 50 54 46 45 42 1 1 1
39 51 51 53 47 46 43 1 1 1
40 52 52 54 48 47 44 1 1 1
41 51 51 55 49 48 43 1 1 1
42 50 52 56 50 49 44 1 1 1
43 51 53 57 51 50 45 1 1 1
42 52 54 58 52 51 44 1 1 1
43 53 55 59 53 52 45 1 1 1
44 54 56 60 54 53 46 1 1 1
45 55 57 61 55 54 47 1 1 1
46 56 56 62 56 55 48 1 1 1
47 57 57 63 57 56 47 1 1 1
46 58 58 64 58 57 48 1 1 1
47 59 57 65 59 58 49 1 1 1
48 60 58 66 60 59 50 1 1 1
49 59 59 65 59 60 51 1 1 1
48 60 60 66 60 59 52 1 1 1
49 61 61 67 61 58 53 1 1 1
50 62 62 68 62 59 54 1 1 1
51 63 63 69 63 60 55 1 1 1
52 62 64 70 64 61 56 1 1 1
53 63 65 71 65 62 57 1 1 1
54 64 66 72 66 63 58 1 1 1
55 63 67 73 67 64 59 1 1 1
56 64 68 74 68 65 60 1 1 1
57 65 69 75 69 64 61 1 1 1
58 66 70 76 70 65 62 1 1 1
59 67 71 77 71 64 63 1 1 1
60 68 72 78 72 65 64 1 1 1
61 69 71 79 73 64 65 1 1 1
62 70 72 80 74 65 66 1 1 1
63 71 73 81 75 66 67 1 1 1
64 72 74 82 76 67 66 1 1 1
65 73 75 83 75 66 67 1 1 1
66 74 76 84 76 67 66 1 1 1
67 75 75 85 77 68 67 1 1 1
68 76 74 86 78 67 68 1 1 1
69 77 75 87 79 68 69 1 1 1
70 78 76 88 80 69 70 1 1 1
71 77 77 89 81 68 71 1 1 1
