1 1 1 1 1 1 1 1 1 1
1 2 1 1 1 2 2 2 2 2
1 3 2 1 2 3 3 3 3 3
1 4 3 2 1 2 2 4 4 4
1 3 4 1 2 1 1 5 5 5
2 2 5 2 1 2 2 6 6 6
1 3 6 3 1 1 1 7 7 7
1 2 5 4 2 1 2 8 8 8
1 3 6 3 3 2 3 9 9 9
2 4 5 2 2 3 4 10 10 10
1 3 4 1 3 4 3 11 11 11
2 2 3 1 4 5 2 12 12 12
1 3 2 1 5 4 3 13 13 13
1 4 3 2 6 3 2 14 14 14
1 5 2 3 5 2 3 15 15 15
2 4 1 2 4 3 4 16 16 16
3 3 2 3 3 4 5 17 17 17
2 4 1 4 4 3 6 18 18 18
1 3 1 3 3 4 7 19 19 19
2 4 2 2 2 3 8 20 20 20
1 5 1 1 1 4 9 21 21 21
2 4 1 1 2 5 10 22 22 22
1 3 2 1 3 4 11 23 23 23
2 2 3 2 4 5 10 24 24 24
3 1 2 1 3 6 11 25 25 25
2 1 1 1 2 7 12 26 26 26
1 1 2 1 1 6 13 27 27 27
1 1 1 1 1 7 12 28 28 28
1 2 2 1 1 6 11 29 29 29
1 3 1 1 1 5 10 30 30 30
1 2 1 2 1 6 11 31 31 31
2 1 1 3 2 7 12 32 32 32
3 2 1 4 3 8 13 33 33 33
4 1 1 3 2 7 14 34 34 34
5 2 1 2 3 8 13 35 35 35
4 3 1 1 4 7 14 36 36 36
3 4 2 2 5 6 15 37 37 37
4 3 3 3 6 7 14 38 38 38
3 4 2 4 7 6 13 39 39 39
4 3 1 5 8 7 12 40 40 40
3 4 1 6 9 6 13 41 41 41
2 5 1 7 10 7 12 42 42 42
3 4 2 6 9 8 11 43 43 43
4 3 3 5 8 9 10 44 44 44
3 4 2 6 7 10 11 45 45 45
2 3 3 5 8 9 10 46 46 46
1 2 4 4 9 8 9 47 47 47
2 3 3 3 10 9 10 48 48 48
3 4 2 4 9 10 11 49 49 49
2 3 1 5 8 11 12 50 50 50
3 2 2 6 9 10 11 51 51 51
4 3 3 7 8 9 10 52 52 52
3 2 4 8 9 8 9 53 53 53
4 1 3 7 8 7 8 54 54 54
3 1 2 8 9 6 7 55 55 55
4 1 1 7 10 5 6 56 56 56
3 2 1 8 11 4 5 57 57 57
4 1 1 7 12 3 6 58 58 58
3 1 1 8 11 2 5 59 59 59
2 2 1 7 10 3 4 60 60 60
