1 2 2 2 2 1 2 2 2 2
1 3 3 1 1 1 1 3 3 3
1 4 4 2 1 2 1 4 4 4
1 3 5 1 2 3 1 5 5 5
1 4 6 2 3 4 1 6 6 6
2 5 7 3 2 3 1 7 7 7
3 4 8 4 1 4 2 8 8 8
4 3 9 3 2 5 1 9 9 9
3 4 8 4 3 6 2 10 10 10
2 3 7 3 4 7 3 11 11 11
1 2 8 4 3 8 2 12 12 12
1 1 7 3 4 7 1 13 13 13
1 1 8 2 3 8 2 14 14 14
1 1 9 3 2 9 1 15 15 15
1 2 8 2 3 8 1 16 16 16
1 1 9 1 4 7 2 17 17 17
1 1 8 1 5 6 1 18 18 18
2 2 7 2 4 5 2 19 19 19
1 3 6 1 3 4 3 20 20 20
1 2 5 1 2 3 2 21 21 21
2 3 4 1 1 4 1 22 22 22
1 2 5 2 2 5 1 23 23 23
1 1 4 1 3 4 1 24 24 24
2 2 3 1 2 3 2 25 25 25
3 3 4 2 1 4 1 26 26 26
2 4 3 3 2 3 2 27 27 27
1 5 2 4 1 2 3 28 28 28
1 4 1 5 1 3 4 29 29 29
1 3 1 6 2 4 5 30 30 30
1 4 1 7 1 5 4 31 31 31
1 5 1 6 1 4 3 32 32 32
2 4 1 7 2 5 2 33 33 33
1 3 1 6 1 6 1 34 34 34
1 2 2 7 1 5 1 35 35 35
2 1 1 8 1 6 2 36 36 36
3 1 1 9 1 5 3 37 37 37
2 2 1 8 1 4 2 38 38 38
1 3 1 7 2 5 1 39 39 39
1 2 1 8 1 4 1 40 40 40
1 3 1 9 2 5 1 41 41 41
2 4 2 8 3 4 1 42 42 42
1 3 1 9 4 3 2 43 43 43
1 4 1 10 3 2 3 44 44 44
2 5 1 9 2 1 4 45 45 45
3 4 1 8 1 1 3 46 46 46
2 3 1 9 1 2 4 47 47 47
3 2 2 10 2 3 5 48 48 48
2 1 1 11 1 2 6 49 49 49
3 2 1 12 1 3 7 50 50 50
4 1 2 13 2 2 8 51 51 51
3 1 3 12 3 1 9 52 52 52
4 1 4 11 2 2 10 53 53 53
5 1 5 10 3 3 11 54 54 54
6 1 6 9 2 4 10 55 55 55
5 1 5 8 3 5 11 56 56 56
6 2 4 7 2 4 12 57 57 57
5 3 3 6 3 3 13 58 58 58
4 2 2 7 2 4 14 59 59 59
3 3 1 6 3 5 15 60 60 60
4 4 1 7 4 4 14 61 61 61
