2 2 2 2 2 2 1 1 1 1
3 3 3 3 3 3 1 1 1 1
4 4 4 4 4 4 1 1 1 1
5 5 5 5 3 5 1 1 1 1
6 6 4 6 2 6 1 1 1 1
7 7 5 7 3 7 1 1 1 1
8 8 4 8 4 8 1 1 1 1
9 9 5 7 5 9 1 1 1 1
10 10 6 8 6 10 1 1 1 1
11 11 7 7 7 11 1 1 1 1
12 12 8 8 8 12 1 1 1 1
13 13 9 9 9 13 1 1 1 1
14 14 10 10 10 14 1 1 1 1
15 15 9 11 11 13 1 1 1 1
16 16 10 12 12 12 1 1 1 1
17 17 9 11 13 13 1 1 1 1
18 18 10 12 14 14 1 1 1 1
19 19 11 13 15 15 1 1 1 1
20 20 12 14 16 16 1 1 1 1
21 21 13 15 17 17 1 1 1 1
22 22 12 16 18 18 1 1 1 1
23 23 13 17 19 19 1 1 1 1
24 24 14 18 20 20 1 1 1 1
25 23 13 19 21 21 1 1 1 1
26 24 14 20 22 22 1 1 1 1
27 23 15 21 23 23 1 1 1 1
28 24 14 22 24 24 1 1 1 1
29 25 13 21 25 25 1 1 1 1
30 26 14 22 26 26 1 1 1 1
31 27 15 23 27 27 1 1 1 1
32 28 16 24 26 28 1 1 1 1
33 29 17 25 27 27 1 1 1 1
34 30 18 26 28 28 1 1 1 1
35 31 19 27 29 29 1 1 1 1
36 32 20 28 30 30 1 1 1 1
37 33 21 27 31 29 1 1 1 1
38 34 22 26 32 30 1 1 1 1
39 35 23 27 33 31 1 1 1 1
40 36 24 28 34 32 1 1 1 1
41 37 25 29 35 33 1 1 1 1
42 38 26 30 36 34 1 1 1 1
43 39 27 31 37 33 1 1 1 1
44 38 28 32 38 34 1 1 1 1
43 37 29 33 39 35 1 1 1 1
44 38 28 34 40 34 1 1 1 1
45 39 29 35 41 35 1 1 1 1
46 40 30 36 42 34 1 1 1 1
47 41 31 37 43 35 1 1 1 1
48 42 32 38 44 36 1 1 1 1
49 43 33 39 45 37 1 1 1 1
50 44 34 40 46 38 1 1 1 1
49 45 35 41 47 39 1 1 1 1
50 46 36 42 48 38 1 1 1 1
51 47 37 43 49 37 1 1 1 1
52 46 38 44 50 38 1 1 1 1
53 47 39 45 49 39 1 1 1 1
54 48 40 44 50 40 1 1 1 1
55 49 41 45 51 41 1 1 1 1
56 50 42 46 52 42 1 1 1 1
57 51 41 47 51 43 1 1 1 1
