1 1 1 1 1 1 1 1 1 1
1 1 1 1 1 1 1 1 1 1
2 2 2 2 2 2 1 1 1 1
3 3 3 3 3 3 1 1 1 1
4 2 2 4 2 4 2 2 2 2
5 3 3 5 3 3 1 1 1 1
6 4 2 6 4 4 1 1 1 1
7 5 3 7 3 3 1 1 1 1
8 4 4 8 4 4 1 1 1 1
7 5 5 9 5 5 1 1 1 1
6 4 6 10 6 4 2 2 2 2
7 5 5 11 7 5 1 1 1 1
6 6 6 10 8 4 2 2 2 2
7 7 7 11 7 3 1 1 1 1
8 8 8 12 8 4 1 1 1 1
7 9 9 13 9 5 1 1 1 1
8 10 8 14 8 6 1 1 1 1
9 11 9 15 9 7 1 1 1 1
10 12 10 16 10 8 1 1 1 1
11 13 11 15 11 7 1 1 1 1
12 14 12 16 12 8 1 1 1 1
11 15 13 17 11 9 1 1 1 1
12 16 14 18 12 10 1 1 1 1
13 17 15 19 13 11 1 1 1 1
14 18 16 18 14 12 1 1 1 1
15 19 17 19 15 11 1 1 1 1
14 20 18 20 16 10 1 1 1 1
15 21 17 21 17 11 1 1 1 1
16 22 18 20 18 10 1 1 1 1
17 23 17 21 17 11 1 1 1 1
18 22 18 20 18 12 1 1 1 1
19 23 19 21 19 13 1 1 1 1
20 24 20 22 20 12 1 1 1 1
21 25 21 23 21 13 1 1 1 1
22 26 22 24 22 14 1 1 1 1
23 27 23 25 23 15 1 1 1 1
24 28 24 26 24 16 1 1 1 1
25 29 25 27 25 17 1 1 1 1
26 30 26 28 24 18 1 1 1 1
27 31 27 29 25 19 1 1 1 1
28 32 28 30 24 20 1 1 1 1
29 33 29 31 25 21 1 1 1 1
28 32 30 32 26 22 2 2 2 2
29 33 31 33 27 23 1 1 1 1
30 34 32 34 28 24 1 1 1 1
31 35 33 35 29 25 1 1 1 1
32 36 34 36 30 26 1 1 1 1
33 37 35 37 31 27 1 1 1 1
34 38 36 38 30 28 1 1 1 1
35 39 37 39 31 27 1 1 1 1
36 40 38 38 32 28 1 1 1 1
37 41 39 39 33 29 1 1 1 1
38 42 40 40 34 30 1 1 1 1
39 43 41 41 35 31 1 1 1 1
40 44 42 40 36 30 1 1 1 1
41 45 41 41 37 31 1 1 1 1
42 46 42 42 38 32 1 1 1 1
43 47 43 43 37 33 1 1 1 1
44 48 44 42 38 34 1 1 1 1
45 49 43 43 39 35 1 1 1 1
