2 2 2 2 2 2 2 1 1 1
3 3 1 3 3 3 3 1 1 1
2 2 2 4 4 4 4 1 1 1
1 3 1 5 5 3 3 2 2 2
2 2 1 6 6 4 4 1 1 1
2 2 1 6 6 4 4 1 1 1
3 3 1 7 7 5 5 1 1 1
4 4 2 8 8 6 6 1 1 1
5 5 3 9 9 7 7 1 1 1
6 6 4 10 10 6 8 1 1 1
5 7 3 11 11 7 9 1 1 1
4 8 4 10 12 8 10 1 1 1
5 7 5 11 13 9 11 1 1 1
4 6 6 12 14 10 12 1 1 1
5 7 7 13 15 11 13 1 1 1
6 8 8 14 14 12 14 1 1 1
7 9 9 15 15 13 13 1 1 1
8 10 10 16 14 12 14 1 1 1
7 9 11 17 15 13 15 1 1 1
8 8 12 18 16 12 16 1 1 1
7 7 13 19 15 13 17 1 1 1
6 8 14 18 14 14 18 1 1 1
7 9 15 19 15 15 19 1 1 1
8 10 16 20 16 16 18 1 1 1
7 11 15 21 17 17 17 1 1 1
6 10 14 20 18 18 18 2 2 2
7 11 15 21 19 19 19 1 1 1
8 12 16 22 20 20 18 1 1 1
9 13 17 21 21 21 17 1 1 1
10 14 18 22 22 22 16 1 1 1
9 15 17 23 23 21 15 2 2 2
8 16 18 24 24 20 14 1 1 1
9 17 19 25 23 19 15 1 1 1
10 18 20 26 24 20 16 1 1 1
11 19 19 27 25 19 15 1 1 1
12 20 18 28 26 20 14 1 1 1
13 19 19 29 25 21 15 1 1 1
14 20 20 28 26 22 16 1 1 1
15 21 19 29 27 21 17 1 1 1
16 20 20 30 28 20 18 1 1 1
17 21 21 31 29 21 19 1 1 1
18 22 20 32 30 20 18 1 1 1
19 23 21 31 31 21 19 1 1 1
18 22 20 32 32 20 20 2 2 2
17 21 21 33 33 19 21 3 3 3
18 22 20 34 32 18 22 4 4 4
19 23 21 33 31 19 23 3 3 3
20 24 22 34 30 20 24 2 2 2
21 25 21 35 31 21 25 1 1 1
22 24 22 36 30 22 26 1 1 1
23 25 21 37 31 21 25 1 1 1
24 24 20 38 32 20 26 1 1 1
25 25 21 37 33 21 27 1 1 1
26 24 22 36 34 22 28 1 1 1
27 25 23 37 35 23 29 1 1 1
28 26 24 38 36 22 30 1 1 1
29 27 25 39 35 23 29 1 1 1
30 28 26 38 36 22 28 1 1 1
31 29 27 39 37 23 29 1 1 1
32 30 28 40 36 24 28 1 1 1
33 31 29 41 37 25 27 1 1 1
32 30 28 42 38 26 28 2 2 2
33 31 29 43 39 27 29 1 1 1
34 32 28 44 40 28 30 1 1 1
35 33 29 45 41 29 31 1 1 1
36 34 30 46 42 30 32 1 1 1
37 35 29 47 43 29 33 1 1 1
38 36 30 46 44 30 34 1 1 1
37 37 31 47 45 31 35 1 1 1
38 38 32 46 46 32 36 1 1 1
39 39 33 47 47 33 37 1 1 1
40 38 34 48 48 32 38 1 1 1
41 39 35 49 49 33 39 1 1 1
42 40 34 50 50 32 40 1 1 1
43 41 35 51 49 31 39 1 1 1
44 42 36 52 50 32 40 1 1 1
45 43 37 53 49 33 41 1 1 1
46 44 38 54 50 34 42 1 1 1
47 43 39 55 51 35 41 1 1 1
48 42 40 56 52 36 42 1 1 1
49 43 41 57 53 37 43 1 1 1
50 44 42 58 54 38 44 1 1 1
51 43 43 59 55 39 45 1 1 1
52 44 42 60 56 38 46 1 1 1
51 45 43 61 57 39 47 1 1 1
52 44 44 62 58 40 48 1 1 1
53 45 45 63 57 39 49 1 1 1
52 46 46 64 58 38 50 1 1 1
53 47 47 63 59 39 51 1 1 1
54 48 48 64 58 40 52 1 1 1
55 49 49 63 59 41 53 1 1 1
56 50 50 62 58 42 54 1 1 1
57 49 51 63 59 41 55 1 1 1
58 48 50 64 60 42 56 1 1 1
57 49 49 65 59 43 57 1 1 1
58 50 48 66 60 44 58 1 1 1
59 51 49 67 59 43 59 1 1 1
60 52 50 68 60 42 60 1 1 1
61 53 51 69 61 43 61 1 1 1
62 54 52 70 62 44 62 1 1 1
