2 2 2 2 2 1 2 1 1 1
3 3 1 1 3 1 1 2 2 2
4 2 1 2 2 1 2 3 3 3
3 3 1 1 1 2 1 4 4 4
4 4 2 2 1 3 2 3 3 3
5 5 1 3 2 4 3 2 2 2
4 6 2 2 3 5 4 1 1 1
3 7 3 3 2 6 5 1 1 1
2 8 4 4 3 7 6 1 1 1
3 9 5 5 4 6 7 1 1 1
2 8 6 4 3 7 8 2 2 2
1 9 5 3 4 8 7 3 3 3
2 10 6 4 3 9 6 2 2 2
3 9 7 5 4 10 7 1 1 1
4 8 8 6 5 11 6 1 1 1
5 9 9 7 6 12 7 1 1 1
6 10 10 8 7 11 8 1 1 1
7 11 11 9 8 12 9 1 1 1
6 10 12 8 9 13 8 2 2 2
5 11 11 7 10 12 9 3 3 3
6 12 12 6 11 11 10 2 2 2
7 13 11 7 12 12 9 1 1 1
6 14 12 6 11 13 10 1 1 1
7 15 11 7 12 14 9 1 1 1
8 16 12 8 13 15 10 1 1 1
7 15 13 9 14 14 11 2 2 2
8 16 14 10 15 15 12 1 1 1
9 17 13 9 16 16 13 1 1 1
10 18 14 8 15 17 12 1 1 1
11 19 15 9 16 16 13 1 1 1
12 20 16 8 17 15 12 1 1 1
11 21 17 9 16 14 13 2 2 2
10 22 18 10 17 15 14 1 1 1
11 23 19 11 18 16 15 1 1 1
10 22 20 12 19 17 14 1 1 1
11 21 19 13 20 18 15 1 1 1
12 22 20 14 21 19 16 1 1 1
13 23 21 15 20 20 15 1 1 1
12 24 22 16 21 19 16 1 1 1
13 23 23 17 22 20 17 1 1 1
14 22 24 18 23 21 18 1 1 1
15 21 25 17 24 20 19 1 1 1
16 22 24 18 23 21 20 1 1 1
17 21 25 19 22 22 21 1 1 1
18 22 26 20 23 23 22 1 1 1
19 21 27 21 24 24 23 1 1 1
18 20 28 22 25 23 24 1 1 1
19 21 29 21 26 24 25 1 1 1
20 22 30 22 25 25 24 1 1 1
21 23 31 23 24 24 23 1 1 1
22 22 32 24 23 23 24 1 1 1
21 21 31 25 24 24 25 1 1 1
20 22 32 26 25 25 26 1 1 1
21 23 33 27 24 26 25 1 1 1
22 24 32 28 23 27 24 1 1 1
23 25 33 29 24 28 25 1 1 1
24 26 34 28 23 29 26 1 1 1
25 25 35 29 24 30 25 1 1 1
24 24 36 30 23 31 26 1 1 1
23 25 35 31 24 32 27 1 1 1
