1 1 1 1 1 1 1 1 1 1
1 2 2 1 2 2 2 2 2 2
1 1 1 1 3 1 3 3 3 3
2 1 2 2 2 1 4 4 4 4
1 1 3 3 1 2 5 5 5 5
1 1 2 4 2 1 6 6 6 6
2 2 3 3 1 1 7 7 7 7
3 1 4 4 1 2 8 8 8 8
2 2 3 3 1 3 9 9 9 9
3 1 4 4 2 2 10 10 10 10
2 2 3 5 1 1 11 11 11 11
3 3 4 6 2 2 12 12 12 12
4 4 3 7 1 1 13 13 13 13
3 5 2 8 2 2 14 14 14 14
4 6 1 7 3 3 15 15 15 15
3 7 2 6 4 2 16 16 16 16
2 8 1 7 3 1 17 17 17 17
1 9 2 8 4 1 18 18 18 18
2 8 3 9 5 2 19 19 19 19
3 9 4 10 4 3 20 20 20 20
4 10 3 11 3 4 21 21 21 21
5 9 2 10 2 5 22 22 22 22
4 8 1 9 3 4 23 23 23 23
3 9 2 10 2 3 24 24 24 24
2 8 3 11 1 4 25 25 25 25
3 7 2 12 1 3 26 26 26 26
2 6 3 13 1 2 27 27 27 27
3 5 4 14 1 1 28 28 28 28
4 6 3 13 2 2 29 29 29 29
5 5 4 12 1 1 30 30 30 30
4 6 5 11 1 2 31 31 31 31
5 7 6 12 2 1 32 32 32 32
6 6 5 11 1 2 33 33 33 33
5 7 6 10 1 3 34 34 34 34
6 6 7 11 1 2 35 35 35 35
7 7 8 12 1 1 36 36 36 36
6 8 7 11 1 1 37 37 37 37
5 9 6 10 1 2 38 38 38 38
4 8 5 9 2 3 39 39 39 39
3 9 4 10 1 2 40 40 40 40
4 8 3 11 2 1 41 41 41 41
3 9 2 12 1 1 42 42 42 42
2 8 1 13 2 2 43 43 43 43
1 9 2 12 3 3 44 44 44 44
1 8 1 11 4 2 45 45 45 45
2 7 1 10 3 1 46 46 46 46
1 6 2 9 4 2 47 47 47 47
2 7 1 8 3 3 48 48 48 48
1 6 2 9 4 2 49 49 49 49
1 7 3 8 5 3 50 50 50 50
1 8 2 7 6 4 51 51 51 51
1 7 3 6 7 5 52 52 52 52
1 6 4 5 8 4 53 53 53 53
2 5 3 4 7 5 54 54 54 54
3 6 2 5 8 6 55 55 55 55
4 7 1 6 9 5 56 56 56 56
5 8 2 7 10 4 57 57 57 57
4 9 1 8 11 3 58 58 58 58
5 8 2 9 12 4 59 59 59 59
4 7 1 10 11 5 60 60 60 60
