1 1 1 2 2 1 2 2 2 2
1 2 2 1 1 2 3 3 3 3
2 1 3 1 2 3 4 4 4 4
3 1 4 1 1 4 5 5 5 5
2 2 3 2 1 3 6 6 6 6
1 3 4 3 1 2 7 7 7 7
1 2 5 2 1 1 8 8 8 8
1 1 6 3 2 1 9 9 9 9
2 1 7 4 3 2 10 10 10 10
1 2 6 3 2 1 11 11 11 11
1 1 7 2 1 2 12 12 12 12
1 2 8 3 1 3 13 13 13 13
2 3 7 4 1 2 14 14 14 14
1 2 6 3 2 1 15 15 15 15
1 3 5 4 3 1 16 16 16 16
2 2 4 3 2 1 17 17 17 17
1 3 3 4 3 1 18 18 18 18
2 2 4 3 4 1 19 19 19 19
3 3 3 4 3 1 20 20 20 20
2 4 2 5 4 1 21 21 21 21
3 3 1 4 3 1 22 22 22 22
4 4 2 5 2 1 23 23 23 23
5 3 1 6 1 1 24 24 24 24
6 4 1 5 2 2 25 25 25 25
7 5 2 4 1 1 26 26 26 26
8 6 1 5 1 1 27 27 27 27
7 7 2 4 1 1 28 28 28 28
6 8 1 3 1 2 29 29 29 29
7 7 2 4 1 3 30 30 30 30
8 6 1 5 1 2 31 31 31 31
7 7 1 4 1 1 32 32 32 32
8 6 2 5 2 1 33 33 33 33
9 5 3 6 3 1 34 34 34 34
10 4 4 5 2 1 35 35 35 35
11 3 3 6 1 1 36 36 36 36
12 4 2 5 2 1 37 37 37 37
11 3 1 4 1 2 38 38 38 38
12 4 1 3 1 3 39 39 39 39
13 5 1 4 1 4 40 40 40 40
12 4 2 5 2 5 41 41 41 41
11 3 1 4 3 4 42 42 42 42
12 2 1 3 2 3 43 43 43 43
13 3 1 4 1 4 44 44 44 44
12 2 1 5 1 3 45 45 45 45
11 1 1 4 2 2 46 46 46 46
10 2 1 5 1 1 47 47 47 47
9 3 1 4 2 2 48 48 48 48
10 4 1 3 1 1 49 49 49 49
11 5 1 2 1 1 50 50 50 50
10 4 1 1 1 2 51 51 51 51
11 3 1 1 2 1 52 52 52 52
10 2 1 2 1 2 53 53 53 53
9 3 1 1 2 3 54 54 54 54
8 4 1 1 1 4 55 55 55 55
9 5 1 2 1 5 56 56 56 56
10 4 2 1 1 4 57 57 57 57
9 3 3 2 2 3 58 58 58 58
10 4 2 1 3 2 59 59 59 59
9 3 1 1 4 3 60 60 60 60
10 2 2 1 5 2 61 61 61 61
9 3 3 2 6 1 62 62 62 62
8 4 2 3 5 2 63 63 63 63
7 5 1 4 4 1 64 64 64 64
6 6 1 3 5 1 65 65 65 65
7 7 1 4 6 2 66 66 66 66
8 6 1 3 7 3 67 67 67 67
7 7 2 4 8 4 68 68 68 68
6 8 3 5 9 5 69 69 69 69
7 9 2 4 10 4 70 70 70 70
6 10 3 5 11 3 71 71 71 71
5 11 2 6 12 2 72 72 72 72
4 12 1 7 11 1 73 73 73 73
5 13 1 6 12 2 74 74 74 74
4 12 1 5 11 1 75 75 75 75
3 13 1 4 12 2 76 76 76 76
2 12 2 5 11 1 77 77 77 77
1 13 1 4 12 1 78 78 78 78
2 12 2 5 11 1 79 79 79 79
3 13 3 4 10 1 80 80 80 80
2 12 4 3 11 2 81 81 81 81
1 11 3 4 10 3 82 82 82 82
2 12 2 5 9 4 83 83 83 83
1 13 1 6 8 5 84 84 84 84
2 12 1 5 7 4 85 85 85 85
1 13 1 6 6 3 86 86 86 86
1 12 1 7 5 2 87 87 87 87
1 11 2 8 6 3 88 88 88 88
1 12 1 7 5 2 89 89 89 89
2 13 1 6 6 3 90 90 90 90
1 14 1 5 7 2 91 91 91 91
1 15 1 6 8 1 92 92 92 92
1 14 1 7 7 2 93 93 93 93
1 15 1 8 8 3 94 94 94 94
2 14 1 9 9 2 95 95 95 95
1 13 1 10 8 3 96 96 96 96
2 14 2 9 7 2 97 97 97 97
1 13 1 8 6 3 98 98 98 98
2 14 1 9 5 4 99 99 99 99
3 15 2 10 6 5 100 100 100 100
4 14 1 9 5 4 100 100 100 100
