2 2 2 2 2 2 1 1 1 1
1 1 3 3 3 1 2 2 2 2
2 2 4 4 4 2 1 1 1 1
3 3 5 5 5 3 1 1 1 1
4 4 6 6 4 4 1 1 1 1
5 3 7 7 3 5 1 1 1 1
6 4 8 8 4 6 1 1 1 1
6 4 8 8 4 6 1 1 1 1
7 5 9 9 3 7 1 1 1 1
8 6 10 8 4 8 1 1 1 1
9 7 9 9 3 9 1 1 1 1
10 6 10 10 4 8 1 1 1 1
11 5 11 11 5 9 1 1 1 1
12 6 12 10 6 10 1 1 1 1
13 7 13 9 7 11 1 1 1 1
14 8 12 10 8 10 1 1 1 1
15 9 13 11 9 9 1 1 1 1
16 10 14 12 10 8 1 1 1 1
17 11 15 13 11 9 1 1 1 1
18 10 16 12 10 10 2 2 2 2
19 11 15 13 9 9 3 3 3 3
20 10 16 14 10 10 2 2 2 2
21 11 17 13 11 11 1 1 1 1
22 12 16 14 12 12 1 1 1 1
21 13 17 13 13 13 1 1 1 1
22 14 18 12 12 14 1 1 1 1
21 15 19 13 11 15 1 1 1 1
22 16 20 14 12 16 1 1 1 1
23 17 19 15 13 15 1 1 1 1
24 18 20 16 12 16 1 1 1 1
23 19 21 17 11 17 1 1 1 1
24 20 22 18 12 18 1 1 1 1
23 21 23 19 13 17 1 1 1 1
22 22 22 20 14 18 1 1 1 1
23 23 21 21 15 19 1 1 1 1
24 24 22 22 16 18 1 1 1 1
25 25 23 23 15 19 1 1 1 1
24 26 24 24 16 18 1 1 1 1
25 25 25 25 17 19 1 1 1 1
26 24 26 26 18 20 1 1 1 1
27 23 25 27 19 19 2 2 2 2
28 24 26 28 20 20 1 1 1 1
29 23 27 29 21 21 1 1 1 1
30 24 28 30 22 20 1 1 1 1
31 25 29 31 21 21 1 1 1 1
32 26 28 32 20 20 2 2 2 2
31 27 29 33 19 19 3 3 3 3
32 28 30 34 20 18 2 2 2 2
33 29 31 35 21 19 1 1 1 1
34 28 32 36 22 20 1 1 1 1
35 29 33 37 23 21 1 1 1 1
36 30 34 38 24 22 1 1 1 1
37 29 35 39 23 23 1 1 1 1
38 30 34 40 24 24 1 1 1 1
39 31 35 39 23 25 1 1 1 1
40 30 36 40 24 26 1 1 1 1
41 31 35 41 25 25 1 1 1 1
42 32 36 42 24 26 1 1 1 1
43 33 37 43 25 27 1 1 1 1
44 34 38 44 26 28 1 1 1 1
