2 2 2 2 2 2 1 1 1 1
3 3 3 1 3 3 1 1 1 1
4 4 4 2 4 4 1 1 1 1
5 5 5 3 3 5 1 1 1 1
6 6 6 2 4 6 1 1 1 1
7 7 7 3 5 7 1 1 1 1
8 8 8 4 6 8 1 1 1 1
9 9 9 5 5 9 1 1 1 1
10 10 10 6 4 10 1 1 1 1
11 11 11 5 5 11 1 1 1 1
10 12 12 6 6 12 1 1 1 1
9 13 13 7 7 13 1 1 1 1
10 14 14 8 8 14 1 1 1 1
11 13 15 7 9 15 1 1 1 1
10 14 16 6 10 14 2 2 2 2
11 15 15 7 11 15 1 1 1 1
12 16 16 8 12 16 1 1 1 1
13 17 17 9 13 17 1 1 1 1
14 18 18 10 12 18 1 1 1 1
15 19 19 11 11 19 1 1 1 1
16 18 20 12 12 20 1 1 1 1
17 19 21 13 13 21 1 1 1 1
18 20 22 14 14 22 1 1 1 1
19 21 23 15 15 23 1 1 1 1
20 22 24 16 16 22 1 1 1 1
21 23 25 17 17 23 1 1 1 1
22 22 26 18 18 24 1 1 1 1
23 23 27 17 19 25 1 1 1 1
24 24 28 18 20 26 1 1 1 1
25 25 29 19 21 27 1 1 1 1
26 26 30 20 22 28 1 1 1 1
27 27 31 21 23 29 1 1 1 1
28 28 32 22 24 30 1 1 1 1
29 29 31 23 25 31 1 1 1 1
30 30 32 24 26 32 1 1 1 1
31 31 33 25 27 33 1 1 1 1
32 32 32 26 28 34 1 1 1 1
33 33 33 27 29 35 1 1 1 1
32 34 34 28 30 36 1 1 1 1
33 33 35 29 31 37 1 1 1 1
34 34 34 30 30 38 1 1 1 1
35 35 35 31 31 39 1 1 1 1
36 36 36 32 32 40 1 1 1 1
37 37 35 33 33 41 1 1 1 1
38 38 36 34 34 42 1 1 1 1
39 39 37 35 35 43 1 1 1 1
40 40 36 36 36 42 1 1 1 1
41 41 37 35 37 43 1 1 1 1
42 42 38 36 38 44 1 1 1 1
43 43 39 37 39 45 1 1 1 1
44 44 40 36 40 46 1 1 1 1
45 45 41 37 41 45 1 1 1 1
46 46 42 38 42 46 1 1 1 1
47 47 43 39 43 47 1 1 1 1
48 48 44 40 44 48 1 1 1 1
49 49 45 41 45 47 1 1 1 1
50 50 46 42 46 46 1 1 1 1
51 51 45 41 47 47 1 1 1 1
52 52 46 42 48 48 1 1 1 1
53 53 47 43 49 49 1 1 1 1
54 52 48 44 50 50 1 1 1 1
55 53 49 45 51 51 1 1 1 1
56 54 50 46 52 52 1 1 1 1
57 55 51 47 53 53 1 1 1 1
58 56 52 48 54 54 1 1 1 1
59 57 53 49 55 55 1 1 1 1
60 58 54 50 56 56 1 1 1 1
61 59 55 51 57 57 1 1 1 1
62 60 56 52 58 58 1 1 1 1
63 61 57 53 59 59 1 1 1 1
64 62 58 54 60 60 1 1 1 1
65 63 59 53 61 61 1 1 1 1
66 64 60 54 62 62 1 1 1 1
67 65 61 55 63 63 1 1 1 1
68 66 62 56 64 64 1 1 1 1
69 67 63 57 65 65 1 1 1 1
70 68 64 58 66 66 1 1 1 1
71 69 65 59 65 67 1 1 1 1
72 70 66 60 66 68 1 1 1 1
73 71 67 61 67 69 1 1 1 1
74 72 68 62 68 68 1 1 1 1
75 73 69 63 69 69 1 1 1 1
76 74 70 64 70 70 1 1 1 1
77 75 71 63 71 71 1 1 1 1
78 76 72 64 72 72 1 1 1 1
79 77 73 65 73 73 1 1 1 1
80 78 74 66 74 74 1 1 1 1
81 79 75 67 75 75 1 1 1 1
80 80 76 66 76 76 1 1 1 1
81 81 77 67 77 77 1 1 1 1
80 82 78 68 78 78 1 1 1 1
81 83 79 69 79 77 1 1 1 1
82 84 80 68 80 78 1 1 1 1
83 85 79 69 81 79 1 1 1 1
84 86 80 70 82 80 1 1 1 1
85 85 81 71 83 81 1 1 1 1
86 86 80 72 84 82 1 1 1 1
85 87 81 73 85 81 1 1 1 1
86 88 82 74 86 80 1 1 1 1
87 87 83 75 87 81 1 1 1 1
