2 2 2 2 2 2 1 1 1 1
3 3 3 3 3 3 1 1 1 1
4 4 4 4 4 4 1 1 1 1
5 5 3 5 5 5 1 1 1 1
4 6 4 6 6 6 1 1 1 1
5 7 5 7 7 7 1 1 1 1
6 8 6 8 6 8 1 1 1 1
7 9 7 9 7 9 1 1 1 1
8 10 8 10 8 10 1 1 1 1
9 11 9 9 9 11 1 1 1 1
10 12 10 8 10 12 1 1 1 1
11 13 11 9 11 13 1 1 1 1
12 14 10 10 12 14 1 1 1 1
13 15 11 11 13 15 1 1 1 1
14 16 12 10 14 16 1 1 1 1
15 17 13 11 13 17 1 1 1 1
16 18 14 10 14 18 1 1 1 1
17 19 15 11 15 19 1 1 1 1
18 20 16 12 16 20 1 1 1 1
19 21 17 13 17 21 1 1 1 1
20 22 18 14 18 22 1 1 1 1
21 23 19 15 19 23 1 1 1 1
22 24 20 16 20 24 1 1 1 1
23 25 21 17 21 23 1 1 1 1
24 26 22 18 20 24 1 1 1 1
25 27 23 19 21 25 1 1 1 1
26 28 24 20 22 26 1 1 1 1
27 29 25 21 23 27 1 1 1 1
26 30 26 20 24 28 1 1 1 1
27 29 27 21 25 29 1 1 1 1
28 30 28 22 26 30 1 1 1 1
29 31 27 23 27 31 1 1 1 1
30 32 28 24 28 32 1 1 1 1
31 33 27 23 29 33 1 1 1 1
32 34 28 24 30 34 1 1 1 1
31 35 29 23 29 35 2 2 2 2
32 36 30 24 30 36 1 1 1 1
33 37 31 25 31 37 1 1 1 1
34 38 32 26 32 38 1 1 1 1
35 39 33 27 33 39 1 1 1 1
36 40 34 28 34 38 1 1 1 1
37 41 35 29 35 39 1 1 1 1
38 42 36 30 36 40 1 1 1 1
37 43 37 31 37 41 1 1 1 1
38 44 38 32 38 40 1 1 1 1
39 45 39 33 39 39 1 1 1 1
40 46 40 34 40 40 1 1 1 1
41 47 41 33 41 41 1 1 1 1
42 48 42 34 42 42 1 1 1 1
43 49 43 35 43 43 1 1 1 1
44 50 44 36 44 44 1 1 1 1
45 51 45 37 45 45 1 1 1 1
46 52 46 38 44 46 1 1 1 1
47 51 47 39 45 47 1 1 1 1
46 52 48 40 46 48 1 1 1 1
47 51 49 39 47 49 1 1 1 1
48 52 50 40 46 50 1 1 1 1
49 51 51 41 47 51 1 1 1 1
50 52 50 40 48 52 1 1 1 1
51 53 51 41 49 53 1 1 1 1
50 54 52 42 50 54 1 1 1 1
51 55 53 43 51 55 1 1 1 1
52 56 52 44 52 56 1 1 1 1
53 57 53 45 53 57 1 1 1 1
54 58 54 46 54 58 1 1 1 1
55 59 55 47 55 57 1 1 1 1
56 60 56 48 56 58 1 1 1 1
57 61 57 49 57 59 1 1 1 1
58 62 58 50 58 58 1 1 1 1
59 63 59 51 59 59 1 1 1 1
60 64 60 52 60 60 1 1 1 1
61 65 61 53 61 59 1 1 1 1
62 66 62 54 62 60 1 1 1 1
63 67 63 55 63 61 1 1 1 1
64 68 64 56 64 62 1 1 1 1
65 69 65 57 65 63 1 1 1 1
66 68 66 58 66 64 1 1 1 1
67 69 67 59 67 65 1 1 1 1
68 70 68 60 68 66 1 1 1 1
69 71 69 61 69 67 1 1 1 1
70 72 70 62 70 68 1 1 1 1
71 73 71 63 71 69 1 1 1 1
72 74 72 64 72 68 1 1 1 1
73 75 73 65 73 69 1 1 1 1
74 74 74 64 72 70 2 2 2 2
75 75 75 63 73 71 1 1 1 1
76 76 76 64 74 72 1 1 1 1
77 77 77 65 75 73 1 1 1 1
78 78 78 64 76 74 1 1 1 1
79 79 79 65 77 75 1 1 1 1
80 80 78 66 78 76 1 1 1 1
81 81 79 67 79 77 1 1 1 1
82 82 80 68 80 78 1 1 1 1
83 83 79 69 81 79 1 1 1 1
84 84 80 70 82 80 1 1 1 1
85 85 81 71 83 81 1 1 1 1
86 86 80 72 84 82 1 1 1 1
87 87 81 73 83 83 1 1 1 1
88 88 80 74 84 84 1 1 1 1
89 89 81 75 85 85 1 1 1 1
