2 2 2 2 2 2 2 1 1 1
1 3 3 1 3 3 3 1 1 1
2 4 4 2 2 4 4 1 1 1
3 5 5 3 3 3 5 1 1 1
4 6 6 4 4 2 4 1 1 1
5 7 7 3 5 3 5 1 1 1
6 8 8 4 6 2 6 1 1 1
7 9 9 5 7 1 7 1 1 1
8 10 10 6 8 1 8 1 1 1
7 11 11 7 9 2 7 1 1 1
8 10 12 8 10 1 8 1 1 1
9 11 13 9 11 2 7 1 1 1
10 12 14 10 12 1 8 1 1 1
9 13 15 11 13 2 9 1 1 1
10 14 16 12 14 3 10 1 1 1
11 15 17 13 15 4 11 1 1 1
12 16 16 14 14 5 12 1 1 1
11 17 17 15 15 6 13 1 1 1
10 18 18 16 16 5 14 1 1 1
11 19 19 17 17 6 13 1 1 1
12 18 20 18 18 7 12 1 1 1
13 19 21 17 19 8 11 1 1 1
14 20 22 18 18 7 12 1 1 1
15 19 23 19 19 8 13 1 1 1
14 20 24 20 20 9 14 1 1 1
15 21 25 21 21 10 13 1 1 1
14 22 26 20 22 11 12 1 1 1
15 23 27 21 23 12 13 1 1 1
16 24 28 20 22 13 14 1 1 1
17 23 29 21 21 14 15 1 1 1
18 22 30 20 22 15 16 1 1 1
17 23 31 21 23 16 17 1 1 1
18 24 32 22 24 17 18 1 1 1
19 23 31 23 25 18 19 1 1 1
20 24 32 24 26 19 20 1 1 1
21 25 31 25 25 20 21 1 1 1
22 26 32 26 26 19 22 1 1 1
21 27 33 27 27 20 23 1 1 1
22 28 32 28 28 21 24 1 1 1
23 29 33 29 29 22 25 1 1 1
24 28 32 30 30 23 26 1 1 1
25 29 33 29 31 24 27 1 1 1
26 30 32 30 32 25 28 1 1 1
25 31 33 31 31 26 29 1 1 1
26 32 34 32 32 27 28 1 1 1
27 33 35 31 33 28 29 1 1 1
28 34 36 30 34 29 30 1 1 1
27 35 37 31 33 30 31 1 1 1
28 36 38 32 34 29 30 2 2 2
27 37 37 33 35 30 31 1 1 1
28 36 38 32 36 31 32 1 1 1
27 37 39 33 37 30 31 1 1 1
28 38 40 34 38 31 32 1 1 1
29 39 41 35 39 32 33 1 1 1
30 38 42 36 40 33 34 1 1 1
31 39 43 37 41 34 35 1 1 1
32 40 44 36 42 35 36 1 1 1
33 41 45 37 43 36 37 1 1 1
34 42 46 36 44 37 38 1 1 1
35 43 45 35 45 36 39 1 1 1
