2 1 2 1 1 1 2 2 2 2
3 2 3 2 2 2 1 1 1 1
4 3 4 3 3 1 1 1 1 1
5 4 5 4 4 2 1 1 1 1
6 3 4 3 5 1 2 2 2 2
7 4 5 4 6 1 1 1 1 1
8 3 4 3 7 1 2 2 2 2
9 4 5 4 8 1 1 1 1 1
10 5 4 5 9 2 1 1 1 1
11 6 3 6 10 3 1 1 1 1
12 5 4 7 9 2 2 2 2 2
13 6 5 8 10 3 1 1 1 1
14 5 4 9 11 4 1 1 1 1
13 4 5 10 12 5 1 1 1 1
14 5 6 11 13 6 1 1 1 1
13 6 7 12 12 5 2 2 2 2
12 5 8 13 13 6 1 1 1 1
13 6 9 14 14 5 1 1 1 1
14 7 10 15 15 6 1 1 1 1
13 8 11 16 16 7 1 1 1 1
14 9 12 17 17 8 1 1 1 1
15 8 11 18 18 9 1 1 1 1
16 9 10 19 19 8 1 1 1 1
15 10 11 20 20 9 1 1 1 1
16 11 10 21 21 10 1 1 1 1
15 12 11 22 22 11 1 1 1 1
16 11 12 21 23 12 1 1 1 1
17 12 13 22 24 11 2 2 2 2
18 13 14 23 25 10 1 1 1 1
17 14 13 22 26 11 2 2 2 2
18 15 14 23 25 12 1 1 1 1
19 16 15 24 26 11 1 1 1 1
20 15 16 25 27 12 1 1 1 1
21 16 15 26 28 13 1 1 1 1
22 17 16 25 29 14 1 1 1 1
23 18 17 26 30 15 1 1 1 1
24 19 16 25 31 16 1 1 1 1
23 20 17 26 30 15 2 2 2 2
22 21 18 25 31 16 1 1 1 1
21 22 19 24 32 17 1 1 1 1
22 23 20 25 33 18 1 1 1 1
23 24 21 24 32 19 1 1 1 1
24 25 22 25 33 20 1 1 1 1
25 26 23 26 34 19 1 1 1 1
24 27 22 27 35 20 1 1 1 1
23 28 23 28 36 19 2 2 2 2
24 29 22 27 37 20 1 1 1 1
23 30 23 28 38 21 2 2 2 2
22 29 22 29 39 22 3 3 3 3
23 28 23 28 40 23 4 4 4 4
24 27 24 29 39 24 3 3 3 3
25 28 25 28 38 25 2 2 2 2
26 29 24 29 37 26 1 1 1 1
25 30 23 30 38 27 1 1 1 1
26 31 24 31 39 28 1 1 1 1
27 32 25 30 40 29 1 1 1 1
28 33 26 31 41 30 1 1 1 1
29 32 27 32 42 31 1 1 1 1
30 33 28 33 41 32 1 1 1 1
29 34 29 34 42 33 1 1 1 1
