2 2 2 2 2 2 1 1 1 1
3 3 3 3 3 3 2 1 1 1
4 4 4 4 2 2 3 1 1 1
5 5 5 5 3 1 4 1 1 1
6 6 6 6 4 2 5 1 1 1
5 7 7 7 3 1 4 2 2 2
6 8 8 8 4 2 3 1 1 1
7 9 9 9 5 3 4 1 1 1
8 10 10 10 6 4 5 1 1 1
9 11 11 11 7 5 6 1 1 1
10 12 12 10 8 6 7 1 1 1
11 13 13 11 9 7 8 1 1 1
12 14 14 12 8 8 9 1 1 1
13 15 15 13 9 9 10 1 1 1
14 16 16 14 10 10 11 1 1 1
15 15 17 15 11 11 12 1 1 1
16 16 18 16 12 12 11 1 1 1
17 15 19 17 11 13 12 1 1 1
18 16 20 16 12 14 13 1 1 1
19 17 21 17 13 15 12 1 1 1
20 18 22 18 12 16 11 1 1 1
21 19 21 19 13 15 12 1 1 1
22 20 22 20 14 16 13 1 1 1
23 21 21 21 15 17 14 1 1 1
24 22 22 22 14 18 15 1 1 1
25 21 23 23 15 17 16 1 1 1
26 22 24 24 16 18 17 1 1 1
25 23 23 25 17 17 18 1 1 1
26 24 24 26 18 18 17 1 1 1
25 25 25 25 19 19 18 1 1 1
26 26 26 26 20 20 19 1 1 1
27 27 27 27 21 21 20 1 1 1
28 28 28 28 22 22 21 1 1 1
29 29 29 29 23 21 22 1 1 1
28 30 30 30 24 22 23 1 1 1
29 31 29 31 25 23 24 1 1 1
30 32 28 32 26 24 25 1 1 1
31 33 27 33 27 25 26 1 1 1
32 34 26 34 28 26 27 1 1 1
33 35 27 35 29 27 28 1 1 1
34 36 28 36 30 28 29 1 1 1
35 37 29 37 31 29 30 1 1 1
36 38 30 38 32 30 29 1 1 1
37 37 31 39 33 31 30 1 1 1
38 36 32 40 34 30 31 1 1 1
39 37 33 41 35 31 30 1 1 1
40 38 34 42 36 32 31 1 1 1
41 39 35 43 37 33 32 1 1 1
42 40 36 44 38 34 33 1 1 1
43 41 35 45 39 35 34 1 1 1
42 42 36 46 40 36 35 1 1 1
41 43 37 45 41 37 36 1 1 1
42 44 38 46 40 38 37 1 1 1
43 43 39 47 41 39 38 1 1 1
44 44 40 48 42 40 39 1 1 1
45 45 41 49 41 41 40 1 1 1
46 46 42 50 42 42 41 1 1 1
47 47 43 51 43 43 42 1 1 1
48 48 44 52 44 42 41 1 1 1
49 49 45 51 43 43 42 1 1 1
