2 2 2 2 2 2 2 1 1 1
3 3 3 3 3 3 3 1 1 1
4 4 4 2 4 4 4 1 1 1
5 5 5 1 5 5 5 1 1 1
6 6 6 2 6 6 6 1 1 1
5 7 7 3 7 5 7 1 1 1
6 8 8 4 8 4 8 1 1 1
7 7 9 5 9 5 9 1 1 1
8 8 10 6 8 6 8 1 1 1
9 9 11 7 9 7 9 1 1 1
10 10 12 6 10 8 10 1 1 1
11 9 13 7 11 9 11 1 1 1
12 10 14 8 12 10 12 1 1 1
11 11 15 9 13 11 11 1 1 1
12 12 16 10 14 12 12 1 1 1
13 13 17 11 15 13 13 1 1 1
14 14 16 12 16 14 14 1 1 1
15 15 17 13 17 15 15 1 1 1
16 14 18 14 18 16 16 1 1 1
17 13 19 15 19 17 17 1 1 1
18 14 20 16 20 18 16 1 1 1
19 15 21 17 21 19 17 1 1 1
20 16 22 16 22 20 18 1 1 1
21 15 23 15 21 21 19 1 1 1
22 16 24 16 22 20 20 1 1 1
23 17 25 15 21 21 21 1 1 1
24 18 24 16 22 22 22 1 1 1
25 19 25 17 21 23 23 1 1 1
26 20 26 18 20 24 24 1 1 1
27 21 27 19 19 25 25 1 1 1
28 22 28 20 20 26 26 1 1 1
29 21 27 21 21 27 25 1 1 1
28 22 28 22 22 28 26 1 1 1
27 23 29 23 23 29 25 1 1 1
28 24 30 24 24 30 26 1 1 1
29 25 31 25 23 31 27 1 1 1
30 26 32 26 24 32 28 1 1 1
31 27 33 27 23 31 29 1 1 1
32 28 34 28 24 30 30 1 1 1
33 27 35 29 25 31 29 1 1 1
34 28 36 28 26 30 30 1 1 1
33 29 37 29 25 31 31 1 1 1
34 30 38 30 26 32 32 1 1 1
35 31 39 31 27 33 33 1 1 1
36 32 38 32 28 34 32 1 1 1
37 31 39 31 29 33 33 1 1 1
38 32 40 32 30 34 34 1 1 1
39 33 41 33 29 35 35 1 1 1
40 34 42 34 30 36 36 1 1 1
41 35 43 35 31 37 37 1 1 1
42 36 42 36 30 38 38 1 1 1
43 37 43 37 31 39 39 1 1 1
44 38 44 36 32 40 40 1 1 1
45 39 45 37 33 41 41 1 1 1
46 40 46 38 34 42 42 1 1 1
47 41 47 39 35 43 43 1 1 1
48 42 48 40 36 42 44 1 1 1
49 43 49 41 37 43 43 1 1 1
50 42 48 42 38 44 44 1 1 1
51 41 49 43 39 45 45 1 1 1
