1 1 1 1 1 1 1 1 1 1
2 2 2 2 2 2 1 1 1 1
3 3 3 3 1 3 1 1 1 1
4 4 4 4 2 4 1 1 1 1
5 5 5 5 3 3 1 1 1 1
4 4 4 6 4 4 2 2 2 2
5 5 5 7 5 3 1 1 1 1
4 6 4 8 4 2 2 2 2 2
3 7 3 9 3 3 3 3 3 3
4 8 2 10 4 4 2 2 2 2
5 9 3 11 5 5 1 1 1 1
6 10 4 12 6 6 1 1 1 1
7 11 5 13 7 5 1 1 1 1
8 12 6 12 8 4 1 1 1 1
9 13 7 13 7 5 1 1 1 1
10 14 8 14 8 6 1 1 1 1
9 15 9 13 9 7 1 1 1 1
10 16 10 14 10 6 1 1 1 1
9 17 11 15 9 7 1 1 1 1
10 18 10 14 10 8 1 1 1 1
11 19 11 15 11 9 1 1 1 1
12 20 10 16 12 10 1 1 1 1
13 21 11 17 13 11 1 1 1 1
14 22 12 16 14 12 1 1 1 1
15 23 13 17 15 13 1 1 1 1
14 24 14 18 16 14 1 1 1 1
13 25 15 17 17 13 2 2 2 2
14 26 14 18 18 12 1 1 1 1
15 27 15 19 19 13 1 1 1 1
16 26 16 18 20 14 1 1 1 1
15 25 17 19 19 15 2 2 2 2
16 26 18 18 20 14 1 1 1 1
17 27 19 19 19 15 1 1 1 1
18 28 18 20 20 16 1 1 1 1
19 29 19 19 21 17 1 1 1 1
20 30 20 20 20 18 1 1 1 1
21 31 21 19 21 17 1 1 1 1
22 32 22 20 22 18 1 1 1 1
21 33 21 21 23 17 2 2 2 2
20 34 20 22 24 18 1 1 1 1
21 33 21 21 25 19 1 1 1 1
22 34 22 22 26 20 1 1 1 1
21 35 23 23 25 21 1 1 1 1
22 36 24 24 26 22 1 1 1 1
23 37 25 25 27 23 1 1 1 1
22 36 26 26 26 24 2 2 2 2
21 37 25 27 27 25 1 1 1 1
22 36 24 28 28 26 1 1 1 1
23 37 25 29 27 27 1 1 1 1
24 36 26 28 28 28 1 1 1 1
23 35 27 29 29 27 2 2 2 2
24 36 28 30 30 28 1 1 1 1
25 37 29 31 31 29 1 1 1 1
24 38 28 32 32 30 1 1 1 1
23 37 29 33 33 31 2 2 2 2
22 38 28 34 34 32 1 1 1 1
23 39 27 35 35 31 1 1 1 1
22 40 28 34 36 32 1 1 1 1
23 41 27 33 37 33 1 1 1 1
24 42 28 34 38 34 1 1 1 1
25 43 27 35 39 35 1 1 1 1
26 44 26 36 38 36 1 1 1 1
27 45 25 37 39 37 1 1 1 1
28 46 24 38 40 38 1 1 1 1
29 47 23 39 41 39 1 1 1 1
30 48 22 40 40 40 1 1 1 1
31 49 23 41 39 41 1 1 1 1
32 48 24 42 38 42 1 1 1 1
31 49 25 43 39 43 1 1 1 1
30 50 26 44 40 44 1 1 1 1
31 51 27 45 41 45 1 1 1 1
30 52 28 46 42 46 1 1 1 1
31 53 29 47 41 47 1 1 1 1
32 54 30 46 40 48 1 1 1 1
33 55 31 47 41 49 1 1 1 1
34 54 32 46 40 50 2 2 2 2
33 53 31 47 41 51 3 3 3 3
34 54 32 48 40 52 2 2 2 2
33 55 33 49 41 53 1 1 1 1
34 56 34 50 42 54 1 1 1 1
35 57 35 51 43 55 1 1 1 1
36 58 36 52 44 54 1 1 1 1
37 59 37 53 45 53 1 1 1 1
36 60 38 54 44 54 1 1 1 1
37 61 39 55 45 55 1 1 1 1
36 62 40 56 46 54 1 1 1 1
37 63 39 55 45 55 2 2 2 2
38 62 38 56 44 56 3 3 3 3
37 63 39 57 45 57 2 2 2 2
38 64 40 58 46 58 1 1 1 1
39 65 39 59 47 59 1 1 1 1
40 66 40 58 48 60 1 1 1 1
41 67 41 57 49 61 1 1 1 1
42 66 42 58 50 62 1 1 1 1
43 67 43 59 49 63 1 1 1 1
42 68 44 60 48 64 1 1 1 1
43 67 45 61 49 65 1 1 1 1
44 68 46 62 48 66 1 1 1 1
45 67 47 63 49 67 1 1 1 1
46 68 48 64 48 68 1 1 1 1
