2 2 2 2 2 1 2 1 1 1
3 1 3 3 3 2 3 1 1 1
4 2 4 2 4 3 4 1 1 1
5 3 3 1 5 4 5 1 1 1
4 4 4 2 6 5 4 1 1 1
3 3 3 1 7 6 5 2 2 2
2 2 2 1 8 7 4 3 3 3
3 1 1 1 9 6 3 4 4 4
4 2 2 2 10 7 4 3 3 3
5 3 3 3 11 8 5 2 2 2
6 4 4 2 12 7 6 1 1 1
7 5 5 3 13 8 7 1 1 1
8 6 4 4 14 9 8 1 1 1
9 7 5 5 15 8 9 1 1 1
8 8 6 6 16 9 10 1 1 1
9 9 7 7 17 10 11 1 1 1
8 10 8 8 18 11 12 1 1 1
9 11 9 9 19 12 13 1 1 1
8 12 8 10 20 11 14 1 1 1
9 11 9 11 19 10 15 2 2 2
10 12 10 12 20 11 16 1 1 1
11 13 11 11 21 12 17 1 1 1
12 14 12 12 22 13 18 1 1 1
13 15 11 13 23 14 19 1 1 1
14 16 12 12 24 13 20 1 1 1
15 15 13 11 25 12 21 1 1 1
16 16 14 12 26 13 22 1 1 1
17 17 15 13 27 14 23 1 1 1
16 18 16 12 28 15 24 2 2 2
17 19 17 13 29 16 23 1 1 1
16 20 18 14 30 17 22 1 1 1
17 19 19 15 31 16 23 1 1 1
18 20 20 16 32 15 22 1 1 1
19 19 21 17 33 16 23 1 1 1
20 20 20 16 34 17 24 1 1 1
21 21 19 17 35 18 25 1 1 1
22 20 20 16 36 19 26 1 1 1
23 21 21 15 37 20 27 1 1 1
24 22 20 14 36 21 28 1 1 1
25 23 21 15 37 22 29 1 1 1
26 22 22 16 38 21 30 1 1 1
27 21 23 15 39 22 31 1 1 1
28 20 24 14 38 23 32 1 1 1
29 21 25 15 37 24 33 1 1 1
30 22 26 16 36 25 34 1 1 1
29 23 27 17 37 26 33 1 1 1
30 24 28 18 38 27 34 1 1 1
31 23 29 19 39 26 35 1 1 1
30 22 30 20 40 27 36 1 1 1
31 23 31 21 41 28 37 1 1 1
30 24 30 22 40 29 38 1 1 1
31 23 31 23 41 30 39 1 1 1
32 24 32 24 40 31 38 1 1 1
33 25 33 23 41 32 39 1 1 1
34 24 34 22 42 33 40 1 1 1
33 25 35 23 43 32 41 1 1 1
34 24 36 24 44 31 42 1 1 1
35 25 37 25 45 30 43 1 1 1
36 26 38 26 44 31 42 1 1 1
35 25 39 27 45 30 43 1 1 1
36 26 40 28 46 31 44 1 1 1
37 25 41 29 47 32 45 1 1 1
38 26 42 30 48 31 44 1 1 1
39 27 41 31 49 32 45 1 1 1
38 28 42 32 50 33 44 1 1 1
39 29 43 33 51 34 45 1 1 1
40 30 44 34 52 33 46 1 1 1
39 31 45 33 53 32 47 1 1 1
40 32 46 34 54 33 48 1 1 1
39 33 47 33 55 34 49 1 1 1
40 32 46 34 54 35 50 2 2 2
41 33 47 35 55 36 51 1 1 1
42 32 46 34 56 37 52 1 1 1
43 33 47 35 57 38 53 1 1 1
44 34 46 36 58 39 54 1 1 1
43 35 47 37 59 38 53 1 1 1
44 36 48 38 60 39 54 1 1 1
45 37 47 39 61 40 55 1 1 1
46 38 48 40 62 41 56 1 1 1
47 39 49 39 63 42 55 1 1 1
48 40 50 40 64 43 56 1 1 1
49 41 51 41 65 44 57 1 1 1
50 42 52 42 66 45 58 1 1 1
51 43 53 41 67 44 59 1 1 1
52 44 54 42 68 43 60 1 1 1
53 45 55 43 69 44 61 1 1 1
54 46 56 42 70 43 62 1 1 1
53 47 55 41 71 44 63 1 1 1
52 48 56 42 72 45 64 1 1 1
53 47 57 41 73 46 65 1 1 1
52 48 56 42 74 45 66 1 1 1
53 49 55 43 75 46 65 1 1 1
54 48 56 44 76 47 66 1 1 1
53 47 57 45 77 48 67 1 1 1
52 48 58 46 78 49 68 1 1 1
53 47 59 47 79 50 67 1 1 1
54 48 60 48 80 51 68 1 1 1
53 49 59 49 81 52 69 1 1 1
54 48 60 50 82 53 70 1 1 1
55 49 61 49 83 54 69 1 1 1
