2 2 2 2 2 2 2 1 1 1
1 3 3 3 1 3 3 1 1 1
2 4 4 2 2 4 4 1 1 1
3 5 5 3 3 3 5 1 1 1
4 6 6 4 4 4 6 1 1 1
5 7 7 5 5 5 7 1 1 1
4 8 8 4 6 6 8 1 1 1
3 9 9 5 5 7 9 1 1 1
2 10 10 6 6 8 10 1 1 1
3 11 11 7 7 7 11 1 1 1
4 12 10 8 8 8 10 1 1 1
5 13 11 9 9 7 11 1 1 1
6 14 12 10 8 8 12 1 1 1
7 13 13 11 9 9 13 1 1 1
8 12 14 12 10 10 14 1 1 1
9 13 15 13 11 11 15 1 1 1
10 14 16 14 12 12 16 1 1 1
11 15 17 15 13 13 17 1 1 1
12 16 16 16 12 12 18 1 1 1
13 17 17 17 11 13 17 1 1 1
14 18 18 18 12 12 18 1 1 1
15 19 19 19 13 13 17 1 1 1
14 20 20 20 12 14 18 1 1 1
15 21 19 21 13 15 17 1 1 1
16 22 20 22 14 16 18 1 1 1
17 23 19 23 13 17 19 1 1 1
18 24 20 24 14 18 20 1 1 1
19 25 21 25 15 19 21 1 1 1
20 26 22 26 16 20 20 1 1 1
21 27 23 27 17 19 21 1 1 1
22 28 24 26 18 18 20 1 1 1
21 29 25 27 17 17 21 2 2 2
20 30 26 28 18 18 22 1 1 1
21 31 27 29 19 19 23 1 1 1
22 30 28 30 20 20 24 1 1 1
23 31 27 31 21 21 25 1 1 1
24 32 28 32 22 22 26 1 1 1
25 33 29 33 21 23 25 1 1 1
26 34 30 34 22 22 26 1 1 1
27 33 31 35 23 23 27 1 1 1
28 32 32 36 24 24 28 1 1 1
29 33 33 37 25 23 29 1 1 1
30 34 34 38 26 24 30 1 1 1
31 33 35 39 25 25 31 1 1 1
32 34 36 40 26 26 32 1 1 1
33 33 37 41 27 27 33 1 1 1
34 34 38 42 28 26 34 1 1 1
35 35 39 43 29 27 35 1 1 1
36 36 40 44 28 28 36 1 1 1
37 37 41 45 27 29 35 1 1 1
38 36 42 46 26 28 36 1 1 1
39 35 43 47 27 29 37 1 1 1
40 36 44 48 28 30 38 1 1 1
41 37 45 49 29 31 37 1 1 1
42 38 46 50 28 32 36 1 1 1
43 39 47 51 29 33 37 1 1 1
44 40 48 52 28 34 38 1 1 1
45 41 49 53 29 35 39 1 1 1
44 40 50 54 30 36 40 1 1 1
45 41 51 55 31 37 41 1 1 1
