1 2 1 2 1 2 2 2 2 2
2 1 1 1 2 3 1 3 3 3
1 1 1 1 3 4 1 4 4 4
2 2 2 2 4 5 2 3 3 3
1 3 3 1 3 6 1 4 4 4
2 2 2 2 2 7 2 5 5 5
1 3 3 3 3 8 3 4 4 4
1 4 2 4 2 9 4 5 5 5
1 5 1 3 1 10 3 6 6 6
1 4 1 4 1 11 4 7 7 7
2 5 1 3 1 12 5 8 8 8
3 4 2 4 1 13 6 9 9 9
4 3 3 5 1 12 7 10 10 10
5 4 2 6 2 13 8 9 9 9
6 5 3 7 3 14 9 8 8 8
7 6 2 6 2 15 8 9 9 9
6 7 1 5 1 16 7 10 10 10
7 8 2 4 1 15 8 11 11 11
8 9 3 5 1 14 9 12 12 12
7 8 4 6 1 15 10 13 13 13
6 9 3 5 2 16 9 14 14 14
5 10 2 4 3 17 10 15 15 15
6 9 1 5 2 16 11 16 16 16
7 8 1 4 1 17 12 17 17 17
8 7 2 3 2 16 11 18 18 18
7 6 3 2 1 15 12 19 19 19
6 5 4 3 2 14 13 20 20 20
7 4 3 4 1 13 12 21 21 21
8 3 2 5 2 12 13 22 22 22
9 4 1 4 3 11 12 23 23 23
10 3 1 5 4 10 11 24 24 24
11 4 1 4 3 11 12 25 25 25
10 5 1 5 2 12 11 26 26 26
9 4 1 6 1 13 12 27 27 27
10 3 1 7 1 12 13 28 28 28
11 4 2 6 1 11 14 29 29 29
10 3 1 5 1 10 15 30 30 30
9 4 1 6 1 9 14 31 31 31
8 3 1 5 1 10 15 32 32 32
9 2 2 4 2 9 16 33 33 33
8 3 1 5 3 10 17 34 34 34
9 2 2 6 4 9 18 35 35 35
10 1 1 5 3 10 17 36 36 36
11 2 2 4 2 11 18 37 37 37
12 3 1 5 3 10 19 38 38 38
13 2 2 4 4 9 18 39 39 39
14 3 3 3 3 8 19 40 40 40
13 4 4 4 4 7 20 41 41 41
12 5 3 5 3 8 21 42 42 42
11 6 2 4 4 7 20 43 43 43
10 5 1 3 5 6 19 44 44 44
9 4 1 4 4 5 18 45 45 45
10 3 1 3 5 4 19 46 46 46
11 2 1 4 4 5 18 47 47 47
12 3 2 5 5 4 19 48 48 48
13 2 3 4 6 5 20 49 49 49
12 1 2 3 7 6 21 50 50 50
13 1 3 2 6 7 20 51 51 51
14 2 4 1 7 8 19 52 52 52
13 1 5 2 6 9 18 53 53 53
14 1 6 1 7 8 17 54 54 54
15 1 7 2 6 7 18 55 55 55
14 1 8 1 7 6 19 56 56 56
15 1 7 1 6 5 18 57 57 57
16 1 6 1 5 4 17 58 58 58
15 1 5 2 6 3 16 59 59 59
16 2 6 1 7 4 17 60 60 60
15 1 5 2 6 5 16 61 61 61
16 1 6 3 7 4 15 62 62 62
17 1 5 2 6 5 14 63 63 63
18 2 6 1 5 4 13 64 64 64
19 3 5 1 4 3 12 65 65 65
18 2 4 2 5 4 13 66 66 66
17 1 3 3 4 5 12 67 67 67
18 2 2 4 3 4 13 68 68 68
17 3 1 5 4 5 12 69 69 69
18 4 1 4 5 6 11 70 70 70
19 3 2 5 4 5 12 71 71 71
20 4 3 6 5 4 11 72 72 72
21 5 2 5 6 3 10 73 73 73
20 6 3 4 5 4 9 74 74 74
21 7 2 3 6 3 8 75 75 75
20 6 1 2 7 2 9 76 76 76
19 5 1 1 8 1 8 77 77 77
18 4 2 2 9 2 7 78 78 78
17 3 1 1 8 3 6 79 79 79
16 2 1 2 7 4 7 80 80 80
17 3 2 3 6 3 8 81 81 81
18 4 1 2 7 2 7 82 82 82
17 5 2 3 8 3 6 83 83 83
18 4 3 2 9 4 7 84 84 84
19 5 4 3 8 5 8 85 85 85
18 6 5 2 9 4 9 86 86 86
19 5 6 3 8 5 10 87 87 87
18 6 7 2 7 6 11 88 88 88
19 5 8 1 6 5 10 89 89 89
18 4 7 2 5 6 9 90 90 90
17 3 6 3 4 7 8 91 91 91
16 2 5 2 3 6 9 92 92 92
15 3 4 1 4 7 10 93 93 93
