2 2 2 2 2 2 1 1 1 1
1 1 3 3 3 1 2 2 2 2
2 2 4 4 4 2 1 1 1 1
3 1 5 5 5 3 1 1 1 1
2 1 4 6 6 2 2 2 2 2
1 2 3 5 7 3 3 3 3 3
2 3 4 6 8 4 2 2 2 2
3 2 5 7 7 3 3 3 3 3
4 3 6 8 6 4 2 2 2 2
5 4 7 7 7 5 1 1 1 1
4 3 8 8 8 4 2 2 2 2
5 4 7 7 7 5 3 3 3 3
6 5 6 8 6 6 4 4 4 4
7 6 7 7 7 7 3 3 3 3
8 7 8 6 8 8 2 2 2 2
7 8 9 5 9 9 3 3 3 3
6 7 8 6 8 10 4 4 4 4
5 6 9 5 7 11 5 5 5 5
6 7 10 6 8 12 4 4 4 4
7 8 11 5 7 13 5 5 5 5
8 9 10 6 6 12 6 6 6 6
9 8 11 7 7 13 5 5 5 5
8 7 10 8 6 14 6 6 6 6
9 8 9 9 7 15 5 5 5 5
10 7 10 10 6 14 6 6 6 6
9 6 9 11 7 15 7 7 7 7
10 5 10 10 8 14 8 8 8 8
11 6 11 11 9 15 7 7 7 7
10 5 12 10 8 16 8 8 8 8
11 6 11 9 9 15 9 9 9 9
12 5 10 8 10 14 10 10 10 10
13 6 11 9 11 15 9 9 9 9
14 5 10 8 10 16 10 10 10 10
15 4 11 7 9 15 11 11 11 11
14 3 12 6 8 16 12 12 12 12
13 2 11 5 7 17 13 13 13 13
12 1 10 4 8 16 14 14 14 14
13 1 9 3 7 17 15 15 15 15
12 2 8 2 6 16 16 16 16 16
13 3 7 1 5 15 17 17 17 17
14 2 6 2 6 14 18 18 18 18
13 1 5 1 5 13 19 19 19 19
12 2 4 1 4 12 20 20 20 20
11 1 3 1 3 13 21 21 21 21
10 1 2 1 4 12 22 22 22 22
11 2 1 2 3 11 23 23 23 23
10 3 2 3 2 10 24 24 24 24
9 2 3 2 1 11 25 25 25 25
8 1 2 1 1 10 26 26 26 26
7 2 1 1 1 9 27 27 27 27
6 1 1 1 1 8 28 28 28 28
5 1 1 1 2 7 29 29 29 29
4 2 1 1 3 6 30 30 30 30
3 1 2 1 2 5 31 31 31 31
2 1 1 2 3 4 32 32 32 32
1 2 1 1 2 3 33 33 33 33
1 1 2 1 1 4 34 34 34 34
1 1 1 1 2 3 35 35 35 35
1 1 1 1 1 2 36 36 36 36
1 1 1 1 1 1 37 37 37 37
