1 1 1 1 1 1 1 1 1 1
1 1 1 2 1 2 2 2 2 2
2 1 2 3 2 3 3 1 1 1
3 2 3 4 3 4 2 1 1 1
2 1 4 5 4 5 3 1 1 1
3 2 5 6 5 4 4 1 1 1
2 3 6 7 6 5 3 1 1 1
1 4 7 8 7 6 4 1 1 1
2 5 8 9 8 7 5 1 1 1
3 6 9 8 9 8 6 1 1 1
4 7 10 9 10 9 7 1 1 1
3 6 11 10 11 10 8 1 1 1
4 7 12 9 12 11 9 1 1 1
3 6 13 8 13 12 10 1 1 1
2 7 14 9 14 11 11 1 1 1
3 8 13 8 15 12 12 1 1 1
4 9 12 7 16 13 11 2 2 2
5 8 13 8 15 14 12 1 1 1
6 7 14 9 16 15 13 1 1 1
7 8 15 10 17 16 14 1 1 1
8 9 14 11 18 17 15 1 1 1
9 10 15 10 19 18 16 1 1 1
10 11 16 11 18 19 17 1 1 1
11 10 15 12 19 20 18 1 1 1
12 11 16 13 18 19 19 1 1 1
11 10 17 14 19 20 18 1 1 1
10 11 18 15 20 21 19 1 1 1
11 12 19 16 21 22 20 1 1 1
12 11 20 17 22 23 21 1 1 1
13 12 21 18 23 24 20 1 1 1
14 13 22 19 24 25 21 1 1 1
15 12 23 20 25 24 22 1 1 1
16 11 22 21 26 23 23 1 1 1
17 12 23 22 27 22 24 1 1 1
18 11 24 21 28 23 25 1 1 1
19 12 23 22 29 24 26 1 1 1
20 13 22 23 30 25 27 1 1 1
19 14 23 24 31 26 28 1 1 1
20 15 24 25 32 27 29 1 1 1
21 16 25 24 31 28 28 2 2 2
22 17 26 23 30 29 29 1 1 1
23 16 27 24 31 30 30 1 1 1
24 15 28 25 32 31 31 1 1 1
25 16 29 26 33 32 32 1 1 1
26 17 30 27 32 33 31 1 1 1
27 16 31 28 33 34 32 1 1 1
28 17 32 27 34 33 33 2 2 2
29 18 33 28 35 34 34 1 1 1
28 19 34 27 36 35 35 1 1 1
29 18 35 28 37 34 36 1 1 1
30 17 36 29 38 35 35 1 1 1
31 18 35 30 37 36 36 1 1 1
32 17 36 31 36 37 35 1 1 1
33 16 37 32 37 38 36 1 1 1
32 15 38 33 38 39 37 1 1 1
33 16 39 34 39 40 36 1 1 1
34 17 40 35 40 41 37 1 1 1
35 18 39 36 41 42 36 1 1 1
36 19 40 37 42 41 37 1 1 1
37 20 41 36 41 42 36 1 1 1
