2 1 2 2 2 2 2 1 1 1
3 1 3 3 3 3 3 2 2 2
2 1 2 4 4 4 4 3 3 3
3 2 3 5 5 5 3 2 2 2
4 3 4 6 4 6 4 1 1 1
5 4 3 7 3 7 5 1 1 1
6 5 4 6 4 8 4 1 1 1
7 6 5 7 5 9 3 1 1 1
8 7 6 8 6 10 2 1 1 1
7 8 7 9 5 11 1 2 2 2
8 9 8 10 6 12 1 1 1 1
9 10 9 11 5 13 2 1 1 1
10 9 10 12 6 12 1 1 1 1
11 8 11 13 7 11 2 1 1 1
10 9 12 12 8 12 3 1 1 1
11 10 11 13 9 13 2 1 1 1
12 11 10 14 8 14 3 1 1 1
13 12 11 15 7 13 4 1 1 1
14 11 12 16 8 12 5 1 1 1
13 10 13 17 7 13 6 2 2 2
14 11 14 16 8 12 7 1 1 1
15 12 13 17 9 11 8 1 1 1
16 13 12 18 10 12 7 1 1 1
17 14 13 19 9 13 6 1 1 1
18 15 14 20 10 14 7 1 1 1
19 16 15 21 11 15 8 1 1 1
20 17 14 22 12 16 7 1 1 1
21 16 13 23 13 17 8 1 1 1
20 15 12 24 14 18 7 2 2 2
21 16 11 25 15 19 8 1 1 1
22 15 10 26 16 20 9 1 1 1
23 16 9 25 15 21 8 2 2 2
24 17 10 26 14 20 7 3 3 3
25 18 11 27 15 21 8 2 2 2
26 17 10 28 16 22 9 1 1 1
27 18 9 27 17 23 10 1 1 1
28 19 8 28 18 22 9 1 1 1
29 20 9 29 17 23 10 1 1 1
30 19 10 30 18 24 11 1 1 1
31 20 11 31 19 25 12 1 1 1
32 21 12 32 18 24 13 1 1 1
33 22 13 33 19 23 14 1 1 1
32 21 14 34 20 24 13 2 2 2
31 22 15 35 21 25 14 1 1 1
32 23 14 34 20 26 15 1 1 1
33 24 13 35 21 25 16 1 1 1
34 25 12 34 20 26 17 1 1 1
35 26 13 35 19 27 16 1 1 1
36 25 12 36 20 28 17 1 1 1
37 26 11 37 21 29 18 1 1 1
38 27 10 38 22 30 19 1 1 1
37 26 11 39 21 31 20 1 1 1
38 27 10 40 20 30 19 2 2 2
39 28 9 41 19 29 20 1 1 1
40 27 10 42 20 28 21 1 1 1
41 28 9 41 21 29 22 1 1 1
42 29 10 40 22 28 21 2 2 2
43 28 9 41 21 27 22 3 3 3
44 29 10 42 22 26 23 2 2 2
45 30 11 43 23 27 24 1 1 1
