2 2 2 2 2 2 1 1 1 1
3 3 3 3 3 3 1 1 1 1
4 4 4 4 4 4 1 1 1 1
5 5 5 5 5 3 1 1 1 1
6 4 6 6 6 4 1 1 1 1
7 5 7 7 7 5 1 1 1 1
8 6 8 8 8 6 1 1 1 1
9 7 9 9 9 7 1 1 1 1
10 8 10 10 10 8 1 1 1 1
11 9 11 11 11 9 1 1 1 1
12 10 12 12 12 10 1 1 1 1
13 9 13 13 13 11 1 1 1 1
14 10 14 14 14 12 1 1 1 1
15 11 15 15 15 13 1 1 1 1
16 12 16 16 16 14 1 1 1 1
17 13 17 17 17 15 1 1 1 1
18 14 18 18 18 16 1 1 1 1
19 15 19 19 19 17 1 1 1 1
20 16 20 20 20 18 1 1 1 1
21 17 21 21 21 19 1 1 1 1
22 18 22 22 22 20 1 1 1 1
23 19 23 23 23 21 1 1 1 1
24 20 24 24 24 22 1 1 1 1
25 21 25 25 23 23 1 1 1 1
26 22 26 26 24 24 1 1 1 1
27 23 27 27 25 25 1 1 1 1
28 24 26 28 26 26 1 1 1 1
29 25 27 29 27 25 1 1 1 1
30 26 26 30 28 26 1 1 1 1
29 27 27 31 29 27 1 1 1 1
30 28 28 32 30 28 1 1 1 1
31 29 29 33 31 29 1 1 1 1
32 30 30 34 32 30 1 1 1 1
33 31 29 35 33 31 1 1 1 1
34 32 30 36 34 32 1 1 1 1
35 33 31 37 35 33 1 1 1 1
36 34 32 38 36 34 1 1 1 1
37 35 33 39 37 35 1 1 1 1
38 36 34 40 38 36 1 1 1 1
39 37 35 39 39 37 1 1 1 1
40 38 36 40 40 38 1 1 1 1
41 39 37 41 41 39 1 1 1 1
42 40 38 42 42 40 1 1 1 1
43 41 39 43 43 41 1 1 1 1
44 42 40 44 44 42 1 1 1 1
45 41 41 43 45 43 1 1 1 1
46 42 42 44 44 44 1 1 1 1
45 43 43 45 45 45 1 1 1 1
46 44 44 46 46 46 1 1 1 1
47 45 45 47 47 47 1 1 1 1
48 46 46 48 48 48 1 1 1 1
49 47 47 49 49 49 1 1 1 1
50 48 48 50 50 50 1 1 1 1
51 49 49 51 51 51 1 1 1 1
52 50 50 52 52 52 1 1 1 1
53 51 51 53 53 53 1 1 1 1
54 52 52 54 52 54 1 1 1 1
53 53 53 55 53 55 1 1 1 1
54 54 54 56 54 56 1 1 1 1
55 55 55 57 55 57 1 1 1 1
56 56 56 58 56 58 1 1 1 1
57 55 57 59 57 59 1 1 1 1
58 56 58 60 58 60 1 1 1 1
59 57 59 61 59 61 1 1 1 1
60 58 60 62 60 62 1 1 1 1
61 59 61 63 61 63 1 1 1 1
62 60 62 64 62 64 1 1 1 1
63 61 63 65 63 65 1 1 1 1
64 62 64 66 64 66 1 1 1 1
65 63 65 67 65 67 1 1 1 1
66 64 66 68 66 68 1 1 1 1
67 65 67 69 67 69 1 1 1 1
68 66 68 70 68 70 1 1 1 1
69 67 69 71 69 71 1 1 1 1
70 66 70 72 70 72 1 1 1 1
71 67 71 73 71 73 1 1 1 1
72 68 72 74 72 74 1 1 1 1
73 69 73 73 73 75 1 1 1 1
74 70 74 74 74 76 1 1 1 1
75 71 75 75 75 77 1 1 1 1
76 72 76 76 76 78 1 1 1 1
77 73 77 75 77 79 1 1 1 1
78 74 78 76 78 80 1 1 1 1
79 75 79 77 79 81 1 1 1 1
80 74 80 78 80 82 1 1 1 1
81 75 81 79 81 83 1 1 1 1
82 76 82 80 82 84 1 1 1 1
83 77 83 81 83 85 1 1 1 1
82 78 84 82 82 86 1 1 1 1
83 79 85 83 83 87 1 1 1 1
84 80 86 84 84 88 1 1 1 1
85 81 87 85 85 89 1 1 1 1
86 82 88 86 86 90 1 1 1 1
87 83 89 87 87 91 1 1 1 1
88 84 90 86 88 92 1 1 1 1
89 85 91 87 89 93 1 1 1 1
90 86 92 88 90 94 1 1 1 1
89 87 93 87 91 95 1 1 1 1
90 88 94 88 92 96 1 1 1 1
91 89 95 89 93 97 1 1 1 1
