2 2 2 2 2 2 2 1 1 1
3 3 3 3 3 3 3 1 1 1
4 4 4 4 4 4 4 1 1 1
5 5 5 5 5 3 5 1 1 1
6 6 6 6 6 4 6 1 1 1
7 7 7 7 7 5 7 1 1 1
6 8 8 8 8 6 8 1 1 1
7 9 9 9 9 7 9 1 1 1
8 10 10 10 10 8 10 1 1 1
9 11 11 11 11 9 11 1 1 1
10 12 12 12 10 10 12 1 1 1
11 13 13 13 11 11 13 1 1 1
12 14 14 14 12 12 14 1 1 1
13 15 15 15 13 13 15 1 1 1
14 16 16 16 14 14 16 1 1 1
15 15 17 17 15 15 17 1 1 1
16 16 18 18 16 16 18 1 1 1
17 17 17 19 17 17 19 1 1 1
18 18 18 20 18 18 20 1 1 1
19 19 19 21 19 19 21 1 1 1
20 20 20 22 20 20 22 1 1 1
21 21 21 23 21 21 23 1 1 1
22 20 22 24 22 22 24 1 1 1
23 21 23 25 23 23 25 1 1 1
24 22 24 26 24 24 26 1 1 1
25 23 25 27 25 25 27 1 1 1
26 24 26 28 26 26 28 1 1 1
27 25 27 29 27 27 29 1 1 1
28 26 28 30 28 28 30 1 1 1
29 27 29 31 29 29 31 1 1 1
30 28 30 32 30 30 32 1 1 1
31 29 31 33 31 31 33 1 1 1
30 30 32 34 32 32 34 1 1 1
31 31 33 35 33 33 35 1 1 1
32 32 34 36 34 34 36 1 1 1
33 33 35 37 35 35 37 1 1 1
34 34 36 38 36 36 38 1 1 1
35 35 37 39 37 37 39 1 1 1
34 36 36 40 38 38 40 1 1 1
35 37 37 41 39 39 41 1 1 1
36 38 38 42 40 40 42 1 1 1
37 39 39 43 41 41 43 1 1 1
38 40 40 44 42 42 44 1 1 1
39 41 41 45 43 43 45 1 1 1
40 42 40 46 44 44 46 1 1 1
41 43 41 47 45 45 47 1 1 1
42 44 42 48 46 46 48 1 1 1
43 45 43 49 47 47 49 1 1 1
42 46 44 50 48 48 50 1 1 1
43 47 45 51 49 49 49 1 1 1
44 46 46 50 50 50 50 1 1 1
45 45 47 51 51 51 51 1 1 1
46 46 48 52 52 52 52 1 1 1
47 47 49 53 53 53 53 1 1 1
48 48 50 54 54 54 54 1 1 1
49 49 51 55 55 53 55 1 1 1
50 50 52 56 56 54 56 1 1 1
51 51 53 57 57 55 57 1 1 1
52 52 54 58 58 56 58 1 1 1
53 53 55 59 59 57 59 1 1 1
