1 1 1 1 1 1 1 1 1 1
1 1 1 1 1 1 1 1 1 1
1 2 2 2 1 1 2 2 2 2
1 1 1 1 2 1 3 3 3 3
2 2 1 1 1 2 4 4 4 4
3 1 1 2 1 1 5 5 5 5
4 2 2 1 1 1 6 6 6 6
3 1 3 1 1 1 7 7 7 7
4 1 2 1 1 1 8 8 8 8
5 1 1 1 1 1 9 9 9 9
4 1 1 1 1 1 10 10 10 10
3 1 2 1 2 1 11 11 11 11
4 1 1 1 1 2 12 12 12 12
3 1 2 1 1 1 13 13 13 13
4 2 1 1 1 2 14 14 14 14
3 3 2 1 1 1 15 15 15 15
2 2 1 1 1 1 16 16 16 16
3 1 1 1 1 1 17 17 17 17
2 2 1 1 1 2 18 18 18 18
3 1 1 1 2 1 19 19 19 19
2 1 1 2 3 1 20 20 20 20
3 2 2 3 2 1 21 21 21 21
2 1 3 2 1 1 22 22 22 22
3 1 4 3 1 1 23 23 23 23
4 1 3 4 1 1 24 24 24 24
5 2 2 3 2 2 25 25 25 25
4 1 1 2 1 3 26 26 26 26
3 1 1 1 1 4 27 27 27 27
4 1 2 1 1 3 28 28 28 28
5 1 1 2 1 4 29 29 29 29
6 2 1 1 1 3 30 30 30 30
5 1 1 1 1 2 31 31 31 31
4 1 1 2 1 1 32 32 32 32
3 2 1 1 2 1 33 33 33 33
2 3 1 1 1 2 34 34 34 34
3 4 1 2 2 1 35 35 35 35
2 5 2 1 1 1 36 36 36 36
3 6 1 1 1 1 37 37 37 37
4 7 1 1 2 1 38 38 38 38
3 6 1 1 1 2 39 39 39 39
4 5 1 2 2 1 40 40 40 40
3 6 1 1 1 2 41 41 41 41
2 7 1 1 2 1 42 42 42 42
1 6 1 1 3 1 43 43 43 43
1 7 1 1 4 1 44 44 44 44
1 8 1 1 5 1 45 45 45 45
1 7 2 1 4 1 46 46 46 46
1 6 1 1 3 1 47 47 47 47
1 7 2 1 4 2 48 48 48 48
1 6 1 2 3 3 49 49 49 49
1 5 1 1 4 4 50 50 50 50
1 6 2 2 5 5 51 51 51 51
2 5 3 3 6 4 52 52 52 52
3 4 2 4 5 3 53 53 53 53
2 5 3 5 4 2 54 54 54 54
1 4 2 6 3 1 55 55 55 55
1 3 3 5 2 1 56 56 56 56
1 2 4 4 1 2 57 57 57 57
1 1 3 3 2 3 58 58 58 58
2 2 4 2 3 4 59 59 59 59
1 1 5 1 4 3 60 60 60 60
1 2 4 1 3 4 61 61 61 61
2 1 5 2 2 3 62 62 62 62
1 1 4 1 3 2 63 63 63 63
1 1 3 2 2 1 64 64 64 64
2 1 2 1 1 1 65 65 65 65
3 1 3 1 1 1 66 66 66 66
4 1 4 2 1 1 67 67 67 67
3 1 3 1 1 1 68 68 68 68
4 1 2 2 1 2 69 69 69 69
3 1 1 1 1 1 70 70 70 70
4 1 1 1 2 2 71 71 71 71
5 2 2 1 3 1 72 72 72 72
4 1 1 1 2 2 73 73 73 73
3 1 1 1 3 1 74 74 74 74
2 1 1 1 2 1 75 75 75 75
3 1 1 1 1 1 76 76 76 76
2 1 2 2 1 2 77 77 77 77
1 1 1 3 2 3 78 78 78 78
1 1 2 2 1 2 79 79 79 79
1 1 1 1 2 1 80 80 80 80
2 1 1 1 1 1 81 81 81 81
1 1 1 1 1 1 82 82 82 82
2 1 1 1 2 2 83 83 83 83
1 1 1 1 1 1 84 84 84 84
1 1 1 2 1 1 85 85 85 85
2 1 1 1 1 1 86 86 86 86
3 2 2 1 1 1 87 87 87 87
4 1 1 1 1 1 88 88 88 88
3 1 2 2 1 1 89 89 89 89
2 1 1 1 1 1 90 90 90 90
3 2 2 2 1 1 91 91 91 91
4 3 3 1 1 1 92 92 92 92
3 2 2 2 1 1 93 93 93 93
4 1 1 1 1 1 94 94 94 94
3 1 1 1 1 2 95 95 95 95
2 1 2 2 1 1 96 96 96 96
1 2 1 1 2 1 97 97 97 97
2 1 1 2 1 1 98 98 98 98
1 2 2 1 1 1 99 99 99 99
