2 1 1 1 2 2 2 2 2 2
3 1 1 1 3 1 3 3 3 3
4 2 2 1 4 1 4 4 4 4
3 3 1 1 5 1 5 5 5 5
2 4 2 1 6 1 6 6 6 6
3 3 1 1 7 1 7 7 7 7
2 4 2 2 6 2 8 8 8 8
1 3 1 1 5 1 9 9 9 9
2 2 1 2 6 2 10 10 10 10
3 1 1 1 5 3 11 11 11 11
2 2 1 2 6 4 12 12 12 12
1 1 2 3 5 3 13 13 13 13
2 1 1 4 6 4 14 14 14 14
1 2 2 5 5 5 15 15 15 15
1 1 3 6 6 4 16 16 16 16
1 2 4 7 5 5 17 17 17 17
1 1 3 6 4 6 18 18 18 18
1 1 2 5 3 7 19 19 19 19
2 2 3 6 2 6 20 20 20 20
1 1 4 5 3 7 21 21 21 21
2 1 5 6 4 6 22 22 22 22
1 2 6 5 5 7 23 23 23 23
1 3 5 6 4 8 24 24 24 24
1 2 6 7 3 7 25 25 25 25
1 1 5 6 4 6 26 26 26 26
1 1 6 7 3 5 27 27 27 27
1 2 5 6 2 4 28 28 28 28
2 3 4 7 3 5 29 29 29 29
3 2 3 6 2 6 30 30 30 30
2 3 2 7 1 7 31 31 31 31
3 4 1 8 1 6 32 32 32 32
4 3 1 9 2 5 33 33 33 33
3 4 2 8 1 4 34 34 34 34
2 3 3 7 2 3 35 35 35 35
1 4 4 8 3 4 36 36 36 36
1 5 3 9 2 3 37 37 37 37
2 4 4 10 3 2 38 38 38 38
1 3 3 9 4 1 39 39 39 39
2 2 2 10 3 1 40 40 40 40
3 3 1 11 4 1 41 41 41 41
4 4 2 10 5 2 42 42 42 42
3 5 3 11 6 1 43 43 43 43
4 6 2 12 7 2 44 44 44 44
5 5 3 13 8 1 45 45 45 45
4 4 4 14 9 2 46 46 46 46
3 5 5 13 8 3 47 47 47 47
2 6 6 14 9 2 48 48 48 48
3 7 5 15 10 1 49 49 49 49
4 6 6 14 11 1 50 50 50 50
3 7 5 13 10 1 51 51 51 51
2 8 4 12 11 2 52 52 52 52
1 9 5 11 12 3 53 53 53 53
1 10 6 10 11 4 54 54 54 54
1 11 5 9 10 3 55 55 55 55
1 10 4 8 11 4 56 56 56 56
1 11 5 7 10 5 57 57 57 57
2 10 6 6 9 4 58 58 58 58
1 11 7 5 10 5 59 59 59 59
2 12 8 6 11 6 60 60 60 60
3 13 7 7 12 5 61 61 61 61
