2 2 2 2 2 2 2 1 1 1
3 3 3 3 3 1 3 1 1 1
4 4 4 4 4 2 4 1 1 1
5 5 5 5 5 3 5 1 1 1
6 6 6 6 6 4 6 1 1 1
7 7 7 7 7 5 7 1 1 1
8 8 8 8 8 6 8 1 1 1
9 9 9 9 7 7 9 1 1 1
10 10 10 10 8 8 10 1 1 1
11 11 11 11 9 9 11 1 1 1
12 12 12 12 10 10 12 1 1 1
13 13 13 13 11 11 13 1 1 1
14 14 14 14 12 12 14 1 1 1
15 15 15 15 13 13 15 1 1 1
16 16 16 16 14 14 16 1 1 1
17 17 17 17 15 15 17 1 1 1
18 18 18 16 16 16 16 1 1 1
19 19 19 17 17 17 17 1 1 1
20 20 20 18 18 18 18 1 1 1
21 19 21 19 19 19 19 1 1 1
20 18 22 20 20 20 20 1 1 1
21 19 23 21 21 21 21 1 1 1
22 20 24 22 22 22 22 1 1 1
23 21 25 23 23 21 23 1 1 1
24 22 26 24 24 22 24 1 1 1
25 23 27 25 25 23 25 1 1 1
26 24 28 26 26 24 26 1 1 1
27 25 29 27 27 25 27 1 1 1
28 26 30 28 28 26 28 1 1 1
29 27 31 29 29 27 29 1 1 1
30 28 32 30 30 28 30 1 1 1
31 29 33 31 31 29 31 1 1 1
32 30 34 32 30 30 32 1 1 1
31 31 35 33 29 31 33 1 1 1
32 32 36 34 30 32 34 1 1 1
33 33 37 35 31 33 35 1 1 1
32 34 38 36 30 34 36 1 1 1
33 33 39 37 29 35 37 1 1 1
34 34 40 38 30 36 38 1 1 1
35 35 41 39 31 37 39 1 1 1
36 36 42 40 32 38 40 1 1 1
37 37 41 41 33 39 41 1 1 1
38 38 42 40 34 40 42 1 1 1
39 39 43 41 35 41 43 1 1 1
40 40 44 42 36 42 44 1 1 1
41 41 45 43 37 41 45 1 1 1
42 42 44 44 38 42 46 1 1 1
43 43 45 45 39 43 47 1 1 1
44 44 46 46 40 44 48 1 1 1
45 45 47 47 41 45 49 1 1 1
46 46 46 48 42 46 50 1 1 1
47 47 47 49 43 47 51 1 1 1
48 46 48 48 44 48 52 1 1 1
49 47 49 49 45 49 53 1 1 1
50 48 50 50 46 50 54 1 1 1
51 49 51 51 47 51 55 1 1 1
52 50 52 52 48 52 56 1 1 1
53 51 53 53 49 53 57 1 1 1
54 52 54 54 50 52 58 1 1 1
55 53 55 55 51 53 59 1 1 1
56 54 56 56 52 52 60 1 1 1
57 55 57 57 53 53 61 1 1 1
56 56 58 58 54 54 62 1 1 1
57 57 59 59 55 55 63 1 1 1
58 58 60 60 56 56 64 1 1 1
59 59 61 61 57 57 65 1 1 1
60 60 62 62 58 58 66 1 1 1
61 61 63 63 59 57 67 1 1 1
62 62 64 64 60 58 68 1 1 1
63 63 65 65 61 59 69 1 1 1
64 64 66 66 62 60 70 1 1 1
65 65 67 67 63 61 71 1 1 1
66 64 68 68 64 62 72 1 1 1
67 65 69 69 65 63 73 1 1 1
68 66 70 70 66 64 74 1 1 1
69 67 71 71 67 65 75 1 1 1
70 68 72 72 68 66 76 1 1 1
71 69 73 73 69 67 77 1 1 1
72 70 74 74 70 68 78 1 1 1
73 71 75 75 71 69 79 1 1 1
74 72 76 76 72 70 80 1 1 1
73 73 77 77 73 71 81 1 1 1
74 74 78 78 74 72 82 1 1 1
75 75 79 79 75 73 83 1 1 1
76 76 80 80 76 74 84 1 1 1
77 77 81 81 77 75 85 1 1 1
78 78 82 82 78 76 86 1 1 1
79 79 83 83 79 77 87 1 1 1
80 80 84 84 78 76 88 1 1 1
81 81 85 85 79 77 89 1 1 1
82 82 86 86 80 78 90 1 1 1
83 83 87 87 81 79 91 1 1 1
84 82 88 88 82 80 92 1 1 1
83 83 89 89 83 81 93 1 1 1
84 84 90 90 84 82 94 1 1 1
85 85 91 91 85 83 93 1 1 1
86 86 92 92 86 84 94 1 1 1
87 87 93 93 85 85 95 1 1 1
88 88 94 94 86 86 96 1 1 1
89 89 95 95 87 87 97 1 1 1
