1 1 2 2 1 1 2 2 2 2
2 2 3 3 2 2 3 1 1 1
1 3 2 4 3 3 4 1 1 1
2 4 3 5 4 4 5 1 1 1
3 5 4 6 5 5 6 1 1 1
4 6 3 7 4 6 7 1 1 1
5 7 4 8 3 7 8 1 1 1
4 8 3 9 4 8 9 1 1 1
5 9 4 10 5 9 8 1 1 1
6 10 5 11 6 8 9 1 1 1
5 11 4 12 7 9 10 1 1 1
6 12 5 13 8 10 11 1 1 1
7 11 6 14 9 11 12 1 1 1
8 12 7 15 10 12 13 1 1 1
9 13 8 16 11 13 14 1 1 1
10 14 9 17 12 14 15 1 1 1
11 15 10 18 11 15 16 1 1 1
12 16 9 19 12 16 17 1 1 1
13 17 8 20 13 17 18 1 1 1
14 18 9 21 14 16 19 1 1 1
15 19 10 22 15 15 20 1 1 1
16 20 11 23 16 14 21 1 1 1
17 21 12 24 17 13 22 1 1 1
18 22 13 25 18 14 23 1 1 1
19 23 12 24 17 15 24 1 1 1
20 24 13 25 16 16 25 1 1 1
19 25 14 26 17 17 26 1 1 1
20 26 15 27 18 18 27 1 1 1
21 25 14 26 19 19 28 1 1 1
22 24 15 27 20 20 29 1 1 1
23 25 16 26 21 21 30 1 1 1
22 26 17 27 22 22 31 1 1 1
23 27 18 28 23 23 32 1 1 1
24 28 19 29 22 22 33 1 1 1
25 29 18 30 23 23 34 1 1 1
26 28 19 29 24 24 35 1 1 1
27 29 18 30 25 25 36 1 1 1
28 30 19 31 26 26 35 1 1 1
29 31 18 30 27 27 36 1 1 1
30 32 19 31 28 28 35 1 1 1
31 33 20 32 29 29 36 1 1 1
32 32 21 33 28 30 35 1 1 1
33 31 22 34 29 31 36 1 1 1
32 32 21 35 30 32 37 1 1 1
33 33 20 36 31 33 36 1 1 1
34 34 19 37 32 34 35 1 1 1
33 35 20 38 33 35 36 1 1 1
34 36 19 39 32 36 37 1 1 1
35 37 18 40 33 37 38 1 1 1
36 36 19 41 34 38 37 1 1 1
35 37 20 42 35 39 36 1 1 1
34 38 21 43 36 40 37 1 1 1
35 39 22 44 37 39 38 1 1 1
36 40 23 45 36 40 37 1 1 1
37 41 22 46 37 41 38 1 1 1
38 42 23 47 38 42 39 1 1 1
37 43 22 46 39 43 40 1 1 1
38 44 23 45 40 44 41 1 1 1
39 45 24 46 39 45 40 1 1 1
38 44 23 47 40 46 41 1 1 1
