1 1 1 1 1 1 1 1 1 1
1 1 1 1 1 1 1 1 1 1
1 1 1 1 1 1 1 1 1 1
2 2 2 2 2 1 2 1 1 1
3 3 3 1 3 2 3 1 1 1
2 4 4 2 4 3 4 1 1 1
3 5 3 1 5 4 5 2 2 2
4 6 4 2 6 5 6 1 1 1
5 5 5 3 7 6 7 1 1 1
4 6 6 4 8 7 8 1 1 1
5 7 7 5 9 8 9 1 1 1
4 8 6 6 10 7 10 1 1 1
3 9 7 5 9 8 9 2 2 2
4 10 8 6 10 7 10 1 1 1
5 11 9 5 11 8 11 1 1 1
6 12 10 6 12 9 12 1 1 1
5 13 11 5 13 10 13 1 1 1
6 12 10 6 14 11 14 1 1 1
7 13 11 7 13 12 13 1 1 1
8 14 12 8 14 11 14 1 1 1
9 15 13 7 15 12 13 1 1 1
10 16 14 8 16 11 14 1 1 1
11 17 15 9 17 10 15 1 1 1
12 18 16 10 16 11 16 1 1 1
13 19 17 11 17 12 17 1 1 1
14 20 16 12 16 13 18 1 1 1
15 21 17 11 17 14 19 1 1 1
16 22 18 12 18 15 20 1 1 1
17 23 19 13 19 16 21 1 1 1
18 24 20 14 20 15 22 1 1 1
19 25 21 13 21 16 21 1 1 1
20 26 22 14 22 17 22 1 1 1
19 27 21 15 23 18 23 1 1 1
20 28 22 14 24 17 22 1 1 1
21 29 23 15 25 18 23 1 1 1
22 30 24 16 26 19 24 1 1 1
21 29 25 17 27 20 25 1 1 1
20 30 26 18 28 21 26 1 1 1
21 31 27 19 29 22 27 1 1 1
22 32 26 20 30 23 28 1 1 1
23 33 25 21 31 24 29 1 1 1
24 32 26 22 30 25 30 1 1 1
23 33 27 23 31 24 31 1 1 1
22 34 28 24 32 23 30 1 1 1
23 35 29 23 33 24 29 1 1 1
24 36 30 24 32 25 30 1 1 1
25 37 31 25 33 26 29 1 1 1
26 36 32 26 32 27 28 1 1 1
27 35 33 27 33 28 29 1 1 1
28 36 34 28 34 29 30 1 1 1
29 37 35 29 35 30 31 1 1 1
30 36 36 30 36 29 32 1 1 1
29 37 37 31 37 30 33 1 1 1
30 38 36 32 38 31 32 1 1 1
31 39 37 33 39 32 33 1 1 1
32 40 38 34 40 31 34 1 1 1
33 41 39 35 41 32 35 1 1 1
34 42 40 36 42 33 36 1 1 1
33 43 41 37 43 34 35 1 1 1
34 44 42 38 44 35 36 1 1 1
