1 1 1 1 1 1 1 1 1 1
1 1 1 1 1 1 1 1 1 1
2 2 2 2 2 2 1 1 1 1
1 3 1 1 1 3 2 2 2 2
2 4 2 2 2 4 1 1 1 1
3 5 3 3 3 5 1 1 1 1
4 6 4 4 4 6 1 1 1 1
5 5 5 5 5 7 1 1 1 1
6 6 6 6 6 8 1 1 1 1
5 7 7 5 7 9 1 1 1 1
6 8 8 6 6 10 1 1 1 1
5 9 9 7 7 11 1 1 1 1
4 8 10 8 8 12 1 1 1 1
5 9 11 9 9 13 1 1 1 1
6 10 12 10 10 14 1 1 1 1
7 11 13 9 11 15 1 1 1 1
6 12 14 10 12 16 1 1 1 1
7 13 15 11 13 17 1 1 1 1
8 14 16 12 14 18 1 1 1 1
9 15 17 13 15 19 1 1 1 1
8 16 18 14 16 18 1 1 1 1
7 17 19 13 17 19 1 1 1 1
8 18 20 12 18 20 1 1 1 1
9 19 21 13 17 21 1 1 1 1
10 18 22 14 18 22 1 1 1 1
11 19 21 15 19 21 1 1 1 1
12 20 20 16 18 22 1 1 1 1
13 21 21 17 17 23 1 1 1 1
14 22 20 18 16 24 1 1 1 1
15 21 19 19 17 23 2 2 2 2
16 22 20 20 18 22 1 1 1 1
17 23 21 21 17 23 1 1 1 1
18 22 20 22 18 24 1 1 1 1
19 23 21 23 17 23 1 1 1 1
18 22 22 24 18 24 1 1 1 1
19 23 23 25 19 25 1 1 1 1
20 24 24 24 20 26 1 1 1 1
21 23 25 25 21 27 1 1 1 1
22 24 24 26 22 26 1 1 1 1
23 23 25 27 23 27 1 1 1 1
24 24 26 28 22 28 1 1 1 1
23 25 27 29 23 29 1 1 1 1
24 26 26 30 24 30 1 1 1 1
23 27 27 29 25 29 2 2 2 2
22 28 28 30 24 30 1 1 1 1
21 29 29 29 23 31 2 2 2 2
22 30 30 30 24 32 1 1 1 1
23 29 31 31 23 33 1 1 1 1
24 28 30 32 24 34 1 1 1 1
25 29 31 33 25 35 1 1 1 1
26 28 32 34 26 36 1 1 1 1
27 29 33 35 27 37 1 1 1 1
28 30 34 36 28 38 1 1 1 1
29 31 35 37 29 39 1 1 1 1
30 32 36 38 30 40 1 1 1 1
29 31 37 39 31 41 1 1 1 1
28 32 38 40 32 40 2 2 2 2
29 33 39 41 33 41 1 1 1 1
30 34 38 42 32 40 2 2 2 2
31 35 39 43 33 39 1 1 1 1
32 36 40 44 34 40 1 1 1 1
33 35 39 45 35 41 1 1 1 1
34 36 40 46 34 40 1 1 1 1
35 37 39 47 33 41 1 1 1 1
36 38 40 48 32 42 1 1 1 1
37 39 41 49 33 43 1 1 1 1
38 40 42 48 32 44 1 1 1 1
39 39 43 49 33 45 1 1 1 1
40 40 44 50 34 44 1 1 1 1
41 39 45 51 35 45 2 2 2 2
42 40 46 50 36 46 1 1 1 1
41 41 47 51 37 47 1 1 1 1
42 42 48 52 38 48 1 1 1 1
43 43 49 53 39 49 1 1 1 1
42 42 50 54 40 50 2 2 2 2
43 43 51 55 39 51 1 1 1 1
44 44 50 56 38 52 1 1 1 1
45 45 51 55 39 53 1 1 1 1
46 46 52 56 40 54 1 1 1 1
47 47 53 55 39 55 1 1 1 1
48 48 52 56 40 56 1 1 1 1
47 47 53 57 41 57 1 1 1 1
48 48 52 58 40 58 1 1 1 1
49 49 53 57 41 57 1 1 1 1
50 48 54 58 42 58 1 1 1 1
51 49 55 59 41 57 1 1 1 1
52 50 56 60 42 58 1 1 1 1
53 51 57 61 43 59 1 1 1 1
52 52 58 62 42 58 2 2 2 2
53 53 59 63 43 59 1 1 1 1
54 52 60 62 44 60 1 1 1 1
55 53 61 63 45 59 1 1 1 1
56 52 62 64 46 60 1 1 1 1
57 53 63 65 47 61 1 1 1 1
56 54 64 66 48 62 1 1 1 1
57 55 65 65 49 61 1 1 1 1
58 56 66 66 48 62 1 1 1 1
59 57 65 67 47 61 2 2 2 2
60 58 66 68 48 62 1 1 1 1
61 59 67 69 49 63 1 1 1 1
