1 1 1 1 1 1 1 1 1 1
2 1 2 2 2 2 2 1 1 1
3 2 3 3 3 1 3 1 1 1
4 1 4 4 4 1 4 1 1 1
5 2 5 5 5 1 5 1 1 1
6 1 4 6 6 2 6 1 1 1
7 1 3 7 7 3 7 1 1 1
8 1 2 8 6 4 8 1 1 1
7 1 1 9 7 5 9 2 2 2
8 2 2 10 8 6 10 1 1 1
7 1 1 11 9 5 11 2 2 2
6 1 2 12 10 4 10 3 3 3
7 2 1 13 11 5 11 2 2 2
6 3 2 14 10 6 12 1 1 1
7 4 1 15 9 7 13 1 1 1
6 5 1 16 10 8 12 1 1 1
5 6 2 17 11 9 13 1 1 1
6 7 1 18 12 10 12 2 2 2
7 8 1 19 13 11 13 1 1 1
8 9 2 20 14 12 14 1 1 1
9 10 1 21 15 13 15 1 1 1
10 11 1 22 16 14 16 1 1 1
11 12 2 23 15 13 17 1 1 1
10 11 3 24 16 14 18 1 1 1
11 12 4 25 17 15 19 1 1 1
12 13 5 26 16 16 20 1 1 1
13 12 6 27 17 17 19 1 1 1
12 13 5 28 16 18 20 1 1 1
13 14 6 29 15 19 21 1 1 1
14 15 5 30 14 18 22 1 1 1
15 16 6 31 13 17 23 1 1 1
14 15 7 32 14 16 24 1 1 1
15 16 8 33 15 15 25 1 1 1
16 17 7 34 16 16 24 1 1 1
15 18 8 35 15 17 25 1 1 1
16 19 7 34 16 16 26 1 1 1
17 20 8 35 17 17 27 1 1 1
18 19 9 36 18 16 28 1 1 1
19 18 10 35 19 17 29 2 2 2
20 19 11 36 20 18 30 1 1 1
21 20 12 35 21 19 29 1 1 1
22 21 11 36 20 20 30 1 1 1
23 22 12 37 21 19 29 1 1 1
24 23 13 36 22 20 30 1 1 1
23 22 12 37 21 21 31 2 2 2
24 23 13 38 22 22 32 1 1 1
25 24 12 39 21 21 33 1 1 1
24 25 13 40 22 22 32 1 1 1
25 24 14 41 21 23 31 1 1 1
26 25 15 42 22 22 30 1 1 1
27 26 14 43 23 21 31 1 1 1
28 27 15 44 22 22 30 1 1 1
29 28 14 45 23 23 31 1 1 1
28 29 13 46 24 24 30 1 1 1
27 28 12 47 25 25 31 1 1 1
26 29 13 48 24 26 32 1 1 1
27 30 12 49 23 25 31 2 2 2
28 31 13 50 22 24 32 1 1 1
29 32 14 51 23 25 33 1 1 1
30 33 15 52 24 24 32 1 1 1
31 32 16 53 25 25 31 1 1 1
32 31 17 52 24 26 32 2 2 2
33 30 18 53 25 27 33 1 1 1
32 31 19 54 26 26 32 1 1 1
31 32 18 55 27 25 31 2 2 2
32 31 17 56 28 26 32 1 1 1
31 32 18 55 27 27 33 2 2 2
30 31 17 56 28 28 34 1 1 1
31 32 16 57 29 29 33 1 1 1
30 31 17 58 30 30 34 1 1 1
31 30 18 57 31 31 35 1 1 1
32 31 19 58 32 32 34 1 1 1
31 32 18 59 33 33 33 1 1 1
32 33 19 60 32 32 34 1 1 1
33 32 20 61 33 33 33 1 1 1
34 33 19 62 34 32 32 1 1 1
33 34 20 63 35 31 31 1 1 1
34 35 19 64 36 32 30 1 1 1
35 34 20 65 35 31 31 1 1 1
36 35 19 66 36 32 32 1 1 1
35 36 18 67 37 33 33 1 1 1
36 35 17 68 38 34 32 1 1 1
37 36 18 69 39 35 33 1 1 1
36 37 19 70 38 36 34 2 2 2
37 38 18 69 39 37 35 1 1 1
38 39 17 68 40 36 36 2 2 2
39 40 16 69 41 37 37 1 1 1
40 41 17 70 42 36 38 1 1 1
41 40 16 69 43 37 39 1 1 1
42 41 17 70 42 36 40 1 1 1
43 40 18 71 41 35 41 2 2 2
42 39 19 72 40 36 42 1 1 1
43 40 20 73 41 37 43 1 1 1
42 41 21 74 40 38 44 1 1 1
41 40 22 75 41 39 45 1 1 1
40 41 23 76 42 38 46 1 1 1
39 40 24 77 43 39 47 1 1 1
40 39 25 78 42 40 48 1 1 1
41 40 26 79 43 41 49 1 1 1
42 41 25 80 44 42 50 1 1 1
