2 2 2 2 2 1 2 1 1 1
3 3 1 3 3 2 1 1 1 1
4 4 2 2 4 3 1 1 1 1
5 5 3 1 5 4 1 1 1 1
6 4 2 1 6 5 1 2 2 2
7 5 3 1 5 6 2 1 1 1
8 6 4 2 6 5 3 1 1 1
9 7 5 3 7 6 4 1 1 1
10 8 6 2 6 7 5 1 1 1
9 9 7 3 7 8 6 1 1 1
10 8 6 4 8 7 7 2 2 2
11 9 5 5 9 8 8 1 1 1
12 10 6 6 10 9 9 1 1 1
13 9 5 5 9 10 10 2 2 2
14 10 6 6 10 11 11 1 1 1
13 11 7 7 11 12 12 1 1 1
14 10 6 6 12 13 13 2 2 2
15 11 7 7 13 14 12 1 1 1
16 12 8 6 14 15 13 1 1 1
17 13 9 7 15 16 14 1 1 1
18 14 8 6 16 17 15 1 1 1
19 15 7 7 15 18 14 1 1 1
20 16 8 8 16 19 15 1 1 1
21 17 7 9 15 20 16 1 1 1
20 16 8 10 16 21 17 1 1 1
21 17 7 11 15 22 16 1 1 1
20 16 8 10 16 23 17 1 1 1
19 17 7 9 17 24 16 2 2 2
20 18 8 10 16 25 17 1 1 1
21 17 7 11 17 26 18 1 1 1
20 18 6 12 16 27 19 1 1 1
19 19 5 13 15 28 18 2 2 2
18 20 6 14 14 29 19 1 1 1
19 19 7 13 15 30 20 1 1 1
20 20 8 14 16 31 21 1 1 1
21 21 9 13 17 30 22 1 1 1
22 22 8 14 18 31 23 1 1 1
21 23 7 15 19 32 24 1 1 1
22 24 6 16 20 33 25 1 1 1
23 23 7 17 21 32 26 1 1 1
24 22 6 16 22 33 27 2 2 2
23 23 7 17 21 34 28 3 3 3
22 24 8 18 22 33 29 2 2 2
21 25 9 17 21 34 30 1 1 1
22 24 8 16 22 35 29 2 2 2
23 25 9 15 23 36 30 1 1 1
24 26 8 16 22 37 31 1 1 1
25 27 7 17 23 38 32 1 1 1
26 28 6 16 24 37 33 2 2 2
27 27 7 15 23 38 34 1 1 1
28 28 6 16 24 37 35 1 1 1
29 29 7 15 25 38 34 1 1 1
28 30 6 16 26 39 35 1 1 1
29 31 7 17 25 40 36 1 1 1
28 32 8 18 26 41 37 1 1 1
29 31 9 17 27 42 38 2 2 2
30 32 8 16 26 43 37 3 3 3
31 31 9 17 27 42 36 4 4 4
30 32 8 16 28 43 35 5 5 5
31 31 9 17 29 42 36 4 4 4
32 30 8 18 30 43 37 3 3 3
33 31 7 19 29 44 36 4 4 4
34 32 8 18 30 45 37 3 3 3
33 33 9 19 29 44 38 4 4 4
34 32 8 20 30 45 39 3 3 3
35 31 9 19 31 46 40 2 2 2
34 32 8 20 32 47 39 1 1 1
35 33 9 21 31 48 40 1 1 1
36 32 8 22 32 49 41 1 1 1
37 33 7 21 31 50 42 2 2 2
38 34 6 20 32 49 43 1 1 1
37 35 5 19 33 48 44 2 2 2
38 34 6 20 32 47 45 3 3 3
37 35 5 21 33 48 44 2 2 2
38 34 6 22 34 49 45 1 1 1
37 35 7 23 35 48 44 2 2 2
38 34 6 22 36 49 43 3 3 3
37 35 7 23 37 48 44 2 2 2
38 36 6 24 38 49 45 1 1 1
37 37 7 25 39 50 46 1 1 1
38 36 6 26 40 49 47 1 1 1
39 37 7 27 41 50 48 1 1 1
40 36 6 28 40 51 49 1 1 1
41 35 7 29 41 52 50 1 1 1
42 34 8 30 42 53 51 1 1 1
43 35 7 29 41 54 52 2 2 2
44 36 8 30 42 55 53 1 1 1
45 37 9 31 43 54 52 1 1 1
46 36 10 30 44 55 51 1 1 1
47 37 9 31 45 54 50 1 1 1
48 38 10 30 46 55 51 1 1 1
49 39 11 29 47 56 52 1 1 1
50 40 12 30 48 57 51 1 1 1
51 39 11 29 49 58 50 2 2 2
52 40 12 30 50 59 49 1 1 1
51 41 11 31 51 58 50 1 1 1
52 42 10 32 52 57 49 1 1 1
53 43 11 31 53 58 50 1 1 1
54 42 12 32 54 59 51 1 1 1
53 43 11 33 55 60 50 2 2 2
