1 1 1 1 1 1 1 1 1 1
2 2 2 1 2 2 2 1 1 1
1 1 3 2 3 3 3 1 1 1
1 2 4 3 2 4 4 1 1 1
1 3 5 2 3 5 5 1 1 1
1 4 4 3 4 6 6 1 1 1
2 5 3 4 5 7 5 1 1 1
3 4 4 5 6 8 6 1 1 1
2 3 5 4 5 9 7 2 2 2
3 2 6 5 6 8 8 1 1 1
4 3 7 6 7 7 9 1 1 1
5 4 8 7 8 8 10 1 1 1
6 5 9 8 9 9 11 1 1 1
5 6 10 9 10 10 12 1 1 1
6 7 11 10 11 11 13 1 1 1
7 8 12 11 12 12 14 1 1 1
8 9 13 12 11 13 15 1 1 1
9 10 14 13 12 14 16 1 1 1
10 11 15 14 13 15 15 1 1 1
11 12 16 15 14 16 16 1 1 1
12 13 17 16 13 17 17 1 1 1
13 12 18 17 14 18 18 1 1 1
14 11 19 18 15 19 17 1 1 1
15 12 20 19 16 20 18 1 1 1
16 13 21 20 17 21 19 1 1 1
15 14 22 21 18 20 20 1 1 1
16 15 23 22 17 21 21 1 1 1
15 16 22 23 18 22 20 1 1 1
16 15 23 24 19 23 21 1 1 1
17 14 24 25 20 24 22 1 1 1
18 15 25 26 21 25 23 1 1 1
19 16 26 27 20 26 24 1 1 1
20 15 27 28 21 27 25 1 1 1
21 14 28 29 22 28 24 1 1 1
22 15 29 30 21 29 23 1 1 1
23 16 28 29 22 30 24 1 1 1
24 17 29 30 23 31 25 1 1 1
23 18 30 31 24 32 26 1 1 1
24 19 29 32 25 33 27 1 1 1
25 18 30 33 26 34 28 1 1 1
26 19 31 34 25 35 29 1 1 1
27 18 30 33 26 36 30 1 1 1
28 19 31 34 25 35 29 2 2 2
29 20 32 35 26 36 30 1 1 1
30 21 33 36 27 37 31 1 1 1
31 22 34 37 26 38 32 1 1 1
32 21 35 38 27 39 33 1 1 1
33 22 36 39 26 40 32 1 1 1
34 23 37 40 27 41 33 1 1 1
35 24 38 41 28 42 34 1 1 1
34 25 39 42 29 41 35 1 1 1
35 24 40 43 30 42 36 1 1 1
36 23 41 42 31 43 37 1 1 1
35 24 42 43 32 44 38 1 1 1
36 25 43 44 33 45 39 1 1 1
37 26 44 45 34 46 40 1 1 1
38 27 45 46 35 47 41 1 1 1
39 28 46 47 36 48 42 1 1 1
38 29 47 48 37 49 43 1 1 1
39 30 48 49 38 50 44 1 1 1
40 31 47 50 39 51 45 1 1 1
41 32 48 51 40 50 46 1 1 1
42 33 47 52 41 51 47 1 1 1
43 34 48 53 42 52 48 1 1 1
44 35 49 54 43 53 49 1 1 1
45 36 50 53 42 54 50 1 1 1
46 37 51 52 41 55 51 1 1 1
47 36 52 53 42 56 52 1 1 1
48 37 53 54 41 57 53 1 1 1
49 38 54 55 42 58 54 1 1 1
48 39 55 56 43 57 55 1 1 1
49 40 56 57 44 58 56 1 1 1
50 39 55 58 45 57 57 1 1 1
51 40 56 59 46 56 58 1 1 1
52 41 57 58 47 57 59 1 1 1
53 42 58 59 46 58 60 1 1 1
54 43 59 60 47 59 61 1 1 1
55 44 60 61 48 60 60 1 1 1
56 45 61 62 49 61 61 1 1 1
57 46 62 63 50 62 60 1 1 1
58 47 61 62 51 63 61 1 1 1
59 46 60 63 52 64 62 1 1 1
60 47 59 64 53 65 63 1 1 1
61 48 60 65 54 64 64 1 1 1
62 49 61 66 55 65 65 1 1 1
63 50 62 67 56 66 64 1 1 1
64 51 63 66 57 65 65 1 1 1
65 52 64 67 58 66 64 1 1 1
66 53 65 68 59 67 65 1 1 1
67 54 66 69 58 68 66 1 1 1
68 55 67 68 59 69 67 1 1 1
69 56 68 69 60 68 68 1 1 1
70 57 69 70 59 69 69 1 1 1
71 58 70 71 60 70 70 1 1 1
72 57 69 72 61 71 71 1 1 1
73 58 70 73 62 72 70 1 1 1
74 59 69 74 63 73 71 1 1 1
75 60 70 75 64 74 70 1 1 1
76 61 71 74 65 73 71 1 1 1
77 62 72 75 66 74 70 1 1 1
