2 2 2 1 2 2 2 1 1 1
1 3 3 2 3 3 3 1 1 1
2 4 4 3 4 2 2 1 1 1
3 5 5 4 5 3 1 1 1 1
4 6 6 5 6 4 1 1 1 1
3 7 5 6 7 5 2 1 1 1
4 8 6 7 8 6 3 1 1 1
5 7 7 8 7 7 4 1 1 1
6 8 8 7 6 8 5 1 1 1
7 9 9 8 7 9 6 1 1 1
8 10 10 9 8 8 7 1 1 1
9 11 11 10 9 9 8 1 1 1
10 12 12 11 8 8 9 1 1 1
9 13 13 12 9 9 10 1 1 1
10 14 12 13 10 10 9 1 1 1
11 15 13 14 11 11 10 1 1 1
12 16 14 15 12 12 11 1 1 1
13 17 15 16 13 13 12 1 1 1
12 18 16 17 14 14 13 1 1 1
13 19 17 18 15 15 14 1 1 1
14 20 18 19 16 16 15 1 1 1
15 21 19 20 17 17 16 1 1 1
16 22 20 19 18 18 17 1 1 1
17 23 19 18 19 17 18 1 1 1
18 24 18 19 20 18 19 1 1 1
19 25 19 20 19 19 20 1 1 1
18 26 20 21 20 20 19 1 1 1
19 27 21 22 21 21 20 1 1 1
20 26 22 23 22 22 21 1 1 1
21 27 23 24 23 23 22 1 1 1
22 28 24 25 24 24 23 1 1 1
23 29 25 26 25 25 24 1 1 1
24 28 26 27 26 26 25 1 1 1
25 29 27 28 25 27 26 1 1 1
26 28 28 29 26 28 27 1 1 1
27 29 29 30 27 27 28 1 1 1
28 30 30 31 28 28 27 1 1 1
29 31 31 32 29 29 28 1 1 1
30 32 32 33 30 30 27 1 1 1
31 33 31 34 31 31 28 1 1 1
32 34 32 35 32 32 29 1 1 1
33 35 33 36 33 33 30 1 1 1
34 34 34 35 32 34 31 2 2 2
35 35 35 36 33 33 32 1 1 1
34 36 36 37 32 34 33 1 1 1
35 37 35 38 33 35 34 1 1 1
36 36 36 39 34 36 35 1 1 1
37 37 37 40 35 37 36 1 1 1
38 38 38 41 36 38 37 1 1 1
39 39 39 42 37 39 38 1 1 1
40 40 40 43 36 40 39 1 1 1
41 41 41 44 37 41 40 1 1 1
42 42 40 45 38 42 41 1 1 1
43 43 41 46 39 43 42 1 1 1
42 44 42 47 40 42 43 1 1 1
43 45 43 48 41 43 44 1 1 1
44 46 44 47 42 44 45 1 1 1
45 47 45 48 43 45 46 1 1 1
46 48 46 49 44 46 47 1 1 1
45 49 47 50 45 47 48 1 1 1
46 48 48 51 46 48 49 1 1 1
47 49 49 52 47 49 50 1 1 1
48 50 50 53 48 48 51 1 1 1
49 51 51 54 47 49 52 1 1 1
50 52 52 55 48 50 53 1 1 1
51 53 53 56 49 51 54 1 1 1
52 54 54 57 50 52 55 1 1 1
51 53 55 58 51 51 56 1 1 1
52 54 56 59 52 52 57 1 1 1
53 55 57 60 53 53 58 1 1 1
54 56 58 61 54 54 59 1 1 1
55 57 59 62 55 53 60 1 1 1
56 58 60 63 54 54 61 1 1 1
55 59 61 64 53 55 62 1 1 1
56 60 60 65 54 56 63 1 1 1
57 61 61 66 55 57 64 1 1 1
56 60 62 67 56 58 65 1 1 1
57 59 63 68 55 57 66 1 1 1
58 60 64 69 56 58 67 1 1 1
59 61 65 70 57 59 66 1 1 1
60 62 66 71 56 60 67 1 1 1
59 63 67 72 57 61 68 1 1 1
60 64 68 73 58 62 69 1 1 1
61 65 69 72 59 63 70 1 1 1
62 66 70 73 60 64 69 1 1 1
63 67 71 74 59 63 70 1 1 1
64 68 72 75 60 64 71 1 1 1
65 69 73 76 61 65 72 1 1 1
66 70 74 77 62 66 73 1 1 1
67 71 75 78 63 67 74 1 1 1
66 72 76 77 62 68 75 1 1 1
67 73 77 78 61 69 76 1 1 1
68 74 78 79 62 70 77 1 1 1
69 75 79 80 63 71 76 1 1 1
68 76 80 81 64 72 77 1 1 1
67 77 81 80 65 73 76 1 1 1
68 76 82 81 66 74 77 1 1 1
67 77 83 80 67 75 78 1 1 1
68 78 84 81 68 76 79 1 1 1
67 79 85 82 69 77 80 1 1 1
