2 2 2 2 2 2 2 1 1 1
1 3 3 3 3 3 3 1 1 1
1 4 4 4 4 4 4 1 1 1
2 5 5 5 5 5 5 1 1 1
3 6 6 6 6 4 6 1 1 1
4 7 7 7 7 5 7 1 1 1
5 8 8 8 6 6 8 1 1 1
6 9 9 9 5 7 9 1 1 1
7 8 10 10 6 8 10 1 1 1
6 9 11 11 5 9 11 1 1 1
7 10 12 12 6 10 12 1 1 1
8 11 13 13 7 9 13 1 1 1
9 12 14 14 8 10 12 1 1 1
10 13 15 13 9 11 13 1 1 1
11 14 14 14 10 12 14 1 1 1
12 15 13 15 11 13 15 1 1 1
13 16 14 16 12 14 16 1 1 1
14 17 15 17 11 15 17 1 1 1
15 18 16 18 12 16 18 1 1 1
16 19 17 19 13 17 19 1 1 1
17 20 18 20 14 18 20 1 1 1
18 19 19 21 15 19 21 1 1 1
19 20 20 22 16 20 22 1 1 1
20 21 21 23 17 21 23 1 1 1
21 22 22 24 18 22 24 1 1 1
22 23 23 25 19 23 25 1 1 1
23 24 24 26 20 24 26 1 1 1
24 25 25 25 21 25 27 1 1 1
25 26 26 26 22 26 28 1 1 1
26 27 27 27 21 27 29 1 1 1
27 28 28 28 22 28 30 1 1 1
28 29 29 29 23 29 29 1 1 1
29 30 30 28 24 30 30 1 1 1
30 31 31 29 25 31 31 1 1 1
31 32 32 30 26 32 32 1 1 1
32 33 33 31 27 33 33 1 1 1
33 34 34 32 28 32 34 1 1 1
34 35 35 33 29 31 35 1 1 1
35 36 36 32 30 32 36 1 1 1
36 37 37 31 31 33 37 1 1 1
37 38 38 32 32 34 38 1 1 1
38 39 39 33 31 35 39 1 1 1
39 40 40 34 32 36 38 1 1 1
40 41 41 35 33 35 39 1 1 1
41 42 42 36 34 36 40 1 1 1
42 41 43 37 35 37 39 1 1 1
43 42 44 38 34 36 38 1 1 1
42 43 45 39 35 37 39 1 1 1
43 44 46 40 36 38 40 1 1 1
44 45 47 41 37 39 41 1 1 1
45 44 48 42 38 38 42 1 1 1
46 45 49 43 39 39 43 1 1 1
47 44 50 44 40 40 44 1 1 1
48 45 51 45 41 41 45 1 1 1
49 46 52 46 40 42 46 1 1 1
50 47 53 47 41 43 47 1 1 1
51 48 54 48 42 42 48 1 1 1
52 49 55 49 41 43 49 1 1 1
53 50 56 50 42 44 50 1 1 1
54 51 57 51 43 45 51 1 1 1
