1 1 1 1 1 1 1 1 1 1
2 2 1 1 2 1 2 2 2 2
1 1 2 2 1 1 3 3 3 3
1 1 3 1 1 2 4 4 4 4
2 1 4 2 1 3 5 5 5 5
1 1 5 3 2 2 6 6 6 6
2 2 4 2 1 1 7 7 7 7
1 3 5 1 2 1 8 8 8 8
1 2 6 2 3 2 9 9 9 9
1 3 7 3 4 3 10 10 10 10
2 2 8 2 5 2 11 11 11 11
1 1 9 1 6 3 12 12 12 12
1 1 10 1 7 2 13 13 13 13
1 2 9 2 8 1 14 14 14 14
1 3 8 1 7 1 15 15 15 15
2 4 7 2 6 2 16 16 16 16
1 5 6 3 7 3 17 17 17 17
2 4 5 2 6 4 18 18 18 18
3 3 4 3 5 3 19 19 19 19
2 2 3 4 6 4 20 20 20 20
3 1 4 5 5 5 21 21 21 21
2 1 3 4 6 4 22 22 22 22
3 1 4 3 7 3 23 23 23 23
4 1 3 2 6 2 24 24 24 24
5 1 2 1 5 3 25 25 25 25
4 1 1 1 4 4 26 26 26 26
5 2 2 2 3 5 27 27 27 27
6 1 3 1 2 6 28 28 28 28
5 1 4 2 1 7 29 29 29 29
4 1 5 3 1 8 30 30 30 30
5 1 4 4 1 7 31 31 31 31
6 1 3 3 1 8 32 32 32 32
5 1 2 4 2 9 33 33 33 33
4 2 1 3 1 8 34 34 34 34
5 1 2 4 1 9 35 35 35 35
4 1 3 3 2 8 36 36 36 36
3 1 2 2 1 7 37 37 37 37
2 2 3 3 1 8 38 38 38 38
1 1 4 4 1 7 39 39 39 39
1 1 5 3 1 6 40 40 40 40
2 1 6 4 2 5 41 41 41 41
1 1 7 5 3 4 42 42 42 42
1 2 6 4 4 3 43 43 43 43
2 1 5 3 5 2 44 44 44 44
1 2 6 2 4 3 45 45 45 45
2 1 7 3 5 2 46 46 46 46
3 2 8 4 6 3 47 47 47 47
2 3 7 5 5 4 48 48 48 48
1 2 8 4 4 3 49 49 49 49
1 1 7 3 5 4 50 50 50 50
1 2 8 2 4 5 51 51 51 51
1 1 7 1 5 4 52 52 52 52
1 1 6 1 6 3 53 53 53 53
1 2 7 1 7 2 54 54 54 54
2 3 8 2 6 1 55 55 55 55
3 2 9 3 7 2 56 56 56 56
4 1 10 4 6 1 57 57 57 57
3 1 9 3 7 1 58 58 58 58
2 1 10 2 6 2 59 59 59 59
3 1 9 3 7 1 60 60 60 60
