2 2 2 2 2 2 1 1 1 1
3 3 3 3 3 1 1 1 1 1
4 4 4 4 4 1 1 1 1 1
5 5 5 5 5 2 1 1 1 1
6 6 6 6 6 3 1 1 1 1
7 7 7 7 7 4 1 1 1 1
8 8 8 8 8 5 1 1 1 1
9 9 9 9 9 6 1 1 1 1
10 8 10 10 10 5 1 1 1 1
11 9 11 11 11 6 1 1 1 1
12 10 12 12 12 7 1 1 1 1
13 11 13 13 13 8 1 1 1 1
12 12 14 14 12 9 1 1 1 1
13 13 15 15 11 10 1 1 1 1
14 14 16 16 12 11 1 1 1 1
15 15 15 17 13 12 1 1 1 1
16 16 16 16 14 13 1 1 1 1
17 17 17 17 15 14 1 1 1 1
18 18 18 18 16 15 1 1 1 1
19 19 19 19 17 16 1 1 1 1
20 20 20 20 18 17 1 1 1 1
21 21 21 21 17 18 1 1 1 1
22 22 22 22 18 17 1 1 1 1
23 23 23 23 19 18 1 1 1 1
24 24 24 24 20 19 1 1 1 1
25 25 25 23 21 20 1 1 1 1
26 26 24 24 22 21 1 1 1 1
27 25 25 25 23 20 1 1 1 1
28 26 26 26 24 21 1 1 1 1
29 27 27 25 25 22 1 1 1 1
30 28 28 26 26 23 1 1 1 1
31 29 29 27 27 24 1 1 1 1
32 30 30 28 28 25 1 1 1 1
33 31 31 29 27 26 1 1 1 1
34 32 32 30 26 27 1 1 1 1
35 33 33 31 27 28 1 1 1 1
34 32 34 32 28 27 2 2 2 2
35 31 35 33 29 28 1 1 1 1
36 32 36 34 30 29 1 1 1 1
37 33 37 35 31 28 1 1 1 1
38 34 38 36 32 29 1 1 1 1
39 35 39 37 33 30 1 1 1 1
40 36 40 38 34 31 1 1 1 1
41 37 41 39 35 30 1 1 1 1
42 38 42 40 36 31 1 1 1 1
43 37 43 41 35 32 1 1 1 1
44 38 44 42 36 33 1 1 1 1
45 39 45 43 37 34 1 1 1 1
46 40 46 44 36 35 1 1 1 1
47 41 47 45 37 36 1 1 1 1
48 42 48 46 38 35 1 1 1 1
49 43 49 47 39 36 1 1 1 1
50 44 50 48 38 37 1 1 1 1
51 45 51 49 39 38 1 1 1 1
52 46 52 48 40 39 1 1 1 1
53 47 53 49 41 40 1 1 1 1
54 48 54 50 40 41 1 1 1 1
55 49 55 51 41 42 1 1 1 1
56 48 56 50 42 43 1 1 1 1
57 49 55 49 43 42 2 2 2 2
