1 1 1 1 1 1 1 1 1 1
2 1 1 1 2 1 2 2 2 2
3 2 1 2 1 1 3 3 3 3
4 3 2 3 2 2 2 2 2 2
3 2 1 4 3 3 3 3 3 3
4 3 2 5 4 4 2 2 2 2
5 4 3 6 3 5 1 1 1 1
4 5 4 7 4 6 1 1 1 1
3 4 5 8 5 7 1 1 1 1
4 5 6 9 6 8 1 1 1 1
5 6 7 10 7 9 1 1 1 1
4 7 8 11 8 10 1 1 1 1
5 8 9 12 9 9 1 1 1 1
4 9 10 13 10 10 1 1 1 1
5 10 11 12 11 11 1 1 1 1
4 11 12 11 12 10 2 2 2 2
5 12 11 12 13 11 1 1 1 1
6 11 12 13 14 10 1 1 1 1
7 10 11 12 15 11 2 2 2 2
8 11 10 11 16 12 1 1 1 1
7 12 11 10 17 13 1 1 1 1
8 11 12 11 18 14 1 1 1 1
9 12 13 12 19 15 1 1 1 1
10 13 14 13 18 16 1 1 1 1
11 14 15 14 19 17 1 1 1 1
10 15 16 15 20 18 1 1 1 1
11 16 15 16 21 19 1 1 1 1
10 15 16 17 22 20 1 1 1 1
11 16 17 18 21 19 1 1 1 1
12 15 16 19 22 20 1 1 1 1
13 14 15 20 23 21 1 1 1 1
14 15 16 21 24 22 1 1 1 1
15 16 17 22 25 21 1 1 1 1
16 17 18 23 26 22 1 1 1 1
17 18 19 24 27 21 1 1 1 1
18 19 20 25 28 22 1 1 1 1
19 20 19 26 29 23 1 1 1 1
20 19 18 27 30 22 2 2 2 2
21 18 19 28 31 23 1 1 1 1
22 19 18 29 32 22 1 1 1 1
23 18 19 30 33 23 1 1 1 1
24 17 20 31 34 24 1 1 1 1
25 18 19 32 35 25 1 1 1 1
26 17 20 33 36 26 1 1 1 1
27 18 21 34 37 27 1 1 1 1
26 17 20 35 38 28 2 2 2 2
27 18 19 36 39 29 1 1 1 1
28 17 18 37 40 30 1 1 1 1
27 18 19 38 41 31 1 1 1 1
28 17 20 39 42 32 1 1 1 1
29 18 21 40 43 33 1 1 1 1
30 19 22 41 44 34 1 1 1 1
31 18 23 40 45 33 2 2 2 2
32 19 24 41 44 32 1 1 1 1
33 18 25 40 45 31 2 2 2 2
34 19 26 41 46 32 1 1 1 1
33 20 27 40 47 33 1 1 1 1
34 21 26 41 48 34 1 1 1 1
33 22 27 40 49 35 1 1 1 1
34 23 26 41 50 34 1 1 1 1
