2 2 2 2 2 2 2 1 1 1
3 3 3 3 3 3 3 1 1 1
4 4 4 4 4 4 4 1 1 1
5 3 5 5 5 5 5 1 1 1
6 4 6 6 6 6 4 1 1 1
7 5 7 7 7 7 5 1 1 1
6 6 8 8 8 8 6 1 1 1
7 7 9 9 7 9 5 1 1 1
8 8 10 10 8 10 6 1 1 1
9 9 11 11 9 11 7 1 1 1
10 10 12 12 10 12 8 1 1 1
11 11 13 13 11 13 9 1 1 1
12 12 14 14 12 14 10 1 1 1
13 11 15 15 13 15 9 1 1 1
14 12 16 16 14 16 10 1 1 1
15 13 17 17 15 17 11 1 1 1
16 14 18 18 16 16 10 1 1 1
17 15 19 19 17 17 11 1 1 1
18 16 20 18 18 18 12 1 1 1
19 17 21 19 19 19 13 1 1 1
20 18 22 20 20 20 14 1 1 1
21 17 23 21 21 21 15 1 1 1
22 18 22 20 22 22 16 1 1 1
23 19 23 21 23 23 17 1 1 1
24 20 24 22 22 24 18 1 1 1
25 21 25 23 23 25 19 1 1 1
26 22 26 24 24 26 18 1 1 1
27 23 27 25 25 27 19 1 1 1
28 22 26 26 24 28 20 1 1 1
27 21 27 27 25 29 21 1 1 1
28 22 28 28 26 30 22 1 1 1
29 23 29 29 27 29 23 1 1 1
30 24 28 30 28 30 22 1 1 1
31 25 29 31 29 31 23 1 1 1
32 26 30 32 30 32 24 1 1 1
33 27 31 33 31 33 25 1 1 1
34 28 32 34 32 34 26 1 1 1
35 29 31 35 33 35 27 1 1 1
36 28 32 36 34 36 28 1 1 1
37 27 33 37 35 37 29 1 1 1
38 28 34 38 36 36 30 1 1 1
39 29 35 39 35 37 31 1 1 1
40 30 36 40 36 38 32 1 1 1
39 31 35 41 37 39 33 1 1 1
38 30 36 42 38 40 32 2 2 2
39 31 37 43 39 41 33 1 1 1
40 32 38 44 40 42 34 1 1 1
41 33 39 45 41 43 35 1 1 1
42 34 40 46 42 44 36 1 1 1
43 35 41 45 43 45 37 1 1 1
44 36 42 46 42 44 38 1 1 1
45 37 43 47 43 45 39 1 1 1
46 38 44 48 44 46 38 1 1 1
47 37 45 49 45 47 39 1 1 1
48 38 46 50 46 48 38 1 1 1
49 39 47 51 47 49 39 1 1 1
50 40 48 52 48 48 40 1 1 1
51 41 49 53 49 49 41 1 1 1
52 42 50 54 50 50 42 1 1 1
53 41 51 55 51 51 41 1 1 1
