2 2 2 2 2 2 1 1 1 1
3 3 3 3 3 3 1 1 1 1
4 4 4 4 4 4 1 1 1 1
5 5 5 5 5 5 1 1 1 1
6 6 6 6 6 4 1 1 1 1
7 7 7 7 7 5 1 1 1 1
8 8 8 8 8 6 1 1 1 1
7 9 9 9 7 7 1 1 1 1
8 10 10 10 8 8 1 1 1 1
7 11 11 11 9 9 1 1 1 1
8 12 12 12 10 10 1 1 1 1
9 13 13 13 9 11 1 1 1 1
10 14 14 14 10 12 1 1 1 1
11 15 15 15 11 13 1 1 1 1
12 16 16 16 12 14 1 1 1 1
13 17 15 17 13 15 1 1 1 1
14 18 16 18 14 16 1 1 1 1
15 19 17 19 15 17 1 1 1 1
16 20 18 18 16 18 1 1 1 1
17 21 19 17 17 19 1 1 1 1
18 22 20 18 18 20 1 1 1 1
19 21 21 19 19 21 1 1 1 1
20 22 22 20 20 22 1 1 1 1
21 23 23 21 21 23 1 1 1 1
20 24 24 22 22 24 1 1 1 1
19 25 25 23 23 25 1 1 1 1
20 26 26 24 22 26 1 1 1 1
21 27 25 25 23 27 1 1 1 1
22 28 26 26 22 28 1 1 1 1
21 29 27 27 23 29 1 1 1 1
22 30 28 26 24 30 1 1 1 1
23 31 29 25 25 31 1 1 1 1
24 32 30 26 26 32 1 1 1 1
25 33 31 27 25 33 1 1 1 1
26 34 32 28 24 34 1 1 1 1
27 33 33 29 23 33 2 2 2 2
28 34 34 30 24 34 1 1 1 1
29 35 35 31 25 35 1 1 1 1
30 36 36 32 26 36 1 1 1 1
29 37 37 33 27 37 1 1 1 1
30 38 38 34 28 38 1 1 1 1
31 39 39 35 29 37 1 1 1 1
32 40 40 36 30 38 1 1 1 1
33 41 41 37 31 39 1 1 1 1
34 42 42 36 32 40 1 1 1 1
35 43 43 37 33 41 1 1 1 1
36 44 44 38 34 42 1 1 1 1
37 45 45 39 35 43 1 1 1 1
38 46 46 40 36 44 1 1 1 1
37 47 47 41 37 45 1 1 1 1
38 48 48 42 38 46 1 1 1 1
39 49 49 43 37 47 1 1 1 1
40 50 50 44 38 48 1 1 1 1
41 51 51 45 39 49 1 1 1 1
42 52 52 46 40 50 1 1 1 1
43 53 53 47 41 51 1 1 1 1
44 54 54 48 42 52 1 1 1 1
45 53 55 49 43 53 1 1 1 1
46 54 56 50 44 54 1 1 1 1
47 55 57 51 45 55 1 1 1 1
