1 2 1 1 2 2 2 2 2 2
1 3 2 2 3 1 1 3 3 3
2 4 3 3 4 1 2 2 2 2
3 5 4 2 3 1 3 3 3 3
4 4 3 3 4 2 4 4 4 4
5 3 2 4 3 1 5 5 5 5
6 2 3 5 2 2 4 6 6 6
7 1 4 6 1 1 3 7 7 7
6 2 3 7 2 2 4 8 8 8
7 3 4 8 3 1 5 9 9 9
8 4 5 9 2 2 6 10 10 10
9 3 4 8 3 3 5 11 11 11
8 4 5 9 2 2 6 12 12 12
9 5 4 10 3 1 5 13 13 13
8 6 3 11 4 2 6 14 14 14
7 5 4 10 5 1 5 15 15 15
6 4 5 11 6 1 4 16 16 16
7 5 6 10 7 1 5 17 17 17
8 6 5 9 6 1 4 18 18 18
9 7 6 10 7 1 3 19 19 19
10 6 5 9 8 1 4 20 20 20
11 5 4 8 7 1 5 21 21 21
12 6 5 7 8 2 6 22 22 22
11 7 4 8 7 1 7 23 23 23
10 6 5 7 6 2 8 24 24 24
11 5 6 8 5 3 9 25 25 25
10 4 7 7 6 2 10 26 26 26
9 5 6 8 5 1 11 27 27 27
8 6 7 7 6 1 10 28 28 28
7 5 6 8 5 1 11 29 29 29
6 4 5 7 4 2 12 30 30 30
5 3 6 8 3 3 11 31 31 31
4 2 7 9 2 4 10 32 32 32
3 3 6 10 3 3 11 33 33 33
2 4 7 9 2 4 12 34 34 34
1 3 6 8 1 3 11 35 35 35
2 4 5 9 1 2 12 36 36 36
1 3 6 10 2 1 11 37 37 37
1 2 7 11 3 2 12 38 38 38
2 1 8 12 4 3 13 39 39 39
1 1 7 11 5 4 14 40 40 40
2 2 6 10 4 5 13 41 41 41
3 3 5 9 5 4 12 42 42 42
2 2 4 8 6 3 13 43 43 43
1 1 5 9 7 4 12 44 44 44
1 2 4 8 6 5 13 45 45 45
1 1 3 7 5 6 14 46 46 46
1 1 4 6 6 7 15 47 47 47
2 1 5 5 5 8 14 48 48 48
1 1 4 6 4 7 13 49 49 49
1 2 3 5 5 6 12 50 50 50
2 1 4 4 6 5 13 51 51 51
1 2 3 3 5 4 14 52 52 52
1 3 4 4 4 5 15 53 53 53
2 4 5 3 3 6 16 54 54 54
1 3 6 2 4 5 15 55 55 55
2 2 7 3 5 4 16 56 56 56
1 3 8 4 4 5 17 57 57 57
2 4 7 5 5 6 18 58 58 58
1 3 6 4 6 5 17 59 59 59
