1 1 1 1 1 1 1 1 1 1
1 2 2 2 2 2 2 1 1 1
2 3 3 3 3 1 1 1 1 1
3 4 4 4 4 2 1 1 1 1
4 5 5 5 5 3 1 1 1 1
3 6 4 6 6 4 2 1 1 1
4 7 5 7 7 5 1 1 1 1
5 6 6 8 6 6 2 1 1 1
6 7 7 7 5 7 3 1 1 1
7 8 8 8 4 8 4 1 1 1
8 9 9 9 5 7 5 1 1 1
9 10 10 10 6 8 6 1 1 1
10 11 9 11 5 7 7 1 1 1
9 12 10 12 4 8 8 1 1 1
10 13 9 13 5 9 7 1 1 1
11 14 10 14 4 10 8 1 1 1
12 15 9 15 5 11 9 1 1 1
13 16 10 16 6 12 10 1 1 1
12 17 11 17 7 13 11 1 1 1
11 18 12 18 8 14 12 1 1 1
12 19 13 19 9 15 13 1 1 1
13 20 14 20 10 16 14 1 1 1
14 21 15 19 11 15 15 1 1 1
15 22 14 18 12 14 16 1 1 1
16 23 13 19 13 15 17 1 1 1
17 24 14 20 12 16 18 1 1 1
18 25 13 19 11 15 19 2 2 2
19 26 14 20 12 16 20 1 1 1
20 25 15 21 13 17 21 1 1 1
21 26 16 22 14 18 22 1 1 1
22 27 17 23 15 19 23 1 1 1
23 28 18 24 16 20 24 1 1 1
24 27 19 25 17 21 25 1 1 1
25 28 20 26 16 22 26 1 1 1
26 27 21 27 17 23 27 1 1 1
27 28 22 28 18 22 28 1 1 1
28 29 23 29 19 23 27 1 1 1
29 30 24 30 20 24 28 1 1 1
30 31 25 31 21 25 27 1 1 1
31 32 24 32 22 26 28 1 1 1
32 33 25 33 23 27 29 1 1 1
33 34 26 34 24 28 30 1 1 1
34 33 27 33 23 29 31 2 2 2
35 34 28 34 24 28 32 1 1 1
34 35 29 35 23 29 33 1 1 1
35 36 28 36 24 30 34 1 1 1
36 35 29 37 25 31 35 1 1 1
37 36 30 38 26 32 36 1 1 1
38 37 31 39 27 33 37 1 1 1
39 38 32 40 28 34 38 1 1 1
40 39 33 41 27 35 39 1 1 1
41 40 34 42 28 36 40 1 1 1
42 41 33 43 29 37 41 1 1 1
43 42 34 44 30 38 42 1 1 1
42 43 35 45 31 37 43 1 1 1
43 44 36 46 32 38 44 1 1 1
44 45 37 45 33 39 45 1 1 1
45 46 38 46 34 40 46 1 1 1
46 47 39 47 35 41 47 1 1 1
45 48 40 48 36 42 48 1 1 1
46 47 41 49 37 43 49 1 1 1
47 48 42 50 36 44 50 1 1 1
48 49 43 51 35 43 51 1 1 1
49 50 44 52 34 44 52 1 1 1
50 51 45 53 35 43 53 1 1 1
51 52 46 54 36 44 54 1 1 1
52 53 47 55 37 45 55 1 1 1
51 52 48 56 38 44 56 1 1 1
52 51 49 57 39 45 57 1 1 1
53 52 50 58 40 46 58 1 1 1
54 53 51 59 41 47 59 1 1 1
55 54 52 60 42 46 60 1 1 1
56 55 53 61 41 47 61 1 1 1
55 56 54 62 40 48 62 1 1 1
56 57 53 63 41 49 63 1 1 1
57 58 54 64 42 50 64 1 1 1
56 57 55 65 43 51 65 1 1 1
57 56 56 66 42 50 66 1 1 1
58 57 57 67 43 51 67 1 1 1
59 58 56 68 44 52 66 1 1 1
60 57 57 69 43 53 65 1 1 1
59 58 58 70 44 54 66 1 1 1
60 59 59 71 45 55 67 1 1 1
61 60 60 70 46 56 66 1 1 1
62 61 61 71 47 57 65 1 1 1
63 62 62 72 46 56 66 1 1 1
64 63 63 73 47 57 67 1 1 1
65 64 62 74 46 58 68 1 1 1
66 65 61 75 47 59 69 1 1 1
67 66 62 76 48 60 70 1 1 1
68 65 61 77 49 61 69 2 2 2
69 66 62 78 48 62 70 1 1 1
70 67 63 79 49 63 71 1 1 1
71 68 64 80 50 64 70 1 1 1
70 69 65 81 51 65 71 1 1 1
71 68 66 82 50 64 72 2 2 2
72 67 67 83 51 65 73 1 1 1
71 68 68 82 52 64 74 1 1 1
72 69 69 83 53 65 75 1 1 1
71 70 70 84 54 66 76 1 1 1
