2 2 2 2 2 2 1 1 1 1
3 3 3 3 1 3 2 1 1 1
4 4 4 4 1 2 3 1 1 1
5 5 5 5 2 1 4 1 1 1
6 6 6 6 3 2 5 1 1 1
5 7 7 7 2 1 4 2 2 2
4 8 8 8 3 2 3 1 1 1
5 9 9 9 4 3 4 1 1 1
4 10 10 10 5 4 5 1 1 1
5 11 11 11 6 5 6 1 1 1
4 12 12 10 7 6 7 1 1 1
5 13 13 11 8 7 8 1 1 1
6 14 12 12 7 8 9 1 1 1
7 15 13 13 8 9 10 1 1 1
6 16 14 14 7 10 11 1 1 1
7 15 15 15 8 11 12 1 1 1
8 16 16 16 9 12 11 1 1 1
9 15 17 17 8 13 12 1 1 1
10 16 18 16 9 14 13 1 1 1
11 17 19 15 10 15 12 1 1 1
12 18 20 16 9 16 11 1 1 1
13 19 19 17 10 15 12 1 1 1
14 20 20 18 11 16 13 1 1 1
15 21 19 19 12 17 14 1 1 1
16 22 20 20 11 18 15 1 1 1
17 21 21 21 12 17 16 1 1 1
18 22 22 22 11 18 17 1 1 1
17 23 21 23 12 17 18 1 1 1
18 24 22 24 13 18 17 1 1 1
17 25 23 23 14 19 18 1 1 1
18 26 24 24 15 20 19 1 1 1
19 27 23 25 16 21 20 1 1 1
20 28 24 26 17 22 21 1 1 1
21 29 25 27 18 21 22 1 1 1
20 30 26 28 19 22 23 1 1 1
21 31 25 29 20 23 22 1 1 1
22 32 24 30 21 24 23 1 1 1
23 33 23 31 22 25 24 1 1 1
24 34 22 32 23 26 25 1 1 1
25 35 23 33 24 27 26 1 1 1
26 36 24 34 25 28 27 1 1 1
27 37 25 33 26 29 26 1 1 1
28 38 26 34 27 30 25 1 1 1
27 37 27 35 28 31 26 1 1 1
26 38 28 34 27 32 27 2 2 2
25 39 29 35 26 33 26 1 1 1
26 40 30 36 27 34 27 1 1 1
27 41 31 37 28 35 28 1 1 1
28 42 32 38 29 36 29 1 1 1
29 43 31 39 30 37 30 1 1 1
28 44 32 40 31 38 31 1 1 1
27 45 33 39 32 39 32 1 1 1
28 46 34 38 31 40 33 1 1 1
29 45 35 39 32 41 34 1 1 1
30 46 36 40 33 42 35 1 1 1
31 47 37 41 32 43 36 1 1 1
32 48 38 42 33 44 37 1 1 1
33 49 39 43 34 45 38 1 1 1
34 50 40 44 35 44 37 1 1 1
33 49 39 45 36 45 38 2 2 2
