2 1 2 2 2 2 2 2 2 2
3 2 1 1 1 3 3 3 3 3
2 1 2 1 2 4 4 4 4 4
3 2 1 1 3 3 5 5 5 5
2 1 2 2 2 4 6 6 6 6
1 1 1 3 3 5 7 7 7 7
1 2 2 2 2 6 8 8 8 8
2 1 3 1 3 7 9 9 9 9
3 1 4 1 2 8 10 10 10 10
2 2 3 2 1 7 11 11 11 11
1 3 4 3 1 6 12 12 12 12
1 2 5 2 1 5 13 13 13 13
1 1 6 3 2 4 14 14 14 14
2 1 7 4 3 5 15 15 15 15
1 2 6 3 2 4 16 16 16 16
1 1 7 2 1 5 17 17 17 17
1 2 8 3 2 6 18 18 18 18
2 3 7 4 1 5 19 19 19 19
1 2 6 3 2 4 20 20 20 20
1 3 5 4 3 3 21 21 21 21
2 2 4 3 2 2 22 22 22 22
1 3 3 4 3 1 23 23 23 23
2 2 4 3 4 1 24 24 24 24
3 3 3 4 3 1 25 25 25 25
2 4 2 5 4 1 26 26 26 26
3 5 3 4 3 1 27 27 27 27
4 6 4 5 2 1 28 28 28 28
5 5 5 6 1 1 29 29 29 29
6 6 4 5 2 2 30 30 30 30
7 7 5 4 1 1 31 31 31 31
8 8 6 5 1 1 32 32 32 32
7 9 7 4 1 1 33 33 33 33
6 10 6 3 2 2 34 34 34 34
7 9 7 4 1 3 35 35 35 35
8 8 8 5 1 2 36 36 36 36
7 9 7 4 1 1 37 37 37 37
8 8 8 5 2 1 38 38 38 38
9 9 9 6 3 1 39 39 39 39
10 8 10 5 2 1 40 40 40 40
11 7 9 6 1 1 41 41 41 41
12 8 8 5 2 1 42 42 42 42
11 7 7 4 1 2 43 43 43 43
12 8 6 3 1 3 44 44 44 44
13 9 5 4 1 4 45 45 45 45
12 8 6 5 2 5 46 46 46 46
11 7 7 4 3 4 47 47 47 47
12 6 6 3 2 3 48 48 48 48
13 7 5 4 1 4 49 49 49 49
12 6 6 5 1 3 50 50 50 50
11 5 5 4 2 2 51 51 51 51
10 6 4 5 3 1 52 52 52 52
9 7 3 4 4 2 53 53 53 53
10 8 2 3 3 3 54 54 54 54
11 9 1 2 2 2 55 55 55 55
12 8 1 1 1 3 56 56 56 56
13 7 1 1 2 2 57 57 57 57
12 6 1 2 1 3 58 58 58 58
11 7 1 1 2 4 59 59 59 59
10 8 1 1 1 5 60 60 60 60
11 9 1 2 2 6 61 61 61 61
