2 2 2 2 2 2 2 1 1 1
3 1 1 3 3 3 1 2 2 2
4 2 2 4 4 4 2 1 1 1
5 1 3 5 5 5 3 1 1 1
6 2 2 6 6 6 4 1 1 1
7 3 1 7 7 7 5 1 1 1
8 2 2 8 8 8 6 1 1 1
9 3 1 9 9 9 5 1 1 1
10 4 2 10 10 10 6 1 1 1
11 5 3 11 11 11 7 1 1 1
12 6 4 12 12 10 8 1 1 1
13 7 5 13 13 11 9 1 1 1
14 8 4 14 14 10 10 1 1 1
15 9 5 15 15 9 11 1 1 1
14 10 6 16 16 10 10 1 1 1
13 11 7 17 17 11 11 1 1 1
14 12 8 18 18 12 12 1 1 1
15 13 9 19 19 13 11 1 1 1
16 14 8 20 20 14 12 1 1 1
17 15 9 21 21 15 13 1 1 1
18 16 10 22 22 16 14 1 1 1
19 17 11 23 23 15 15 1 1 1
20 18 12 22 22 16 16 1 1 1
19 19 13 23 23 17 15 1 1 1
20 20 14 24 24 18 14 1 1 1
21 21 13 25 25 19 15 1 1 1
22 22 12 26 26 18 16 1 1 1
23 21 13 25 27 19 17 1 1 1
24 22 12 26 28 20 16 1 1 1
25 21 13 25 29 21 15 1 1 1
24 22 14 26 30 22 16 1 1 1
23 23 15 27 31 21 17 1 1 1
24 22 14 28 32 22 18 1 1 1
23 21 13 29 33 23 19 2 2 2
24 22 14 30 34 24 20 1 1 1
25 23 15 31 35 25 19 1 1 1
26 24 16 30 36 26 20 1 1 1
27 25 17 29 37 27 19 1 1 1
28 24 18 30 38 28 20 1 1 1
29 25 19 29 39 27 21 1 1 1
30 26 20 30 40 28 20 1 1 1
31 27 21 31 39 27 21 1 1 1
30 28 20 32 40 28 20 1 1 1
31 29 19 31 41 29 19 1 1 1
32 30 20 32 42 30 20 1 1 1
31 31 21 31 43 31 19 1 1 1
30 32 22 32 44 32 20 1 1 1
31 33 23 33 43 33 21 1 1 1
32 34 24 34 44 34 22 1 1 1
33 35 25 35 45 35 23 1 1 1
34 36 26 36 46 36 24 1 1 1
35 37 27 37 47 35 23 1 1 1
36 38 28 38 48 34 22 1 1 1
35 37 29 39 49 35 23 1 1 1
36 38 28 38 50 34 24 1 1 1
37 39 29 39 51 35 23 1 1 1
38 40 30 40 52 36 24 1 1 1
37 39 31 41 53 37 25 1 1 1
38 40 30 40 54 38 24 1 1 1
39 39 31 41 55 39 25 1 1 1
