2 2 2 2 2 2 1 1 1 1
3 3 3 1 3 3 1 1 1 1
4 4 4 2 4 4 2 1 1 1
5 5 5 3 3 5 3 1 1 1
6 4 6 4 4 6 4 1 1 1
7 5 7 3 5 7 5 1 1 1
8 6 8 4 6 8 4 1 1 1
9 7 7 5 7 9 5 1 1 1
8 8 6 4 8 10 4 2 2 2
7 7 7 5 9 11 5 1 1 1
8 8 8 6 10 12 6 1 1 1
9 9 9 7 11 13 7 1 1 1
10 10 10 8 12 14 6 1 1 1
11 11 11 9 13 15 7 1 1 1
12 12 10 10 14 16 8 1 1 1
13 11 9 9 15 17 9 1 1 1
14 12 10 10 16 16 10 1 1 1
13 13 11 9 17 17 11 1 1 1
13 13 11 9 17 17 11 1 1 1
12 14 12 8 18 18 12 1 1 1
13 15 11 9 19 19 13 1 1 1
14 16 12 10 20 18 14 1 1 1
15 17 13 11 21 17 15 1 1 1
16 18 14 12 22 18 16 1 1 1
17 19 15 13 23 19 17 1 1 1
18 20 16 14 24 20 16 1 1 1
19 19 17 15 25 19 17 1 1 1
18 20 18 16 26 20 18 1 1 1
19 21 19 17 27 21 19 1 1 1
20 22 20 18 28 22 20 1 1 1
21 23 21 19 29 23 21 1 1 1
22 24 20 20 28 24 20 1 1 1
23 25 19 19 27 25 21 1 1 1
24 24 18 20 26 26 22 2 2 2
23 25 19 21 27 27 23 1 1 1
24 24 20 22 26 28 24 1 1 1
25 25 21 23 27 29 25 1 1 1
26 26 22 24 28 30 26 1 1 1
27 27 23 25 27 31 27 1 1 1
28 26 24 26 28 30 28 1 1 1
29 25 25 27 29 29 29 1 1 1
30 26 26 28 28 30 28 1 1 1
31 27 27 29 29 31 29 1 1 1
32 26 28 30 28 32 28 1 1 1
33 27 29 31 29 31 29 1 1 1
34 28 28 30 30 32 28 1 1 1
35 29 27 31 29 33 29 1 1 1
34 30 28 32 30 34 28 1 1 1
33 31 29 31 31 35 29 1 1 1
32 32 30 32 32 36 30 1 1 1
31 31 31 33 33 37 31 1 1 1
30 32 30 34 34 38 30 1 1 1
31 33 31 35 35 39 29 1 1 1
32 34 32 34 36 40 28 1 1 1
33 35 33 35 35 41 29 1 1 1
34 36 34 36 34 40 30 1 1 1
35 35 35 37 35 41 31 1 1 1
36 34 36 38 36 42 32 1 1 1
37 35 37 39 37 41 33 1 1 1
38 34 38 40 38 42 34 1 1 1
39 35 39 41 37 41 35 1 1 1
40 34 38 42 38 42 36 1 1 1
41 33 39 41 37 43 37 2 2 2
42 34 40 42 38 44 38 1 1 1
43 35 39 43 37 45 39 1 1 1
44 36 40 44 38 46 38 1 1 1
45 37 41 43 39 47 37 1 1 1
44 38 42 44 40 48 36 1 1 1
45 39 41 45 41 49 37 1 1 1
46 38 42 46 42 50 36 1 1 1
47 39 43 47 43 51 37 1 1 1
48 40 44 46 44 52 38 1 1 1
49 39 45 47 45 53 37 1 1 1
48 38 46 48 46 52 38 1 1 1
49 39 47 47 47 53 39 1 1 1
50 38 48 46 48 54 40 1 1 1
51 39 49 45 49 53 41 1 1 1
52 38 50 46 48 54 42 1 1 1
53 39 51 45 49 53 43 1 1 1
54 40 52 46 48 54 44 1 1 1
55 41 53 45 49 53 45 1 1 1
56 42 54 46 50 54 46 1 1 1
57 43 55 47 51 55 47 1 1 1
58 42 56 48 52 54 46 1 1 1
59 41 57 49 53 53 45 1 1 1
58 42 56 48 54 54 46 1 1 1
59 41 57 47 55 55 45 1 1 1
60 42 58 48 54 56 46 1 1 1
61 43 59 47 55 57 47 1 1 1
60 44 60 48 56 58 46 1 1 1
61 45 61 49 57 59 47 1 1 1
62 46 62 50 58 58 48 1 1 1
61 47 61 49 59 59 49 1 1 1
62 48 62 50 58 60 50 1 1 1
63 49 63 49 59 59 51 1 1 1
64 50 64 48 58 60 52 1 1 1
65 51 65 49 59 61 51 1 1 1
66 50 64 50 60 62 52 1 1 1
65 51 63 51 61 63 51 1 1 1
66 50 64 52 62 64 52 1 1 1
