2 1 1 2 2 2 2 2 2 2
1 1 2 1 1 3 3 3 3 3
1 1 1 2 1 2 4 4 4 4
2 2 1 1 2 1 5 5 5 5
3 1 2 1 1 2 6 6 6 6
2 1 3 2 1 1 7 7 7 7
3 2 2 3 1 2 8 8 8 8
4 3 3 2 1 1 9 9 9 9
3 4 4 3 1 2 10 10 10 10
2 3 3 4 1 3 11 11 11 11
3 4 4 3 2 4 12 12 12 12
2 5 3 2 1 3 13 13 13 13
1 6 4 3 2 2 14 14 14 14
1 7 5 4 3 3 15 15 15 15
2 6 6 3 4 2 16 16 16 16
1 7 5 4 5 3 17 17 17 17
1 6 4 5 6 2 18 18 18 18
2 5 3 6 5 3 19 19 19 19
1 4 2 7 6 2 20 20 20 20
1 5 3 8 5 3 21 21 21 21
2 4 4 9 6 2 22 22 22 22
1 3 5 8 5 1 23 23 23 23
1 2 4 9 4 2 24 24 24 24
2 3 5 8 5 1 25 25 25 25
3 2 4 7 4 2 26 26 26 26
2 3 3 6 3 3 27 27 27 27
1 2 4 7 2 4 28 28 28 28
2 1 3 6 3 3 29 29 29 29
3 1 2 5 4 2 30 30 30 30
4 2 3 6 3 3 31 31 31 31
5 3 2 7 2 2 32 32 32 32
4 2 3 8 3 3 33 33 33 33
3 3 2 7 2 2 34 34 34 34
4 2 3 6 1 1 35 35 35 35
3 3 4 7 2 1 36 36 36 36
2 4 3 6 3 2 37 37 37 37
1 5 4 5 2 1 38 38 38 38
2 6 5 4 1 1 39 39 39 39
1 7 4 5 1 2 40 40 40 40
1 6 3 6 2 1 41 41 41 41
2 5 4 5 1 2 42 42 42 42
1 6 5 4 2 1 43 43 43 43
1 5 4 5 3 1 44 44 44 44
1 4 5 6 2 1 45 45 45 45
2 3 6 5 3 1 46 46 46 46
3 4 7 6 2 1 47 47 47 47
2 3 6 5 3 1 48 48 48 48
1 4 5 4 4 1 49 49 49 49
1 5 4 5 5 1 50 50 50 50
1 4 3 6 4 2 51 51 51 51
2 3 2 5 5 1 52 52 52 52
1 2 3 4 4 2 53 53 53 53
1 3 4 3 3 3 54 54 54 54
1 2 5 2 2 2 55 55 55 55
2 1 6 3 3 3 56 56 56 56
1 1 7 4 2 4 57 57 57 57
1 2 6 3 3 3 58 58 58 58
2 1 5 2 2 4 59 59 59 59
3 2 6 3 3 3 60 60 60 60
2 3 5 2 4 4 61 61 61 61
1 4 4 3 3 3 62 62 62 62
2 3 3 2 2 4 63 63 63 63
1 4 4 1 3 5 64 64 64 64
2 5 5 1 4 4 65 65 65 65
1 6 4 1 3 5 66 66 66 66
1 5 5 2 2 6 67 67 67 67
1 4 4 1 1 5 68 68 68 68
2 5 5 2 1 4 69 69 69 69
1 4 6 1 2 3 70 70 70 70
1 3 7 1 3 4 71 71 71 71
2 4 6 1 2 5 72 72 72 72
3 5 5 2 3 4 73 73 73 73
4 6 4 3 2 3 74 74 74 74
3 5 3 4 1 2 75 75 75 75
2 4 4 5 1 3 76 76 76 76
1 5 5 6 2 2 77 77 77 77
2 6 4 7 1 1 78 78 78 78
1 7 5 6 1 2 79 79 79 79
2 8 6 7 2 3 80 80 80 80
1 9 7 8 3 2 81 81 81 81
1 10 8 9 4 1 82 82 82 82
2 9 7 8 3 2 83 83 83 83
1 10 6 7 4 3 84 84 84 84
1 9 5 8 3 4 85 85 85 85
2 10 6 9 2 5 86 86 86 86
3 11 5 10 1 6 87 87 87 87
4 12 4 11 2 5 88 88 88 88
3 13 5 10 3 6 89 89 89 89
2 12 6 11 4 7 90 90 90 90
1 11 5 12 5 6 91 91 91 91
1 12 4 11 4 7 92 92 92 92
1 13 3 10 5 8 93 93 93 93
2 12 2 11 4 7 94 94 94 94
1 11 3 10 5 8 95 95 95 95
1 12 2 11 6 9 96 96 96 96
1 13 1 12 5 10 97 97 97 97
2 12 1 11 4 9 98 98 98 98
3 13 2 10 5 10 99 99 99 99
2 12 3 11 4 11 100 100 100 100
1 13 4 10 3 12 100 100 100 100
