1 1 1 1 1 1 1 1 1 1
1 1 1 1 1 1 1 1 1 1
2 2 2 2 2 2 2 1 1 1
3 3 3 3 3 3 3 1 1 1
4 2 4 4 4 4 4 1 1 1
5 3 5 5 5 3 3 1 1 1
6 4 6 6 6 4 4 1 1 1
7 3 7 7 7 3 3 1 1 1
8 2 8 8 8 2 4 1 1 1
9 3 9 7 9 3 5 1 1 1
10 4 8 6 8 4 6 2 2 2
9 3 9 7 7 3 7 3 3 3
10 4 8 8 8 4 6 2 2 2
11 5 9 9 9 5 7 1 1 1
12 6 10 10 10 6 8 1 1 1
11 7 11 11 11 7 9 1 1 1
12 6 12 12 12 8 10 1 1 1
13 7 11 13 13 9 9 1 1 1
12 8 12 14 14 10 10 1 1 1
11 7 13 15 13 11 11 2 2 2
12 8 14 16 12 10 12 1 1 1
13 9 15 17 13 11 13 1 1 1
14 10 16 18 14 12 12 1 1 1
15 11 17 19 15 13 13 1 1 1
16 12 18 20 14 14 14 1 1 1
17 13 19 21 15 15 13 1 1 1
18 14 20 20 16 16 12 1 1 1
17 15 21 19 17 17 13 1 1 1
18 16 22 18 18 18 12 1 1 1
19 15 23 19 19 19 13 1 1 1
18 16 24 20 20 20 14 1 1 1
17 15 25 21 21 19 15 1 1 1
18 16 26 22 22 20 16 1 1 1
19 17 27 23 23 19 15 1 1 1
18 18 28 22 24 20 16 1 1 1
19 17 27 23 25 21 15 1 1 1
20 18 28 24 26 22 14 1 1 1
21 19 29 25 27 23 15 1 1 1
22 20 30 26 28 24 16 1 1 1
23 21 29 27 27 25 15 1 1 1
24 22 30 26 28 24 14 1 1 1
25 21 31 25 29 23 15 2 2 2
26 22 32 26 30 22 16 1 1 1
27 21 33 27 31 23 15 1 1 1
28 22 34 26 32 24 14 1 1 1
29 23 35 27 31 25 15 1 1 1
28 24 34 28 32 26 14 1 1 1
29 25 33 29 31 27 13 1 1 1
30 26 34 30 32 26 12 1 1 1
31 27 35 31 33 27 13 1 1 1
32 28 36 32 32 28 14 1 1 1
33 29 37 33 33 29 15 1 1 1
32 30 38 34 32 30 16 1 1 1
33 31 39 33 33 31 17 1 1 1
34 32 40 32 34 30 16 2 2 2
35 33 41 33 33 29 15 1 1 1
36 34 42 34 34 28 14 1 1 1
37 35 43 35 35 27 15 1 1 1
38 34 44 36 36 26 16 1 1 1
39 35 43 37 37 27 17 1 1 1
40 34 44 36 38 26 16 2 2 2
41 35 43 35 39 27 17 1 1 1
42 36 42 36 40 28 16 1 1 1
41 37 43 37 41 29 17 1 1 1
42 38 44 38 42 30 18 1 1 1
43 39 45 39 43 31 19 1 1 1
44 38 44 40 42 32 20 1 1 1
45 39 45 41 43 33 21 1 1 1
46 40 44 42 42 34 22 1 1 1
47 41 45 43 43 35 23 1 1 1
46 42 44 44 44 36 24 1 1 1
45 41 45 45 45 37 25 1 1 1
46 42 46 46 46 36 24 1 1 1
47 43 47 45 47 35 25 1 1 1
48 42 48 46 48 36 26 1 1 1
49 43 49 47 47 37 27 1 1 1
48 42 50 48 46 38 28 1 1 1
47 43 51 47 47 39 29 1 1 1
48 42 50 46 48 40 30 1 1 1
47 41 51 47 47 41 31 1 1 1
48 40 52 48 48 42 32 1 1 1
47 41 53 49 49 43 33 1 1 1
48 42 54 50 50 44 34 1 1 1
49 43 55 51 49 45 35 1 1 1
50 44 54 52 48 44 36 1 1 1
51 45 55 53 49 43 37 1 1 1
52 46 56 54 50 44 36 1 1 1
53 47 55 53 51 45 37 1 1 1
52 48 56 54 52 46 38 1 1 1
53 49 57 55 53 47 39 1 1 1
54 48 58 54 54 48 40 2 2 2
55 47 59 55 55 47 39 1 1 1
56 48 58 56 56 48 40 1 1 1
57 49 59 57 57 49 41 1 1 1
58 48 60 58 58 50 42 1 1 1
57 49 61 59 59 51 43 1 1 1
58 50 62 60 60 52 44 1 1 1
59 51 63 59 61 53 45 1 1 1
60 52 64 60 62 54 46 1 1 1
61 53 65 61 63 55 47 1 1 1
