2 2 2 2 2 2 1 1 1 1
3 3 3 3 3 3 1 1 1 1
4 4 4 4 2 4 1 1 1 1
5 5 5 5 3 5 1 1 1 1
6 6 4 6 2 6 1 1 1 1
7 7 5 7 3 7 1 1 1 1
8 8 6 6 4 8 1 1 1 1
9 9 7 7 5 9 1 1 1 1
10 10 8 8 6 10 1 1 1 1
11 11 9 9 7 11 1 1 1 1
12 12 10 10 8 12 1 1 1 1
13 13 11 11 9 13 1 1 1 1
14 14 12 12 10 14 1 1 1 1
15 15 11 13 11 15 1 1 1 1
16 16 12 14 12 16 1 1 1 1
17 17 13 15 13 17 1 1 1 1
18 18 14 16 14 18 1 1 1 1
19 19 15 17 15 19 1 1 1 1
20 20 16 18 14 20 1 1 1 1
21 21 17 19 15 21 1 1 1 1
22 22 18 20 16 22 1 1 1 1
23 23 17 21 15 23 1 1 1 1
24 24 18 22 16 24 1 1 1 1
25 23 19 23 17 25 1 1 1 1
24 22 20 24 18 26 1 1 1 1
23 23 21 25 19 27 1 1 1 1
24 24 22 24 20 28 1 1 1 1
25 25 23 25 21 29 1 1 1 1
26 26 24 26 22 30 1 1 1 1
27 27 25 27 23 31 1 1 1 1
28 28 26 28 22 30 1 1 1 1
29 29 27 29 23 31 1 1 1 1
30 30 28 30 24 30 1 1 1 1
31 31 29 31 25 31 1 1 1 1
32 32 30 32 26 32 1 1 1 1
33 33 31 33 27 33 1 1 1 1
34 34 32 34 28 34 1 1 1 1
35 35 33 35 29 35 1 1 1 1
36 36 34 36 30 36 1 1 1 1
37 37 35 37 31 37 1 1 1 1
38 38 36 38 32 38 1 1 1 1
39 39 37 39 33 37 1 1 1 1
40 40 38 40 34 38 1 1 1 1
41 41 39 41 35 39 1 1 1 1
42 42 40 42 36 40 1 1 1 1
43 43 41 43 37 41 1 1 1 1
42 44 42 44 36 42 1 1 1 1
43 45 41 45 35 43 1 1 1 1
44 46 42 46 36 44 1 1 1 1
45 47 43 47 37 45 1 1 1 1
46 48 44 48 38 46 1 1 1 1
47 49 45 49 39 47 1 1 1 1
48 50 46 50 40 48 1 1 1 1
49 51 47 51 41 49 1 1 1 1
50 52 48 52 42 50 1 1 1 1
51 53 49 53 43 51 1 1 1 1
52 54 50 54 44 52 1 1 1 1
53 55 51 55 45 53 1 1 1 1
54 56 52 56 46 54 1 1 1 1
55 57 53 57 47 55 1 1 1 1
56 58 54 56 48 56 1 1 1 1
57 59 55 57 49 55 1 1 1 1
58 58 56 58 50 56 1 1 1 1
59 59 57 59 51 57 1 1 1 1
60 60 58 60 52 58 1 1 1 1
61 61 59 61 53 59 1 1 1 1
62 62 60 62 54 60 1 1 1 1
63 63 61 63 55 61 1 1 1 1
64 64 62 64 56 62 1 1 1 1
65 63 63 65 57 63 1 1 1 1
66 64 64 66 58 64 1 1 1 1
67 65 65 67 59 65 1 1 1 1
68 66 66 68 60 66 1 1 1 1
69 67 67 69 61 67 1 1 1 1
70 68 68 70 62 68 1 1 1 1
69 69 69 71 63 69 1 1 1 1
70 70 70 72 64 70 1 1 1 1
71 71 71 73 65 71 1 1 1 1
72 72 72 72 66 72 1 1 1 1
73 73 71 73 67 73 1 1 1 1
74 74 72 74 68 74 1 1 1 1
75 73 73 75 69 75 1 1 1 1
76 74 74 76 70 74 1 1 1 1
77 75 75 77 71 73 1 1 1 1
78 76 76 78 72 74 1 1 1 1
79 77 77 79 73 75 1 1 1 1
80 78 78 80 74 76 1 1 1 1
81 79 79 81 75 77 1 1 1 1
82 80 80 82 76 78 1 1 1 1
83 81 81 83 77 79 1 1 1 1
84 82 82 84 78 80 1 1 1 1
85 83 83 85 79 81 1 1 1 1
86 84 84 86 80 82 1 1 1 1
87 85 83 87 81 83 1 1 1 1
88 86 84 88 82 84 1 1 1 1
87 87 85 89 83 85 1 1 1 1
88 88 86 90 84 86 1 1 1 1
89 89 87 91 85 87 1 1 1 1
90 90 88 92 84 88 1 1 1 1
91 91 89 93 85 89 1 1 1 1
