2 2 2 2 2 2 2 1 1 1
3 3 3 3 3 3 3 1 1 1
4 4 4 4 2 4 4 1 1 1
5 5 5 5 3 3 5 1 1 1
6 6 6 6 4 4 6 1 1 1
7 7 5 5 5 5 7 1 1 1
8 8 6 6 6 6 6 1 1 1
9 9 7 7 7 7 7 1 1 1
10 10 8 8 8 8 8 1 1 1
11 11 9 9 9 9 9 1 1 1
12 12 10 8 10 10 10 1 1 1
13 13 11 9 11 11 11 1 1 1
14 14 12 10 12 12 12 1 1 1
15 15 13 11 13 13 13 1 1 1
16 16 14 12 14 14 14 1 1 1
17 17 15 13 15 15 15 1 1 1
18 18 16 14 16 16 14 1 1 1
19 17 17 15 17 17 15 1 1 1
20 18 18 14 18 18 16 1 1 1
21 19 19 15 19 19 15 1 1 1
22 20 20 16 18 20 16 1 1 1
23 21 19 17 19 21 17 1 1 1
24 22 20 18 20 22 18 1 1 1
25 23 21 19 21 23 19 1 1 1
26 24 22 20 20 24 20 1 1 1
27 25 23 21 21 23 21 1 1 1
28 26 24 22 22 24 22 1 1 1
27 27 23 23 23 25 23 1 1 1
28 28 24 24 24 26 24 1 1 1
29 29 25 23 25 27 25 1 1 1
30 30 26 24 26 28 26 1 1 1
31 31 27 25 27 29 27 1 1 1
32 32 28 26 28 30 28 1 1 1
33 33 29 27 29 29 29 1 1 1
32 34 30 28 30 30 30 1 1 1
33 35 29 29 31 31 31 1 1 1
34 36 28 30 32 32 32 1 1 1
35 37 29 31 33 33 33 1 1 1
36 38 28 32 34 34 34 1 1 1
37 39 29 33 35 35 35 1 1 1
38 40 30 34 36 36 36 1 1 1
39 41 31 35 37 37 37 1 1 1
40 42 32 36 38 38 38 1 1 1
41 41 33 37 39 39 39 1 1 1
42 40 34 38 40 38 40 1 1 1
43 41 35 39 41 39 41 1 1 1
44 42 36 40 42 40 42 1 1 1
45 43 37 41 43 41 43 1 1 1
46 44 38 42 44 42 44 1 1 1
47 45 37 43 45 43 45 1 1 1
48 46 38 44 46 44 46 1 1 1
47 47 39 43 47 45 47 1 1 1
48 48 40 44 46 46 48 1 1 1
49 49 41 45 47 47 49 1 1 1
50 50 42 46 48 48 50 1 1 1
51 51 43 47 47 49 51 1 1 1
52 52 44 48 48 50 52 1 1 1
53 53 45 49 49 51 53 1 1 1
54 54 46 50 50 50 52 1 1 1
55 55 47 51 51 51 53 1 1 1
