2 2 2 2 2 2 1 1 1 1
3 1 3 3 3 3 1 1 1 1
4 2 4 2 4 4 1 1 1 1
3 1 3 3 5 5 2 2 2 2
2 1 4 4 4 6 3 3 3 3
1 1 3 3 5 5 4 4 4 4
2 2 2 2 4 4 5 5 5 5
1 3 1 3 3 3 6 6 6 6
2 2 1 4 4 4 7 7 7 7
3 1 1 5 3 5 8 8 8 8
2 1 1 4 2 6 9 9 9 9
1 1 1 3 3 7 10 10 10 10
1 1 1 4 2 6 11 11 11 11
1 1 2 5 3 7 12 12 12 12
2 2 1 4 4 8 13 13 13 13
3 3 1 3 3 7 14 14 14 14
4 2 2 4 4 6 15 15 15 15
3 1 1 3 5 5 16 16 16 16
4 1 1 2 6 4 17 17 17 17
5 2 1 1 5 5 18 18 18 18
4 3 1 1 4 4 19 19 19 19
3 4 2 1 3 3 20 20 20 20
2 5 1 1 4 2 21 21 21 21
1 6 2 2 3 1 22 22 22 22
2 5 1 1 2 1 23 23 23 23
3 4 2 1 1 1 24 24 24 24
2 3 1 1 1 2 25 25 25 25
3 2 1 1 2 1 26 26 26 26
4 1 1 1 1 1 27 27 27 27
5 2 1 1 2 2 28 28 28 28
6 1 2 2 1 1 29 29 29 29
5 2 3 3 2 1 30 30 30 30
6 1 2 2 1 2 31 31 31 31
5 1 1 3 2 3 32 32 32 32
6 2 1 2 1 4 33 33 33 33
5 1 1 1 1 3 34 34 34 34
6 2 1 2 2 4 35 35 35 35
5 3 2 1 1 3 36 36 36 36
6 2 1 1 1 2 37 37 37 37
5 1 1 2 1 1 38 38 38 38
4 1 2 3 1 2 39 39 39 39
5 2 3 4 1 3 40 40 40 40
6 1 2 3 2 2 41 41 41 41
7 1 3 2 1 3 42 42 42 42
6 1 4 1 2 2 43 43 43 43
5 1 5 1 1 3 44 44 44 44
4 1 6 1 1 2 45 45 45 45
3 1 5 2 1 1 46 46 46 46
2 1 6 3 2 1 47 47 47 47
3 2 7 4 1 2 48 48 48 48
4 1 6 3 1 3 49 49 49 49
3 2 7 2 1 4 50 50 50 50
4 1 8 3 2 3 51 51 51 51
5 1 7 2 3 2 52 52 52 52
6 2 6 1 2 1 53 53 53 53
5 1 5 1 3 2 54 54 54 54
6 1 4 1 2 1 55 55 55 55
7 2 3 1 1 2 56 56 56 56
8 1 2 1 2 3 57 57 57 57
7 2 1 2 3 4 58 58 58 58
