1 1 1 1 1 1 1 1 1 1
1 1 1 1 1 1 1 1 1 1
1 2 1 2 2 2 2 2 2 2
2 3 2 3 1 3 1 3 3 3
2 3 2 3 1 3 1 3 3 3
1 4 1 2 1 4 1 4 4 4
1 3 1 3 1 3 2 5 5 5
2 4 2 4 1 4 3 4 4 4
1 3 3 3 2 5 4 5 5 5
2 4 4 4 3 4 3 6 6 6
3 3 3 3 4 5 2 7 7 7
4 4 2 4 5 6 1 8 8 8
5 5 1 5 6 7 2 7 7 7
6 4 1 6 5 8 1 8 8 8
7 5 1 5 4 7 1 9 9 9
6 4 1 6 3 6 2 10 10 10
7 3 2 5 2 5 1 11 11 11
6 2 3 4 1 4 1 12 12 12
7 3 2 3 1 3 2 13 13 13
6 2 1 2 1 2 3 14 14 14
5 1 1 1 1 1 4 15 15 15
4 2 2 1 1 1 3 16 16 16
3 1 1 1 1 1 4 17 17 17
2 1 1 1 1 2 5 18 18 18
3 1 1 1 2 1 4 19 19 19
4 2 1 2 3 1 3 20 20 20
5 3 1 3 2 1 2 21 21 21
4 2 1 4 3 1 1 22 22 22
3 1 1 3 2 1 1 23 23 23
2 1 2 2 1 1 1 24 24 24
3 1 1 1 2 2 1 25 25 25
4 1 2 1 1 1 1 26 26 26
3 1 1 1 2 2 1 27 27 27
2 1 1 1 3 1 2 28 28 28
1 2 1 1 2 1 3 29 29 29
2 1 1 2 3 1 2 30 30 30
1 1 2 1 4 2 1 31 31 31
1 1 1 2 3 1 1 32 32 32
2 1 1 1 4 1 1 33 33 33
1 1 2 1 3 2 2 34 34 34
1 1 3 1 4 1 1 35 35 35
1 1 2 1 5 2 1 36 36 36
1 1 3 1 6 1 1 37 37 37
2 1 4 1 5 1 2 38 38 38
3 1 3 1 4 1 3 39 39 39
4 1 4 2 3 2 2 40 40 40
5 1 3 1 4 1 3 41 41 41
4 1 4 1 5 1 2 42 42 42
3 2 3 1 4 1 1 43 43 43
2 3 2 1 5 2 2 44 44 44
1 4 3 1 4 1 1 45 45 45
1 3 2 1 5 2 1 46 46 46
1 2 3 1 4 1 1 47 47 47
1 1 4 2 3 1 2 48 48 48
1 2 3 1 2 2 1 49 49 49
1 3 2 2 3 3 2 50 50 50
1 2 1 1 4 2 3 51 51 51
1 1 1 1 5 1 4 52 52 52
1 1 1 2 4 1 3 53 53 53
1 1 2 3 5 2 4 54 54 54
