2 2 2 2 2 2 1 1 1 1
3 3 3 3 3 3 1 1 1 1
4 4 4 4 4 4 1 1 1 1
5 5 5 5 5 3 1 1 1 1
6 6 6 6 6 4 1 1 1 1
7 7 7 7 7 5 1 1 1 1
8 8 8 8 8 6 1 1 1 1
9 9 9 9 9 7 1 1 1 1
10 10 10 10 10 6 1 1 1 1
9 11 11 11 11 7 1 1 1 1
10 12 12 12 12 8 1 1 1 1
9 13 13 11 13 9 1 1 1 1
10 14 14 12 14 10 1 1 1 1
11 15 15 13 15 11 1 1 1 1
12 16 16 14 16 12 1 1 1 1
13 17 17 15 17 13 1 1 1 1
14 18 18 16 18 14 1 1 1 1
15 19 19 17 19 15 1 1 1 1
16 20 20 18 20 16 1 1 1 1
17 21 19 19 21 17 1 1 1 1
18 22 20 20 22 18 1 1 1 1
19 23 21 21 23 19 1 1 1 1
20 24 22 22 24 20 1 1 1 1
21 25 23 23 25 21 1 1 1 1
22 24 24 24 26 22 1 1 1 1
23 25 25 25 27 23 1 1 1 1
24 26 26 26 28 24 1 1 1 1
25 27 27 27 29 25 1 1 1 1
26 28 28 28 30 26 1 1 1 1
27 29 29 29 31 27 1 1 1 1
28 30 30 30 32 28 1 1 1 1
29 29 31 31 33 29 1 1 1 1
30 30 32 32 34 30 1 1 1 1
31 31 33 33 35 31 1 1 1 1
32 32 34 34 36 32 1 1 1 1
33 33 35 35 37 33 1 1 1 1
34 34 36 36 38 34 1 1 1 1
35 35 37 37 39 35 1 1 1 1
36 36 38 38 40 36 1 1 1 1
37 37 39 37 41 37 1 1 1 1
38 38 40 38 42 36 1 1 1 1
39 39 41 39 43 37 1 1 1 1
40 40 42 38 44 38 1 1 1 1
41 41 43 39 45 39 1 1 1 1
42 40 44 40 46 40 1 1 1 1
43 41 45 41 47 41 1 1 1 1
44 42 46 42 48 42 1 1 1 1
45 43 47 43 49 43 1 1 1 1
46 44 46 44 50 44 1 1 1 1
45 45 45 45 51 45 1 1 1 1
46 46 46 46 50 46 1 1 1 1
47 47 47 47 51 47 1 1 1 1
48 48 48 48 52 46 1 1 1 1
49 49 49 49 53 47 1 1 1 1
50 50 50 50 54 48 1 1 1 1
51 51 51 51 55 49 1 1 1 1
52 50 52 52 56 50 1 1 1 1
53 51 53 53 57 51 1 1 1 1
54 52 54 54 58 52 1 1 1 1
55 53 55 55 59 53 1 1 1 1
