2 2 2 2 2 2 2 1 1 1
1 3 3 3 3 3 3 1 1 1
2 2 4 4 4 4 4 1 1 1
3 3 5 3 3 5 5 2 2 2
4 2 6 4 4 6 4 1 1 1
5 1 5 5 5 7 5 1 1 1
6 1 6 4 6 8 4 1 1 1
5 1 7 5 7 9 3 2 2 2
6 1 8 4 8 10 4 1 1 1
7 2 7 5 9 11 5 1 1 1
8 3 6 4 8 12 4 2 2 2
7 2 5 5 9 13 5 3 3 3
8 3 4 4 10 14 6 4 4 4
9 2 3 3 9 15 5 5 5 5
10 3 4 2 8 14 4 6 6 6
11 2 5 1 9 15 5 5 5 5
12 1 6 2 8 14 4 6 6 6
13 1 7 1 7 13 3 7 7 7
14 1 6 2 8 14 4 6 6 6
15 1 5 3 7 13 5 7 7 7
16 2 4 2 8 12 4 8 8 8
15 1 3 3 7 13 3 9 9 9
16 2 4 4 8 14 4 8 8 8
17 3 3 3 7 15 3 9 9 9
18 2 2 2 6 14 4 10 10 10
19 1 1 3 7 15 3 11 11 11
20 2 1 2 6 16 4 12 12 12
21 3 1 3 5 15 3 13 13 13
20 4 1 2 4 16 4 14 14 14
21 5 2 1 3 15 5 15 15 15
22 6 3 2 4 16 4 14 14 14
23 5 4 3 5 15 5 15 15 15
24 4 3 2 6 14 4 16 16 16
25 5 4 3 7 15 3 15 15 15
24 4 3 2 8 16 2 16 16 16
25 5 4 3 9 15 3 17 17 17
26 4 3 2 10 14 4 18 18 18
25 5 2 1 11 13 3 19 19 19
26 4 3 1 10 12 4 20 20 20
25 3 4 1 9 13 3 21 21 21
24 2 3 1 8 14 2 22 22 22
23 1 2 2 9 15 1 23 23 23
24 2 3 3 8 16 2 24 24 24
23 1 2 2 9 15 3 25 25 25
24 1 1 3 10 14 4 26 26 26
25 2 1 4 9 13 3 27 27 27
26 1 2 5 8 12 2 28 28 28
25 1 1 4 7 13 3 29 29 29
26 1 1 3 6 12 4 30 30 30
27 1 1 2 7 13 3 31 31 31
26 1 2 3 6 14 2 32 32 32
27 2 3 2 5 15 1 33 33 33
26 1 4 3 6 14 2 34 34 34
25 2 3 2 5 15 3 35 35 35
26 1 2 1 4 14 2 36 36 36
25 1 1 1 5 13 3 37 37 37
24 1 1 2 4 14 2 38 38 38
25 1 1 3 5 13 1 39 39 39
26 2 1 2 6 12 2 40 40 40
27 1 1 1 5 13 1 41 41 41
