1 1 1 1 1 1 1 1 1 1
2 2 2 2 2 1 2 1 1 1
1 3 3 3 1 1 1 2 2 2
2 4 4 4 2 2 2 1 1 1
3 5 5 5 1 3 3 1 1 1
4 6 6 6 2 4 4 1 1 1
5 7 7 7 3 5 3 1 1 1
4 6 8 6 2 6 4 2 2 2
5 7 7 7 3 7 5 1 1 1
6 8 6 8 4 8 6 1 1 1
5 9 7 9 5 9 7 1 1 1
6 10 8 10 6 10 8 1 1 1
7 11 9 11 7 9 7 1 1 1
8 12 10 12 8 10 8 1 1 1
9 13 11 13 9 11 9 1 1 1
10 14 10 14 10 12 10 1 1 1
9 15 11 13 11 13 11 1 1 1
10 16 10 14 12 14 12 1 1 1
11 17 11 15 13 15 13 1 1 1
12 16 12 16 14 16 14 1 1 1
13 17 13 17 15 17 13 1 1 1
14 16 14 18 16 18 14 1 1 1
15 17 15 19 17 19 15 1 1 1
16 18 16 20 18 20 16 1 1 1
17 19 17 21 19 21 17 1 1 1
18 20 18 22 20 22 18 1 1 1
19 21 19 23 21 23 19 1 1 1
20 22 20 24 22 24 18 1 1 1
21 23 21 25 23 25 19 1 1 1
22 24 22 24 24 26 20 1 1 1
23 25 23 25 25 27 21 1 1 1
24 26 24 26 26 28 22 1 1 1
25 27 25 27 27 29 23 1 1 1
26 28 26 28 28 30 24 1 1 1
27 29 27 29 29 31 25 1 1 1
28 30 28 30 30 32 24 1 1 1
29 31 29 31 31 31 25 1 1 1
30 30 30 32 32 32 26 1 1 1
31 31 29 33 31 33 27 1 1 1
32 32 28 34 32 34 28 1 1 1
33 33 29 33 33 35 29 1 1 1
34 32 30 34 34 36 30 1 1 1
35 33 31 35 35 37 31 1 1 1
36 34 32 34 36 36 32 1 1 1
37 35 33 35 37 37 33 1 1 1
38 36 34 36 38 38 34 1 1 1
39 37 35 37 39 39 35 1 1 1
40 38 34 38 38 40 36 1 1 1
41 39 35 39 39 41 35 1 1 1
42 40 36 38 40 42 36 1 1 1
43 41 37 39 41 43 37 1 1 1
44 42 36 40 42 44 38 1 1 1
45 43 37 41 43 45 39 1 1 1
46 44 38 42 42 46 40 1 1 1
47 45 39 43 43 47 41 1 1 1
48 46 40 44 42 48 40 1 1 1
49 45 41 45 43 49 41 1 1 1
50 46 42 44 44 50 42 1 1 1
51 47 41 45 45 51 41 1 1 1
52 48 42 46 46 52 42 1 1 1
51 49 41 47 47 53 43 1 1 1
52 50 42 46 48 54 44 1 1 1
53 51 43 47 49 55 45 1 1 1
54 52 44 48 50 56 46 1 1 1
53 53 45 49 49 57 47 1 1 1
54 54 46 50 50 58 48 1 1 1
55 55 47 51 51 59 49 1 1 1
56 56 48 52 52 60 50 1 1 1
55 57 49 53 53 61 51 1 1 1
56 58 50 54 54 60 50 1 1 1
57 59 51 55 55 61 51 1 1 1
58 60 52 56 56 62 52 1 1 1
59 61 51 57 57 63 53 1 1 1
60 60 52 58 58 64 54 1 1 1
61 61 53 59 59 65 55 1 1 1
62 62 54 60 60 66 56 1 1 1
63 63 55 61 61 67 55 1 1 1
64 64 56 62 60 68 56 1 1 1
65 65 57 63 61 69 57 1 1 1
66 66 58 64 62 70 58 1 1 1
67 67 59 65 63 71 57 1 1 1
68 68 60 64 64 72 58 1 1 1
69 69 61 65 65 73 59 1 1 1
70 70 62 66 64 74 60 1 1 1
71 71 61 67 65 75 61 1 1 1
72 72 62 68 66 76 62 1 1 1
73 73 63 69 67 77 61 1 1 1
74 74 64 70 68 78 60 1 1 1
75 75 65 71 69 79 61 1 1 1
76 76 66 72 70 80 62 1 1 1
77 77 67 73 71 81 63 1 1 1
78 78 68 74 72 80 64 1 1 1
79 79 69 75 73 81 65 1 1 1
80 80 70 76 74 82 66 1 1 1
81 81 71 77 75 83 65 1 1 1
82 82 72 78 76 84 66 1 1 1
83 83 73 79 77 85 67 1 1 1
84 84 74 80 78 86 68 1 1 1
83 85 73 81 79 87 69 1 1 1
84 86 74 82 80 88 68 1 1 1
