2 2 2 2 2 1 2 1 1 1
1 3 3 3 1 1 1 2 2 2
2 4 4 4 2 1 2 1 1 1
3 5 3 5 3 2 1 1 1 1
4 4 2 6 2 1 2 2 2 2
3 5 3 7 3 2 3 1 1 1
4 4 4 8 2 1 2 2 2 2
5 5 5 7 3 2 3 1 1 1
6 4 6 8 4 3 2 1 1 1
7 5 5 9 5 2 1 2 2 2
6 6 6 10 4 3 1 3 3 3
5 7 7 11 3 4 2 2 2 2
4 8 6 12 2 3 1 3 3 3
5 9 5 13 3 2 1 4 4 4
4 10 4 14 2 1 2 5 5 5
5 11 3 15 3 2 3 4 4 4
4 10 4 16 4 1 2 5 5 5
5 11 5 15 5 1 1 6 6 6
6 12 4 14 4 1 1 7 7 7
5 11 5 13 5 1 1 8 8 8
6 10 4 12 6 1 2 9 9 9
7 9 3 11 5 1 3 10 10 10
8 10 4 10 6 1 4 11 11 11
9 11 5 11 7 2 5 10 10 10
8 10 6 10 6 3 6 11 11 11
9 9 5 11 5 4 5 12 12 12
10 10 4 12 6 5 6 11 11 11
11 11 5 11 7 6 7 10 10 10
10 12 6 10 8 5 6 11 11 11
9 11 5 11 7 4 7 12 12 12
10 12 6 12 8 3 8 11 11 11
9 11 5 13 7 4 7 12 12 12
8 10 4 14 6 5 6 13 13 13
7 9 3 15 7 4 5 14 14 14
6 8 4 14 6 5 6 15 15 15
7 9 5 15 7 6 7 14 14 14
8 8 6 16 8 7 8 13 13 13
9 9 7 17 7 8 9 12 12 12
8 8 8 16 8 9 10 13 13 13
9 7 7 17 9 10 11 14 14 14
10 8 8 18 8 11 12 13 13 13
9 9 9 19 9 12 13 12 12 12
10 8 10 20 10 13 14 11 11 11
11 9 11 21 11 14 15 10 10 10
12 10 10 22 12 13 16 9 9 9
13 9 11 23 13 12 17 8 8 8
14 10 12 24 14 11 16 7 7 7
15 11 11 25 13 12 17 6 6 6
16 12 10 26 14 11 18 5 5 5
17 13 11 25 15 12 19 4 4 4
18 14 12 26 16 13 20 3 3 3
19 15 13 27 15 14 19 2 2 2
20 16 14 28 16 15 18 1 1 1
21 15 15 29 17 14 17 1 1 1
20 16 16 28 16 15 18 2 2 2
21 17 15 29 15 16 19 1 1 1
22 16 16 30 16 15 20 2 2 2
23 15 17 31 17 16 21 1 1 1
22 14 16 32 16 17 22 2 2 2
23 15 17 33 17 18 23 1 1 1
