2 2 2 2 2 2 2 1 1 1
3 3 3 3 3 3 3 1 1 1
4 4 4 4 4 4 4 1 1 1
5 5 5 5 5 5 5 1 1 1
6 6 6 6 6 6 6 1 1 1
7 7 7 7 7 7 7 1 1 1
8 8 8 8 8 8 8 1 1 1
9 9 9 9 9 9 9 1 1 1
10 8 10 10 10 10 10 1 1 1
11 9 11 11 11 11 11 1 1 1
12 10 12 12 12 12 12 1 1 1
13 11 13 13 13 13 13 1 1 1
14 12 14 14 14 14 14 1 1 1
15 13 15 15 15 15 15 1 1 1
16 14 16 16 16 16 16 1 1 1
17 13 17 17 17 17 17 1 1 1
18 14 18 18 18 18 18 1 1 1
19 15 19 17 19 19 19 1 1 1
20 16 20 18 20 20 20 1 1 1
21 17 21 19 21 21 21 1 1 1
22 18 22 20 22 22 22 1 1 1
23 19 23 21 23 23 23 1 1 1
24 20 24 22 24 24 24 1 1 1
25 21 25 23 25 25 25 1 1 1
26 22 26 24 26 26 26 1 1 1
27 23 27 25 27 27 27 1 1 1
28 24 28 26 28 28 28 1 1 1
29 25 29 27 29 29 29 1 1 1
30 26 30 28 30 30 30 1 1 1
31 27 31 29 31 31 31 1 1 1
32 28 32 30 32 32 32 1 1 1
33 29 33 31 33 33 33 1 1 1
34 30 34 32 34 34 34 1 1 1
35 31 35 33 35 35 35 1 1 1
36 32 36 34 36 36 36 1 1 1
37 33 37 35 37 37 37 1 1 1
38 34 38 36 38 38 38 1 1 1
39 35 39 37 39 39 39 1 1 1
40 36 40 38 40 40 40 1 1 1
41 37 41 39 41 41 41 1 1 1
42 38 42 40 42 42 42 1 1 1
43 39 43 41 43 43 43 1 1 1
44 40 44 42 44 42 44 1 1 1
45 41 45 43 45 43 45 1 1 1
46 42 46 44 46 42 46 1 1 1
47 43 47 45 47 43 47 1 1 1
48 44 48 46 48 44 48 1 1 1
49 45 49 47 49 45 49 1 1 1
50 46 50 48 50 46 50 1 1 1
51 47 51 49 51 47 51 1 1 1
52 48 52 50 52 48 52 1 1 1
53 49 53 51 53 49 53 1 1 1
54 50 54 52 54 50 54 1 1 1
55 51 55 53 55 51 55 1 1 1
56 52 56 54 56 52 56 1 1 1
57 53 57 55 57 53 57 1 1 1
58 54 58 56 58 54 58 1 1 1
59 53 59 57 59 55 59 1 1 1
60 54 60 58 60 56 60 1 1 1
61 55 61 59 61 57 61 1 1 1
62 56 62 60 62 58 62 1 1 1
63 57 63 61 63 59 63 1 1 1
64 58 64 62 64 60 64 1 1 1
65 59 65 63 65 61 65 1 1 1
66 60 66 64 66 62 66 1 1 1
67 61 67 65 67 63 67 1 1 1
68 62 68 66 68 64 68 1 1 1
69 63 69 67 69 65 69 1 1 1
70 64 70 68 70 66 70 1 1 1
69 65 71 69 71 67 71 1 1 1
70 66 72 70 72 66 72 1 1 1
71 67 73 71 73 67 73 1 1 1
72 68 74 72 74 68 74 1 1 1
73 69 75 73 75 69 75 1 1 1
74 70 76 74 76 70 76 1 1 1
75 71 77 75 77 71 77 1 1 1
76 72 78 76 78 72 78 1 1 1
77 73 79 77 79 73 79 1 1 1
78 74 80 78 80 74 80 1 1 1
79 75 81 79 81 75 81 1 1 1
80 76 82 80 82 76 82 1 1 1
81 77 83 81 83 77 83 1 1 1
82 78 84 82 84 78 84 1 1 1
83 79 85 83 85 79 85 1 1 1
84 80 86 84 86 80 86 1 1 1
83 81 87 85 87 81 87 1 1 1
84 82 88 86 88 82 88 1 1 1
85 83 89 87 89 83 89 1 1 1
86 84 90 88 90 84 90 1 1 1
87 85 91 89 91 85 91 1 1 1
88 86 92 90 92 86 92 1 1 1
89 87 93 91 93 87 93 1 1 1
90 88 94 92 94 88 94 1 1 1
91 89 95 93 95 89 95 1 1 1
92 90 96 94 96 90 96 1 1 1
93 91 97 95 97 91 97 1 1 1
94 92 98 96 98 92 98 1 1 1
95 93 99 97 99 93 99 1 1 1
96 94 100 98 100 94 100 1 1 1
97 95 100 99 100 95 100 1 1 1
