1 1 2 2 1 1 2 2 2 2
1 1 1 1 1 2 3 3 3 3
2 2 1 2 1 1 4 4 4 4
1 1 1 1 1 1 5 5 5 5
2 2 2 2 2 1 6 6 6 6
1 1 3 1 3 1 7 7 7 7
1 2 4 1 2 1 8 8 8 8
2 3 5 2 3 1 9 9 9 9
1 2 6 3 4 2 10 10 10 10
2 1 7 4 3 3 11 11 11 11
1 1 8 5 2 2 12 12 12 12
2 1 9 4 3 3 13 13 13 13
1 1 10 3 2 4 14 14 14 14
2 1 9 2 3 3 15 15 15 15
3 2 10 3 2 2 16 16 16 16
2 1 11 4 1 3 17 17 17 17
3 2 10 5 1 4 18 18 18 18
4 1 11 6 1 5 19 19 19 19
3 1 10 5 1 6 20 20 20 20
2 2 9 6 2 7 21 21 21 21
3 1 10 5 1 8 22 22 22 22
2 1 9 6 1 9 23 23 23 23
1 2 10 5 2 10 24 24 24 24
1 1 11 6 3 11 25 25 25 25
1 2 12 7 2 10 26 26 26 26
2 3 13 8 1 9 27 27 27 27
1 2 12 7 1 10 28 28 28 28
2 1 13 6 2 9 29 29 29 29
1 2 14 7 1 10 30 30 30 30
2 3 15 6 2 11 31 31 31 31
3 2 16 5 1 10 32 32 32 32
2 3 15 6 1 9 33 33 33 33
1 4 14 5 1 8 34 34 34 34
2 5 15 6 2 9 35 35 35 35
1 4 16 5 1 10 36 36 36 36
2 5 17 4 2 9 37 37 37 37
1 6 18 5 1 8 38 38 38 38
2 5 17 4 1 7 39 39 39 39
3 6 16 5 1 8 40 40 40 40
2 7 17 6 1 7 41 41 41 41
1 8 18 5 2 6 42 42 42 42
2 9 19 4 3 5 43 43 43 43
3 8 18 3 4 4 44 44 44 44
2 9 19 2 5 5 45 45 45 45
1 8 18 1 4 4 46 46 46 46
2 7 17 2 3 5 47 47 47 47
1 8 16 1 2 4 48 48 48 48
1 7 17 1 3 3 49 49 49 49
1 8 16 1 4 2 50 50 50 50
1 9 15 2 5 3 51 51 51 51
2 8 16 3 4 2 52 52 52 52
1 9 17 4 5 1 53 53 53 53
1 8 18 3 4 1 54 54 54 54
2 7 19 2 3 1 55 55 55 55
3 6 18 3 2 1 56 56 56 56
2 7 17 4 1 1 57 57 57 57
1 6 16 3 1 2 58 58 58 58
1 5 15 4 1 3 59 59 59 59
2 4 14 5 2 4 60 60 60 60
1 5 15 6 1 5 61 61 61 61
2 4 14 5 1 6 62 62 62 62
1 5 13 4 2 5 63 63 63 63
2 4 14 5 1 6 64 64 64 64
3 5 13 4 1 5 65 65 65 65
2 6 12 5 1 4 66 66 66 66
1 5 13 6 2 3 67 67 67 67
2 6 14 7 1 2 68 68 68 68
3 5 13 6 1 3 69 69 69 69
2 6 12 7 1 4 70 70 70 70
1 5 11 6 2 3 71 71 71 71
1 6 10 7 1 4 72 72 72 72
2 7 11 6 1 3 73 73 73 73
3 8 12 7 1 4 74 74 74 74
4 7 13 8 1 3 75 75 75 75
3 8 12 7 2 2 76 76 76 76
2 7 13 6 1 3 77 77 77 77
1 8 14 5 1 4 78 78 78 78
1 7 15 4 2 3 79 79 79 79
2 8 16 3 3 2 80 80 80 80
3 7 17 2 4 1 81 81 81 81
2 6 18 1 3 2 82 82 82 82
3 5 19 2 4 1 83 83 83 83
4 6 20 3 3 1 84 84 84 84
5 5 19 4 2 2 85 85 85 85
4 6 20 3 1 1 86 86 86 86
5 7 21 4 2 2 87 87 87 87
6 8 22 5 3 1 88 88 88 88
7 9 23 4 4 2 89 89 89 89
6 10 22 5 3 1 90 90 90 90
7 9 23 4 2 2 91 91 91 91
8 8 22 3 1 3 92 92 92 92
7 9 23 2 2 4 93 93 93 93
8 8 22 1 3 3 94 94 94 94
9 7 23 1 2 2 95 95 95 95
8 6 24 2 3 1 96 96 96 96
7 5 23 3 4 1 97 97 97 97
6 6 24 2 3 1 98 98 98 98
5 7 23 3 2 1 99 99 99 99
4 8 22 4 1 1 100 100 100 100
3 9 23 3 1 2 100 100 100 100
