2 2 1 2 2 1 2 2 2 2
1 1 1 3 3 2 3 3 3 3
2 1 1 4 4 3 4 4 4 4
3 2 1 5 3 2 5 5 5 5
2 1 2 4 2 1 6 6 6 6
1 1 3 3 1 1 7 7 7 7
1 2 2 4 2 1 8 8 8 8
1 1 1 5 3 2 9 9 9 9
2 1 1 6 2 1 10 10 10 10
3 2 1 5 3 1 11 11 11 11
4 3 1 6 4 2 12 12 12 12
5 2 1 5 5 1 13 13 13 13
4 3 2 4 6 1 14 14 14 14
3 4 1 5 5 1 15 15 15 15
4 3 2 4 6 2 16 16 16 16
5 4 1 3 5 1 17 17 17 17
4 3 1 4 6 2 18 18 18 18
5 2 1 3 7 3 19 19 19 19
4 3 2 2 8 2 20 20 20 20
3 4 1 1 7 3 21 21 21 21
2 5 1 1 8 4 22 22 22 22
1 4 2 2 7 3 23 23 23 23
1 3 3 3 8 2 24 24 24 24
1 4 2 4 7 3 25 25 25 25
2 5 3 3 8 4 26 26 26 26
1 4 2 4 9 3 27 27 27 27
1 3 3 3 10 2 28 28 28 28
1 2 2 2 9 1 29 29 29 29
2 1 3 3 8 2 30 30 30 30
1 2 2 4 9 1 31 31 31 31
1 1 3 5 8 2 32 32 32 32
2 1 4 6 9 1 33 33 33 33
1 2 5 7 8 1 34 34 34 34
1 3 6 6 7 2 35 35 35 35
1 4 7 5 8 1 36 36 36 36
2 3 6 6 7 1 37 37 37 37
1 2 7 5 6 2 38 38 38 38
2 1 6 6 5 1 39 39 39 39
3 1 5 7 4 1 40 40 40 40
2 2 6 8 3 1 41 41 41 41
1 1 5 9 4 1 42 42 42 42
1 1 6 8 3 2 43 43 43 43
2 2 5 9 2 3 44 44 44 44
1 1 6 8 3 4 45 45 45 45
2 1 5 7 4 5 46 46 46 46
3 2 6 8 5 6 47 47 47 47
4 1 7 7 6 5 48 48 48 48
5 2 6 6 5 4 49 49 49 49
6 3 5 5 6 5 50 50 50 50
5 2 4 6 5 6 51 51 51 51
4 3 5 5 6 5 52 52 52 52
5 2 4 6 5 4 53 53 53 53
6 1 5 5 6 3 54 54 54 54
7 1 6 6 5 2 55 55 55 55
8 1 5 7 6 3 56 56 56 56
9 2 4 8 5 4 57 57 57 57
8 1 3 7 6 3 58 58 58 58
9 2 2 8 7 4 59 59 59 59
8 1 1 7 6 5 60 60 60 60
9 2 1 6 7 6 61 61 61 61
10 1 1 5 6 5 62 62 62 62
9 2 2 6 5 4 63 63 63 63
8 1 1 7 6 3 64 64 64 64
9 2 1 8 5 2 65 65 65 65
8 1 1 7 4 3 66 66 66 66
9 2 1 8 3 2 67 67 67 67
8 3 2 9 2 3 68 68 68 68
9 4 3 10 3 4 69 69 69 69
10 3 2 9 4 3 70 70 70 70
11 4 1 10 3 2 71 71 71 71
12 5 2 11 2 3 72 72 72 72
13 6 3 10 3 2 73 73 73 73
14 5 2 11 2 3 74 74 74 74
13 4 1 10 1 2 75 75 75 75
12 3 1 11 2 3 76 76 76 76
11 2 2 10 1 4 77 77 77 77
12 1 3 11 2 3 78 78 78 78
11 2 2 12 3 4 79 79 79 79
10 1 3 11 4 5 80 80 80 80
11 2 4 12 5 4 81 81 81 81
12 1 5 11 4 3 82 82 82 82
13 2 6 12 3 2 83 83 83 83
12 1 5 11 4 3 84 84 84 84
11 1 4 12 3 2 85 85 85 85
10 1 5 11 4 1 86 86 86 86
11 2 6 12 3 1 87 87 87 87
10 3 5 11 4 2 88 88 88 88
9 4 4 12 5 3 89 89 89 89
10 5 5 11 4 2 90 90 90 90
9 6 6 12 5 3 91 91 91 91
8 5 5 13 4 2 92 92 92 92
7 6 4 12 3 1 93 93 93 93
8 5 3 11 4 2 94 94 94 94
7 6 4 10 5 1 95 95 95 95
6 7 5 9 4 1 96 96 96 96
7 8 6 8 3 2 97 97 97 97
8 7 5 7 2 3 98 98 98 98
7 8 4 8 1 4 99 99 99 99
6 9 5 7 1 3 100 100 100 100
5 8 4 8 1 2 100 100 100 100
