1 1 2 1 2 2 2 2 2 2
1 1 1 1 1 3 3 3 3 3
1 1 2 1 2 2 4 4 4 4
2 1 3 2 1 1 5 5 5 5
3 1 4 1 2 2 6 6 6 6
2 1 3 1 1 3 7 7 7 7
3 1 2 1 2 2 8 8 8 8
4 1 1 1 1 1 9 9 9 9
3 1 1 1 1 1 10 10 10 10
2 1 1 2 1 1 11 11 11 11
3 1 1 3 1 1 12 12 12 12
4 1 1 2 1 1 13 13 13 13
3 1 2 1 1 1 14 14 14 14
2 1 1 1 1 2 15 15 15 15
1 1 2 2 1 3 16 16 16 16
1 1 3 1 2 2 17 17 17 17
1 1 2 2 1 1 18 18 18 18
1 1 1 1 1 2 19 19 19 19
2 1 1 1 1 1 20 20 20 20
1 1 2 1 1 1 21 21 21 21
1 1 1 1 1 2 22 22 22 22
1 1 2 2 1 1 23 23 23 23
1 1 3 1 2 1 24 24 24 24
1 1 4 1 1 2 25 25 25 25
1 1 5 1 2 1 26 26 26 26
2 1 4 1 1 2 27 27 27 27
1 1 3 1 1 3 28 28 28 28
1 1 2 1 2 4 29 29 29 29
2 1 1 2 1 5 30 30 30 30
1 2 1 1 1 4 31 31 31 31
1 1 1 1 1 3 32 32 32 32
1 1 2 2 1 2 33 33 33 33
1 1 1 1 1 1 34 34 34 34
1 1 2 2 1 1 35 35 35 35
1 2 1 1 2 1 36 36 36 36
2 3 2 1 1 2 37 37 37 37
1 2 1 1 2 1 38 38 38 38
1 1 1 1 1 2 39 39 39 39
1 1 2 2 1 1 40 40 40 40
1 1 1 1 1 1 41 41 41 41
1 2 1 1 2 2 42 42 42 42
1 1 2 2 1 3 43 43 43 43
1 1 1 1 1 4 44 44 44 44
2 1 1 1 1 3 45 45 45 45
1 1 1 1 2 4 46 46 46 46
1 1 1 1 1 5 47 47 47 47
1 1 1 1 1 4 48 48 48 48
1 1 1 2 1 5 49 49 49 49
1 1 1 1 1 4 50 50 50 50
1 1 1 1 1 3 51 51 51 51
1 1 1 2 2 2 52 52 52 52
2 1 1 1 1 1 53 53 53 53
3 2 2 1 2 1 54 54 54 54
2 3 1 2 1 1 55 55 55 55
3 2 2 1 1 1 56 56 56 56
4 3 1 2 1 1 57 57 57 57
5 4 2 1 2 1 58 58 58 58
4 5 1 1 1 1 59 59 59 59
3 6 2 2 2 1 60 60 60 60
2 5 1 1 3 1 61 61 61 61
3 4 1 2 2 2 62 62 62 62
2 3 1 3 1 3 63 63 63 63
1 2 2 2 1 4 64 64 64 64
1 3 3 3 1 5 65 65 65 65
2 2 2 2 1 6 66 66 66 66
1 1 1 1 1 7 67 67 67 67
1 1 1 1 1 6 68 68 68 68
1 1 1 1 1 5 69 69 69 69
1 1 1 1 1 6 70 70 70 70
1 1 2 1 1 5 71 71 71 71
1 2 1 1 2 4 72 72 72 72
2 1 1 2 3 5 73 73 73 73
1 1 1 1 2 6 74 74 74 74
1 1 1 1 1 5 75 75 75 75
1 1 1 1 1 4 76 76 76 76
1 1 1 2 1 3 77 77 77 77
1 2 1 1 2 2 78 78 78 78
1 3 1 1 1 3 79 79 79 79
1 2 1 2 2 2 80 80 80 80
2 1 1 3 3 3 81 81 81 81
1 1 1 4 2 2 82 82 82 82
2 1 1 3 1 1 83 83 83 83
1 1 1 2 1 2 84 84 84 84
1 1 1 1 1 3 85 85 85 85
2 2 2 1 1 4 86 86 86 86
1 1 1 2 1 3 87 87 87 87
2 1 2 1 1 2 88 88 88 88
3 1 3 2 1 1 89 89 89 89
2 1 2 3 1 2 90 90 90 90
1 1 1 2 1 3 91 91 91 91
1 1 2 1 2 2 92 92 92 92
2 1 3 1 1 1 93 93 93 93
1 1 2 2 1 2 94 94 94 94
1 1 3 1 2 1 95 95 95 95
1 2 2 1 3 1 96 96 96 96
1 1 3 1 2 1 97 97 97 97
2 1 4 2 1 1 98 98 98 98
1 1 3 1 2 1 99 99 99 99
2 2 4 1 1 2 100 100 100 100
1 1 5 1 2 1 100 100 100 100
