1 2 2 2 2 2 2 1 1 1
1 3 3 3 3 3 3 1 1 1
1 2 4 4 4 4 4 1 1 1
2 3 3 5 5 3 5 1 1 1
1 2 2 4 6 4 6 2 2 2
2 1 3 5 7 5 7 1 1 1
3 1 4 6 8 6 8 1 1 1
4 1 3 7 7 7 9 1 1 1
3 2 4 8 6 8 10 1 1 1
4 3 5 9 7 7 11 1 1 1
3 2 6 10 8 8 12 1 1 1
4 3 5 11 7 9 13 1 1 1
5 4 6 12 8 10 12 1 1 1
6 5 7 13 7 11 13 1 1 1
7 4 8 14 6 12 14 1 1 1
8 5 7 15 7 13 13 1 1 1
9 6 8 16 8 12 14 1 1 1
8 5 9 17 9 13 15 1 1 1
9 6 10 18 8 14 16 1 1 1
10 7 11 17 9 13 17 1 1 1
11 8 12 18 8 14 18 1 1 1
12 9 11 19 9 15 19 1 1 1
13 10 12 20 8 16 20 1 1 1
12 9 13 19 9 17 21 1 1 1
11 8 14 20 8 18 20 2 2 2
10 9 15 19 9 19 19 3 3 3
11 8 16 20 10 20 20 2 2 2
12 9 17 21 11 21 21 1 1 1
11 10 18 22 12 22 22 1 1 1
12 9 19 23 13 23 21 1 1 1
13 10 20 24 14 24 22 1 1 1
14 11 21 25 15 25 21 1 1 1
15 10 22 26 16 26 20 1 1 1
16 11 23 27 17 25 21 1 1 1
15 10 24 26 16 26 22 2 2 2
16 11 25 27 17 27 23 1 1 1
17 10 26 28 16 28 22 1 1 1
18 11 27 27 17 29 23 1 1 1
17 12 28 28 16 30 22 1 1 1
16 11 27 29 17 31 21 2 2 2
15 12 28 30 18 32 22 1 1 1
16 13 29 31 19 33 23 1 1 1
17 14 30 32 18 32 24 1 1 1
18 15 31 33 17 33 25 1 1 1
19 16 32 34 18 34 26 1 1 1
20 15 33 35 19 35 27 1 1 1
21 16 32 36 20 34 28 1 1 1
20 17 31 37 21 35 29 2 2 2
19 18 32 38 22 36 30 1 1 1
20 19 33 39 23 37 31 1 1 1
19 20 34 38 24 38 32 1 1 1
20 21 35 39 25 39 33 1 1 1
21 22 36 40 26 38 34 1 1 1
22 23 37 41 27 37 33 1 1 1
23 24 38 42 26 38 32 1 1 1
22 25 39 43 27 39 33 1 1 1
21 24 40 44 28 38 34 1 1 1
20 25 39 45 29 39 35 1 1 1
19 26 40 44 30 40 36 1 1 1
20 27 41 45 29 39 35 1 1 1
