2 2 2 2 2 2 1 1 1 1
1 3 3 3 3 3 1 1 1 1
2 4 4 4 2 4 1 1 1 1
3 5 5 5 3 3 1 1 1 1
4 6 6 6 4 2 1 1 1 1
5 7 7 7 5 1 1 1 1 1
6 8 8 8 6 2 1 1 1 1
7 9 9 9 7 1 1 1 1 1
6 10 8 10 6 2 2 2 2 2
7 9 7 11 5 3 3 3 3 3
8 10 6 12 6 4 2 2 2 2
9 11 7 11 7 5 1 1 1 1
8 12 6 12 6 4 2 2 2 2
9 13 7 13 7 5 1 1 1 1
10 14 8 14 8 6 1 1 1 1
9 15 9 15 9 7 1 1 1 1
8 16 10 16 10 8 1 1 1 1
9 17 11 17 11 7 1 1 1 1
10 18 12 18 12 8 1 1 1 1
11 19 11 19 13 9 1 1 1 1
10 20 10 20 14 10 1 1 1 1
11 19 11 21 15 11 1 1 1 1
10 20 12 22 16 12 1 1 1 1
11 21 13 21 17 13 1 1 1 1
12 22 14 22 18 12 1 1 1 1
13 23 15 23 19 13 1 1 1 1
14 24 16 24 20 12 1 1 1 1
13 25 17 25 21 11 1 1 1 1
14 24 18 26 22 10 1 1 1 1
15 25 17 27 23 9 1 1 1 1
16 24 18 26 24 10 1 1 1 1
17 25 17 27 25 11 1 1 1 1
18 26 16 28 26 12 1 1 1 1
19 25 17 27 27 13 1 1 1 1
20 24 18 26 28 12 2 2 2 2
21 25 19 27 29 13 1 1 1 1
22 26 20 28 30 12 1 1 1 1
21 27 21 29 31 13 1 1 1 1
22 28 22 30 32 12 1 1 1 1
21 29 23 31 31 13 1 1 1 1
22 30 24 32 30 12 1 1 1 1
23 31 23 33 31 13 1 1 1 1
24 30 24 34 32 14 1 1 1 1
25 31 25 35 33 15 1 1 1 1
24 32 26 36 34 16 1 1 1 1
25 33 27 37 35 17 1 1 1 1
26 34 26 38 36 16 1 1 1 1
27 35 27 39 37 17 1 1 1 1
28 36 26 38 38 18 1 1 1 1
29 37 27 39 39 19 1 1 1 1
30 36 26 40 40 20 1 1 1 1
31 37 25 41 41 21 1 1 1 1
32 38 26 42 42 22 1 1 1 1
31 39 27 43 43 23 1 1 1 1
32 40 28 44 44 24 1 1 1 1
33 41 29 45 45 25 1 1 1 1
34 40 30 46 46 26 1 1 1 1
35 41 31 47 47 25 1 1 1 1
36 40 32 48 46 26 1 1 1 1
37 41 33 47 47 25 1 1 1 1
