2 2 2 2 2 2 2 1 1 1
3 3 3 1 3 3 3 1 1 1
4 2 4 1 4 4 4 1 1 1
5 3 5 2 5 5 5 1 1 1
6 4 6 3 6 6 6 1 1 1
7 5 7 4 7 7 7 1 1 1
6 6 8 5 8 8 8 1 1 1
7 7 9 6 9 9 9 1 1 1
6 8 8 7 10 10 10 1 1 1
7 9 9 8 11 9 11 1 1 1
8 10 10 9 10 10 12 1 1 1
9 11 9 10 11 11 13 1 1 1
10 10 10 11 12 12 14 1 1 1
11 11 11 12 13 13 13 1 1 1
12 12 12 13 14 12 12 1 1 1
13 13 13 14 15 13 11 1 1 1
14 14 14 15 16 14 12 1 1 1
15 15 15 16 17 15 13 1 1 1
16 16 16 17 18 16 12 1 1 1
17 17 17 18 19 17 11 1 1 1
18 18 18 19 20 18 12 1 1 1
19 19 19 20 21 19 13 1 1 1
20 20 20 21 22 20 14 1 1 1
21 19 19 20 23 21 15 1 1 1
22 20 20 21 24 22 16 1 1 1
23 19 21 22 25 23 17 1 1 1
24 20 20 23 26 24 18 1 1 1
25 21 19 24 27 25 19 1 1 1
26 22 20 25 28 26 20 1 1 1
27 23 21 26 29 27 21 1 1 1
28 24 22 27 30 28 20 1 1 1
29 25 23 28 31 29 21 1 1 1
30 26 24 27 32 30 22 1 1 1
31 27 25 28 33 31 23 1 1 1
32 28 26 29 34 32 24 1 1 1
31 29 27 30 35 33 25 1 1 1
32 30 28 31 36 34 26 1 1 1
33 31 29 32 37 35 27 1 1 1
32 32 30 33 38 36 28 1 1 1
31 33 31 34 39 37 27 1 1 1
32 34 32 35 40 38 28 1 1 1
33 35 33 36 41 39 29 1 1 1
34 36 34 35 42 40 30 1 1 1
33 37 35 36 43 39 31 1 1 1
34 38 36 37 44 40 30 1 1 1
33 39 37 38 45 39 31 1 1 1
34 40 38 39 46 40 32 1 1 1
33 41 39 38 47 41 33 1 1 1
34 42 38 39 48 42 34 1 1 1
35 43 39 40 49 43 35 1 1 1
34 44 40 41 50 44 36 1 1 1
35 45 41 42 51 45 37 1 1 1
34 46 42 43 52 46 38 1 1 1
35 47 43 44 53 47 39 1 1 1
36 48 42 45 54 48 40 1 1 1
37 49 43 44 55 49 41 1 1 1
38 50 44 45 54 50 42 1 1 1
39 49 45 46 55 51 43 1 1 1
40 48 46 47 56 52 44 1 1 1
41 49 47 48 57 53 43 1 1 1
