2 2 2 2 2 2 1 1 1 1
3 1 1 1 1 3 2 2 2 2
4 2 2 2 2 4 1 1 1 1
5 3 1 1 1 3 2 2 2 2
6 4 1 2 2 4 1 1 1 1
7 5 2 3 3 5 1 1 1 1
8 6 3 2 2 4 2 2 2 2
9 5 2 3 1 3 3 3 3 3
10 4 1 2 1 4 4 4 4 4
11 5 1 3 2 5 3 3 3 3
12 6 2 4 3 4 2 2 2 2
13 5 1 5 4 5 3 3 3 3
14 4 2 6 5 6 2 2 2 2
15 5 3 7 6 5 1 1 1 1
16 6 2 8 5 6 1 1 1 1
17 7 3 9 6 5 1 1 1 1
18 8 2 10 7 6 1 1 1 1
19 7 1 9 8 5 2 2 2 2
20 8 2 10 9 6 1 1 1 1
21 9 3 11 8 7 1 1 1 1
22 8 2 12 7 6 2 2 2 2
23 9 3 11 8 7 1 1 1 1
24 10 4 12 7 8 1 1 1 1
23 11 5 13 6 7 2 2 2 2
24 10 6 12 5 8 3 3 3 3
25 11 5 13 6 9 2 2 2 2
26 10 4 12 5 10 3 3 3 3
27 9 5 13 6 11 2 2 2 2
28 10 6 14 5 12 1 1 1 1
29 9 5 15 6 13 1 1 1 1
28 10 6 16 7 14 1 1 1 1
29 11 5 17 6 15 2 2 2 2
30 12 4 18 7 16 1 1 1 1
31 13 5 19 6 15 1 1 1 1
32 14 4 20 7 16 1 1 1 1
33 15 5 21 8 17 1 1 1 1
34 16 6 20 9 18 1 1 1 1
35 15 7 21 10 19 1 1 1 1
36 16 8 22 11 20 1 1 1 1
37 15 7 23 10 21 1 1 1 1
38 14 8 24 11 22 1 1 1 1
39 13 9 25 12 21 1 1 1 1
40 14 8 24 13 22 1 1 1 1
41 15 9 23 14 23 1 1 1 1
42 16 10 24 13 24 1 1 1 1
43 17 11 25 14 23 1 1 1 1
44 18 12 26 15 24 1 1 1 1
45 19 13 27 16 25 1 1 1 1
46 20 12 28 17 24 1 1 1 1
47 21 13 29 18 25 1 1 1 1
48 22 14 28 17 24 2 2 2 2
49 23 15 27 16 25 1 1 1 1
48 24 16 28 15 24 2 2 2 2
47 25 17 29 14 23 3 3 3 3
48 26 16 30 15 24 2 2 2 2
47 27 17 31 16 23 1 1 1 1
48 26 16 32 17 24 1 1 1 1
49 27 17 31 18 25 1 1 1 1
50 28 16 32 19 26 1 1 1 1
51 29 17 31 20 27 1 1 1 1
