2 2 2 2 2 2 1 1 1 1
3 3 3 3 3 1 1 1 1 1
4 4 4 4 4 2 1 1 1 1
5 5 5 5 5 3 1 1 1 1
6 6 6 6 6 2 1 1 1 1
7 7 7 7 7 3 1 1 1 1
8 8 8 8 8 4 1 1 1 1
7 9 9 9 7 5 1 1 1 1
8 10 10 10 8 6 1 1 1 1
7 11 11 11 9 7 1 1 1 1
8 12 12 10 10 8 1 1 1 1
9 13 13 11 9 9 1 1 1 1
10 14 14 12 10 10 1 1 1 1
9 15 15 13 11 11 1 1 1 1
10 16 16 14 12 10 1 1 1 1
11 15 15 15 13 11 1 1 1 1
12 16 16 16 14 12 1 1 1 1
13 15 17 17 15 13 1 1 1 1
14 16 18 16 16 14 1 1 1 1
15 17 19 15 17 15 1 1 1 1
16 18 20 16 18 14 1 1 1 1
17 19 19 17 17 13 2 2 2 2
18 20 20 18 18 14 1 1 1 1
19 21 21 19 19 15 1 1 1 1
18 22 22 20 20 16 1 1 1 1
19 23 21 19 21 15 2 2 2 2
20 24 22 20 20 16 1 1 1 1
21 25 21 21 21 17 1 1 1 1
20 26 22 22 20 18 1 1 1 1
19 27 21 23 21 19 1 1 1 1
20 28 22 22 22 20 1 1 1 1
21 29 23 21 23 21 1 1 1 1
22 30 24 22 24 22 1 1 1 1
23 31 25 23 23 23 1 1 1 1
24 32 26 24 22 24 1 1 1 1
25 31 27 25 21 23 2 2 2 2
26 32 28 26 22 24 1 1 1 1
27 33 29 27 23 25 1 1 1 1
28 34 30 28 24 26 1 1 1 1
27 35 29 29 25 27 1 1 1 1
28 36 30 30 26 28 1 1 1 1
29 37 31 29 27 27 1 1 1 1
30 38 32 30 28 28 1 1 1 1
29 39 33 29 29 29 1 1 1 1
30 40 34 28 28 30 1 1 1 1
31 41 35 29 29 31 1 1 1 1
32 42 36 30 30 30 1 1 1 1
33 43 37 31 31 31 1 1 1 1
34 44 38 32 32 32 1 1 1 1
33 45 39 33 33 33 1 1 1 1
34 46 40 34 34 34 1 1 1 1
35 47 39 35 33 35 1 1 1 1
36 48 40 36 34 36 1 1 1 1
37 49 41 37 33 37 1 1 1 1
36 50 42 38 34 38 1 1 1 1
37 51 43 39 35 39 1 1 1 1
38 52 44 40 36 40 1 1 1 1
39 51 45 41 37 41 1 1 1 1
40 50 46 42 38 42 1 1 1 1
41 51 47 43 39 43 1 1 1 1
