1 1 1 1 1 1 1 1 1 1
1 2 2 2 2 1 1 2 2 2
2 3 3 1 1 1 2 3 3 3
3 4 4 2 1 1 1 4 4 4
4 5 3 3 2 1 2 5 5 5
5 4 2 4 3 1 1 6 6 6
6 5 1 3 4 1 2 7 7 7
7 4 1 4 5 2 1 8 8 8
6 5 1 3 6 3 2 9 9 9
7 4 2 2 5 4 3 10 10 10
6 5 1 3 6 5 4 11 11 11
7 4 2 4 7 6 5 12 12 12
6 3 3 5 6 5 4 13 13 13
7 4 2 6 7 6 5 12 12 12
6 3 3 5 8 5 4 13 13 13
7 4 2 6 7 6 3 14 14 14
6 5 1 7 8 7 4 15 15 15
5 4 1 6 9 6 3 16 16 16
6 5 1 5 8 7 2 17 17 17
5 6 2 6 7 8 3 18 18 18
4 7 1 5 6 7 4 19 19 19
3 8 2 6 5 8 5 20 20 20
4 7 1 5 4 7 4 21 21 21
5 8 1 4 5 6 5 22 22 22
4 9 2 5 6 5 4 23 23 23
3 8 1 4 7 6 5 24 24 24
2 7 2 3 8 7 6 25 25 25
3 6 3 2 7 8 7 26 26 26
2 5 4 3 8 7 6 27 27 27
1 4 3 2 9 8 5 28 28 28
1 5 4 1 8 9 4 29 29 29
2 6 3 1 9 10 5 30 30 30
1 5 2 2 8 11 6 31 31 31
1 4 3 1 9 12 7 32 32 32
1 3 4 2 8 11 8 33 33 33
1 4 5 1 7 12 9 34 34 34
1 3 6 2 8 13 8 35 35 35
1 4 5 1 7 14 9 36 36 36
2 3 6 1 8 13 10 37 37 37
1 2 7 2 9 12 11 38 38 38
1 1 6 1 8 11 12 39 39 39
2 2 7 1 7 12 11 40 40 40
3 1 6 1 8 11 10 41 41 41
2 2 5 1 9 12 11 42 42 42
3 3 6 2 10 13 12 43 43 43
4 2 5 1 9 14 11 44 44 44
3 1 4 2 8 13 10 45 45 45
4 1 3 1 9 12 9 46 46 46
3 2 4 1 8 11 10 47 47 47
2 3 5 2 7 12 9 48 48 48
3 2 4 1 8 13 8 49 49 49
4 1 3 2 9 14 7 50 50 50
5 1 2 3 10 13 8 51 51 51
4 1 3 2 9 14 9 52 52 52
5 2 4 1 10 13 10 53 53 53
6 1 3 1 9 14 9 54 54 54
5 2 4 2 10 13 8 55 55 55
4 1 3 3 9 14 7 56 56 56
3 2 4 4 8 15 6 57 57 57
4 1 3 3 9 14 7 58 58 58
3 2 2 2 10 15 8 59 59 59
2 1 3 3 9 16 9 60 60 60
1 2 2 2 10 15 8 61 61 61
1 1 3 1 9 14 9 62 62 62
2 2 4 1 8 15 10 63 63 63
3 3 3 1 9 16 11 64 64 64
2 2 4 1 10 17 10 65 65 65
1 3 5 1 9 18 11 66 66 66
2 4 6 2 10 17 10 67 67 67
3 5 7 1 9 16 11 68 68 68
4 4 8 1 8 17 10 69 69 69
5 5 7 1 7 16 11 70 70 70
4 6 6 2 6 17 10 71 71 71
3 7 5 3 7 18 11 72 72 72
4 8 4 4 6 19 10 73 73 73
5 7 5 5 7 18 11 74 74 74
6 6 6 4 8 17 10 75 75 75
7 7 7 5 7 18 11 76 76 76
6 6 8 4 6 19 12 77 77 77
7 7 7 3 5 18 11 78 78 78
8 8 6 2 6 17 12 79 79 79
7 7 5 3 7 16 13 80 80 80
6 8 6 2 8 17 14 81 81 81
7 7 7 1 9 16 15 82 82 82
6 6 6 2 10 15 14 83 83 83
7 7 5 3 11 16 15 84 84 84
8 8 6 4 10 17 14 85 85 85
7 9 5 5 9 16 13 86 86 86
8 8 6 6 8 15 12 87 87 87
9 9 5 7 7 14 13 88 88 88
10 8 4 8 6 13 14 89 89 89
9 9 3 9 7 12 13 90 90 90
10 8 4 8 8 11 12 91 91 91
9 9 5 9 7 10 11 92 92 92
10 8 4 8 6 11 10 93 93 93
9 9 3 7 7 12 9 94 94 94
10 8 2 6 8 11 8 95 95 95
11 9 1 5 9 10 9 96 96 96
12 8 2 4 10 11 8 97 97 97
13 7 1 3 9 12 9 98 98 98
