1 2 1 2 1 2 2 2 2 2
2 3 2 1 2 3 3 3 3 3
3 2 1 1 1 2 4 4 4 4
4 3 1 1 2 1 5 5 5 5
3 2 1 1 1 2 6 6 6 6
4 1 1 2 1 3 7 7 7 7
3 2 2 1 2 4 8 8 8 8
4 3 1 1 1 5 9 9 9 9
3 2 2 1 2 4 10 10 10 10
4 3 1 2 3 3 11 11 11 11
3 4 1 1 2 2 12 12 12 12
4 3 2 2 3 3 13 13 13 13
3 4 1 3 4 4 14 14 14 14
2 5 2 2 5 5 15 15 15 15
3 4 3 3 6 4 16 16 16 16
4 3 2 4 5 3 17 17 17 17
5 2 1 3 4 2 18 18 18 18
4 1 1 4 5 3 19 19 19 19
3 1 2 3 4 4 20 20 20 20
2 2 1 4 3 5 21 21 21 21
3 3 1 3 2 6 22 22 22 22
4 4 2 4 1 5 23 23 23 23
5 3 3 5 2 6 24 24 24 24
6 4 2 6 1 5 25 25 25 25
7 5 1 5 2 4 26 26 26 26
6 6 2 6 3 3 27 27 27 27
5 7 3 5 4 4 28 28 28 28
4 6 2 6 5 5 29 29 29 29
5 5 3 5 6 4 30 30 30 30
4 4 2 6 5 3 31 31 31 31
3 5 1 7 6 4 32 32 32 32
4 4 2 8 5 3 33 33 33 33
5 3 1 7 6 2 34 34 34 34
4 4 2 6 7 3 35 35 35 35
5 3 1 7 6 2 36 36 36 36
6 2 1 8 7 1 37 37 37 37
5 3 2 7 6 1 38 38 38 38
6 4 1 8 5 2 39 39 39 39
5 5 1 9 4 1 40 40 40 40
6 4 2 10 5 1 41 41 41 41
5 5 1 9 6 2 42 42 42 42
6 6 1 10 5 3 43 43 43 43
7 5 1 11 4 2 44 44 44 44
8 4 2 10 5 1 45 45 45 45
7 3 1 9 4 1 46 46 46 46
6 4 2 10 3 2 47 47 47 47
5 5 1 11 2 3 48 48 48 48
4 6 2 12 3 4 49 49 49 49
3 7 3 13 2 5 50 50 50 50
4 6 4 12 1 6 51 51 51 51
3 7 5 13 1 5 52 52 52 52
4 8 6 14 1 6 53 53 53 53
5 7 7 15 1 7 54 54 54 54
4 8 6 14 2 8 55 55 55 55
5 7 5 13 3 7 56 56 56 56
6 8 6 14 2 8 57 57 57 57
5 9 5 15 1 9 58 58 58 58
6 8 6 14 1 10 59 59 59 59
5 7 5 13 1 9 60 60 60 60
6 6 4 12 1 8 61 61 61 61
7 5 3 13 2 7 62 62 62 62
6 4 4 12 3 8 63 63 63 63
5 3 5 11 4 7 64 64 64 64
6 4 6 12 5 6 65 65 65 65
7 5 5 13 4 7 66 66 66 66
8 6 4 12 3 6 67 67 67 67
9 7 5 13 2 7 68 68 68 68
8 6 6 12 3 8 69 69 69 69
9 5 7 13 2 7 70 70 70 70
8 6 8 12 3 6 71 71 71 71
9 5 9 11 4 5 72 72 72 72
8 6 8 12 5 4 73 73 73 73
7 7 7 11 6 3 74 74 74 74
8 6 8 12 5 2 75 75 75 75
7 5 7 11 6 1 76 76 76 76
6 4 6 10 5 1 77 77 77 77
5 5 7 11 4 1 78 78 78 78
6 6 8 10 5 2 79 79 79 79
7 5 9 9 6 1 80 80 80 80
8 4 10 8 7 2 81 81 81 81
9 3 9 9 6 1 82 82 82 82
10 2 10 8 7 2 83 83 83 83
11 1 9 9 6 3 84 84 84 84
12 1 8 10 7 2 85 85 85 85
11 2 7 11 8 3 86 86 86 86
12 3 6 10 9 2 87 87 87 87
13 2 7 11 8 3 88 88 88 88
14 1 8 10 9 2 89 89 89 89
15 2 9 9 10 3 90 90 90 90
14 3 10 10 9 4 91 91 91 91
13 4 11 9 8 5 92 92 92 92
14 5 12 10 9 4 93 93 93 93
13 6 13 9 10 5 94 94 94 94
12 5 12 10 11 6 95 95 95 95
13 6 11 11 12 5 96 96 96 96
12 7 10 10 11 4 97 97 97 97
11 6 11 9 12 5 98 98 98 98
12 5 10 10 11 6 99 99 99 99
11 4 11 11 12 7 100 100 100 100
10 3 10 10 11 6 100 100 100 100
