2 2 2 2 2 2 2 1 1 1
3 1 3 3 3 1 3 1 1 1
4 1 4 4 4 2 4 1 1 1
5 1 5 5 3 3 3 2 2 2
6 2 4 6 4 4 4 1 1 1
7 3 5 7 5 5 5 1 1 1
8 4 6 6 6 6 6 1 1 1
9 5 7 7 7 7 7 1 1 1
10 6 8 8 6 6 8 1 1 1
11 7 9 9 7 7 9 1 1 1
12 8 10 10 6 8 10 1 1 1
13 9 11 9 7 7 11 1 1 1
14 10 12 10 8 8 12 1 1 1
13 11 13 11 9 7 13 1 1 1
14 12 14 12 10 8 14 1 1 1
15 13 15 13 11 9 15 1 1 1
16 14 14 14 12 10 16 1 1 1
17 15 13 15 13 11 17 1 1 1
18 14 14 16 14 12 18 1 1 1
19 15 15 17 15 13 19 1 1 1
20 16 16 18 16 14 18 1 1 1
21 17 17 19 17 15 19 1 1 1
22 18 18 20 18 16 18 1 1 1
23 19 19 21 19 15 17 1 1 1
24 20 20 22 20 16 18 1 1 1
25 21 21 23 19 17 19 1 1 1
26 22 22 22 20 18 20 1 1 1
27 23 23 23 21 19 21 1 1 1
28 24 24 24 22 20 22 1 1 1
29 25 25 25 23 21 23 1 1 1
28 26 26 26 24 22 24 1 1 1
29 27 25 27 25 23 25 1 1 1
30 28 26 28 24 24 26 1 1 1
31 29 27 29 25 25 27 1 1 1
32 30 28 30 26 26 26 1 1 1
33 31 29 29 25 27 27 1 1 1
34 32 28 30 24 28 28 1 1 1
35 33 29 31 25 29 29 1 1 1
36 34 30 32 24 30 30 1 1 1
37 35 29 33 25 29 29 1 1 1
38 36 28 34 26 30 30 1 1 1
39 37 29 35 27 29 31 1 1 1
40 38 28 36 28 30 32 1 1 1
41 39 29 37 29 31 33 1 1 1
42 40 30 38 30 32 34 1 1 1
43 41 31 39 31 33 35 1 1 1
44 42 32 40 32 34 34 1 1 1
45 43 33 41 33 35 35 1 1 1
46 44 34 42 34 36 36 1 1 1
47 45 35 43 35 37 37 1 1 1
48 46 34 44 36 38 38 1 1 1
49 47 35 45 37 39 39 1 1 1
50 48 36 46 38 40 40 1 1 1
51 49 35 47 39 41 41 1 1 1
52 48 36 48 40 42 42 1 1 1
53 49 37 49 39 43 41 1 1 1
54 50 38 50 38 44 42 1 1 1
55 51 39 51 39 45 41 1 1 1
56 52 40 52 40 46 42 1 1 1
57 53 39 53 41 47 41 1 1 1
