2 2 2 2 2 2 2 1 1 1
1 3 3 3 3 3 3 1 1 1
2 2 4 4 4 4 4 1 1 1
3 3 5 3 3 3 5 2 2 2
4 2 6 4 4 4 4 1 1 1
5 1 5 5 5 5 5 1 1 1
6 1 6 4 6 6 4 1 1 1
5 1 7 5 7 7 3 2 2 2
6 2 8 6 8 8 4 1 1 1
7 3 7 7 9 9 5 1 1 1
6 2 8 8 10 8 6 1 1 1
7 3 9 9 9 9 5 1 1 1
8 2 8 8 10 10 6 2 2 2
7 3 9 9 11 11 7 1 1 1
6 2 8 10 12 12 8 1 1 1
7 1 9 9 13 13 9 1 1 1
8 1 10 10 12 12 8 2 2 2
7 2 9 11 13 13 9 1 1 1
8 3 8 12 14 14 10 1 1 1
9 4 9 11 15 15 9 1 1 1
8 3 10 12 14 16 10 1 1 1
9 4 11 11 15 15 11 1 1 1
10 5 12 12 16 16 12 1 1 1
9 4 13 13 17 15 13 1 1 1
8 5 14 14 18 16 12 1 1 1
9 4 13 15 19 15 11 2 2 2
10 5 12 14 18 16 12 3 3 3
11 4 13 13 19 17 13 2 2 2
12 3 14 14 20 16 14 1 1 1
11 2 15 15 21 17 13 1 1 1
12 3 16 16 22 18 12 1 1 1
13 2 17 15 23 17 13 2 2 2
12 3 18 16 22 18 14 1 1 1
13 4 19 17 23 19 13 1 1 1
14 5 20 18 22 18 14 1 1 1
15 6 21 19 21 17 15 2 2 2
16 5 20 18 22 16 16 3 3 3
17 4 21 19 21 17 17 2 2 2
18 3 22 18 20 16 18 3 3 3
19 4 23 19 21 15 19 2 2 2
20 5 24 20 22 14 20 1 1 1
21 6 25 19 21 13 21 1 1 1
22 7 26 20 20 14 22 2 2 2
23 8 27 21 21 15 21 1 1 1
24 7 26 22 22 14 22 2 2 2
23 6 27 21 23 15 23 1 1 1
22 7 28 22 24 16 24 1 1 1
23 8 29 23 25 15 23 1 1 1
22 9 30 24 26 16 22 1 1 1
21 10 31 25 27 15 23 1 1 1
22 11 30 24 28 14 24 1 1 1
21 10 29 25 29 15 25 1 1 1
22 11 28 26 30 16 24 1 1 1
23 10 29 27 31 15 23 1 1 1
22 11 30 28 32 16 24 1 1 1
23 12 31 29 31 17 23 1 1 1
24 13 32 28 32 18 24 1 1 1
25 14 33 27 31 19 25 1 1 1
26 15 32 26 32 18 26 2 2 2
25 16 33 27 33 19 27 1 1 1
