2 2 2 2 2 2 2 1 1 1
3 3 3 3 3 3 3 1 1 1
4 4 4 4 4 4 4 1 1 1
5 5 5 5 5 5 5 1 1 1
6 6 6 6 6 6 6 1 1 1
7 7 7 7 7 7 7 1 1 1
8 8 8 8 8 8 6 1 1 1
9 9 9 9 9 9 7 1 1 1
10 10 10 10 10 10 8 1 1 1
11 11 11 11 11 9 9 1 1 1
12 12 12 12 12 8 10 1 1 1
13 13 13 13 13 9 11 1 1 1
14 14 14 14 14 10 12 1 1 1
15 15 15 15 15 11 13 1 1 1
16 16 16 16 16 12 14 1 1 1
17 17 15 17 17 13 13 1 1 1
18 18 16 18 18 14 14 1 1 1
19 19 17 19 19 15 15 1 1 1
20 20 18 20 20 16 16 1 1 1
21 21 19 21 21 17 17 1 1 1
22 22 20 22 22 18 18 1 1 1
23 21 21 23 23 19 19 1 1 1
24 22 22 24 24 20 20 1 1 1
25 23 23 25 25 19 21 1 1 1
26 24 24 26 26 20 22 1 1 1
27 25 23 27 27 21 23 1 1 1
28 26 24 28 28 22 24 1 1 1
29 27 25 29 29 23 25 1 1 1
30 28 26 30 30 24 26 1 1 1
31 29 27 31 31 25 27 1 1 1
32 30 28 32 32 26 28 1 1 1
33 31 29 33 33 27 29 1 1 1
34 32 30 34 34 28 30 1 1 1
35 33 31 33 35 29 31 1 1 1
36 34 32 32 36 30 32 1 1 1
37 35 33 33 37 29 33 1 1 1
36 36 34 34 38 30 34 1 1 1
37 37 35 35 39 31 35 1 1 1
38 38 36 36 40 32 36 1 1 1
39 39 37 37 41 33 37 1 1 1
40 40 36 38 42 34 36 1 1 1
41 41 37 37 43 35 37 1 1 1
42 42 38 38 44 36 38 1 1 1
41 43 39 39 45 37 37 1 1 1
42 44 38 40 46 38 38 1 1 1
43 45 39 41 47 39 39 1 1 1
44 46 40 42 48 40 40 1 1 1
45 47 39 43 49 41 41 1 1 1
46 48 40 44 50 42 42 1 1 1
47 49 41 43 51 43 43 1 1 1
48 50 42 42 50 44 44 1 1 1
49 51 43 43 51 45 45 1 1 1
50 50 44 44 52 46 46 1 1 1
51 51 45 45 53 47 47 1 1 1
52 52 46 46 54 48 48 1 1 1
53 51 47 47 55 49 49 1 1 1
54 52 46 46 56 50 48 1 1 1
55 53 47 47 57 51 49 1 1 1
56 54 48 48 58 52 50 1 1 1
57 55 49 49 59 53 51 1 1 1
