2 2 2 2 1 2 2 1 1 1
3 3 3 1 2 3 1 1 1 1
4 4 4 1 3 2 2 1 1 1
3 5 3 2 2 3 1 2 2 2
4 6 4 3 3 4 2 1 1 1
5 7 5 4 4 5 3 1 1 1
6 8 6 5 5 6 4 1 1 1
5 9 7 6 6 7 5 1 1 1
4 10 6 7 5 8 4 2 2 2
5 9 7 8 6 9 5 1 1 1
6 10 8 9 7 8 4 2 2 2
7 11 9 10 8 7 3 1 1 1
6 12 10 11 9 6 4 1 1 1
7 13 9 12 8 5 3 2 2 2
8 14 10 13 9 4 4 1 1 1
7 15 11 12 8 5 3 2 2 2
8 14 10 13 9 6 4 1 1 1
7 15 11 14 8 5 3 2 2 2
8 16 12 15 9 6 4 1 1 1
9 17 13 16 10 7 5 1 1 1
8 18 14 17 11 6 6 1 1 1
7 19 15 18 12 7 7 1 1 1
8 20 16 17 13 8 8 1 1 1
9 21 17 18 14 9 9 1 1 1
10 22 18 19 15 8 8 1 1 1
11 23 19 18 16 9 9 1 1 1
12 24 20 19 17 8 10 1 1 1
13 25 21 20 16 7 11 1 1 1
14 24 22 19 17 8 12 1 1 1
13 25 21 20 18 7 13 2 2 2
14 24 22 21 19 8 14 1 1 1
15 25 23 22 20 9 15 1 1 1
14 26 24 23 21 10 16 1 1 1
15 25 25 24 22 11 17 1 1 1
14 26 24 25 23 12 16 1 1 1
15 27 25 26 24 13 17 1 1 1
14 28 26 25 25 14 18 1 1 1
13 29 25 26 26 15 19 1 1 1
14 28 24 27 27 16 20 1 1 1
15 29 25 28 28 15 21 1 1 1
14 30 26 29 29 14 22 1 1 1
15 31 27 30 30 15 23 1 1 1
16 30 28 31 31 14 22 1 1 1
17 31 29 32 32 15 23 1 1 1
18 32 30 33 33 14 24 1 1 1
19 33 31 34 32 13 25 1 1 1
20 32 32 35 33 14 26 1 1 1
21 33 31 36 34 15 27 1 1 1
22 34 30 37 35 16 28 1 1 1
23 35 31 36 36 15 29 1 1 1
24 36 32 35 37 16 30 1 1 1
25 37 31 36 38 17 31 1 1 1
26 38 32 37 39 18 32 1 1 1
27 39 31 38 40 19 33 1 1 1
26 40 32 39 41 20 32 1 1 1
27 39 33 40 42 21 33 1 1 1
28 40 34 41 41 22 34 1 1 1
29 39 33 42 42 23 33 1 1 1
30 40 34 43 41 24 34 1 1 1
31 41 35 44 42 23 35 1 1 1
32 42 34 45 41 22 36 2 2 2
33 43 35 46 40 23 35 1 1 1
32 44 34 47 41 24 36 1 1 1
33 43 35 46 42 25 37 1 1 1
34 44 34 47 41 26 36 2 2 2
35 45 35 48 42 27 37 1 1 1
36 46 36 49 43 28 38 1 1 1
35 47 37 48 44 29 39 1 1 1
36 46 36 49 45 28 40 1 1 1
35 45 37 50 46 29 41 1 1 1
36 46 38 49 47 28 42 1 1 1
35 45 39 50 46 29 43 1 1 1
36 46 40 51 47 30 42 1 1 1
37 47 41 52 48 31 43 1 1 1
38 48 40 53 49 32 44 1 1 1
39 49 41 54 50 33 45 1 1 1
40 48 42 55 51 34 46 1 1 1
41 49 43 56 52 35 45 1 1 1
42 50 42 55 53 36 46 1 1 1
43 51 43 56 54 35 47 1 1 1
44 50 44 55 55 34 48 2 2 2
45 51 45 56 56 35 49 1 1 1
46 52 46 57 57 34 50 1 1 1
47 53 47 58 58 35 51 1 1 1
48 54 48 59 57 36 50 1 1 1
47 55 49 60 58 37 51 1 1 1
48 54 48 61 57 38 52 2 2 2
49 55 49 60 58 39 53 1 1 1
50 56 50 61 59 40 54 1 1 1
49 57 51 62 60 41 55 1 1 1
50 58 52 63 59 42 56 1 1 1
51 59 53 64 60 43 57 1 1 1
52 58 54 65 61 44 58 1 1 1
53 59 53 64 60 45 59 1 1 1
54 60 52 63 61 46 60 1 1 1
53 61 53 64 60 47 59 1 1 1
54 62 52 65 59 48 58 1 1 1
55 63 53 66 58 49 57 1 1 1
56 64 54 67 59 50 58 1 1 1
55 65 55 68 60 51 59 1 1 1
