1 1 1 1 1 1 1 1 1 1
2 2 2 2 1 2 2 1 1 1
3 3 3 3 2 3 3 1 1 1
4 4 4 4 1 4 4 1 1 1
5 3 5 5 1 5 5 1 1 1
6 4 6 6 2 6 6 1 1 1
7 5 5 7 1 5 5 2 2 2
8 6 6 8 2 6 4 1 1 1
9 5 7 9 3 7 5 1 1 1
10 6 8 10 2 8 6 1 1 1
11 7 7 11 3 9 7 1 1 1
12 8 6 12 4 8 8 1 1 1
13 9 7 13 5 9 9 1 1 1
14 8 8 14 6 10 10 1 1 1
15 7 9 15 7 11 11 1 1 1
16 8 10 16 8 12 12 1 1 1
17 9 11 17 9 11 13 1 1 1
18 10 12 18 10 12 12 1 1 1
19 11 13 19 11 13 11 1 1 1
20 12 14 20 12 14 12 1 1 1
19 13 15 21 13 15 13 1 1 1
18 14 16 22 14 16 14 1 1 1
19 13 17 23 15 17 13 1 1 1
20 12 16 24 16 16 14 1 1 1
21 13 17 25 17 17 15 1 1 1
22 12 18 24 18 18 14 1 1 1
23 13 17 23 19 17 15 2 2 2
24 14 16 24 20 18 14 1 1 1
25 13 17 23 21 19 15 1 1 1
26 14 18 24 22 20 16 1 1 1
27 15 19 23 23 21 17 1 1 1
28 16 20 24 24 22 16 1 1 1
29 17 21 25 25 23 17 1 1 1
30 16 22 26 26 24 18 1 1 1
31 17 23 27 25 23 19 1 1 1
32 16 22 28 26 24 20 1 1 1
33 15 23 29 25 25 21 2 2 2
32 14 24 28 26 26 22 3 3 3
33 15 25 29 25 27 21 2 2 2
34 16 26 30 26 26 22 1 1 1
35 17 27 31 27 27 23 1 1 1
34 18 28 32 28 28 22 1 1 1
35 19 29 33 29 29 23 1 1 1
36 20 30 34 30 30 22 1 1 1
35 21 31 35 29 31 23 1 1 1
36 22 30 34 30 32 24 1 1 1
35 23 31 35 31 33 25 1 1 1
36 24 32 36 32 34 26 1 1 1
37 25 33 37 33 35 27 1 1 1
38 24 34 38 34 36 28 1 1 1
39 25 35 39 33 37 29 1 1 1
40 24 36 40 32 38 30 1 1 1
41 25 37 41 31 39 31 1 1 1
40 26 38 42 32 40 32 1 1 1
41 27 39 43 31 41 33 1 1 1
42 28 40 44 32 42 34 1 1 1
43 29 41 45 31 43 35 1 1 1
44 30 42 46 32 44 36 1 1 1
45 31 43 47 33 45 37 1 1 1
46 30 44 48 32 46 38 1 1 1
