1 1 1 2 2 1 2 2 2 2
2 1 1 3 1 1 3 3 3 3
1 1 1 2 1 2 4 4 4 4
1 2 1 1 1 1 5 5 5 5
1 3 1 2 1 2 6 6 6 6
2 2 2 3 1 3 5 7 7 7
1 1 1 2 1 2 6 8 8 8
2 2 1 1 2 1 5 9 9 9
1 1 1 2 3 2 4 10 10 10
1 1 1 1 4 1 3 11 11 11
1 1 1 1 3 2 2 12 12 12
1 1 1 1 4 1 3 13 13 13
1 1 2 1 5 2 2 14 14 14
2 1 1 1 6 1 1 15 15 15
1 1 2 1 7 1 2 16 16 16
1 2 1 1 8 1 1 17 17 17
1 1 2 1 7 1 1 18 18 18
1 1 1 1 6 1 1 19 19 19
2 2 1 1 5 1 1 20 20 20
3 3 1 1 4 1 1 21 21 21
2 2 1 2 3 1 1 22 22 22
1 1 2 1 2 2 1 23 23 23
1 1 1 2 1 3 1 24 24 24
1 1 2 3 1 4 1 25 25 25
1 2 3 2 1 3 1 26 26 26
1 1 2 1 2 2 2 27 27 27
2 2 1 2 1 1 3 28 28 28
1 1 1 1 1 1 2 29 29 29
1 2 1 1 1 1 1 30 30 30
1 1 1 2 1 1 1 31 31 31
1 1 1 1 1 1 1 32 32 32
1 1 1 2 2 1 1 33 33 33
1 2 1 1 1 1 1 34 34 34
1 1 1 1 2 1 1 35 35 35
1 2 2 1 1 1 1 36 36 36
1 1 1 2 1 2 1 37 37 37
1 1 1 1 1 1 2 38 38 38
1 1 2 1 2 1 1 39 39 39
1 1 1 1 3 2 2 40 40 40
1 1 2 1 2 1 1 41 41 41
1 1 3 1 1 1 1 42 42 42
1 1 2 1 1 1 1 43 43 43
2 1 3 1 1 2 2 44 44 44
1 1 2 2 1 3 1 45 45 45
2 1 1 1 2 2 1 46 46 46
1 1 2 2 1 1 1 47 47 47
2 2 1 1 1 1 1 48 48 48
1 1 1 1 1 1 1 49 49 49
1 1 1 1 1 2 1 50 50 50
1 2 1 2 1 1 2 51 51 51
1 1 1 1 2 1 1 52 52 52
1 1 1 1 1 1 1 53 53 53
1 1 2 1 1 1 1 54 54 54
1 2 1 1 1 1 1 55 55 55
2 1 2 1 1 2 1 56 56 56
1 1 1 1 1 1 1 57 57 57
1 1 2 2 2 1 2 58 58 58
1 1 1 1 1 1 1 59 59 59
2 1 2 1 1 1 1 60 60 60
3 2 1 1 1 1 1 61 61 61
2 3 1 1 1 2 1 62 62 62
1 2 1 1 2 1 1 63 63 63
1 1 2 1 3 2 1 64 64 64
1 1 1 1 4 3 1 65 65 65
2 1 2 1 3 4 1 66 66 66
1 1 1 1 2 3 1 67 67 67
1 1 1 2 1 2 1 68 68 68
2 2 1 1 2 3 2 69 69 69
1 3 1 2 1 2 1 70 70 70
1 2 1 1 1 1 1 71 71 71
1 1 1 1 1 1 1 72 72 72
1 1 1 1 1 2 1 73 73 73
1 2 1 1 2 3 1 74 74 74
2 1 1 1 3 2 1 75 75 75
1 1 2 1 2 1 1 76 76 76
1 1 1 1 1 1 2 77 77 77
2 2 1 2 1 1 1 78 78 78
1 3 1 1 2 2 1 79 79 79
1 2 1 1 1 1 1 80 80 80
1 1 2 2 1 2 2 81 81 81
1 2 1 1 2 1 3 82 82 82
2 1 1 1 1 1 2 83 83 83
1 1 1 2 1 1 1 84 84 84
1 1 2 3 1 1 2 85 85 85
1 1 1 2 1 1 3 86 86 86
2 1 2 1 2 2 2 87 87 87
1 1 1 1 1 1 1 88 88 88
1 1 2 1 2 1 1 89 89 89
2 1 3 1 3 1 1 90 90 90
1 1 2 2 2 1 1 91 91 91
2 1 3 3 3 2 1 92 92 92
1 1 2 2 4 1 1 93 93 93
1 1 3 3 3 1 1 94 94 94
1 1 2 2 2 1 2 95 95 95
2 1 1 1 1 1 1 96 96 96
3 1 2 2 1 1 2 97 97 97
2 2 1 1 1 1 1 98 98 98
3 3 2 2 2 2 1 99 99 99
2 2 1 1 1 1 1 100 100 100
3 3 1 2 1 2 1 100 100 100
