2 2 2 2 2 2 1 1 1 1
3 3 3 3 3 3 1 1 1 1
4 4 2 4 4 4 1 1 1 1
5 5 3 3 5 5 1 1 1 1
6 6 4 4 6 6 1 1 1 1
6 6 4 4 6 6 1 1 1 1
7 5 3 3 7 7 2 2 2 2
8 6 2 2 6 6 3 3 3 3
9 7 3 1 7 7 2 2 2 2
10 8 4 2 8 8 1 1 1 1
11 9 3 3 7 9 1 1 1 1
12 8 4 4 6 10 1 1 1 1
13 9 3 5 7 11 1 1 1 1
14 10 4 6 8 12 1 1 1 1
15 11 5 7 9 13 1 1 1 1
16 12 6 8 8 14 1 1 1 1
15 13 7 9 9 15 1 1 1 1
16 12 8 8 10 16 1 1 1 1
17 13 9 7 11 17 1 1 1 1
18 14 10 8 12 18 1 1 1 1
19 13 11 9 13 19 1 1 1 1
20 14 12 10 14 20 1 1 1 1
21 13 13 11 15 21 1 1 1 1
22 14 14 12 16 22 1 1 1 1
23 15 15 13 17 23 1 1 1 1
22 16 14 14 18 24 1 1 1 1
23 17 15 15 19 25 1 1 1 1
24 18 16 16 20 26 1 1 1 1
25 19 17 17 21 27 1 1 1 1
26 20 18 18 22 28 1 1 1 1
27 21 19 17 23 29 1 1 1 1
26 22 20 18 24 30 1 1 1 1
27 21 21 19 25 31 1 1 1 1
28 22 20 20 26 32 1 1 1 1
29 23 21 19 25 33 1 1 1 1
28 24 22 18 26 34 2 2 2 2
29 25 23 19 27 35 1 1 1 1
30 26 24 20 28 36 1 1 1 1
29 25 25 21 29 37 1 1 1 1
30 26 26 22 30 38 1 1 1 1
31 25 27 23 31 37 1 1 1 1
32 24 28 24 30 38 1 1 1 1
33 25 27 25 29 39 1 1 1 1
34 26 28 26 30 40 1 1 1 1
35 27 27 25 31 41 1 1 1 1
34 28 28 26 32 42 1 1 1 1
35 27 29 25 33 43 1 1 1 1
36 28 30 26 34 42 1 1 1 1
37 29 29 27 33 43 1 1 1 1
38 28 30 28 32 42 2 2 2 2
39 29 31 29 33 43 1 1 1 1
40 30 32 30 32 42 1 1 1 1
41 31 33 31 33 43 1 1 1 1
42 32 34 32 34 44 1 1 1 1
43 33 35 33 35 45 1 1 1 1
44 34 36 34 36 44 1 1 1 1
45 33 37 35 37 45 1 1 1 1
46 34 38 34 38 46 1 1 1 1
47 35 39 35 37 47 1 1 1 1
46 36 40 36 38 46 1 1 1 1
