1 1 1 1 1 1 1 1 1 1
2 1 2 2 1 1 2 2 2 2
1 1 1 1 2 1 3 3 3 3
2 2 2 1 1 2 4 4 4 4
3 3 1 1 1 3 5 5 5 5
4 4 2 2 2 4 6 4 4 4
5 5 3 1 3 5 7 5 5 5
4 6 2 2 4 6 6 6 6 6
5 5 3 3 5 5 7 7 7 7
6 6 2 2 6 4 8 8 8 8
7 7 3 1 7 3 7 9 9 9
8 6 4 2 8 4 6 10 10 10
9 5 5 3 9 5 7 9 9 9
8 6 6 4 8 6 6 10 10 10
7 7 7 5 9 7 5 11 11 11
6 8 8 6 10 6 4 12 12 12
5 7 9 5 11 7 5 13 13 13
4 6 10 6 10 6 4 14 14 14
3 7 11 5 11 7 5 15 15 15
4 8 12 6 12 8 6 14 14 14
5 9 13 7 11 9 7 15 15 15
4 10 14 8 12 10 8 14 14 14
3 9 13 7 11 11 9 15 15 15
4 10 14 6 10 10 10 16 16 16
3 11 15 7 11 9 9 17 17 17
4 10 14 6 12 10 8 18 18 18
5 9 15 7 13 9 9 19 19 19
6 10 14 8 12 10 8 20 20 20
5 11 15 9 11 11 9 21 21 21
6 10 16 8 12 12 8 22 22 22
7 9 15 9 13 13 7 23 23 23
6 8 16 8 14 14 8 24 24 24
5 9 17 7 13 15 7 25 25 25
6 10 16 6 14 14 6 26 26 26
7 11 17 5 13 15 7 27 27 27
8 12 18 6 12 14 6 28 28 28
7 11 17 7 13 15 5 29 29 29
6 10 18 8 14 16 6 30 30 30
5 9 19 7 13 15 5 31 31 31
4 8 18 8 12 14 6 32 32 32
5 9 19 9 11 13 7 33 33 33
4 8 20 10 10 14 8 34 34 34
3 9 19 11 9 15 7 35 35 35
2 10 20 10 10 16 6 36 36 36
1 11 19 11 9 15 7 37 37 37
2 12 18 10 8 14 6 38 38 38
1 13 17 11 9 13 5 39 39 39
1 14 18 10 10 12 6 40 40 40
1 15 19 11 11 13 7 39 39 39
2 16 18 10 10 12 6 40 40 40
1 15 19 9 11 13 7 41 41 41
2 16 18 8 12 12 6 42 42 42
1 17 19 7 11 13 5 43 43 43
1 16 18 8 12 14 6 44 44 44
2 15 19 9 11 13 5 45 45 45
3 16 18 10 10 12 4 46 46 46
2 17 19 9 11 11 5 47 47 47
3 18 20 8 12 10 6 48 48 48
4 17 21 9 11 11 7 49 49 49
5 16 20 8 12 12 6 50 50 50
4 15 21 7 11 13 5 51 51 51
3 14 20 6 12 14 6 52 52 52
2 13 21 7 11 15 7 53 53 53
3 14 22 8 12 14 8 54 54 54
4 15 21 9 13 15 7 55 55 55
3 14 20 10 14 14 6 56 56 56
4 13 21 11 13 13 7 57 57 57
5 14 22 10 14 12 8 58 58 58
6 13 23 11 15 13 7 59 59 59
7 14 22 10 14 14 8 60 60 60
8 15 21 9 15 13 7 61 61 61
7 16 20 10 14 14 8 62 62 62
8 15 21 11 13 13 9 63 63 63
9 16 22 12 12 14 10 64 64 64
8 17 21 11 11 13 11 65 65 65
7 18 20 10 12 12 12 66 66 66
8 17 21 9 13 13 13 67 67 67
7 18 20 10 14 12 12 68 68 68
6 17 19 11 13 13 11 69 69 69
7 16 20 12 12 14 12 70 70 70
6 17 21 13 11 13 13 71 71 71
5 16 22 12 10 14 12 72 72 72
4 15 23 11 11 13 13 73 73 73
3 14 24 10 12 14 14 74 74 74
4 13 25 9 11 15 13 75 75 75
5 12 24 10 10 14 12 76 76 76
6 13 23 9 9 15 13 77 77 77
5 12 24 8 10 14 12 78 78 78
4 13 25 9 9 13 13 79 79 79
5 14 24 8 8 14 12 80 80 80
6 13 25 7 7 15 11 81 81 81
7 12 24 8 8 14 12 82 82 82
6 11 25 7 9 13 11 83 83 83
7 10 24 6 10 14 10 84 84 84
8 11 25 5 11 15 9 85 85 85
7 12 26 4 10 14 8 86 86 86
8 13 27 3 9 15 7 87 87 87
7 12 28 4 10 14 6 88 88 88
6 13 27 5 9 15 5 89 89 89
5 12 26 4 8 14 6 90 90 90
