2 2 2 2 2 2 1 1 1 1
1 3 3 3 3 3 1 1 1 1
2 4 4 4 4 4 1 1 1 1
1 5 5 5 5 5 1 1 1 1
2 6 4 6 6 6 1 1 1 1
3 7 5 7 7 7 1 1 1 1
4 6 4 8 8 8 1 1 1 1
5 7 5 9 9 9 1 1 1 1
4 8 6 10 10 10 1 1 1 1
5 9 7 11 11 11 1 1 1 1
6 10 8 12 12 12 1 1 1 1
7 11 9 13 13 13 1 1 1 1
8 10 10 14 14 14 1 1 1 1
9 11 11 15 15 15 1 1 1 1
10 12 12 16 16 16 1 1 1 1
11 13 13 17 17 17 1 1 1 1
12 14 14 18 18 18 1 1 1 1
13 15 15 19 17 19 1 1 1 1
14 16 16 20 18 20 1 1 1 1
15 17 17 21 17 21 1 1 1 1
14 18 18 20 18 22 1 1 1 1
15 19 19 19 19 23 1 1 1 1
16 20 20 20 20 24 1 1 1 1
17 19 21 21 21 25 1 1 1 1
18 18 22 20 20 26 2 2 2 2
19 19 21 21 21 27 1 1 1 1
20 20 22 22 22 28 1 1 1 1
21 19 23 23 23 29 1 1 1 1
22 20 24 24 22 30 1 1 1 1
23 21 23 25 23 31 1 1 1 1
22 22 24 26 24 32 1 1 1 1
23 23 25 25 25 31 1 1 1 1
24 24 24 26 26 32 1 1 1 1
25 25 25 27 27 31 1 1 1 1
26 26 24 28 28 32 1 1 1 1
27 27 25 29 29 33 1 1 1 1
28 28 26 30 30 34 1 1 1 1
29 29 27 31 31 35 1 1 1 1
30 30 28 32 32 36 1 1 1 1
31 31 27 33 31 37 1 1 1 1
32 32 28 34 32 38 1 1 1 1
33 31 29 35 33 39 1 1 1 1
34 32 28 36 34 40 1 1 1 1
35 33 29 35 35 41 1 1 1 1
36 34 30 36 34 42 1 1 1 1
37 35 31 37 35 43 1 1 1 1
38 36 32 38 36 44 1 1 1 1
39 37 33 39 37 45 1 1 1 1
40 38 34 40 38 46 1 1 1 1
41 39 35 41 39 47 1 1 1 1
40 40 34 42 40 48 1 1 1 1
41 41 35 41 41 49 1 1 1 1
42 40 36 42 42 50 1 1 1 1
43 41 37 41 43 51 1 1 1 1
44 42 38 42 44 52 1 1 1 1
45 43 39 43 45 53 1 1 1 1
46 44 40 44 46 54 1 1 1 1
47 45 41 43 47 55 1 1 1 1
48 46 42 44 48 56 1 1 1 1
49 47 43 43 49 57 1 1 1 1
