2 2 1 2 2 2 2 1 1 1
3 3 2 3 1 3 3 1 1 1
4 4 3 4 2 4 4 1 1 1
5 5 4 5 1 5 5 1 1 1
6 4 5 6 2 6 6 1 1 1
7 5 6 7 3 7 7 1 1 1
8 4 7 8 4 8 8 1 1 1
9 5 8 9 5 9 9 1 1 1
10 4 9 10 6 10 10 1 1 1
11 5 10 11 5 11 11 1 1 1
12 6 11 12 6 12 12 1 1 1
13 7 10 13 7 13 13 1 1 1
14 8 11 14 8 14 14 1 1 1
15 7 12 15 9 15 15 1 1 1
16 8 13 16 10 16 16 1 1 1
17 9 14 17 11 17 17 1 1 1
18 10 15 18 12 18 18 1 1 1
19 11 16 19 13 19 17 1 1 1
20 12 17 20 14 20 18 1 1 1
21 13 18 21 15 21 19 1 1 1
20 14 19 22 16 22 20 1 1 1
21 15 20 23 17 23 21 1 1 1
22 16 21 24 18 24 22 1 1 1
23 15 20 25 19 23 23 1 1 1
24 16 21 26 20 24 24 1 1 1
25 15 22 25 21 25 23 1 1 1
26 16 21 24 22 24 24 2 2 2
27 17 20 25 23 25 25 1 1 1
28 18 21 26 24 26 26 1 1 1
29 19 22 27 25 27 27 1 1 1
30 20 23 26 26 28 28 1 1 1
31 21 24 27 27 29 29 1 1 1
32 22 25 28 28 30 30 1 1 1
33 21 26 29 29 31 31 1 1 1
34 22 27 30 30 30 32 1 1 1
35 23 26 31 31 31 33 1 1 1
34 24 27 32 32 32 32 1 1 1
35 25 28 33 31 33 31 1 1 1
36 26 29 34 30 34 30 1 1 1
37 27 30 35 31 33 31 1 1 1
38 28 31 36 32 34 32 1 1 1
39 29 32 37 33 35 31 1 1 1
40 30 33 38 34 36 32 1 1 1
41 31 34 39 35 37 33 1 1 1
42 32 35 40 34 38 34 1 1 1
43 33 36 39 35 39 35 1 1 1
42 34 37 40 36 40 36 1 1 1
43 35 38 41 37 41 37 1 1 1
44 36 39 42 38 42 38 1 1 1
45 37 40 43 39 43 39 1 1 1
46 38 41 44 40 44 40 1 1 1
47 37 42 45 41 45 41 1 1 1
48 38 43 46 42 46 42 1 1 1
47 39 44 47 43 47 43 1 1 1
48 40 45 48 44 48 44 1 1 1
49 41 46 49 45 49 45 1 1 1
50 42 47 50 44 50 46 1 1 1
51 43 48 51 45 51 47 1 1 1
52 44 49 52 46 52 48 1 1 1
53 43 50 53 45 53 49 1 1 1
