1 1 1 2 2 2 2 2 2 2
2 2 1 1 3 1 3 3 3 3
1 3 1 2 4 1 4 4 4 4
1 4 2 1 5 2 5 5 5 5
1 3 1 2 4 3 6 6 6 6
1 4 1 3 5 4 7 7 7 7
1 5 2 2 6 3 8 8 8 8
1 6 3 1 5 4 9 9 9 9
2 7 4 1 4 5 10 10 10 10
1 6 5 1 5 6 11 11 11 11
2 7 6 1 4 5 12 12 12 12
1 8 5 1 5 4 13 13 13 13
1 7 4 2 4 3 14 14 14 14
1 6 3 3 3 4 15 15 15 15
2 5 4 4 4 5 16 16 16 16
1 6 3 3 5 6 17 17 17 17
1 5 2 2 6 5 18 18 18 18
2 4 3 1 7 4 19 19 19 19
1 5 2 2 8 5 20 20 20 20
2 4 3 1 9 6 21 21 21 21
3 3 2 1 10 5 22 22 22 22
4 4 3 1 9 4 23 23 23 23
3 5 4 1 8 5 24 24 24 24
2 4 3 1 7 6 25 25 25 25
1 3 2 1 6 7 26 26 26 26
1 2 3 1 5 6 27 27 27 27
2 3 4 2 4 5 28 28 28 28
1 4 5 1 5 4 29 29 29 29
1 5 6 1 4 3 30 30 30 30
2 4 7 1 3 4 31 31 31 31
1 5 8 2 2 5 32 32 32 32
1 4 9 1 1 4 33 33 33 33
1 3 8 1 1 5 34 34 34 34
1 2 7 1 1 6 35 35 35 35
2 1 8 1 1 7 36 36 36 36
1 1 9 2 1 6 37 37 37 37
1 1 8 3 2 7 38 38 38 38
1 1 9 4 1 6 39 39 39 39
1 1 8 5 2 7 40 40 40 40
1 2 7 4 1 8 41 41 41 41
2 1 6 3 1 7 42 42 42 42
1 1 7 2 2 6 43 43 43 43
2 1 6 3 3 7 44 44 44 44
3 1 7 4 2 8 45 45 45 45
4 1 6 3 1 7 46 46 46 46
5 2 7 4 1 8 47 47 47 47
4 1 6 3 2 7 48 48 48 48
5 1 7 4 1 6 49 49 49 49
4 1 6 3 1 5 50 50 50 50
5 1 7 2 1 6 51 51 51 51
6 2 6 1 2 5 52 52 52 52
7 1 7 1 1 4 53 53 53 53
8 1 6 2 1 5 54 54 54 54
9 1 5 1 2 6 55 55 55 55
10 1 6 1 1 5 56 56 56 56
11 1 7 1 1 4 57 57 57 57
10 2 6 2 1 5 58 58 58 58
11 1 7 1 2 4 59 59 59 59
10 2 8 1 1 3 60 60 60 60
11 3 9 1 1 2 61 61 61 61
10 2 8 1 1 1 62 62 62 62
11 1 7 1 1 1 63 63 63 63
12 1 6 1 1 1 64 64 64 64
13 1 7 1 2 2 65 65 65 65
14 2 6 2 1 1 66 66 66 66
13 1 5 1 2 2 67 67 67 67
14 2 6 2 1 1 68 68 68 68
13 1 5 1 2 1 69 69 69 69
14 1 4 1 3 2 70 70 70 70
15 1 3 1 2 1 71 71 71 71
14 2 2 2 1 2 72 72 72 72
15 3 1 1 1 3 73 73 73 73
14 2 2 2 2 2 74 74 74 74
15 3 1 3 1 1 75 75 75 75
14 4 2 2 2 2 76 76 76 76
15 3 1 3 3 3 77 77 77 77
14 4 2 2 2 2 78 78 78 78
13 3 1 3 3 3 79 79 79 79
12 4 2 2 2 4 80 80 80 80
13 5 3 3 3 5 81 81 81 81
14 4 2 2 2 4 82 82 82 82
13 3 1 1 1 3 83 83 83 83
12 2 1 1 1 4 84 84 84 84
11 1 1 1 2 3 85 85 85 85
10 2 2 1 3 4 86 86 86 86
9 3 3 1 2 5 87 87 87 87
10 2 4 2 3 6 88 88 88 88
11 3 3 3 2 5 89 89 89 89
10 4 2 4 3 6 90 90 90 90
9 5 1 3 2 5 91 91 91 91
10 4 1 4 3 4 92 92 92 92
9 3 1 3 4 5 93 93 93 93
8 2 1 4 5 4 94 94 94 94
9 3 1 5 6 3 95 95 95 95
10 2 2 6 7 2 96 96 96 96
9 1 1 5 6 3 97 97 97 97
10 2 1 4 5 2 98 98 98 98
9 3 2 3 4 3 99 99 99 99
8 2 3 2 3 2 100 100 100 100
9 3 4 3 2 3 100 100 100 100
