1 1 1 1 1 1 1 1 1 1
1 1 1 1 1 1 1 1 1 1
1 1 1 2 1 2 2 2 2 2
2 2 1 1 1 1 3 3 3 3
1 1 1 1 1 2 4 4 4 4
2 1 1 2 1 1 5 5 5 5
1 1 1 3 1 1 6 6 6 6
2 1 1 2 1 2 7 7 7 7
1 2 1 1 1 1 8 8 8 8
1 3 2 1 2 1 9 9 9 9
1 4 3 1 1 1 10 10 10 10
1 3 4 1 2 1 11 11 11 11
1 2 5 1 1 1 12 12 12 12
1 3 6 1 1 2 13 13 13 13
1 4 5 1 1 1 14 14 14 14
1 3 4 1 1 1 15 15 15 15
1 4 3 1 1 1 16 16 16 16
1 5 4 1 1 1 17 17 17 17
1 4 3 2 1 1 18 18 18 18
1 3 2 1 1 1 19 19 19 19
1 2 1 1 1 1 20 20 20 20
1 3 1 2 1 1 21 21 21 21
2 2 1 1 1 1 22 22 22 22
1 3 1 1 1 1 23 23 23 23
2 2 1 1 1 1 24 24 24 24
1 3 1 2 1 1 25 25 25 25
1 2 1 1 1 1 26 26 26 26
2 3 2 1 1 1 27 27 27 27
1 2 1 1 1 2 28 28 28 28
1 3 2 1 1 1 29 29 29 29
1 2 1 1 2 1 30 30 30 30
1 1 2 1 1 2 31 31 31 31
1 1 1 1 1 1 32 32 32 32
1 1 1 2 1 1 33 33 33 33
2 1 1 1 1 1 34 34 34 34
1 1 1 1 1 1 35 35 35 35
2 1 1 1 1 1 36 36 36 36
1 1 1 1 1 2 37 37 37 37
1 1 1 1 2 1 38 38 38 38
1 1 1 1 1 1 39 39 39 39
1 1 1 1 1 2 40 40 40 40
1 1 1 1 1 1 41 41 41 41
2 1 1 2 2 1 42 42 42 42
3 1 1 1 1 1 43 43 43 43
2 1 2 1 1 2 44 44 44 44
1 1 1 2 1 3 45 45 45 45
1 1 2 3 1 4 46 46 46 46
1 1 1 2 1 3 47 47 47 47
2 1 2 1 1 2 48 48 48 48
1 1 3 2 1 1 49 49 49 49
1 2 2 3 1 1 50 50 50 50
2 1 1 2 1 1 51 51 51 51
1 1 2 3 1 2 52 52 52 52
2 1 3 4 1 1 53 53 53 53
1 1 2 3 1 2 54 54 54 54
1 1 3 2 1 1 55 55 55 55
1 1 4 1 1 1 56 56 56 56
1 1 3 1 2 2 57 57 57 57
1 1 4 1 1 1 58 58 58 58
1 1 3 2 1 1 59 59 59 59
