2 1 2 2 2 2 2 1 1 1
3 2 3 1 3 3 3 1 1 1
4 3 4 2 4 4 2 1 1 1
3 4 5 3 5 5 1 1 1 1
4 5 4 2 4 6 1 2 2 2
5 6 5 3 5 7 2 1 1 1
6 5 6 4 4 8 3 1 1 1
7 6 7 3 5 9 4 1 1 1
8 5 8 2 6 8 5 2 2 2
7 6 7 1 7 7 6 3 3 3
8 7 6 1 8 6 5 4 4 4
7 8 7 2 9 7 6 3 3 3
8 9 8 3 10 8 7 2 2 2
9 10 7 2 11 7 8 1 1 1
10 9 8 3 10 8 9 1 1 1
11 8 7 2 11 9 10 1 1 1
12 9 6 3 12 8 11 1 1 1
13 10 7 2 13 9 12 1 1 1
14 9 8 3 14 10 13 1 1 1
15 10 9 4 15 11 14 1 1 1
16 11 10 3 14 10 13 2 2 2
17 12 11 4 15 11 14 1 1 1
18 13 12 5 16 12 15 1 1 1
19 12 11 6 17 13 16 1 1 1
18 13 12 7 18 12 15 2 2 2
19 14 13 8 19 13 16 1 1 1
20 15 12 9 18 14 17 1 1 1
21 14 13 10 19 15 18 1 1 1
22 13 12 11 20 14 19 1 1 1
23 12 13 10 21 15 18 2 2 2
24 13 14 9 22 14 19 1 1 1
25 14 15 10 21 13 20 1 1 1
26 15 14 11 22 12 21 1 1 1
27 16 15 12 23 13 22 1 1 1
28 17 16 11 22 14 21 2 2 2
27 16 17 10 23 15 22 1 1 1
28 17 18 9 22 14 23 1 1 1
29 18 17 10 21 15 24 1 1 1
30 19 16 11 22 16 25 1 1 1
31 20 17 12 23 17 26 1 1 1
30 21 18 11 24 18 25 1 1 1
31 22 19 12 25 19 26 1 1 1
32 23 20 11 26 18 27 1 1 1
33 22 21 12 27 19 28 1 1 1
34 21 22 13 28 20 29 1 1 1
35 22 23 14 29 21 30 1 1 1
36 21 24 15 30 22 31 1 1 1
37 22 23 16 29 23 32 1 1 1
36 23 24 17 30 24 33 1 1 1
35 24 25 18 31 25 34 1 1 1
36 25 26 19 32 26 33 1 1 1
35 24 27 20 33 27 34 1 1 1
36 23 28 21 34 28 35 1 1 1
37 24 29 22 35 27 36 1 1 1
36 25 28 23 36 28 37 1 1 1
35 26 29 22 37 29 38 1 1 1
36 27 28 23 38 30 37 1 1 1
35 28 27 24 39 31 36 1 1 1
34 29 28 23 40 30 37 1 1 1
33 30 29 24 41 31 38 1 1 1
34 31 30 25 42 32 39 1 1 1
35 32 31 26 43 33 40 1 1 1
36 33 30 25 44 34 39 1 1 1
37 34 31 26 43 35 38 1 1 1
36 35 30 27 44 36 37 2 2 2
37 36 31 26 43 37 38 1 1 1
38 37 32 25 44 38 37 1 1 1
37 38 31 26 43 39 38 1 1 1
36 39 32 25 44 38 39 1 1 1
37 38 33 26 45 39 40 1 1 1
38 39 34 27 46 40 41 1 1 1
39 40 35 28 47 39 40 1 1 1
38 41 36 27 48 40 41 1 1 1
39 42 37 28 49 39 40 1 1 1
40 41 38 29 50 40 39 1 1 1
41 42 39 30 49 41 38 1 1 1
40 41 40 29 50 42 39 2 2 2
41 42 41 28 49 43 40 1 1 1
42 43 42 29 50 44 41 1 1 1
41 42 43 30 49 45 42 2 2 2
42 43 44 29 50 46 43 1 1 1
43 44 43 30 51 47 44 1 1 1
44 45 44 31 50 48 43 1 1 1
45 46 45 32 51 49 44 1 1 1
46 47 46 33 52 50 45 1 1 1
45 48 47 32 53 51 46 1 1 1
44 49 48 33 54 52 47 1 1 1
45 50 47 34 53 53 48 1 1 1
46 49 48 35 54 54 47 1 1 1
47 48 49 36 55 53 48 1 1 1
48 49 48 37 56 52 49 1 1 1
49 50 49 38 55 53 50 1 1 1
50 51 48 39 56 54 51 1 1 1
51 52 49 40 55 53 52 1 1 1
50 51 50 41 56 54 53 1 1 1
51 50 49 42 57 55 54 1 1 1
52 51 50 43 58 54 55 1 1 1
53 52 49 42 57 55 56 1 1 1
54 53 50 41 58 56 57 1 1 1
55 54 51 42 59 57 56 1 1 1
