2 2 2 2 1 2 2 1 1 1
3 3 3 3 2 1 3 1 1 1
2 4 4 2 3 2 4 1 1 1
1 3 5 1 4 1 5 2 2 2
2 4 6 2 5 1 6 1 1 1
3 5 7 3 6 2 7 1 1 1
4 6 8 4 7 3 8 1 1 1
5 7 9 5 8 4 9 1 1 1
6 8 10 6 9 5 8 1 1 1
7 9 11 7 8 4 9 1 1 1
8 10 12 6 9 3 10 1 1 1
9 11 13 7 10 4 11 1 1 1
8 12 12 8 11 3 10 2 2 2
9 13 13 9 12 4 11 1 1 1
10 12 12 10 13 5 12 1 1 1
9 13 11 11 14 4 13 2 2 2
10 14 12 12 15 5 12 1 1 1
11 13 13 13 16 6 13 1 1 1
10 12 14 14 17 7 12 1 1 1
11 13 15 15 18 8 13 1 1 1
12 14 14 14 19 7 14 1 1 1
13 15 15 15 20 8 13 1 1 1
14 16 16 16 19 9 14 1 1 1
15 17 17 17 20 10 13 1 1 1
16 16 18 18 19 11 14 2 2 2
17 17 17 19 20 12 15 1 1 1
18 18 18 20 21 13 14 1 1 1
19 19 19 19 22 12 13 1 1 1
18 20 20 20 21 13 14 1 1 1
19 21 21 21 22 14 15 1 1 1
20 20 22 22 23 15 16 1 1 1
21 21 23 23 22 16 17 1 1 1
22 22 24 24 23 15 18 1 1 1
21 23 25 25 24 16 17 1 1 1
22 24 26 26 25 17 16 1 1 1
23 23 27 27 26 18 17 1 1 1
24 24 28 26 27 19 18 1 1 1
25 25 27 27 28 20 19 1 1 1
26 26 28 28 29 19 20 1 1 1
25 27 29 29 30 20 21 1 1 1
26 28 30 30 29 19 20 2 2 2
27 29 31 31 30 20 21 1 1 1
28 30 32 32 31 19 20 1 1 1
29 31 33 33 32 20 21 1 1 1
30 32 34 32 33 19 22 1 1 1
31 31 33 33 34 20 23 1 1 1
32 32 32 32 35 19 24 1 1 1
33 33 33 31 36 20 25 1 1 1
34 34 34 30 35 21 24 1 1 1
35 35 35 31 36 22 25 1 1 1
36 36 36 32 35 23 24 1 1 1
37 37 37 33 36 24 25 1 1 1
38 38 38 32 37 25 26 1 1 1
39 39 39 33 38 26 27 1 1 1
40 40 40 34 37 27 26 1 1 1
39 41 39 35 36 28 27 1 1 1
40 42 38 36 37 29 26 1 1 1
41 43 39 37 38 28 27 1 1 1
42 44 40 38 39 29 26 1 1 1
43 45 41 39 38 28 27 1 1 1
44 44 42 40 39 29 28 1 1 1
45 45 43 41 40 28 27 1 1 1
46 46 44 42 41 29 28 1 1 1
47 47 45 43 40 30 29 1 1 1
48 48 46 44 39 31 30 1 1 1
49 49 47 45 40 30 31 1 1 1
50 50 48 44 41 31 30 1 1 1
51 51 49 45 42 32 31 1 1 1
50 52 50 46 43 33 32 1 1 1
51 51 51 45 44 32 33 2 2 2
52 52 52 46 45 33 34 1 1 1
53 51 53 47 46 34 35 1 1 1
54 50 54 46 47 35 36 1 1 1
55 51 55 47 48 36 37 1 1 1
56 52 56 48 49 37 38 1 1 1
57 53 57 47 50 38 39 1 1 1
56 54 58 46 51 39 40 1 1 1
57 55 57 47 52 38 41 1 1 1
58 56 58 48 53 39 42 1 1 1
59 57 59 49 54 40 43 1 1 1
60 58 60 50 55 41 44 1 1 1
59 59 61 51 54 40 45 1 1 1
60 60 62 52 55 41 46 1 1 1
61 59 63 53 54 42 45 1 1 1
60 58 64 54 55 43 46 1 1 1
61 59 65 55 56 44 47 1 1 1
62 60 66 54 57 45 48 1 1 1
63 61 67 55 58 46 49 1 1 1
62 62 68 56 59 47 48 1 1 1
63 63 69 55 58 48 47 1 1 1
64 64 70 56 59 49 48 1 1 1
65 65 71 55 60 50 47 1 1 1
66 66 72 56 61 49 48 1 1 1
67 67 71 55 62 50 49 1 1 1
68 68 72 56 63 51 50 1 1 1
67 69 73 57 64 52 51 1 1 1
68 70 74 58 65 53 50 1 1 1
69 71 73 57 66 52 51 1 1 1
70 72 74 58 67 53 50 1 1 1
69 73 75 59 68 52 51 1 1 1
