2 2 2 2 2 2 2 1 1 1
3 3 3 1 3 3 3 1 1 1
4 2 4 1 4 4 4 1 1 1
5 3 5 2 5 5 5 1 1 1
6 4 6 3 6 6 6 1 1 1
7 5 7 4 7 7 7 1 1 1
6 6 8 5 8 8 8 1 1 1
7 7 9 6 9 9 9 1 1 1
6 8 8 7 10 10 10 1 1 1
7 9 9 8 11 9 11 1 1 1
8 10 10 9 12 10 12 1 1 1
9 11 9 10 13 11 13 1 1 1
10 10 10 11 14 12 14 1 1 1
11 11 11 12 15 13 15 1 1 1
12 12 12 13 16 12 14 1 1 1
13 13 13 14 17 13 13 1 1 1
14 14 14 15 18 14 14 1 1 1
15 15 15 16 19 15 15 1 1 1
16 16 16 17 20 16 14 1 1 1
17 17 17 18 21 17 13 1 1 1
18 18 18 19 22 18 14 1 1 1
19 19 19 20 23 19 15 1 1 1
20 20 20 21 24 20 16 1 1 1
21 21 19 20 25 21 17 1 1 1
22 22 20 21 26 22 18 1 1 1
23 21 21 22 27 23 19 1 1 1
24 22 20 23 28 24 20 1 1 1
25 23 19 24 29 25 21 1 1 1
26 24 20 25 30 26 22 1 1 1
27 25 21 26 31 27 23 1 1 1
28 26 22 27 32 28 22 1 1 1
29 27 23 28 33 29 23 1 1 1
30 28 24 27 34 30 24 1 1 1
31 29 25 28 35 31 25 1 1 1
32 30 26 29 36 32 26 1 1 1
33 31 27 30 37 33 27 1 1 1
34 32 28 31 38 34 28 1 1 1
35 33 29 32 39 35 29 1 1 1
34 34 30 33 40 36 30 1 1 1
33 35 31 34 41 37 29 1 1 1
34 36 32 35 42 38 30 1 1 1
35 37 33 36 43 39 31 1 1 1
36 38 34 35 44 40 32 1 1 1
35 39 35 36 45 39 33 1 1 1
36 40 36 37 46 40 32 1 1 1
35 41 37 38 47 39 33 1 1 1
36 42 38 39 48 40 34 1 1 1
35 43 39 38 49 41 35 1 1 1
36 44 38 39 50 42 36 1 1 1
37 45 39 40 51 43 37 1 1 1
36 46 40 41 52 44 38 1 1 1
37 47 41 42 53 45 39 1 1 1
36 48 42 43 54 46 40 1 1 1
37 49 43 44 55 47 41 1 1 1
38 50 44 45 56 48 42 1 1 1
39 51 45 46 57 49 43 1 1 1
40 52 46 47 56 50 44 1 1 1
41 51 47 48 57 51 45 1 1 1
42 52 48 49 58 52 46 1 1 1
43 53 49 50 59 53 45 1 1 1
