2 2 2 2 1 1 2 2 2 2
1 1 3 3 1 1 3 3 3 3
2 2 4 4 2 2 2 2 2 2
3 3 5 5 3 3 1 1 1 1
4 4 6 6 4 4 1 1 1 1
5 5 7 5 5 5 1 1 1 1
4 6 8 6 6 6 1 1 1 1
5 7 9 7 7 7 1 1 1 1
6 8 10 8 8 8 1 1 1 1
7 9 9 9 9 9 1 1 1 1
8 10 8 10 10 10 1 1 1 1
9 11 9 11 11 11 1 1 1 1
10 12 10 12 12 12 1 1 1 1
11 13 9 13 11 13 1 1 1 1
12 14 10 14 12 14 1 1 1 1
13 15 11 15 13 15 1 1 1 1
14 14 12 16 12 16 1 1 1 1
13 15 13 17 13 17 1 1 1 1
14 16 14 18 14 18 1 1 1 1
15 17 15 19 15 19 1 1 1 1
16 18 16 18 16 20 1 1 1 1
17 19 17 19 17 21 1 1 1 1
18 20 18 20 18 22 1 1 1 1
17 21 19 21 19 21 1 1 1 1
18 22 20 22 20 22 1 1 1 1
19 23 21 23 21 23 1 1 1 1
20 24 22 24 22 24 1 1 1 1
21 23 23 25 23 25 1 1 1 1
22 24 24 26 24 26 1 1 1 1
23 25 25 27 25 27 1 1 1 1
24 26 24 28 26 28 1 1 1 1
25 27 25 29 27 29 1 1 1 1
26 28 26 30 28 30 1 1 1 1
27 29 27 31 29 31 1 1 1 1
28 30 28 32 30 32 1 1 1 1
29 31 29 33 31 33 1 1 1 1
30 32 30 34 32 34 1 1 1 1
31 33 31 35 33 35 1 1 1 1
32 34 32 36 34 36 1 1 1 1
31 35 33 37 35 37 1 1 1 1
32 36 34 38 36 36 1 1 1 1
33 37 35 39 37 37 1 1 1 1
34 38 36 40 38 38 1 1 1 1
35 39 37 41 39 39 1 1 1 1
36 40 38 42 40 38 1 1 1 1
37 41 39 43 41 39 1 1 1 1
38 42 40 42 42 40 1 1 1 1
39 43 41 43 43 41 1 1 1 1
40 44 42 44 44 42 1 1 1 1
41 43 41 45 45 43 1 1 1 1
42 44 42 46 46 42 1 1 1 1
43 45 43 45 47 43 1 1 1 1
44 44 44 46 48 44 1 1 1 1
45 45 45 47 49 45 1 1 1 1
46 46 46 48 50 44 1 1 1 1
47 47 47 49 51 45 1 1 1 1
46 48 48 50 52 46 1 1 1 1
47 49 49 49 53 47 1 1 1 1
48 50 50 50 54 46 1 1 1 1
49 51 51 51 55 47 1 1 1 1
50 52 52 50 56 48 1 1 1 1
51 53 53 51 57 49 1 1 1 1
52 54 54 52 58 50 1 1 1 1
53 55 53 53 59 49 1 1 1 1
54 56 54 54 60 50 1 1 1 1
55 57 55 55 59 51 1 1 1 1
56 58 56 56 60 52 1 1 1 1
57 59 57 57 61 53 1 1 1 1
58 58 58 58 60 54 1 1 1 1
59 59 59 59 61 55 1 1 1 1
60 60 60 60 62 56 1 1 1 1
61 61 59 59 63 57 1 1 1 1
62 62 60 60 64 58 1 1 1 1
63 63 61 61 65 59 1 1 1 1
64 64 62 60 66 60 1 1 1 1
65 65 63 61 65 61 1 1 1 1
66 66 64 60 66 62 1 1 1 1
67 67 65 61 65 63 1 1 1 1
68 68 64 60 66 64 1 1 1 1
67 69 65 61 67 65 1 1 1 1
68 70 66 62 68 66 1 1 1 1
67 69 67 63 69 67 1 1 1 1
68 70 68 64 70 68 1 1 1 1
69 71 69 65 71 69 1 1 1 1
70 72 70 66 72 70 1 1 1 1
71 73 71 67 73 71 1 1 1 1
72 74 72 68 74 72 1 1 1 1
73 75 73 69 75 73 1 1 1 1
74 76 74 70 76 74 1 1 1 1
75 75 75 71 77 75 1 1 1 1
76 74 76 72 78 74 1 1 1 1
77 75 77 73 79 75 1 1 1 1
78 76 78 74 80 74 1 1 1 1
79 77 79 75 79 75 1 1 1 1
80 78 80 76 80 76 1 1 1 1
81 77 81 77 81 77 1 1 1 1
82 78 82 78 82 78 1 1 1 1
83 79 83 79 83 79 1 1 1 1
82 80 84 78 84 80 1 1 1 1
83 81 85 79 85 81 1 1 1 1
