1 1 1 1 1 1 1 1 1 1
1 1 1 1 1 1 1 1 1 1
1 2 1 2 2 2 2 2 2 2
2 3 2 3 3 3 1 3 3 3
3 4 1 4 4 4 1 2 2 2
2 5 1 3 3 5 1 3 3 3
3 6 2 2 4 6 1 2 2 2
2 7 3 3 3 7 2 1 1 1
1 8 4 2 4 8 3 2 2 2
2 9 5 3 5 7 4 3 3 3
3 10 4 2 6 8 3 4 4 4
4 11 3 3 7 9 4 5 5 5
3 12 4 2 6 8 5 6 6 6
4 11 5 3 5 9 4 7 7 7
5 12 4 4 6 8 3 8 8 8
4 11 3 5 5 9 4 9 9 9
5 10 4 6 6 8 3 10 10 10
6 9 5 5 5 7 4 11 11 11
7 10 4 4 4 6 5 12 12 12
6 9 3 3 5 7 6 13 13 13
5 8 4 2 4 6 7 14 14 14
6 9 5 1 5 5 8 15 15 15
5 8 4 1 4 4 9 16 16 16
4 7 3 1 3 5 10 17 17 17
5 6 2 2 4 4 9 18 18 18
6 7 1 3 5 3 8 19 19 19
7 8 1 4 4 4 7 20 20 20
6 7 2 5 5 3 6 21 21 21
7 8 3 4 4 2 5 22 22 22
6 7 4 3 3 1 6 23 23 23
7 8 3 2 4 2 5 24 24 24
8 7 4 1 3 3 4 25 25 25
7 8 3 1 4 4 3 26 26 26
6 7 2 1 5 3 4 27 27 27
5 8 1 1 4 2 5 28 28 28
6 7 1 2 5 3 4 29 29 29
5 6 2 1 6 4 3 30 30 30
6 5 1 2 5 3 4 31 31 31
7 4 1 3 6 2 3 32 32 32
8 3 2 2 5 3 4 33 33 33
9 2 3 1 6 4 3 34 34 34
10 3 2 1 7 5 2 35 35 35
9 2 3 1 8 6 1 36 36 36
10 1 4 1 7 5 2 37 37 37
11 1 3 1 6 6 3 38 38 38
12 1 4 2 7 7 2 39 39 39
13 2 3 1 8 6 3 40 40 40
12 3 4 2 9 7 2 41 41 41
11 4 3 1 8 6 1 42 42 42
10 5 2 1 9 7 2 43 43 43
9 6 3 2 8 6 1 44 44 44
8 7 4 1 9 7 2 45 45 45
9 8 5 2 8 8 1 46 46 46
10 7 6 3 7 9 2 47 47 47
9 8 5 4 8 10 1 48 48 48
10 9 4 5 9 11 2 49 49 49
11 8 5 4 10 10 3 50 50 50
10 7 4 3 11 11 4 51 51 51
9 6 3 4 10 12 3 52 52 52
8 5 4 5 11 13 4 53 53 53
