2 1 2 2 2 2 2 1 1 1
3 2 3 1 3 3 3 1 1 1
4 3 4 2 2 4 2 1 1 1
3 4 5 3 3 5 1 1 1 1
4 5 4 2 2 6 2 2 2 2
5 6 5 3 3 7 3 1 1 1
4 7 4 2 4 8 4 2 2 2
5 8 5 1 5 9 5 1 1 1
6 7 6 1 6 8 6 2 2 2
5 8 5 1 7 7 7 3 3 3
6 9 4 1 8 6 6 4 4 4
5 10 5 2 9 5 7 3 3 3
6 9 6 3 10 6 8 2 2 2
7 10 5 2 11 5 9 1 1 1
8 9 6 3 10 6 10 1 1 1
9 8 5 2 11 7 11 1 1 1
10 9 4 3 12 6 12 1 1 1
11 10 3 2 13 7 13 1 1 1
12 9 4 3 14 6 14 1 1 1
13 10 5 4 15 7 15 1 1 1
14 11 6 5 14 8 14 2 2 2
15 12 7 6 15 9 15 1 1 1
16 13 8 7 16 10 14 1 1 1
17 12 7 8 17 11 13 1 1 1
16 13 8 9 18 10 12 2 2 2
17 14 9 10 19 11 13 1 1 1
18 13 10 11 20 10 12 2 2 2
19 12 11 12 21 11 13 1 1 1
20 11 10 13 22 10 14 1 1 1
21 10 11 12 23 11 13 2 2 2
22 9 10 13 22 12 12 3 3 3
21 8 9 12 23 13 13 4 4 4
22 9 8 13 24 12 14 3 3 3
21 10 9 14 25 13 15 2 2 2
22 11 10 13 24 14 14 3 3 3
23 12 9 14 23 13 13 4 4 4
22 11 8 15 24 14 12 5 5 5
23 12 7 16 23 15 13 4 4 4
24 13 6 17 24 16 14 3 3 3
25 14 7 16 25 17 13 2 2 2
26 13 6 17 24 16 14 3 3 3
27 14 7 18 25 17 13 2 2 2
28 15 8 17 26 16 14 1 1 1
29 14 9 18 25 17 15 1 1 1
30 13 10 19 26 18 16 1 1 1
31 14 11 20 27 19 17 1 1 1
32 13 12 21 28 20 18 1 1 1
33 14 11 22 27 21 19 1 1 1
32 15 12 23 28 22 20 1 1 1
31 16 13 24 29 23 21 1 1 1
32 17 14 25 30 24 20 1 1 1
33 18 13 24 31 23 19 2 2 2
34 17 14 25 32 24 20 1 1 1
35 18 15 26 33 23 21 1 1 1
34 19 14 27 34 24 22 1 1 1
33 20 15 26 35 25 23 1 1 1
34 21 14 27 36 26 22 1 1 1
33 22 13 28 37 27 21 1 1 1
34 21 12 29 36 28 20 2 2 2
35 20 11 28 37 29 19 3 3 3
36 21 10 29 38 30 20 2 2 2
37 22 11 30 39 31 19 1 1 1
38 23 10 29 40 32 18 1 1 1
39 24 11 30 39 33 17 1 1 1
38 25 10 31 40 34 16 2 2 2
39 26 11 30 39 35 17 1 1 1
40 27 12 29 40 36 16 1 1 1
39 28 11 30 39 37 17 1 1 1
40 27 10 31 38 38 16 2 2 2
39 26 11 32 39 39 15 1 1 1
40 27 12 33 40 40 16 1 1 1
41 26 13 34 41 39 15 1 1 1
40 27 14 33 42 40 14 1 1 1
41 28 15 34 43 39 13 1 1 1
42 27 16 35 44 40 12 1 1 1
43 28 17 36 43 41 11 1 1 1
42 27 18 35 44 42 12 2 2 2
43 28 19 34 43 43 13 1 1 1
44 29 20 35 44 44 14 1 1 1
43 28 21 36 43 45 15 2 2 2
44 29 22 35 44 46 16 1 1 1
45 30 21 36 45 45 17 1 1 1
46 31 22 37 44 46 16 1 1 1
47 32 23 38 45 45 17 1 1 1
48 33 24 39 46 44 18 1 1 1
47 34 25 38 47 45 19 1 1 1
46 35 26 39 48 46 18 1 1 1
47 36 25 40 47 47 19 1 1 1
48 35 26 39 48 48 18 1 1 1
49 36 25 38 47 49 17 2 2 2
50 37 24 39 48 48 18 1 1 1
51 38 25 38 47 49 19 1 1 1
52 39 24 39 48 50 20 1 1 1
53 40 25 40 47 49 21 1 1 1
54 41 24 39 48 48 20 2 2 2
55 40 23 40 49 49 21 1 1 1
56 41 24 41 50 48 22 1 1 1
57 42 23 40 49 49 23 1 1 1
58 43 24 39 50 50 24 1 1 1
59 44 25 40 51 51 23 1 1 1
