2 2 1 2 1 2 2 2 2 2
3 3 2 3 2 3 1 1 1 1
4 2 3 4 1 2 2 2 2 2
3 1 4 5 1 1 3 3 3 3
4 1 5 4 1 2 4 4 4 4
3 2 4 5 1 1 5 5 5 5
2 1 5 4 2 2 6 6 6 6
1 1 4 3 3 3 7 7 7 7
2 1 5 2 2 4 8 8 8 8
1 1 4 1 1 3 9 9 9 9
1 1 3 1 1 4 10 10 10 10
2 1 2 1 1 5 11 11 11 11
3 1 3 2 1 4 12 12 12 12
2 1 2 1 1 5 13 13 13 13
1 1 3 1 2 4 14 14 14 14
1 1 4 1 1 3 15 15 15 15
2 1 3 2 1 2 16 16 16 16
3 2 2 1 2 1 17 17 17 17
4 3 1 1 1 2 18 18 18 18
3 2 1 1 1 1 19 19 19 19
2 3 2 2 1 2 20 20 20 20
1 2 1 1 2 3 21 21 21 21
2 1 1 2 1 2 22 22 22 22
3 2 2 1 2 1 23 23 23 23
2 3 1 1 1 2 24 24 24 24
3 4 1 1 2 3 25 25 25 25
2 3 1 1 3 4 26 26 26 26
3 2 2 1 4 3 27 27 27 27
2 1 3 1 3 4 28 28 28 28
1 1 4 1 2 5 29 29 29 29
1 1 3 1 1 6 30 30 30 30
2 2 2 1 1 5 31 31 31 31
1 3 1 1 1 4 32 32 32 32
1 2 1 1 1 3 33 33 33 33
1 1 1 1 2 2 34 34 34 34
2 1 1 2 1 3 35 35 35 35
1 1 2 1 1 4 36 36 36 36
1 1 1 2 1 5 37 37 37 37
1 2 1 1 1 4 38 38 38 38
2 1 1 1 1 3 39 39 39 39
1 1 2 2 1 2 40 40 40 40
2 1 3 1 1 1 41 41 41 41
1 2 2 1 1 2 42 42 42 42
1 1 1 1 2 1 43 43 43 43
1 2 1 1 1 1 44 44 44 44
2 1 1 2 1 1 45 45 45 45
1 1 2 1 1 2 46 46 46 46
2 2 3 2 1 1 47 47 47 47
3 3 2 1 1 1 48 48 48 48
4 4 1 2 1 2 49 49 49 49
5 3 1 1 1 3 50 50 50 50
4 4 2 2 2 2 51 51 51 51
5 3 3 1 3 1 52 52 52 52
4 2 4 2 4 1 53 53 53 53
5 3 3 1 5 1 54 54 54 54
4 2 2 2 4 2 55 55 55 55
3 3 3 1 5 1 56 56 56 56
2 2 4 2 4 1 57 57 57 57
3 1 3 1 3 1 58 58 58 58
2 1 2 2 4 2 59 59 59 59
