1 1 1 1 1 1 1 1 1 1
2 2 2 2 2 2 1 1 1 1
3 3 1 3 3 3 1 1 1 1
4 4 2 2 4 4 1 1 1 1
5 3 3 3 5 5 1 1 1 1
4 4 2 2 4 6 2 2 2 2
5 5 3 3 5 7 1 1 1 1
6 6 2 4 6 8 1 1 1 1
7 7 1 5 7 9 1 1 1 1
8 8 2 6 6 10 1 1 1 1
7 9 3 5 7 9 2 2 2 2
8 10 2 6 8 10 1 1 1 1
9 11 3 5 9 11 1 1 1 1
10 12 4 6 10 12 1 1 1 1
11 13 5 7 11 13 1 1 1 1
12 12 6 8 12 14 1 1 1 1
13 13 7 9 13 15 1 1 1 1
14 14 8 10 14 16 1 1 1 1
15 15 9 11 15 17 1 1 1 1
16 16 8 12 16 18 1 1 1 1
17 17 9 13 17 19 1 1 1 1
18 18 10 14 18 20 1 1 1 1
19 19 11 15 19 21 1 1 1 1
20 20 12 16 20 22 1 1 1 1
19 21 13 17 19 23 1 1 1 1
20 22 14 18 20 22 1 1 1 1
21 23 15 19 19 23 1 1 1 1
22 24 16 20 20 24 1 1 1 1
23 25 17 21 21 25 1 1 1 1
24 24 18 22 22 26 1 1 1 1
25 25 19 23 23 27 1 1 1 1
26 24 18 24 22 28 2 2 2 2
27 25 19 23 23 29 1 1 1 1
28 26 20 24 24 30 1 1 1 1
29 27 21 25 25 31 1 1 1 1
30 28 22 26 26 32 1 1 1 1
31 29 23 27 27 31 1 1 1 1
32 30 24 26 28 32 1 1 1 1
33 31 25 27 27 33 1 1 1 1
34 32 26 26 28 34 1 1 1 1
35 33 27 27 27 35 1 1 1 1
36 34 26 28 28 36 1 1 1 1
37 35 27 29 29 37 1 1 1 1
38 34 28 30 30 38 1 1 1 1
39 35 29 31 29 39 1 1 1 1
40 36 30 32 28 40 1 1 1 1
41 37 31 33 29 41 1 1 1 1
42 38 30 34 30 42 1 1 1 1
43 37 31 35 31 43 1 1 1 1
44 38 32 36 30 42 2 2 2 2
45 39 33 37 31 43 1 1 1 1
46 40 34 38 32 44 1 1 1 1
47 41 35 39 33 45 1 1 1 1
48 40 36 40 34 44 1 1 1 1
49 41 37 41 35 45 1 1 1 1
50 42 38 40 36 44 1 1 1 1
51 43 39 41 37 45 1 1 1 1
52 44 40 42 38 46 1 1 1 1
53 45 39 43 39 47 1 1 1 1
54 46 40 44 38 48 1 1 1 1
55 47 41 45 39 47 1 1 1 1
56 46 42 46 40 46 1 1 1 1
57 47 43 47 41 47 1 1 1 1
58 48 44 48 42 48 1 1 1 1
59 49 45 49 43 49 1 1 1 1
60 50 46 50 44 50 1 1 1 1
61 51 47 51 45 51 1 1 1 1
62 52 48 52 44 52 1 1 1 1
63 53 49 53 45 53 1 1 1 1
64 54 50 54 46 54 1 1 1 1
65 55 49 55 47 55 1 1 1 1
66 56 50 56 48 56 1 1 1 1
65 57 51 57 47 57 1 1 1 1
66 58 52 58 48 58 1 1 1 1
67 59 53 59 49 59 1 1 1 1
68 60 54 60 50 60 1 1 1 1
69 61 53 61 51 61 1 1 1 1
70 62 54 60 50 62 1 1 1 1
71 63 53 61 51 63 1 1 1 1
72 64 54 62 52 64 1 1 1 1
71 65 55 63 53 65 1 1 1 1
72 66 56 64 54 66 1 1 1 1
73 67 57 63 55 67 1 1 1 1
74 68 58 64 56 68 1 1 1 1
73 69 59 63 55 69 2 2 2 2
74 70 60 64 56 70 1 1 1 1
73 71 61 65 57 71 1 1 1 1
74 72 62 66 58 72 1 1 1 1
75 71 63 67 59 73 1 1 1 1
76 72 64 68 60 74 1 1 1 1
77 73 65 69 61 73 1 1 1 1
78 74 66 70 62 74 1 1 1 1
79 75 67 71 63 75 1 1 1 1
80 74 68 72 62 76 1 1 1 1
81 75 69 73 61 77 1 1 1 1
82 76 70 74 62 78 1 1 1 1
83 77 71 75 63 79 1 1 1 1
84 78 72 76 62 80 1 1 1 1
85 79 73 77 63 81 1 1 1 1
86 80 74 78 64 82 1 1 1 1
