2 2 2 2 1 1 1 2 2 2
3 1 3 3 2 2 2 1 1 1
4 2 4 4 3 3 3 1 1 1
5 3 5 5 4 4 4 1 1 1
6 4 6 6 5 3 5 1 1 1
7 3 7 7 6 4 6 1 1 1
8 4 8 8 7 5 7 1 1 1
9 5 9 9 8 6 8 1 1 1
8 6 10 10 9 7 9 1 1 1
9 7 11 11 10 8 10 1 1 1
10 8 12 12 11 9 11 1 1 1
11 9 13 13 12 8 12 1 1 1
12 10 14 14 13 9 13 1 1 1
13 11 15 15 14 10 12 1 1 1
14 12 14 16 13 11 13 1 1 1
15 13 15 17 14 12 14 1 1 1
16 14 16 18 15 13 15 1 1 1
17 15 17 19 14 14 16 1 1 1
18 16 18 20 15 15 17 1 1 1
19 17 19 21 16 14 18 1 1 1
20 18 20 20 17 15 19 1 1 1
21 19 21 21 18 16 20 1 1 1
22 20 22 22 19 17 21 1 1 1
23 21 21 23 20 18 22 1 1 1
24 22 22 24 21 19 23 1 1 1
25 23 23 25 22 20 24 1 1 1
24 24 24 26 23 21 25 1 1 1
25 25 25 27 24 22 26 1 1 1
26 26 26 28 25 23 27 1 1 1
27 27 27 29 26 24 28 1 1 1
28 28 28 30 27 25 29 1 1 1
29 29 29 31 28 26 30 1 1 1
30 30 30 32 29 27 31 1 1 1
31 31 31 31 30 28 32 1 1 1
32 32 32 32 31 29 33 1 1 1
31 33 33 33 32 30 34 1 1 1
32 34 34 34 33 31 35 1 1 1
33 35 35 35 34 32 36 1 1 1
34 36 36 34 35 33 37 1 1 1
35 37 37 35 36 34 36 1 1 1
36 38 38 36 37 35 37 1 1 1
37 39 39 37 38 36 38 1 1 1
38 38 40 38 39 37 39 1 1 1
39 39 41 39 38 38 40 1 1 1
40 38 42 40 39 37 41 1 1 1
41 39 43 41 40 38 42 1 1 1
42 40 44 42 41 39 43 1 1 1
43 41 45 43 42 40 44 1 1 1
42 42 46 44 43 41 45 1 1 1
43 43 47 45 44 42 46 1 1 1
44 44 48 44 45 43 47 1 1 1
45 45 49 45 46 44 48 1 1 1
46 46 50 46 47 45 49 1 1 1
47 47 51 47 48 46 50 1 1 1
48 48 50 48 49 45 51 1 1 1
49 49 51 49 50 46 52 1 1 1
50 50 50 50 51 47 53 1 1 1
51 51 51 51 52 48 54 1 1 1
52 52 52 50 53 49 53 1 1 1
53 53 53 51 54 50 54 1 1 1
54 54 54 52 55 51 55 1 1 1
55 53 53 53 56 52 56 1 1 1
56 54 54 54 57 53 57 1 1 1
57 55 55 55 58 54 56 1 1 1
58 56 56 56 59 55 55 1 1 1
59 57 57 57 60 56 56 1 1 1
60 58 58 58 61 57 57 1 1 1
61 57 57 59 62 56 58 1 1 1
62 58 58 60 63 57 59 1 1 1
63 59 59 61 62 58 60 1 1 1
64 60 60 62 63 59 61 1 1 1
65 61 61 63 64 60 62 1 1 1
66 62 62 64 65 61 63 1 1 1
67 63 63 65 66 62 64 1 1 1
68 64 64 66 67 63 65 1 1 1
69 65 65 67 68 64 66 1 1 1
70 66 66 66 69 65 67 1 1 1
71 67 65 67 70 66 66 1 1 1
72 68 66 68 71 67 67 1 1 1
73 69 67 69 70 68 68 1 1 1
74 70 68 70 71 69 69 1 1 1
75 71 69 71 70 70 70 1 1 1
76 72 70 72 71 71 71 1 1 1
77 73 71 73 72 72 72 1 1 1
76 74 72 72 73 73 73 1 1 1
77 75 73 73 74 74 74 1 1 1
78 76 74 74 75 75 75 1 1 1
79 77 75 75 76 76 76 1 1 1
80 78 76 76 77 75 77 1 1 1
81 79 77 77 78 76 78 1 1 1
82 80 78 78 79 77 79 1 1 1
83 81 79 79 80 78 80 1 1 1
84 82 80 80 81 79 81 1 1 1
85 83 81 81 82 80 82 1 1 1
86 82 82 82 83 81 81 1 1 1
87 83 83 83 84 82 82 1 1 1
88 84 84 84 85 83 81 1 1 1
89 85 85 85 84 84 80 1 1 1
90 86 86 86 85 85 81 1 1 1
91 87 85 87 86 86 82 1 1 1
