2 2 2 2 2 2 2 1 1 1
3 3 3 3 3 3 3 1 1 1
2 4 4 4 4 4 4 1 1 1
1 5 5 5 5 5 5 1 1 1
2 6 6 6 6 6 4 1 1 1
3 7 5 5 7 7 5 2 2 2
2 6 6 6 8 8 6 1 1 1
3 7 5 7 9 9 7 1 1 1
4 8 6 8 10 10 6 1 1 1
5 7 7 9 9 11 7 1 1 1
4 8 8 10 8 12 8 1 1 1
5 9 9 11 9 13 9 1 1 1
6 10 10 12 8 14 10 1 1 1
7 11 11 11 9 13 11 1 1 1
8 10 12 12 10 12 12 1 1 1
7 11 13 13 11 13 11 1 1 1
8 12 14 14 10 14 12 1 1 1
9 13 13 15 11 15 13 1 1 1
10 14 14 16 12 16 14 1 1 1
9 15 15 17 13 17 15 1 1 1
10 16 14 18 14 18 16 1 1 1
11 17 15 17 15 17 17 1 1 1
12 18 16 18 16 18 18 1 1 1
13 19 17 19 17 19 19 1 1 1
14 20 18 20 18 20 20 1 1 1
15 21 19 21 19 21 21 1 1 1
16 20 20 22 18 22 22 1 1 1
17 21 21 23 17 23 23 1 1 1
18 22 22 24 16 24 24 1 1 1
19 23 23 25 15 23 25 1 1 1
18 24 24 24 16 24 24 2 2 2
19 25 25 25 17 25 25 1 1 1
20 26 26 26 16 24 26 1 1 1
21 27 27 27 17 25 27 1 1 1
22 28 28 26 18 26 28 1 1 1
21 29 27 27 19 25 29 1 1 1
22 30 26 28 18 26 30 1 1 1
23 31 27 29 19 27 31 1 1 1
22 30 28 30 18 28 32 1 1 1
23 31 29 31 17 29 31 1 1 1
24 32 30 32 18 30 32 1 1 1
23 33 31 31 19 29 33 1 1 1
24 32 32 32 18 30 32 2 2 2
25 33 33 33 19 31 33 1 1 1
26 34 32 32 20 32 34 1 1 1
27 35 33 33 21 33 35 1 1 1
28 36 34 32 22 34 36 1 1 1
29 37 35 33 23 35 35 1 1 1
30 36 36 34 24 36 36 1 1 1
31 37 35 35 25 37 37 1 1 1
32 38 34 36 24 38 38 1 1 1
33 39 33 37 23 39 39 1 1 1
34 40 34 36 22 40 40 1 1 1
35 41 35 35 21 41 41 1 1 1
36 40 34 36 22 42 42 1 1 1
37 41 35 37 23 41 43 1 1 1
38 42 36 38 24 42 42 1 1 1
39 41 35 39 25 43 43 1 1 1
40 42 36 38 26 44 44 1 1 1
41 43 37 39 27 45 43 1 1 1
