2 2 2 2 2 2 2 1 1 1
3 3 3 3 3 3 3 1 1 1
4 4 4 4 4 4 4 1 1 1
5 5 5 5 5 3 5 1 1 1
6 6 6 6 6 2 6 1 1 1
7 7 7 7 7 3 7 1 1 1
8 8 8 8 8 4 8 1 1 1
9 9 9 9 9 5 9 1 1 1
10 10 10 10 10 6 10 1 1 1
9 11 11 11 11 7 11 1 1 1
10 12 12 12 12 8 12 1 1 1
11 13 13 13 13 9 13 1 1 1
12 14 14 14 14 8 14 1 1 1
13 15 15 15 15 9 15 1 1 1
14 16 16 16 16 10 16 1 1 1
15 17 17 17 17 11 17 1 1 1
16 18 16 18 16 12 18 1 1 1
17 19 17 19 17 13 19 1 1 1
18 20 18 20 18 14 20 1 1 1
19 21 19 21 19 15 21 1 1 1
20 22 20 22 20 16 22 1 1 1
21 23 21 23 21 17 23 1 1 1
22 24 22 24 22 18 24 1 1 1
23 23 23 25 23 19 25 1 1 1
24 24 24 26 24 20 26 1 1 1
25 25 25 27 25 21 27 1 1 1
26 26 26 28 26 22 26 1 1 1
27 27 27 29 27 23 27 1 1 1
28 28 28 28 28 24 28 1 1 1
29 29 29 29 29 25 29 1 1 1
30 30 30 28 30 26 30 1 1 1
31 31 31 29 31 27 31 1 1 1
32 32 32 30 32 28 32 1 1 1
33 33 33 31 33 29 33 1 1 1
34 34 34 32 34 30 34 1 1 1
35 35 35 33 33 31 35 1 1 1
36 36 36 34 34 32 36 1 1 1
35 37 37 35 35 33 37 1 1 1
36 38 38 36 36 34 38 1 1 1
37 39 39 37 37 35 39 1 1 1
38 40 40 38 38 36 40 1 1 1
39 41 41 39 39 37 41 1 1 1
40 42 42 40 40 38 42 1 1 1
41 43 43 41 41 39 43 1 1 1
42 44 44 42 42 40 42 1 1 1
43 45 45 41 43 41 43 1 1 1
44 46 46 42 44 42 44 1 1 1
45 47 47 43 45 43 45 1 1 1
46 48 46 44 46 44 46 1 1 1
45 49 47 45 47 45 47 1 1 1
46 50 48 46 48 46 48 1 1 1
47 51 49 47 49 47 49 1 1 1
48 52 50 48 50 48 50 1 1 1
49 53 51 49 51 49 51 1 1 1
50 52 52 50 52 50 52 1 1 1
51 53 53 51 53 51 53 1 1 1
52 54 54 52 54 52 54 1 1 1
53 55 55 53 55 53 55 1 1 1
54 56 56 52 56 54 56 1 1 1
55 57 57 51 57 55 57 1 1 1
