2 1 1 1 2 2 2 2 2 2
1 1 1 2 3 1 3 3 3 3
1 2 1 3 2 2 4 4 4 4
2 3 1 2 1 1 5 5 5 5
1 2 2 3 2 2 6 6 6 6
2 1 3 4 1 3 7 7 7 7
1 1 2 5 2 2 8 8 8 8
2 2 1 6 1 3 9 9 9 9
3 3 1 7 1 2 10 10 10 10
4 4 2 6 2 3 11 11 11 11
5 5 3 5 3 4 12 12 12 12
6 4 4 4 4 3 13 13 13 13
5 3 5 3 3 4 14 14 14 14
4 4 6 2 4 5 15 15 15 15
5 5 5 3 3 4 16 16 16 16
6 4 4 4 4 3 17 17 17 17
5 5 5 3 5 2 18 18 18 18
4 6 6 2 4 3 19 19 19 19
3 5 5 3 3 4 20 20 20 20
2 4 4 4 2 5 21 21 21 21
1 3 3 3 1 4 22 22 22 22
1 4 2 4 1 3 23 23 23 23
2 5 1 5 1 4 24 24 24 24
1 6 2 4 1 3 25 25 25 25
2 5 3 5 1 2 26 26 26 26
1 6 4 6 2 3 27 27 27 27
1 7 3 7 1 4 28 28 28 28
2 8 4 6 1 3 29 29 29 29
1 9 3 5 2 4 30 30 30 30
2 10 4 4 1 3 31 31 31 31
1 11 3 3 2 2 32 32 32 32
2 12 4 2 1 3 33 33 33 33
1 11 3 3 2 2 34 34 34 34
1 10 4 4 1 1 35 35 35 35
2 11 3 5 1 1 36 36 36 36
3 10 2 4 2 1 37 37 37 37
4 9 1 5 1 2 38 38 38 38
3 10 1 4 2 3 39 39 39 39
4 9 2 3 3 2 40 40 40 40
5 8 1 2 4 1 41 41 41 41
4 7 1 1 3 2 42 42 42 42
3 6 1 1 2 1 43 43 43 43
4 5 1 2 3 1 44 44 44 44
5 4 2 3 2 2 45 45 45 45
4 5 3 4 1 3 46 46 46 46
3 4 4 5 2 4 47 47 47 47
4 5 5 6 1 5 48 48 48 48
5 4 4 5 1 4 49 49 49 49
6 5 5 4 2 3 50 50 50 50
5 4 6 5 1 2 51 51 51 51
4 5 5 6 2 1 52 52 52 52
5 4 4 5 1 1 53 53 53 53
4 3 5 6 1 2 54 54 54 54
5 2 6 7 1 3 55 55 55 55
4 1 5 8 1 4 56 56 56 56
3 1 6 7 1 5 57 57 57 57
2 1 7 6 1 6 58 58 58 58
1 1 6 5 2 7 59 59 59 59
1 1 7 4 3 6 60 60 60 60
1 1 6 5 2 5 61 61 61 61
