1 1 2 1 2 1 2 2 2 2
1 1 3 1 1 2 3 3 3 3
2 1 2 2 2 1 4 4 4 4
3 2 1 3 1 1 5 5 5 5
2 1 2 2 1 2 6 6 6 6
1 2 1 3 2 3 7 7 7 7
1 1 2 2 1 4 8 8 8 8
1 2 1 3 2 3 9 9 9 9
1 3 1 4 3 4 10 10 10 10
1 2 2 3 2 5 11 11 11 11
1 3 3 4 1 4 12 12 12 12
1 2 2 3 1 3 13 13 13 13
2 1 1 2 1 4 14 14 14 14
1 1 1 3 1 5 15 15 15 15
1 1 1 4 2 4 16 16 16 16
1 1 1 3 1 5 17 17 17 17
2 1 1 4 1 4 18 18 18 18
3 1 1 3 2 5 19 19 19 19
4 1 1 2 3 4 20 20 20 20
3 2 2 3 2 5 21 21 21 21
4 1 3 2 1 4 22 22 22 22
3 2 4 1 2 3 23 23 23 23
2 1 5 1 1 2 24 24 24 24
1 2 4 2 1 3 25 25 25 25
2 1 3 1 2 2 26 26 26 26
3 2 4 1 1 3 27 27 27 27
2 3 5 1 2 2 28 28 28 28
1 2 6 1 1 3 29 29 29 29
1 1 5 1 1 2 30 30 30 30
1 2 6 2 2 1 31 31 31 31
2 3 7 3 3 2 32 32 32 32
1 2 6 4 2 3 33 33 33 33
1 1 5 3 3 4 34 34 34 34
1 2 6 2 2 3 35 35 35 35
1 1 5 3 3 2 36 36 36 36
1 2 6 2 4 1 37 37 37 37
1 3 5 3 3 2 38 38 38 38
1 2 6 2 4 1 39 39 39 39
2 3 5 3 5 2 40 40 40 40
3 2 6 4 4 3 41 41 41 41
2 3 7 5 3 4 42 42 42 42
1 2 6 4 2 3 43 43 43 43
2 3 5 5 3 2 44 44 44 44
1 2 4 4 2 1 45 45 45 45
1 3 3 3 1 2 46 46 46 46
2 4 4 4 1 3 47 47 47 47
3 3 5 3 1 2 48 48 48 48
2 4 6 2 1 3 49 49 49 49
1 3 7 1 2 2 50 50 50 50
1 4 6 2 3 3 51 51 51 51
1 3 7 3 4 4 52 52 52 52
1 2 6 2 5 3 53 53 53 53
1 1 5 1 4 4 54 54 54 54
2 2 6 2 3 5 55 55 55 55
3 3 7 3 4 6 56 56 56 56
4 2 8 2 3 5 57 57 57 57
3 1 9 1 2 6 58 58 58 58
4 1 8 2 1 5 59 59 59 59
5 2 9 3 1 4 60 60 60 60
4 3 8 2 1 3 61 61 61 61
3 2 9 1 1 2 62 62 62 62
2 3 10 1 2 1 63 63 63 63
3 4 11 1 1 1 64 64 64 64
2 3 12 1 1 2 65 65 65 65
1 2 13 2 2 1 66 66 66 66
1 1 14 1 3 1 67 67 67 67
1 2 15 1 4 1 68 68 68 68
1 3 14 1 5 1 69 69 69 69
2 2 15 1 4 1 70 70 70 70
3 1 14 1 3 1 71 71 71 71
2 2 13 1 2 2 72 72 72 72
3 1 12 1 1 1 73 73 73 73
4 2 11 1 2 2 74 74 74 74
3 1 10 2 3 1 75 75 75 75
4 1 9 1 4 1 76 76 76 76
5 1 10 1 3 2 77 77 77 77
6 1 9 2 4 3 78 78 78 78
5 1 8 3 5 2 79 79 79 79
6 1 7 4 4 1 80 80 80 80
5 1 6 5 3 1 81 81 81 81
4 1 5 4 2 1 82 82 82 82
3 1 6 5 1 2 83 83 83 83
4 2 7 4 1 3 84 84 84 84
5 3 6 3 2 2 85 85 85 85
6 2 5 4 1 1 86 86 86 86
7 1 6 3 1 2 87 87 87 87
8 2 5 2 1 3 88 88 88 88
9 1 4 3 1 4 89 89 89 89
10 1 3 2 1 3 90 90 90 90
9 1 4 1 1 4 91 91 91 91
10 1 5 1 1 3 92 92 92 92
9 1 6 2 2 2 93 93 93 93
8 1 7 3 1 1 94 94 94 94
7 2 6 2 1 1 95 95 95 95
6 1 5 1 2 1 96 96 96 96
7 1 4 1 3 1 97 97 97 97
6 2 3 1 4 2 98 98 98 98
5 1 2 1 5 1 99 99 99 99
4 2 1 1 4 1 100 100 100 100
3 1 2 2 5 1 100 100 100 100
