2 1 1 2 2 1 1 2 2 2
1 1 1 3 3 1 2 3 3 3
2 1 2 4 4 2 3 2 2 2
3 1 1 5 3 1 4 3 3 3
2 1 2 6 4 2 5 2 2 2
3 2 1 7 3 3 4 3 3 3
2 1 1 6 4 4 5 4 4 4
3 2 1 5 3 5 4 5 5 5
4 1 1 4 2 4 5 6 6 6
5 2 1 3 1 5 4 7 7 7
4 1 1 4 2 4 5 8 8 8
5 2 1 3 1 5 6 9 9 9
4 1 1 2 1 6 7 10 10 10
5 2 2 3 2 7 8 9 9 9
6 1 3 2 1 6 7 10 10 10
5 1 4 1 2 5 6 11 11 11
6 2 3 1 3 6 5 12 12 12
7 3 2 1 4 5 4 13 13 13
8 2 1 1 5 4 3 14 14 14
9 3 2 2 6 5 4 13 13 13
10 4 3 3 7 6 5 12 12 12
11 5 2 4 6 7 4 13 13 13
10 6 3 3 5 6 3 14 14 14
11 5 2 4 6 5 2 15 15 15
10 4 1 5 5 6 1 16 16 16
9 5 1 6 4 7 2 17 17 17
8 6 1 5 3 6 1 18 18 18
7 7 1 4 2 5 2 19 19 19
8 8 1 3 1 4 1 20 20 20
7 7 1 2 1 3 1 21 21 21
8 6 1 1 1 2 2 22 22 22
9 5 1 1 1 3 1 23 23 23
8 6 1 1 1 2 1 24 24 24
9 7 1 1 1 1 2 25 25 25
8 6 1 1 1 1 3 26 26 26
7 7 1 1 1 1 4 27 27 27
6 8 2 2 2 2 3 28 28 28
5 7 3 1 1 1 2 29 29 29
4 6 4 1 1 1 1 30 30 30
3 5 3 1 1 1 1 31 31 31
2 4 2 1 1 1 1 32 32 32
1 3 1 2 2 2 1 33 33 33
2 2 2 3 1 3 1 34 34 34
3 1 3 2 1 2 2 35 35 35
2 1 2 1 1 1 1 36 36 36
3 1 3 1 1 2 1 37 37 37
4 2 2 1 1 3 2 38 38 38
5 3 1 2 1 2 1 39 39 39
4 4 2 1 1 1 1 40 40 40
3 5 3 2 1 1 1 41 41 41
2 6 2 1 1 1 2 42 42 42
1 5 1 2 2 1 3 43 43 43
2 4 1 3 1 2 2 44 44 44
1 3 1 2 1 1 3 45 45 45
1 4 1 1 1 1 2 46 46 46
1 3 1 1 1 1 1 47 47 47
1 2 1 1 2 2 1 48 48 48
1 1 1 1 1 1 1 49 49 49
1 1 1 2 1 2 1 50 50 50
1 1 2 3 1 3 2 51 51 51
