2 2 2 2 2 2 1 1 1 1
3 3 3 3 3 3 1 1 1 1
4 4 4 4 4 4 1 1 1 1
5 5 5 5 5 5 1 1 1 1
6 6 6 6 6 6 1 1 1 1
7 7 7 7 5 7 1 1 1 1
8 8 8 8 6 8 1 1 1 1
9 9 9 9 7 9 1 1 1 1
10 10 10 10 8 8 1 1 1 1
11 9 11 11 9 9 1 1 1 1
12 10 12 12 10 10 1 1 1 1
13 11 13 13 11 11 1 1 1 1
14 12 14 14 12 12 1 1 1 1
15 13 15 15 13 13 1 1 1 1
16 14 16 16 14 14 1 1 1 1
17 15 17 17 15 15 1 1 1 1
18 14 18 18 16 16 1 1 1 1
19 15 19 19 17 17 1 1 1 1
20 16 20 20 18 18 1 1 1 1
21 17 21 21 17 19 1 1 1 1
22 18 22 22 18 20 1 1 1 1
23 19 23 21 19 21 1 1 1 1
24 20 24 22 20 22 1 1 1 1
25 21 25 23 21 23 1 1 1 1
26 22 26 24 20 24 1 1 1 1
27 23 27 25 21 25 1 1 1 1
26 24 28 26 22 26 1 1 1 1
27 25 29 27 23 27 1 1 1 1
28 26 30 28 22 28 1 1 1 1
29 27 31 29 23 29 1 1 1 1
30 28 32 30 24 30 1 1 1 1
31 29 31 31 25 31 1 1 1 1
32 30 32 32 26 30 1 1 1 1
33 31 31 33 27 29 1 1 1 1
32 32 32 34 28 30 1 1 1 1
33 33 33 35 29 31 1 1 1 1
34 34 34 36 30 32 1 1 1 1
35 35 35 37 29 33 1 1 1 1
36 36 34 38 30 34 1 1 1 1
37 37 35 39 31 35 1 1 1 1
38 38 36 40 32 36 1 1 1 1
39 39 37 41 33 37 1 1 1 1
40 40 38 42 34 38 1 1 1 1
41 41 39 43 35 39 1 1 1 1
42 42 40 42 36 40 1 1 1 1
43 43 41 43 37 41 1 1 1 1
44 44 42 44 38 42 1 1 1 1
45 45 43 43 39 43 1 1 1 1
46 46 44 42 40 44 1 1 1 1
47 47 45 43 41 45 1 1 1 1
48 46 46 42 42 46 1 1 1 1
49 47 47 43 41 45 1 1 1 1
48 46 48 44 42 46 1 1 1 1
49 47 49 45 43 47 1 1 1 1
50 48 50 46 44 48 1 1 1 1
51 49 51 47 45 49 1 1 1 1
52 50 52 48 46 50 1 1 1 1
53 51 53 49 47 51 1 1 1 1
54 52 54 50 48 52 1 1 1 1
53 51 55 51 49 53 1 1 1 1
