1 1 1 2 2 2 2 2 2 2
1 1 1 3 3 3 3 3 3 3
1 2 1 2 2 4 2 4 4 4
2 3 2 3 3 5 1 3 3 3
3 4 1 2 4 4 1 4 4 4
4 5 1 3 3 5 1 5 5 5
5 6 2 2 2 4 2 6 6 6
4 7 3 3 3 5 3 5 5 5
3 8 4 4 4 6 4 4 4 4
4 9 5 3 3 7 5 3 3 3
5 10 4 4 4 6 6 2 2 2
6 11 5 3 3 5 5 3 3 3
7 12 6 2 4 4 6 2 2 2
8 13 5 3 3 3 5 3 3 3
7 14 6 4 4 2 6 2 2 2
8 15 7 5 3 1 5 3 3 3
9 16 6 4 4 2 4 4 4 4
10 17 7 3 5 3 3 5 5 5
11 16 8 4 6 4 4 4 4 4
12 17 9 5 7 5 5 3 3 3
13 18 8 6 8 6 6 2 2 2
12 19 9 5 9 7 7 1 1 1
13 18 10 4 10 6 6 2 2 2
12 19 11 3 11 7 5 3 3 3
11 20 10 2 12 8 4 4 4 4
12 21 9 1 11 7 5 5 5 5
11 22 10 1 12 8 4 4 4 4
12 23 11 2 13 9 5 3 3 3
13 22 10 3 14 10 6 2 2 2
14 23 11 2 15 9 7 3 3 3
15 24 12 3 16 10 8 2 2 2
14 25 11 2 17 11 7 3 3 3
13 26 12 1 16 12 6 4 4 4
14 27 13 2 17 11 5 3 3 3
13 28 14 3 16 10 6 4 4 4
14 29 13 4 17 11 5 3 3 3
15 30 12 3 18 12 6 2 2 2
14 31 13 4 19 13 7 1 1 1
13 32 14 5 20 14 8 1 1 1
14 33 15 4 19 15 7 2 2 2
15 34 14 3 18 16 8 1 1 1
16 33 15 4 19 17 9 1 1 1
17 32 16 3 20 18 10 1 1 1
18 33 17 4 21 19 11 1 1 1
19 34 18 3 22 18 12 2 2 2
18 35 17 4 21 19 13 3 3 3
19 36 18 3 22 18 14 4 4 4
20 35 17 4 23 19 15 3 3 3
19 36 18 3 24 20 16 2 2 2
18 37 19 2 23 21 17 3 3 3
19 36 20 3 24 22 16 2 2 2
20 37 19 2 23 23 17 1 1 1
19 38 18 3 24 22 18 2 2 2
20 37 19 2 25 23 19 1 1 1
19 36 20 1 26 24 20 1 1 1
20 37 21 2 27 25 19 1 1 1
21 38 22 3 28 24 20 1 1 1
22 39 21 4 29 25 19 1 1 1
23 38 22 5 30 24 20 1 1 1
24 37 23 6 31 25 21 2 2 2
