1 2 2 2 2 2 2 1 1 1
2 1 3 3 1 3 1 2 2 2
1 1 4 4 1 2 1 3 3 3
1 2 3 5 2 1 2 4 4 4
2 3 2 6 3 1 3 5 5 5
1 4 3 7 2 2 4 6 6 6
2 3 2 6 3 3 3 7 7 7
1 4 1 7 2 2 4 8 8 8
2 5 1 8 3 1 3 9 9 9
1 6 1 9 4 2 4 10 10 10
1 5 2 8 5 1 3 11 11 11
1 4 3 9 6 1 2 12 12 12
2 5 4 8 7 1 1 13 13 13
3 6 3 7 6 1 1 14 14 14
2 5 4 8 7 1 1 15 15 15
3 4 3 7 8 1 2 16 16 16
4 3 2 6 7 1 3 17 17 17
5 4 3 5 8 2 4 18 18 18
4 3 2 6 7 1 5 19 19 19
3 2 3 5 6 2 6 20 20 20
4 1 4 6 5 3 7 21 21 21
3 1 5 5 4 2 8 22 22 22
2 1 4 6 3 1 7 23 23 23
1 2 5 5 4 1 6 24 24 24
1 1 4 6 3 1 7 25 25 25
1 1 3 5 2 2 8 26 26 26
1 1 2 6 1 3 7 27 27 27
1 1 3 7 1 4 6 28 28 28
1 2 2 8 2 3 7 29 29 29
1 3 3 7 1 4 8 30 30 30
1 2 2 6 1 3 7 31 31 31
2 3 1 5 1 2 6 32 32 32
1 2 1 4 2 1 5 33 33 33
1 1 2 5 3 2 6 34 34 34
2 1 3 6 4 3 7 35 35 35
1 1 2 5 5 4 6 36 36 36
2 1 1 4 4 5 5 37 37 37
1 2 1 3 5 4 4 38 38 38
1 1 1 2 4 3 5 39 39 39
1 1 2 3 3 4 4 40 40 40
1 2 1 2 2 5 5 41 41 41
1 1 1 1 1 6 6 42 42 42
1 1 2 1 2 7 7 43 43 43
2 1 3 1 1 8 6 44 44 44
1 1 2 2 1 7 5 45 45 45
1 2 1 1 2 6 4 46 46 46
2 1 2 1 3 5 5 47 47 47
1 1 1 1 2 4 6 48 48 48
1 2 1 2 1 5 7 49 49 49
2 3 2 1 1 6 8 50 50 50
1 2 3 1 2 5 7 51 51 51
2 1 4 2 3 4 8 52 52 52
1 2 5 3 2 3 7 53 53 53
2 3 4 4 3 4 8 54 54 54
1 2 3 3 4 3 7 55 55 55
1 1 4 2 3 2 8 56 56 56
2 2 3 1 4 1 7 57 57 57
1 1 2 2 3 2 6 58 58 58
1 1 1 1 4 3 5 59 59 59
2 1 2 2 3 4 4 60 60 60
1 1 3 1 4 3 3 61 61 61
1 1 4 2 3 4 2 62 62 62
2 1 5 1 2 3 3 63 63 63
1 1 6 1 1 2 4 64 64 64
1 2 7 2 2 3 5 65 65 65
1 1 8 1 1 4 4 66 66 66
2 1 7 2 2 5 3 67 67 67
1 1 8 1 3 6 2 68 68 68
2 1 9 1 2 5 1 69 69 69
1 1 10 2 1 4 1 70 70 70
2 2 11 1 2 3 2 71 71 71
3 3 10 1 3 2 3 72 72 72
2 4 11 2 2 1 2 73 73 73
1 5 10 1 1 1 1 74 74 74
2 6 11 1 2 1 1 75 75 75
1 5 12 2 1 2 2 76 76 76
2 4 11 1 1 1 1 77 77 77
1 5 12 2 1 1 1 78 78 78
2 4 13 3 1 2 1 79 79 79
1 3 14 4 1 1 1 80 80 80
2 2 13 3 1 2 1 81 81 81
1 1 12 4 2 1 2 82 82 82
1 2 13 5 3 1 1 83 83 83
1 3 12 4 4 1 2 84 84 84
1 4 13 5 3 2 1 85 85 85
2 3 12 4 2 1 2 86 86 86
1 4 13 5 1 2 3 87 87 87
2 3 14 4 1 1 2 88 88 88
1 2 15 3 2 1 1 89 89 89
1 1 14 2 1 1 2 90 90 90
1 2 13 1 2 1 1 91 91 91
1 3 12 2 1 2 2 92 92 92
2 4 11 3 2 3 3 93 93 93
3 3 10 4 1 2 2 94 94 94
2 2 11 5 1 1 1 95 95 95
3 3 12 6 1 2 1 96 96 96
4 2 11 5 1 1 2 97 97 97
3 1 10 4 1 2 3 98 98 98
2 1 11 3 2 1 2 99 99 99
1 1 10 2 3 1 1 100 100 100
