2 1 2 2 2 1 2 2 2 2
1 1 1 3 1 2 3 3 3 3
2 2 2 4 2 3 2 2 2 2
1 3 1 5 1 2 3 3 3 3
1 4 1 6 2 3 4 4 4 4
1 5 2 5 1 2 5 5 5 5
1 4 3 4 1 3 6 6 6 6
2 5 2 5 1 4 7 7 7 7
3 4 1 6 2 3 8 8 8 8
4 5 1 7 1 4 9 9 9 9
5 4 2 6 2 3 10 10 10 10
6 5 1 5 3 2 11 11 11 11
7 6 1 4 2 3 12 12 12 12
6 7 1 3 3 4 13 13 13 13
7 8 1 2 2 5 14 14 14 14
8 7 2 3 1 4 15 15 15 15
7 6 3 4 2 3 16 16 16 16
6 5 2 3 1 2 17 17 17 17
5 6 1 2 1 1 18 18 18 18
6 7 1 3 1 1 19 19 19 19
5 6 1 4 1 2 20 20 20 20
4 5 2 3 1 1 21 21 21 21
5 4 1 2 1 1 22 22 22 22
4 3 2 1 1 2 23 23 23 23
5 4 1 2 1 1 24 24 24 24
4 3 1 1 2 2 25 25 25 25
5 4 1 2 3 3 26 26 26 26
6 5 2 1 4 2 27 27 27 27
5 6 3 1 3 3 28 28 28 28
4 5 4 2 4 4 29 29 29 29
3 6 5 3 5 3 30 30 30 30
4 5 6 4 6 4 31 31 31 31
3 4 7 5 5 5 32 32 32 32
2 5 6 4 4 4 33 33 33 33
1 4 7 3 3 3 34 34 34 34
1 5 8 4 2 2 35 35 35 35
1 6 7 3 1 3 36 36 36 36
1 7 6 2 2 2 37 37 37 37
1 8 7 1 3 1 38 38 38 38
1 9 6 1 4 1 39 39 39 39
2 8 7 2 3 2 40 40 40 40
3 9 6 1 2 1 41 41 41 41
4 10 7 2 1 2 42 42 42 42
5 9 6 3 1 3 43 43 43 43
6 10 7 2 1 2 44 44 44 44
7 11 8 3 2 1 45 45 45 45
6 12 9 4 1 1 46 46 46 46
5 11 8 5 2 2 47 47 47 47
6 10 9 4 3 3 48 48 48 48
7 11 8 3 2 4 49 49 49 49
6 10 7 2 1 3 50 50 50 50
7 11 8 3 2 4 51 51 51 51
8 12 9 4 3 5 52 52 52 52
9 11 8 3 4 6 53 53 53 53
10 12 9 2 3 7 54 54 54 54
9 11 10 1 4 6 55 55 55 55
10 10 9 1 3 5 56 56 56 56
11 9 10 1 2 4 57 57 57 57
10 10 9 2 1 3 58 58 58 58
11 9 8 1 2 2 59 59 59 59
