1 1 1 1 1 1 1 1 1 1
2 2 1 1 2 2 1 2 2 2
3 1 2 2 3 1 2 3 3 3
2 1 3 1 4 1 3 4 4 4
1 1 2 2 5 2 2 5 5 5
2 2 3 1 6 3 3 4 4 4
1 1 4 2 7 2 4 5 5 5
1 2 5 3 8 1 5 6 6 6
2 3 6 4 9 2 4 5 5 5
1 2 7 3 10 3 5 6 6 6
1 3 8 4 9 4 4 7 7 7
2 4 9 5 10 3 5 6 6 6
1 5 8 6 11 2 6 7 7 7
2 6 9 7 12 3 5 6 6 6
1 7 10 6 13 2 6 7 7 7
1 8 9 7 14 1 7 8 8 8
1 7 8 8 13 2 8 9 9 9
2 6 9 9 14 3 9 8 8 8
3 7 10 10 13 2 10 9 9 9
2 6 11 9 12 3 11 10 10 10
1 5 12 10 13 4 12 11 11 11
1 4 11 11 14 3 13 12 12 12
1 3 10 12 15 2 12 13 13 13
1 2 11 11 14 1 13 14 14 14
2 1 12 12 13 2 14 15 15 15
1 1 13 11 12 1 15 16 16 16
1 1 12 10 13 1 16 17 17 17
2 2 11 11 12 2 17 18 18 18
3 1 12 10 13 1 16 19 19 19
2 2 11 9 14 1 15 20 20 20
3 3 10 8 15 1 14 21 21 21
2 2 9 7 16 2 15 22 22 22
1 1 8 8 17 3 14 23 23 23
2 1 9 7 16 4 15 24 24 24
3 2 8 6 15 3 16 25 25 25
4 1 9 7 16 4 17 24 24 24
5 2 8 8 15 5 16 25 25 25
4 1 9 7 14 4 15 26 26 26
3 1 10 6 13 5 14 27 27 27
4 1 9 5 14 4 13 28 28 28
5 2 10 6 13 3 12 29 29 29
4 3 11 5 12 2 11 30 30 30
3 2 10 4 11 3 12 31 31 31
2 1 9 5 10 2 11 32 32 32
1 2 8 6 9 3 10 33 33 33
1 3 9 5 10 2 9 34 34 34
1 4 10 6 9 3 8 35 35 35
2 5 9 7 8 2 7 36 36 36
1 4 10 8 9 1 8 37 37 37
2 3 9 9 8 1 7 38 38 38
1 2 10 10 9 1 8 39 39 39
1 3 9 9 10 2 9 40 40 40
2 2 8 10 9 3 8 41 41 41
3 1 9 9 10 2 7 42 42 42
2 2 8 8 11 1 8 43 43 43
3 1 9 9 12 2 7 44 44 44
2 1 10 10 11 3 8 45 45 45
3 2 11 9 12 4 9 46 46 46
4 3 12 10 11 3 10 47 47 47
3 2 13 11 12 4 9 48 48 48
2 3 12 12 13 3 8 49 49 49
3 2 13 11 12 4 9 50 50 50
2 1 14 12 11 3 8 51 51 51
1 1 13 11 12 2 7 52 52 52
2 2 12 10 13 3 6 53 53 53
1 1 13 9 12 4 5 54 54 54
2 1 14 10 11 3 6 55 55 55
3 2 13 9 10 2 5 56 56 56
4 1 14 10 9 1 4 57 57 57
5 1 15 11 10 1 5 58 58 58
4 2 14 12 9 2 4 59 59 59
5 3 13 11 8 1 3 60 60 60
4 4 12 12 7 1 2 61 61 61
3 3 13 11 6 1 1 62 62 62
4 4 14 12 5 2 1 63 63 63
3 3 13 13 6 1 1 64 64 64
4 4 12 14 5 1 2 65 65 65
3 3 13 13 6 2 1 66 66 66
2 2 12 14 5 3 1 67 67 67
3 1 13 15 6 4 1 68 68 68
2 2 14 14 5 3 1 69 69 69
3 1 15 15 6 4 1 70 70 70
2 1 14 14 5 3 1 71 71 71
3 2 15 13 6 2 2 72 72 72
4 3 16 14 7 3 3 73 73 73
3 2 15 13 6 4 2 74 74 74
2 1 16 14 5 5 1 75 75 75
1 1 17 15 4 6 2 76 76 76
2 1 16 16 3 5 3 77 77 77
3 2 15 17 4 4 4 78 78 78
4 1 16 18 3 3 5 79 79 79
3 1 15 19 4 4 6 80 80 80
2 1 16 20 5 5 5 81 81 81
1 2 17 21 4 4 6 82 82 82
2 1 18 22 5 3 5 83 83 83
3 1 17 21 4 2 6 84 84 84
2 1 16 22 3 3 7 85 85 85
3 1 17 23 2 4 6 86 86 86
2 1 18 22 3 3 7 87 87 87
3 1 19 21 2 4 6 88 88 88
