2 1 2 2 2 2 2 1 1 1
3 2 3 3 3 3 3 1 1 1
2 3 4 4 4 4 4 1 1 1
1 4 5 5 5 5 5 1 1 1
2 5 6 6 6 6 4 1 1 1
3 6 5 5 7 7 5 2 2 2
2 5 6 6 8 8 6 1 1 1
3 6 5 7 9 9 7 1 1 1
4 7 6 8 10 10 6 1 1 1
5 6 7 9 9 11 7 1 1 1
4 7 8 10 8 12 8 1 1 1
5 8 9 11 9 13 9 1 1 1
6 9 10 12 8 14 10 1 1 1
7 10 11 11 9 13 11 1 1 1
6 11 12 10 8 14 10 2 2 2
5 12 13 11 9 15 9 1 1 1
6 13 14 12 8 16 10 1 1 1
7 14 13 11 9 17 11 1 1 1
8 15 14 12 10 18 12 1 1 1
7 16 15 13 11 19 13 1 1 1
8 17 14 14 12 20 14 1 1 1
9 18 15 13 13 19 15 1 1 1
10 19 16 14 14 20 16 1 1 1
11 20 17 15 15 21 17 1 1 1
12 21 18 16 16 22 18 1 1 1
13 22 19 17 17 23 19 1 1 1
14 21 20 18 16 24 20 1 1 1
15 22 21 19 15 25 21 1 1 1
16 23 22 20 14 26 22 1 1 1
17 24 23 21 13 25 23 1 1 1
16 25 24 20 14 26 22 2 2 2
17 26 25 21 15 27 23 1 1 1
18 27 26 22 14 26 24 1 1 1
19 28 27 23 15 27 25 1 1 1
20 29 28 22 16 28 26 1 1 1
19 30 27 23 17 27 27 1 1 1
20 31 26 24 16 28 28 1 1 1
21 32 27 25 17 29 29 1 1 1
20 31 28 26 16 30 30 1 1 1
21 32 29 27 15 31 29 1 1 1
22 33 30 28 16 32 30 1 1 1
21 34 31 27 17 31 31 1 1 1
22 33 32 28 16 32 30 2 2 2
23 34 33 29 17 33 31 1 1 1
24 35 32 28 18 34 32 1 1 1
25 36 33 29 19 35 33 1 1 1
26 37 34 28 20 36 34 1 1 1
27 38 35 29 21 37 33 1 1 1
28 37 36 30 22 38 34 1 1 1
29 38 35 31 23 39 35 1 1 1
30 39 34 32 22 40 36 1 1 1
31 40 33 33 21 41 37 1 1 1
32 41 34 32 20 42 38 1 1 1
33 42 35 31 19 43 39 1 1 1
34 41 34 32 20 44 40 1 1 1
35 42 35 33 21 43 41 1 1 1
36 43 36 34 22 44 40 1 1 1
37 42 35 35 23 45 41 1 1 1
38 43 36 34 24 46 42 1 1 1
39 44 37 35 25 47 41 1 1 1
