1 1 2 1 1 2 2 2 2 2
2 2 3 2 2 3 3 1 1 1
3 3 4 1 3 4 4 1 1 1
2 4 3 2 2 5 3 2 2 2
1 5 4 1 3 6 4 1 1 1
2 6 5 1 4 5 5 1 1 1
1 7 6 1 5 6 6 1 1 1
2 6 7 2 6 7 7 1 1 1
3 7 6 1 5 8 6 2 2 2
4 8 7 2 6 9 7 1 1 1
3 9 6 3 7 10 8 1 1 1
4 10 7 2 8 11 7 1 1 1
5 11 8 3 9 10 8 1 1 1
4 12 9 2 10 11 7 2 2 2
5 13 10 3 11 12 8 1 1 1
6 14 11 4 12 11 9 1 1 1
7 15 12 5 13 12 10 1 1 1
6 16 13 4 12 13 11 1 1 1
7 17 14 5 13 14 10 1 1 1
8 18 15 6 14 13 9 1 1 1
7 19 16 7 15 14 10 1 1 1
8 20 15 8 14 15 11 1 1 1
9 19 14 7 15 16 12 2 2 2
10 20 13 6 14 17 13 1 1 1
9 21 14 7 15 18 12 1 1 1
10 22 15 8 16 19 13 1 1 1
11 23 14 9 17 20 14 1 1 1
12 24 13 10 18 21 15 1 1 1
13 23 14 11 19 22 16 1 1 1
14 22 15 12 20 23 17 1 1 1
15 23 16 11 21 22 18 1 1 1
16 24 15 12 20 23 19 1 1 1
17 25 16 13 21 24 20 1 1 1
18 26 17 14 22 25 21 1 1 1
19 27 18 13 23 26 22 1 1 1
20 28 19 12 24 27 21 1 1 1
21 27 20 11 25 28 20 1 1 1
22 28 19 10 26 29 19 2 2 2
23 27 20 11 27 28 18 3 3 3
24 28 21 12 28 27 19 2 2 2
25 27 22 13 29 28 20 1 1 1
26 28 23 14 30 29 21 1 1 1
27 29 24 15 31 30 22 1 1 1
26 30 23 14 32 31 21 2 2 2
27 31 22 15 33 30 22 1 1 1
28 32 21 16 34 31 23 1 1 1
29 31 22 15 35 32 24 1 1 1
30 32 23 16 36 31 25 1 1 1
31 31 24 15 37 32 26 1 1 1
32 32 23 16 38 33 25 1 1 1
33 31 22 17 39 32 26 2 2 2
32 32 23 16 40 31 25 3 3 3
33 33 24 15 39 32 26 2 2 2
32 34 25 16 38 33 27 1 1 1
33 35 26 17 37 32 28 1 1 1
34 36 27 18 36 33 27 1 1 1
35 37 28 17 37 34 28 1 1 1
34 38 29 16 36 35 29 1 1 1
33 39 30 15 37 36 30 1 1 1
34 38 31 16 38 37 31 1 1 1
