2 1 2 2 2 2 2 1 1 1
1 1 3 3 1 3 1 2 2 2
2 2 4 2 2 4 2 1 1 1
1 1 3 1 3 5 3 2 2 2
2 2 4 1 4 6 4 1 1 1
1 3 5 1 5 5 5 2 2 2
2 4 6 1 4 6 6 1 1 1
3 5 7 2 3 7 7 1 1 1
4 6 8 3 4 6 8 1 1 1
3 7 9 4 5 7 9 1 1 1
4 8 10 5 6 6 10 1 1 1
5 9 11 4 7 5 11 1 1 1
6 10 12 5 8 4 12 1 1 1
7 11 11 6 9 5 13 1 1 1
8 12 12 7 10 6 14 1 1 1
9 13 13 8 11 5 15 1 1 1
10 14 14 9 12 6 14 1 1 1
9 15 15 10 13 5 15 1 1 1
10 14 16 11 14 6 16 1 1 1
9 15 15 12 13 5 17 2 2 2
8 16 14 11 14 4 18 3 3 3
9 17 15 12 15 5 19 2 2 2
10 18 16 13 16 4 18 1 1 1
11 19 17 14 17 5 19 1 1 1
12 20 18 15 18 6 20 1 1 1
13 21 19 16 19 7 21 1 1 1
14 22 20 17 20 8 22 1 1 1
15 23 21 18 21 9 21 1 1 1
16 24 22 19 22 10 22 1 1 1
17 25 23 20 21 11 23 1 1 1
18 26 24 21 22 12 24 1 1 1
19 27 25 22 21 11 23 2 2 2
20 28 26 23 22 12 24 1 1 1
19 29 27 24 23 13 25 1 1 1
20 30 28 25 24 14 26 1 1 1
21 31 29 26 25 15 27 1 1 1
22 32 28 25 26 16 28 1 1 1
23 31 29 24 27 17 29 1 1 1
22 32 30 25 28 18 30 1 1 1
23 33 31 26 29 19 31 1 1 1
24 32 30 27 28 20 32 2 2 2
25 33 31 26 29 19 33 1 1 1
26 32 32 27 30 20 32 1 1 1
27 33 33 28 31 21 33 1 1 1
28 32 34 29 32 22 32 1 1 1
29 33 35 30 31 23 33 1 1 1
30 34 34 31 32 22 34 1 1 1
31 35 35 32 33 23 35 1 1 1
32 36 36 33 34 24 34 1 1 1
33 37 37 34 35 25 35 1 1 1
34 38 38 35 36 26 36 1 1 1
35 39 37 36 37 27 37 1 1 1
36 40 38 37 38 28 38 1 1 1
37 41 39 38 39 29 39 1 1 1
36 42 38 39 40 28 40 2 2 2
37 43 39 40 41 27 41 1 1 1
36 44 38 41 42 28 42 1 1 1
37 43 39 40 43 29 43 1 1 1
38 44 40 41 44 30 44 1 1 1
39 43 41 42 45 31 45 1 1 1
38 44 42 43 44 32 46 1 1 1
39 43 43 44 45 31 47 1 1 1
40 44 44 45 46 30 48 1 1 1
41 45 45 46 47 31 49 1 1 1
42 46 46 47 48 32 50 1 1 1
43 45 47 48 49 31 51 1 1 1
44 46 48 47 48 32 52 1 1 1
45 45 49 48 49 33 53 1 1 1
46 46 50 49 48 32 54 1 1 1
45 47 49 50 49 33 55 1 1 1
46 48 48 51 50 32 56 1 1 1
45 49 49 52 51 33 57 1 1 1
46 50 50 53 50 34 56 1 1 1
47 51 51 54 51 35 57 1 1 1
48 52 52 55 52 36 58 1 1 1
47 53 51 56 53 37 59 1 1 1
48 54 52 57 54 38 58 1 1 1
49 55 53 58 55 39 59 1 1 1
50 56 54 59 54 40 60 1 1 1
51 57 55 58 53 41 59 2 2 2
50 58 56 59 54 42 60 1 1 1
49 59 57 58 55 43 61 1 1 1
48 60 58 57 56 42 62 1 1 1
49 61 59 58 57 43 63 1 1 1
50 60 60 57 56 44 64 1 1 1
51 61 61 56 57 45 65 1 1 1
52 60 62 57 58 46 64 1 1 1
53 61 63 56 57 47 63 2 2 2
54 62 64 57 56 46 64 3 3 3
55 63 65 58 57 47 65 2 2 2
56 62 66 59 58 48 66 1 1 1
55 63 65 60 59 49 67 1 1 1
56 62 66 61 60 50 68 1 1 1
55 63 67 60 59 51 69 2 2 2
56 64 68 61 60 52 70 1 1 1
57 63 67 62 61 53 71 1 1 1
58 64 68 63 60 54 72 1 1 1
59 65 69 64 59 55 73 1 1 1
60 64 68 65 60 56 74 1 1 1
61 63 69 66 61 57 75 1 1 1
