2 2 2 2 2 2 1 1 1 1
1 3 3 3 3 3 1 1 1 1
2 2 4 4 4 4 1 1 1 1
3 3 5 5 5 5 1 1 1 1
4 2 6 6 6 6 1 1 1 1
5 3 7 7 7 7 1 1 1 1
6 4 8 8 8 8 1 1 1 1
7 5 9 9 9 9 1 1 1 1
6 6 10 8 10 10 1 1 1 1
7 7 11 9 11 11 1 1 1 1
6 8 12 10 12 12 1 1 1 1
7 9 13 11 13 13 1 1 1 1
8 10 14 12 14 14 1 1 1 1
9 11 15 13 15 15 1 1 1 1
10 12 16 14 16 16 1 1 1 1
9 13 17 15 17 17 1 1 1 1
10 14 18 16 18 18 1 1 1 1
11 15 19 17 19 17 1 1 1 1
10 16 20 18 20 18 1 1 1 1
11 17 21 19 21 17 1 1 1 1
12 18 22 20 22 18 1 1 1 1
13 19 23 21 23 19 1 1 1 1
12 20 24 22 24 20 1 1 1 1
13 21 25 23 25 21 1 1 1 1
14 22 26 24 26 22 1 1 1 1
15 23 27 25 27 23 1 1 1 1
16 24 28 26 28 24 1 1 1 1
17 25 29 27 29 25 1 1 1 1
18 26 30 28 30 26 1 1 1 1
19 27 31 29 31 27 1 1 1 1
20 26 32 28 32 28 1 1 1 1
21 25 33 29 33 29 1 1 1 1
22 26 34 30 34 30 1 1 1 1
23 27 35 31 35 31 1 1 1 1
24 28 36 32 36 32 1 1 1 1
25 29 37 33 37 33 1 1 1 1
26 30 38 32 38 34 1 1 1 1
27 31 39 33 39 35 1 1 1 1
28 32 40 34 40 36 1 1 1 1
29 33 41 33 41 37 1 1 1 1
30 34 42 34 42 38 1 1 1 1
31 35 43 33 43 39 1 1 1 1
32 36 44 34 44 40 1 1 1 1
33 37 45 35 45 41 1 1 1 1
34 38 46 36 46 42 1 1 1 1
35 39 47 37 45 43 1 1 1 1
36 40 48 38 46 44 1 1 1 1
37 41 49 37 47 45 1 1 1 1
38 42 50 38 48 46 1 1 1 1
39 43 51 39 49 47 1 1 1 1
40 44 50 40 50 48 1 1 1 1
41 45 51 41 51 49 1 1 1 1
42 46 52 42 52 50 1 1 1 1
43 47 53 43 53 51 1 1 1 1
42 48 52 44 54 52 1 1 1 1
43 49 53 45 55 51 1 1 1 1
44 50 54 46 56 52 1 1 1 1
45 49 55 47 57 53 1 1 1 1
46 50 56 46 58 54 1 1 1 1
47 51 57 47 59 53 1 1 1 1
48 52 58 48 60 54 1 1 1 1
49 53 59 49 61 55 1 1 1 1
50 54 58 50 62 56 1 1 1 1
51 55 59 51 61 57 1 1 1 1
52 56 60 52 62 56 1 1 1 1
53 57 61 51 63 57 1 1 1 1
54 58 62 52 62 58 1 1 1 1
55 59 63 53 63 59 1 1 1 1
56 60 64 54 64 60 1 1 1 1
57 61 65 55 65 61 1 1 1 1
58 62 66 56 66 60 1 1 1 1
59 63 67 55 67 61 1 1 1 1
60 64 68 56 68 62 1 1 1 1
61 65 69 57 69 63 1 1 1 1
62 66 70 58 70 64 1 1 1 1
63 67 71 59 71 65 1 1 1 1
64 68 72 60 72 66 1 1 1 1
65 69 73 61 73 67 1 1 1 1
66 70 74 62 74 68 1 1 1 1
67 71 75 63 75 69 1 1 1 1
68 72 76 64 74 70 1 1 1 1
69 73 77 63 75 71 1 1 1 1
70 74 78 64 76 72 1 1 1 1
71 75 77 65 77 73 1 1 1 1
72 74 78 66 78 74 1 1 1 1
73 73 79 67 79 75 1 1 1 1
74 74 80 68 80 76 1 1 1 1
75 75 81 69 81 77 1 1 1 1
76 76 82 70 82 78 1 1 1 1
77 75 83 69 83 79 1 1 1 1
78 76 84 70 84 80 1 1 1 1
79 77 85 71 85 79 1 1 1 1
80 78 86 72 86 80 1 1 1 1
81 79 87 73 87 79 1 1 1 1
82 80 88 74 88 80 1 1 1 1
83 81 89 75 89 81 1 1 1 1
84 82 90 76 90 82 1 1 1 1
85 83 91 77 91 81 1 1 1 1
86 84 92 78 92 82 1 1 1 1
85 83 93 79 93 83 1 1 1 1
