2 2 2 2 2 2 2 1 1 1
3 3 3 3 3 3 3 1 1 1
4 4 4 4 4 4 4 1 1 1
5 5 5 5 5 5 5 1 1 1
6 6 6 6 6 6 6 1 1 1
7 7 7 7 7 7 7 1 1 1
8 8 8 8 8 8 8 1 1 1
9 9 9 9 9 9 9 1 1 1
10 10 10 10 10 10 10 1 1 1
11 11 11 11 11 11 11 1 1 1
12 12 12 12 12 12 12 1 1 1
13 13 13 13 13 13 13 1 1 1
14 14 14 14 14 14 14 1 1 1
15 15 15 15 15 15 15 1 1 1
16 16 16 16 16 16 16 1 1 1
17 17 17 17 17 17 17 1 1 1
18 16 18 18 18 18 18 1 1 1
19 17 19 19 19 19 19 1 1 1
20 18 20 20 20 20 20 1 1 1
21 19 21 21 21 21 21 1 1 1
22 20 22 22 22 22 22 1 1 1
23 21 23 23 23 23 23 1 1 1
24 22 24 24 24 24 24 1 1 1
25 23 25 25 25 23 25 1 1 1
26 24 26 26 26 24 26 1 1 1
27 25 27 27 27 23 27 1 1 1
28 26 28 28 28 24 28 1 1 1
29 27 29 29 29 25 29 1 1 1
30 28 30 30 30 26 30 1 1 1
31 29 31 31 31 27 31 1 1 1
32 30 32 32 32 26 32 1 1 1
33 31 33 33 33 27 33 1 1 1
34 32 34 34 34 28 34 1 1 1
35 33 35 35 35 29 35 1 1 1
36 34 36 36 36 30 36 1 1 1
37 35 37 37 37 31 37 1 1 1
38 36 38 38 38 32 38 1 1 1
39 37 39 39 39 33 39 1 1 1
40 38 40 40 40 34 40 1 1 1
41 39 41 41 41 35 41 1 1 1
42 40 42 42 42 36 40 1 1 1
43 41 43 43 43 37 41 1 1 1
44 42 44 44 44 38 42 1 1 1
45 43 45 45 45 39 43 1 1 1
46 44 46 46 46 40 44 1 1 1
45 45 47 47 47 41 45 1 1 1
46 46 48 48 48 42 46 1 1 1
47 47 49 49 49 43 47 1 1 1
48 48 50 50 50 44 48 1 1 1
49 49 51 51 51 45 49 1 1 1
50 50 52 52 52 46 50 1 1 1
51 51 53 53 53 47 51 1 1 1
52 52 54 54 54 48 52 1 1 1
53 51 55 55 55 49 53 1 1 1
54 52 56 56 56 50 54 1 1 1
55 53 57 57 57 51 55 1 1 1
56 54 58 58 58 52 56 1 1 1
57 55 59 59 59 53 57 1 1 1
58 56 60 60 60 54 58 1 1 1
59 57 61 61 61 55 59 1 1 1
60 58 62 62 62 56 60 1 1 1
61 59 63 63 63 57 61 1 1 1
62 60 64 64 64 58 62 1 1 1
63 61 65 65 65 59 63 1 1 1
64 62 66 66 66 60 64 1 1 1
65 63 67 67 67 61 65 1 1 1
66 64 68 68 68 62 66 1 1 1
67 65 69 69 69 63 67 1 1 1
68 66 70 70 70 64 68 1 1 1
69 67 71 71 71 65 69 1 1 1
70 68 72 72 72 66 70 1 1 1
71 69 73 73 73 67 71 1 1 1
72 70 74 74 74 68 72 1 1 1
73 71 73 75 75 69 73 1 1 1
74 72 74 76 76 70 74 1 1 1
75 73 75 77 77 71 75 1 1 1
76 74 76 78 78 72 76 1 1 1
77 75 77 79 79 73 77 1 1 1
78 76 78 80 80 74 78 1 1 1
79 75 79 81 81 75 79 1 1 1
80 76 80 82 82 76 80 1 1 1
81 77 81 83 83 77 81 1 1 1
82 78 82 84 84 78 82 1 1 1
83 79 83 85 85 79 83 1 1 1
84 80 84 86 86 80 84 1 1 1
85 81 85 87 87 81 85 1 1 1
86 82 86 88 88 82 86 1 1 1
87 83 87 89 89 83 87 1 1 1
88 84 88 90 90 82 88 1 1 1
89 85 89 91 91 83 89 1 1 1
90 86 90 92 92 84 90 1 1 1
91 87 91 93 93 85 91 1 1 1
92 88 92 94 94 86 92 1 1 1
93 89 93 93 95 87 93 1 1 1
94 90 94 94 96 88 94 1 1 1
95 91 95 95 97 89 95 1 1 1
96 92 96 96 98 90 96 1 1 1
97 93 97 97 99 91 97 1 1 1
98 94 98 98 100 92 98 1 1 1
99 95 99 99 100 93 99 1 1 1
