1 1 1 1 1 1 1 1 1 1
1 1 1 1 1 1 1 1 1 1
1 1 1 1 1 1 1 1 1 1
1 1 1 1 1 1 1 1 1 1
2 2 1 2 2 2 2 1 1 1
3 3 2 1 1 3 3 1 1 1
2 2 1 2 2 4 2 2 2 2
3 3 2 3 3 5 3 1 1 1
4 4 3 4 4 6 4 1 1 1
5 5 4 5 5 7 5 1 1 1
4 4 5 6 6 6 4 2 2 2
5 5 6 5 7 7 5 1 1 1
6 4 7 4 8 8 6 1 1 1
7 5 6 5 9 9 7 1 1 1
8 6 7 4 10 10 8 1 1 1
9 7 8 3 9 11 9 1 1 1
8 8 9 4 10 12 10 1 1 1
9 9 10 5 9 13 9 1 1 1
10 8 11 6 10 12 10 1 1 1
11 7 12 7 11 13 11 1 1 1
12 8 13 8 10 14 12 1 1 1
11 7 14 9 11 15 13 1 1 1
12 6 15 10 12 16 14 1 1 1
13 7 16 9 13 17 15 1 1 1
14 8 17 10 14 18 16 1 1 1
15 9 18 11 13 19 17 1 1 1
16 10 19 12 14 20 18 1 1 1
17 11 20 13 15 21 19 1 1 1
18 10 19 12 14 22 20 2 2 2
19 11 20 13 15 23 21 1 1 1
20 10 21 14 16 24 22 1 1 1
21 11 20 13 17 23 23 1 1 1
20 12 19 14 18 24 24 1 1 1
21 13 18 15 17 23 25 2 2 2
22 14 19 16 16 24 26 1 1 1
21 15 20 17 17 25 27 1 1 1
22 16 21 18 18 26 28 1 1 1
23 17 22 19 19 27 27 1 1 1
24 18 23 20 18 28 26 1 1 1
25 19 24 21 19 29 27 1 1 1
26 18 25 22 20 30 28 1 1 1
27 19 26 23 21 31 27 1 1 1
28 20 25 24 22 32 26 1 1 1
29 21 26 23 21 31 27 1 1 1
30 22 27 24 20 32 28 1 1 1
31 23 28 25 19 33 29 1 1 1
32 24 29 26 20 34 28 1 1 1
31 25 28 27 21 35 29 1 1 1
32 26 29 26 20 34 30 1 1 1
33 27 30 27 21 35 31 1 1 1
34 28 29 28 22 36 32 1 1 1
35 29 30 29 23 35 33 1 1 1
34 30 31 30 22 36 32 2 2 2
33 31 32 31 23 37 33 1 1 1
34 30 33 32 24 38 34 1 1 1
35 31 34 31 25 39 35 1 1 1
34 32 33 30 26 40 36 1 1 1
35 33 34 31 25 41 37 1 1 1
34 34 35 32 26 40 36 1 1 1
35 35 34 33 27 41 37 1 1 1
36 36 35 34 26 42 38 1 1 1
37 37 34 35 25 43 37 1 1 1
38 36 35 36 24 44 38 1 1 1
37 37 36 37 25 43 39 1 1 1
36 38 37 36 24 44 40 1 1 1
37 39 38 37 25 45 41 1 1 1
38 40 39 38 26 46 42 1 1 1
39 41 38 39 27 45 43 1 1 1
38 42 39 40 28 46 42 1 1 1
39 41 40 41 29 45 43 1 1 1
38 40 41 42 30 46 44 1 1 1
39 41 42 41 31 47 45 1 1 1
38 42 43 42 32 46 44 1 1 1
39 41 44 41 33 47 45 1 1 1
40 40 45 42 34 46 46 1 1 1
39 39 46 41 35 47 47 2 2 2
40 40 45 42 36 48 46 1 1 1
41 41 46 43 37 49 47 1 1 1
40 42 47 44 38 50 48 1 1 1
41 43 48 45 37 51 49 1 1 1
42 44 49 46 38 52 50 1 1 1
43 45 50 45 39 53 51 1 1 1
44 46 49 44 38 54 52 1 1 1
45 47 50 45 39 55 53 1 1 1
46 48 51 46 40 56 54 1 1 1
47 49 52 47 41 57 55 1 1 1
46 50 53 48 42 58 56 1 1 1
45 49 54 49 43 57 57 2 2 2
46 50 55 50 44 58 56 1 1 1
47 49 56 51 45 59 57 1 1 1
48 50 57 50 46 60 58 1 1 1
49 49 58 51 47 59 59 1 1 1
48 50 57 52 46 60 60 1 1 1
47 51 58 53 45 59 61 1 1 1
48 52 59 54 46 58 62 1 1 1
49 53 58 55 45 59 63 1 1 1
50 54 59 54 46 60 64 1 1 1
51 55 60 55 45 61 65 1 1 1
52 56 61 56 46 60 66 1 1 1
53 57 62 57 47 61 67 1 1 1
