2 2 2 2 2 2 2 1 1 1
3 3 3 1 3 3 1 1 1 1
4 4 4 1 4 4 2 1 1 1
3 5 5 1 5 5 3 1 1 1
4 6 6 2 6 6 4 1 1 1
5 5 7 3 7 5 5 1 1 1
6 4 6 4 8 6 6 1 1 1
7 3 7 5 9 7 7 1 1 1
6 4 8 6 8 8 8 1 1 1
7 5 9 7 7 9 9 1 1 1
8 6 10 8 8 10 10 1 1 1
9 7 11 9 9 11 11 1 1 1
10 8 12 10 10 12 12 1 1 1
11 9 13 11 11 11 13 1 1 1
10 8 14 12 12 12 14 1 1 1
9 9 13 13 13 13 15 1 1 1
10 8 14 14 14 14 16 1 1 1
11 9 13 13 15 15 17 1 1 1
10 10 14 14 16 14 18 1 1 1
11 11 13 15 17 15 19 1 1 1
12 12 14 16 18 14 18 1 1 1
11 13 15 17 19 15 19 1 1 1
12 14 16 18 20 16 18 1 1 1
13 15 17 19 21 17 19 1 1 1
12 16 16 20 22 18 20 1 1 1
13 15 17 21 23 19 19 1 1 1
12 16 18 20 24 20 20 2 2 2
13 17 17 19 25 21 21 1 1 1
14 18 18 20 26 22 22 1 1 1
15 19 19 19 25 23 23 1 1 1
16 20 18 20 26 22 24 1 1 1
17 21 19 21 27 23 25 1 1 1
18 22 20 22 28 24 26 1 1 1
17 23 19 23 29 25 27 1 1 1
18 22 20 24 28 26 28 1 1 1
19 23 21 25 27 27 29 1 1 1
20 24 22 26 28 28 28 1 1 1
21 23 23 27 29 29 29 1 1 1
20 24 24 28 28 30 30 1 1 1
19 25 25 29 29 31 31 1 1 1
20 26 26 30 28 32 32 1 1 1
21 27 27 31 27 33 33 1 1 1
22 26 28 32 28 34 34 1 1 1
23 27 29 33 29 35 35 1 1 1
22 28 30 34 30 36 36 1 1 1
23 29 31 33 31 35 35 2 2 2
24 30 30 34 32 34 34 3 3 3
25 31 31 35 33 35 35 2 2 2
26 32 32 36 34 36 36 1 1 1
27 33 31 37 35 37 37 1 1 1
26 34 30 38 36 38 38 1 1 1
27 35 31 39 37 39 37 1 1 1
26 36 32 40 38 40 38 1 1 1
27 37 33 39 37 41 39 1 1 1
26 38 34 40 38 42 40 1 1 1
27 39 35 41 39 43 41 1 1 1
26 40 36 42 38 44 42 1 1 1
27 41 35 43 39 45 43 1 1 1
26 42 34 42 40 46 44 2 2 2
27 43 35 43 41 47 45 1 1 1
28 44 36 44 42 48 46 1 1 1
27 45 37 45 43 49 47 1 1 1
28 46 38 46 44 50 48 1 1 1
29 47 39 47 45 51 49 1 1 1
28 48 40 48 46 52 50 1 1 1
29 49 39 49 45 53 51 1 1 1
28 50 40 50 46 54 52 1 1 1
29 49 41 51 47 55 53 1 1 1
28 50 42 52 46 56 54 1 1 1
27 51 43 51 47 55 55 2 2 2
28 52 44 52 48 56 56 1 1 1
29 53 45 53 49 57 57 1 1 1
30 54 46 54 50 58 58 1 1 1
31 55 47 53 51 57 59 1 1 1
32 56 46 52 52 56 60 1 1 1
31 57 47 53 53 57 61 1 1 1
32 58 48 54 54 56 62 1 1 1
33 57 49 55 53 57 63 1 1 1
34 58 50 56 54 58 64 1 1 1
35 59 51 55 55 59 63 1 1 1
36 60 50 56 56 60 62 1 1 1
37 61 49 55 57 61 63 1 1 1
38 60 50 54 58 62 64 1 1 1
39 61 51 55 59 63 63 1 1 1
40 60 52 56 60 64 64 1 1 1
41 61 53 57 61 65 65 1 1 1
42 62 54 58 62 66 66 1 1 1
43 63 55 59 63 67 67 1 1 1
44 64 54 60 64 68 66 1 1 1
45 65 55 59 65 69 67 1 1 1
44 66 56 60 66 70 66 1 1 1
45 65 57 61 67 71 67 1 1 1
46 64 56 62 68 72 66 1 1 1
47 65 57 63 69 73 67 1 1 1
48 66 58 64 68 74 68 1 1 1
49 67 59 65 69 75 69 1 1 1
50 66 60 66 68 76 68 1 1 1
51 67 61 67 67 75 69 1 1 1
52 68 62 68 68 76 70 1 1 1
53 67 63 69 69 77 71 1 1 1
