2 2 1 2 2 1 1 2 2 2
3 3 2 3 1 2 2 1 1 1
4 4 1 4 1 3 3 1 1 1
3 5 2 5 2 4 4 1 1 1
4 4 3 4 3 5 5 1 1 1
3 5 4 5 4 6 6 1 1 1
4 4 5 4 5 7 7 1 1 1
3 5 6 5 6 8 8 1 1 1
2 6 7 6 7 9 9 1 1 1
3 7 8 7 8 10 10 1 1 1
4 6 9 8 9 9 11 1 1 1
5 5 10 7 10 8 12 1 1 1
4 6 9 6 11 9 13 1 1 1
3 5 10 7 10 10 12 2 2 2
4 6 11 8 11 11 11 1 1 1
5 7 12 9 12 12 12 1 1 1
6 6 13 10 13 13 11 1 1 1
7 7 14 11 14 14 12 1 1 1
6 8 13 12 15 13 13 2 2 2
5 7 14 13 14 14 14 1 1 1
6 6 13 14 15 15 13 1 1 1
7 5 12 15 14 16 14 1 1 1
6 4 13 16 13 17 15 1 1 1
7 3 14 17 14 18 14 1 1 1
8 4 13 18 15 17 15 2 2 2
9 3 14 19 16 18 16 1 1 1
10 4 15 18 17 19 17 1 1 1
11 3 16 19 18 18 18 1 1 1
10 4 17 18 19 19 19 1 1 1
11 5 18 17 20 20 20 1 1 1
12 4 19 16 19 21 21 1 1 1
13 5 20 17 18 20 22 1 1 1
14 6 21 18 19 21 23 1 1 1
15 7 22 19 18 22 24 1 1 1
16 8 21 18 19 23 25 1 1 1
15 9 22 19 18 22 26 1 1 1
16 10 23 20 19 23 27 1 1 1
17 11 24 19 18 22 28 2 2 2
16 10 23 20 19 23 29 1 1 1
15 11 24 21 20 24 30 1 1 1
16 12 25 22 19 23 29 2 2 2
17 13 26 21 20 24 30 1 1 1
18 14 27 22 19 25 29 1 1 1
19 13 28 23 18 24 30 2 2 2
20 14 29 24 17 25 31 1 1 1
21 13 30 25 18 26 32 1 1 1
22 14 31 24 19 27 31 1 1 1
23 13 32 25 20 28 32 1 1 1
24 12 33 26 19 29 33 1 1 1
25 13 32 27 20 30 34 1 1 1
26 14 33 28 21 31 33 1 1 1
25 15 34 29 22 32 34 1 1 1
26 16 35 30 21 31 33 1 1 1
25 15 36 31 20 32 34 1 1 1
24 16 37 30 21 33 33 1 1 1
25 15 38 31 22 32 32 1 1 1
26 16 39 32 23 33 31 1 1 1
25 17 40 31 24 32 32 1 1 1
26 18 41 32 25 33 31 1 1 1
27 19 42 31 26 34 32 1 1 1
26 20 43 32 25 35 31 1 1 1
27 21 44 33 26 36 30 1 1 1
26 20 45 34 27 37 31 1 1 1
25 21 46 33 28 38 30 2 2 2
24 22 47 32 29 39 31 1 1 1
25 23 48 33 30 40 32 1 1 1
26 24 47 34 29 41 33 1 1 1
27 25 48 35 30 40 34 1 1 1
28 26 49 36 31 39 35 1 1 1
29 27 50 37 30 38 34 2 2 2
30 28 51 36 31 39 33 1 1 1
31 29 50 37 32 40 34 1 1 1
32 30 51 36 31 41 33 1 1 1
31 31 50 37 30 42 34 1 1 1
32 30 51 38 29 43 35 1 1 1
31 31 50 39 30 44 36 1 1 1
32 32 51 40 31 45 37 1 1 1
33 31 52 41 30 46 36 1 1 1
34 32 53 42 31 47 35 1 1 1
35 33 52 41 30 48 36 1 1 1
36 32 53 42 31 47 35 1 1 1
37 33 54 43 32 48 34 1 1 1
38 32 55 44 33 47 33 1 1 1
37 33 56 45 34 48 34 1 1 1
38 32 57 46 35 49 33 1 1 1
39 33 56 45 36 50 32 2 2 2
40 34 57 44 35 51 33 1 1 1
39 33 58 45 36 50 34 2 2 2
40 34 59 46 35 49 35 1 1 1
39 35 60 45 34 50 36 1 1 1
40 36 61 46 35 49 35 1 1 1
41 35 62 47 34 48 36 1 1 1
42 36 63 48 33 49 37 1 1 1
43 37 62 49 34 50 38 1 1 1
44 38 61 50 35 49 37 2 2 2
45 39 62 51 36 50 38 1 1 1
44 40 63 52 37 49 39 1 1 1
45 41 64 53 36 50 40 2 2 2
46 42 65 52 37 49 41 1 1 1
47 43 66 53 36 50 40 1 1 1
