1 1 2 2 1 1 2 2 2 2
1 1 2 2 1 1 2 2 2 2
1 1 2 2 1 1 2 2 2 2
1 1 2 2 1 1 2 2 2 2
2 2 1 3 2 2 3 1 1 1
1 1 2 4 3 1 2 2 2 2
1 1 1 5 4 2 1 3 3 3
2 2 2 6 5 3 2 2 2 2
3 3 3 7 6 4 3 1 1 1
4 4 4 8 7 5 4 1 1 1
3 3 5 9 8 4 3 2 2 2
4 4 6 8 9 5 4 1 1 1
5 3 7 7 10 6 5 1 1 1
6 4 6 8 11 7 6 1 1 1
7 5 7 7 12 8 5 1 1 1
8 6 8 6 11 9 6 1 1 1
7 7 9 7 12 10 7 1 1 1
8 8 10 8 11 11 6 1 1 1
9 7 11 9 12 10 7 1 1 1
10 6 12 10 13 11 8 1 1 1
11 7 13 11 12 12 9 1 1 1
10 6 14 12 13 13 10 1 1 1
11 5 15 13 14 14 11 1 1 1
12 6 16 12 15 15 12 1 1 1
13 7 17 13 16 16 13 1 1 1
14 8 18 14 15 17 14 1 1 1
15 9 19 15 16 18 15 1 1 1
16 10 20 16 17 19 16 1 1 1
15 11 21 17 18 18 15 1 1 1
16 12 22 18 19 19 16 1 1 1
17 11 23 19 20 20 17 1 1 1
16 10 24 20 19 21 16 2 2 2
15 11 23 21 20 22 17 1 1 1
16 12 22 22 19 21 18 2 2 2
17 13 23 23 18 22 19 1 1 1
16 14 24 24 19 23 20 1 1 1
17 15 25 25 20 24 21 1 1 1
18 16 26 26 21 25 20 1 1 1
19 17 27 27 20 26 19 1 1 1
20 18 28 28 21 27 20 1 1 1
21 17 29 29 22 28 21 1 1 1
22 18 30 30 23 29 20 1 1 1
23 19 29 31 24 30 19 1 1 1
22 20 28 32 25 31 18 2 2 2
23 21 29 33 24 32 19 1 1 1
24 22 30 34 23 33 20 1 1 1
25 23 31 35 24 34 19 1 1 1
24 24 30 36 25 35 20 1 1 1
23 23 29 37 26 36 19 2 2 2
24 24 30 38 27 37 20 1 1 1
25 25 29 39 28 38 21 1 1 1
26 26 30 40 29 37 22 1 1 1
25 27 31 41 28 38 21 2 2 2
24 28 32 42 29 39 22 1 1 1
25 27 33 43 30 40 23 1 1 1
26 28 34 42 31 41 24 1 1 1
25 29 33 41 32 42 25 1 1 1
26 30 34 42 31 43 26 1 1 1
25 31 35 43 32 42 25 1 1 1
26 32 34 44 33 43 26 1 1 1
27 33 35 45 32 44 27 1 1 1
28 34 34 46 31 45 26 1 1 1
29 33 35 47 30 46 27 1 1 1
28 34 36 48 31 45 28 1 1 1
29 33 37 49 32 44 27 2 2 2
30 34 38 50 33 45 28 1 1 1
31 35 39 51 34 46 29 1 1 1
32 36 38 52 35 45 30 1 1 1
31 37 39 53 36 46 29 1 1 1
32 36 40 54 35 45 30 1 1 1
31 35 41 55 36 46 31 1 1 1
32 36 42 54 37 47 32 1 1 1
31 37 43 55 38 46 31 1 1 1
32 36 44 54 39 47 32 1 1 1
33 35 45 55 40 46 33 1 1 1
32 34 46 54 41 47 34 2 2 2
33 35 45 55 42 48 33 1 1 1
34 36 46 56 43 49 34 1 1 1
33 37 47 57 44 50 35 1 1 1
34 38 48 58 43 51 36 1 1 1
35 39 47 59 44 52 37 1 1 1
36 40 48 58 45 53 38 1 1 1
37 41 47 57 44 54 39 1 1 1
38 42 48 58 45 55 40 1 1 1
39 43 49 59 46 56 41 1 1 1
40 44 50 60 47 57 42 1 1 1
39 45 51 61 48 58 43 1 1 1
38 44 52 62 49 57 44 2 2 2
39 45 53 63 50 58 43 1 1 1
40 44 54 64 51 59 44 1 1 1
41 45 55 63 52 60 45 1 1 1
42 44 56 64 53 59 46 1 1 1
41 45 55 65 52 60 47 1 1 1
40 46 56 66 51 59 48 1 1 1
41 47 57 67 52 58 49 1 1 1
42 48 56 68 51 59 50 1 1 1
43 49 57 67 52 60 51 1 1 1
44 50 58 68 51 61 52 1 1 1
45 51 59 69 52 60 53 1 1 1
46 52 60 70 53 61 54 1 1 1
