2 1 2 2 2 2 2 1 1 1
3 2 3 3 3 3 3 2 2 2
4 1 2 4 4 4 4 3 3 3
5 2 3 5 5 5 3 2 2 2
6 1 4 6 4 6 4 1 1 1
7 2 3 7 3 7 5 1 1 1
6 3 2 8 2 6 6 2 2 2
5 4 3 9 1 5 7 3 3 3
4 5 4 10 1 4 8 4 4 4
3 6 5 11 1 5 7 5 5 5
2 5 6 12 1 4 8 6 6 6
3 4 7 13 1 5 9 5 5 5
2 5 6 12 1 6 10 6 6 6
1 6 5 11 1 7 9 7 7 7
2 5 6 12 1 6 10 8 8 8
1 6 7 11 1 7 11 9 9 9
2 7 8 10 2 6 12 10 10 10
3 8 9 11 1 5 13 9 9 9
2 9 8 10 1 6 14 10 10 10
3 8 9 11 1 7 15 11 11 11
2 7 8 12 1 8 14 12 12 12
1 6 9 11 1 9 13 13 13 13
1 5 10 10 1 8 14 14 14 14
1 4 9 9 2 7 15 15 15 15
2 3 8 8 1 6 16 16 16 16
3 4 9 9 2 7 17 15 15 15
2 3 10 8 1 6 18 16 16 16
1 4 11 9 1 5 17 17 17 17
1 3 12 10 2 6 16 18 18 18
2 2 13 9 1 7 17 19 19 19
1 3 14 10 1 6 16 20 20 20
2 4 13 9 1 7 15 21 21 21
3 5 14 10 2 6 14 22 22 22
2 6 13 11 1 5 13 23 23 23
1 7 14 10 1 4 12 24 24 24
1 8 15 11 1 3 11 25 25 25
2 7 16 10 1 4 12 26 26 26
1 8 15 9 2 3 11 27 27 27
2 9 14 10 1 2 10 28 28 28
1 8 13 11 1 1 9 29 29 29
1 7 14 10 2 2 8 30 30 30
1 6 13 9 3 3 7 31 31 31
1 5 14 10 4 4 6 32 32 32
2 4 13 11 3 3 5 33 33 33
1 3 14 12 4 2 4 34 34 34
2 2 15 11 3 3 3 35 35 35
1 1 16 12 4 2 2 36 36 36
1 1 15 11 5 1 3 37 37 37
2 2 16 10 4 1 2 38 38 38
1 1 17 9 3 1 1 39 39 39
1 1 18 8 2 2 1 40 40 40
2 2 17 7 3 1 1 41 41 41
3 3 16 8 2 2 1 42 42 42
2 2 17 7 3 3 1 43 43 43
1 3 16 6 2 4 1 44 44 44
2 2 17 7 1 3 1 45 45 45
3 3 18 8 2 2 1 46 46 46
4 4 17 9 3 1 2 47 47 47
5 5 16 8 2 2 1 48 48 48
4 4 15 7 1 1 1 49 49 49
