1 1 1 1 1 1 1 1 1 1
1 1 1 1 1 1 1 1 1 1
2 2 2 2 2 2 2 1 1 1
3 3 3 1 3 3 1 1 1 1
4 2 4 2 4 4 2 1 1 1
3 3 5 1 5 5 3 1 1 1
4 4 6 2 4 4 4 1 1 1
3 5 7 3 5 3 5 1 1 1
4 6 8 4 6 4 4 1 1 1
5 7 7 3 5 5 3 2 2 2
4 6 6 4 6 4 4 3 3 3
3 7 5 3 5 5 5 4 4 4
4 8 6 4 6 4 4 3 3 3
5 9 7 5 7 5 5 2 2 2
4 10 6 6 8 6 6 1 1 1
5 11 7 7 9 7 7 1 1 1
6 12 6 6 8 8 6 2 2 2
5 11 7 7 9 9 7 1 1 1
4 12 8 8 8 10 8 1 1 1
5 13 9 9 9 11 9 1 1 1
6 14 10 10 10 12 10 1 1 1
7 15 9 9 9 13 9 2 2 2
8 14 8 10 10 14 10 1 1 1
7 15 9 9 9 15 11 1 1 1
8 16 10 8 10 14 12 1 1 1
7 17 9 9 9 15 13 2 2 2
8 16 10 10 10 16 14 1 1 1
9 17 11 11 11 17 15 1 1 1
8 16 12 12 12 18 16 1 1 1
9 17 13 13 13 19 17 1 1 1
10 18 14 14 14 20 18 1 1 1
11 19 15 15 15 21 19 1 1 1
12 20 16 16 16 22 20 1 1 1
11 19 17 17 17 23 21 1 1 1
12 20 18 18 18 24 20 1 1 1
13 19 19 19 19 25 21 1 1 1
12 20 20 20 20 26 20 2 2 2
13 21 21 21 21 27 21 1 1 1
14 22 20 22 22 28 22 1 1 1
15 23 21 23 23 29 23 1 1 1
16 24 22 24 24 30 24 1 1 1
17 25 23 23 23 29 25 1 1 1
18 26 22 22 24 28 26 1 1 1
17 27 21 23 25 29 25 1 1 1
18 28 22 24 26 30 26 1 1 1
19 29 21 25 27 29 27 1 1 1
18 28 22 26 28 28 28 1 1 1
17 29 23 25 29 29 29 1 1 1
18 28 24 26 30 30 30 1 1 1
19 27 23 25 31 31 31 1 1 1
20 26 24 26 32 32 30 1 1 1
21 27 25 25 31 33 31 1 1 1
20 28 26 26 32 32 32 1 1 1
21 29 27 27 33 33 33 1 1 1
22 28 28 28 34 34 34 1 1 1
23 29 29 29 35 35 35 1 1 1
24 30 30 30 34 34 36 1 1 1
25 31 31 31 35 35 37 1 1 1
26 32 32 30 36 36 38 1 1 1
27 33 33 29 37 35 37 1 1 1
