2 1 1 2 1 2 2 2 2 2
1 2 2 1 1 1 3 3 3 3
1 3 3 2 1 2 4 4 4 4
1 2 4 1 1 1 5 5 5 5
1 1 3 1 1 1 6 6 6 6
1 1 4 2 1 2 7 7 7 7
1 1 5 3 1 3 8 8 8 8
2 1 4 2 1 2 9 9 9 9
1 1 5 1 1 3 10 10 10 10
2 2 4 1 2 4 11 11 11 11
1 1 3 2 1 3 12 12 12 12
2 1 2 3 2 2 13 13 13 13
3 2 1 4 3 1 14 14 14 14
2 1 2 3 2 1 15 15 15 15
1 1 1 2 3 2 16 16 16 16
2 1 2 1 2 1 17 17 17 17
1 2 3 2 3 1 18 18 18 18
2 3 2 3 4 2 19 19 19 19
1 4 1 2 5 1 20 20 20 20
1 3 2 3 6 1 21 21 21 21
1 4 3 4 5 1 22 22 22 22
1 5 4 5 4 2 23 23 23 23
1 6 3 4 3 3 24 24 24 24
1 7 4 3 2 4 25 25 25 25
1 6 5 2 1 3 26 26 26 26
1 7 6 3 2 4 27 27 27 27
2 8 5 4 3 3 28 28 28 28
1 9 4 3 2 2 29 29 29 29
1 10 3 2 1 1 30 30 30 30
1 11 4 3 1 1 31 31 31 31
2 10 5 2 2 2 32 32 32 32
1 9 6 1 1 1 33 33 33 33
2 8 7 1 2 1 34 34 34 34
3 7 6 2 1 1 35 35 35 35
4 6 5 3 1 2 36 36 36 36
5 5 6 4 1 3 37 37 37 37
4 4 7 3 2 4 38 38 38 38
5 5 8 2 1 5 39 39 39 39
4 6 7 1 2 4 40 40 40 40
3 5 6 2 1 5 41 41 41 41
4 4 5 1 1 6 42 42 42 42
3 3 6 2 2 7 43 43 43 43
4 2 5 3 3 6 44 44 44 44
3 1 4 4 4 5 45 45 45 45
4 1 5 5 3 6 46 46 46 46
3 1 6 4 4 7 47 47 47 47
4 2 5 5 3 8 48 48 48 48
3 3 4 4 2 9 49 49 49 49
4 4 3 5 3 8 50 50 50 50
5 5 2 4 2 7 51 51 51 51
6 4 3 5 3 8 52 52 52 52
5 5 2 4 2 9 53 53 53 53
6 4 3 5 1 8 54 54 54 54
5 3 2 4 1 7 55 55 55 55
6 4 3 5 1 8 56 56 56 56
7 3 2 4 1 7 57 57 57 57
6 4 1 3 2 6 58 58 58 58
5 3 1 4 1 7 59 59 59 59
6 4 1 5 1 8 60 60 60 60
5 3 1 4 2 7 61 61 61 61
6 2 2 3 3 6 62 62 62 62
5 1 3 4 2 5 63 63 63 63
6 1 4 3 3 4 64 64 64 64
7 1 3 4 4 3 65 65 65 65
6 1 2 3 5 4 66 66 66 66
7 2 1 2 4 3 67 67 67 67
8 3 1 3 5 4 68 68 68 68
7 4 2 2 6 3 69 69 69 69
6 3 3 1 7 2 70 70 70 70
5 2 4 2 8 3 71 71 71 71
4 3 5 3 7 4 72 72 72 72
5 4 6 2 6 3 73 73 73 73
6 3 5 3 5 4 74 74 74 74
7 2 6 2 4 3 75 75 75 75
8 3 5 1 3 2 76 76 76 76
9 2 6 1 4 1 77 77 77 77
8 1 7 2 5 1 78 78 78 78
9 2 8 3 4 1 79 79 79 79
8 3 9 2 5 1 80 80 80 80
9 2 10 1 6 2 81 81 81 81
8 3 11 2 5 3 82 82 82 82
7 4 12 1 6 4 83 83 83 83
8 3 13 2 7 3 84 84 84 84
9 2 14 1 6 4 85 85 85 85
10 1 15 2 7 5 86 86 86 86
9 2 16 1 6 4 87 87 87 87
8 1 17 1 7 5 88 88 88 88
7 2 18 1 6 4 89 89 89 89
8 1 17 2 7 3 90 90 90 90
7 2 16 1 8 2 91 91 91 91
6 3 17 2 7 1 92 92 92 92
5 4 16 3 6 2 93 93 93 93
4 3 15 4 7 1 94 94 94 94
3 4 16 5 6 2 95 95 95 95
4 3 15 6 5 1 96 96 96 96
3 4 14 7 6 1 97 97 97 97
2 5 15 8 7 1 98 98 98 98
3 6 16 7 8 1 99 99 99 99
2 5 15 6 7 2 100 100 100 100
3 6 16 5 8 3 100 100 100 100
