2 2 1 2 2 2 2 1 1 1
1 3 2 3 1 3 3 1 1 1
2 4 3 4 1 2 2 2 2 2
3 5 4 3 2 3 3 1 1 1
2 4 3 4 1 4 4 2 2 2
3 5 4 5 2 5 5 1 1 1
2 6 5 6 1 4 6 1 1 1
3 7 6 7 1 5 7 1 1 1
2 8 5 8 2 4 6 2 2 2
1 9 6 9 1 5 5 1 1 1
2 10 7 10 2 6 4 1 1 1
3 11 8 9 3 5 5 1 1 1
4 12 9 10 4 6 4 1 1 1
5 11 10 11 3 7 3 2 2 2
6 12 9 12 4 8 4 1 1 1
7 13 8 13 5 9 5 1 1 1
8 14 9 14 6 8 6 1 1 1
9 15 10 15 5 9 7 1 1 1
10 16 11 16 6 10 8 1 1 1
11 15 12 17 7 11 7 1 1 1
12 16 13 18 8 12 8 1 1 1
13 15 12 19 9 13 9 1 1 1
14 16 13 20 10 14 10 1 1 1
15 17 14 19 11 15 11 1 1 1
16 18 15 18 12 16 12 1 1 1
17 17 16 19 13 15 13 1 1 1
18 18 17 20 14 14 14 1 1 1
19 19 18 19 15 15 15 1 1 1
20 20 19 20 16 16 16 1 1 1
21 21 20 21 15 17 17 1 1 1
22 22 19 22 16 18 18 1 1 1
23 21 20 23 15 19 17 1 1 1
24 22 21 22 16 18 18 1 1 1
25 23 22 23 17 17 19 1 1 1
26 24 23 24 18 18 20 1 1 1
27 25 24 23 19 19 21 1 1 1
28 24 25 24 20 18 22 1 1 1
29 25 26 25 21 17 23 1 1 1
30 26 25 24 22 18 24 1 1 1
29 27 24 25 23 17 25 2 2 2
28 26 25 26 24 18 26 1 1 1
29 27 26 27 23 19 25 1 1 1
30 28 27 28 24 20 24 1 1 1
31 29 28 29 25 19 25 1 1 1
32 28 29 30 26 20 26 1 1 1
33 27 30 31 27 19 25 1 1 1
34 26 29 30 28 20 26 2 2 2
33 27 30 31 29 21 27 1 1 1
34 28 31 32 30 22 28 1 1 1
35 29 32 33 29 21 29 1 1 1
34 28 33 34 30 20 30 1 1 1
35 29 34 35 31 21 31 1 1 1
36 28 35 34 32 22 32 1 1 1
37 29 36 35 33 23 33 1 1 1
38 30 37 36 32 24 34 1 1 1
39 31 36 37 33 23 35 1 1 1
40 32 35 38 34 22 36 1 1 1
39 33 36 39 33 23 37 1 1 1
38 34 37 40 34 24 38 1 1 1
39 35 38 41 35 25 39 1 1 1
