1 2 1 1 2 2 2 2 2 2
1 3 2 2 3 1 1 3 3 3
2 4 3 3 4 1 2 2 2 2
3 5 4 2 3 1 3 3 3 3
4 4 3 3 2 2 4 4 4 4
3 5 4 4 3 3 5 3 3 3
4 4 5 5 2 4 4 4 4 4
3 3 6 6 1 3 3 5 5 5
2 4 5 7 2 2 4 6 6 6
3 5 4 8 3 1 5 7 7 7
2 6 5 9 2 2 6 8 8 8
3 5 4 8 3 3 5 9 9 9
2 6 3 9 2 2 6 10 10 10
3 7 2 10 3 1 5 11 11 11
2 8 1 11 4 2 6 12 12 12
1 7 2 10 5 1 5 13 13 13
1 6 3 11 6 1 4 14 14 14
2 7 4 10 7 1 3 15 15 15
3 8 3 9 6 1 2 16 16 16
2 7 4 10 7 1 1 17 17 17
3 6 3 9 8 1 2 18 18 18
4 5 2 8 7 1 3 19 19 19
5 6 3 7 8 2 4 20 20 20
4 5 2 8 7 1 5 21 21 21
3 4 3 7 6 2 6 22 22 22
4 3 4 8 5 3 7 23 23 23
3 2 5 7 4 2 8 24 24 24
2 1 4 8 3 1 7 25 25 25
1 2 5 7 4 1 6 26 26 26
1 1 4 8 3 1 7 27 27 27
1 1 3 7 2 2 8 28 28 28
1 1 2 8 1 3 7 29 29 29
1 1 3 9 1 4 6 30 30 30
1 2 2 10 2 3 7 31 31 31
1 3 3 9 1 4 8 32 32 32
1 2 2 8 1 3 7 33 33 33
2 3 1 7 1 2 6 34 34 34
1 2 1 6 2 1 5 35 35 35
1 1 2 7 3 2 6 36 36 36
2 1 3 8 4 3 7 37 37 37
1 1 2 7 5 4 6 38 38 38
2 1 1 6 4 5 5 39 39 39
1 2 1 5 5 4 4 40 40 40
1 1 1 4 4 3 5 41 41 41
1 1 2 5 3 4 4 42 42 42
1 2 1 4 2 5 5 43 43 43
1 1 1 3 1 6 6 44 44 44
1 1 2 2 2 7 7 45 45 45
2 1 3 1 1 8 6 46 46 46
1 1 2 2 1 7 5 47 47 47
1 2 1 1 2 6 4 48 48 48
2 1 2 1 3 5 5 49 49 49
1 1 1 1 2 4 6 50 50 50
1 2 1 2 1 5 7 51 51 51
2 3 2 1 1 6 8 52 52 52
1 2 3 1 2 5 7 53 53 53
2 1 4 2 3 4 8 54 54 54
1 2 5 3 2 3 7 55 55 55
2 3 4 4 3 4 8 56 56 56
1 2 3 3 4 3 7 57 57 57
