2 2 1 2 2 2 2 1 1 1
3 3 2 3 3 3 3 1 1 1
4 4 3 2 2 4 4 1 1 1
5 5 4 3 3 5 5 1 1 1
6 6 5 4 4 6 6 1 1 1
7 7 6 5 5 7 7 1 1 1
8 8 7 6 6 8 8 1 1 1
9 9 8 7 7 9 9 1 1 1
10 10 9 8 8 10 10 1 1 1
11 11 10 9 7 11 11 1 1 1
12 12 11 10 8 12 12 1 1 1
11 13 12 11 9 13 13 1 1 1
12 12 13 10 10 14 14 1 1 1
13 13 14 11 11 15 15 1 1 1
14 14 15 12 12 16 16 1 1 1
15 15 16 13 13 17 17 1 1 1
16 16 17 14 14 18 18 1 1 1
17 17 18 15 15 19 19 1 1 1
18 18 19 16 16 18 20 1 1 1
19 19 20 17 17 19 21 1 1 1
20 20 21 18 16 20 20 1 1 1
21 21 22 19 17 21 21 1 1 1
22 22 23 20 18 22 22 1 1 1
23 23 24 21 19 23 23 1 1 1
24 24 25 22 20 24 22 1 1 1
25 25 26 23 21 25 23 1 1 1
26 26 27 22 22 26 24 1 1 1
27 27 28 23 23 27 25 1 1 1
28 28 29 24 24 28 26 1 1 1
27 29 30 23 25 29 27 1 1 1
28 30 31 24 24 30 28 1 1 1
29 31 32 25 25 31 29 1 1 1
30 30 33 26 26 32 30 1 1 1
31 31 32 27 27 33 31 1 1 1
32 32 33 28 28 34 32 1 1 1
31 33 34 27 27 35 33 1 1 1
32 34 35 28 28 36 34 1 1 1
33 35 36 27 29 37 35 1 1 1
34 36 35 28 28 38 36 1 1 1
33 37 36 29 27 39 35 1 1 1
34 38 37 30 28 40 34 1 1 1
35 39 38 31 29 41 35 1 1 1
36 40 39 32 30 42 36 1 1 1
37 41 40 33 31 43 37 1 1 1
38 42 41 34 32 44 38 1 1 1
39 43 42 35 31 45 37 1 1 1
40 44 43 36 32 44 38 1 1 1
41 45 44 37 33 45 39 1 1 1
42 46 45 38 34 46 40 1 1 1
43 47 46 39 35 47 41 1 1 1
44 48 47 40 36 48 42 1 1 1
45 49 48 41 37 49 41 1 1 1
46 50 49 42 38 50 42 1 1 1
45 51 50 43 39 49 43 1 1 1
46 52 51 44 40 50 42 1 1 1
47 53 52 45 41 51 43 1 1 1
46 54 53 46 42 52 44 1 1 1
47 55 54 47 43 53 45 1 1 1
48 56 55 48 44 54 46 1 1 1
49 57 56 49 45 55 47 1 1 1
50 58 57 50 46 56 48 1 1 1
51 57 58 51 47 57 49 1 1 1
52 56 59 52 48 58 48 1 1 1
53 57 58 53 49 59 49 1 1 1
54 58 59 54 50 60 50 1 1 1
53 59 60 55 51 61 51 1 1 1
54 60 59 56 52 62 52 1 1 1
55 61 60 57 53 63 53 1 1 1
56 62 61 58 54 64 54 1 1 1
57 63 62 59 55 63 55 1 1 1
58 64 63 60 56 62 56 1 1 1
59 65 62 61 57 63 57 1 1 1
60 66 63 62 58 64 58 1 1 1
61 67 64 63 59 65 59 1 1 1
62 68 65 64 60 66 60 1 1 1
61 69 66 65 61 67 59 1 1 1
62 70 67 66 62 68 60 1 1 1
63 71 68 67 63 69 61 1 1 1
64 72 69 66 64 70 62 1 1 1
65 73 70 67 65 71 63 1 1 1
66 74 71 68 66 72 64 1 1 1
67 75 72 69 67 73 65 1 1 1
68 76 71 70 68 74 66 1 1 1
69 77 72 71 69 75 65 1 1 1
70 78 73 72 70 76 66 1 1 1
71 79 74 73 71 77 67 1 1 1
72 80 75 74 72 78 68 1 1 1
73 81 76 75 73 79 69 1 1 1
74 82 77 76 74 80 70 1 1 1
75 83 78 77 75 81 71 1 1 1
76 84 79 78 76 82 72 1 1 1
77 83 80 79 77 83 73 1 1 1
76 84 81 80 78 84 74 1 1 1
77 85 82 81 79 85 75 1 1 1
78 86 83 82 80 86 76 1 1 1
79 87 84 83 81 87 77 1 1 1
80 88 85 84 82 88 78 1 1 1
81 89 86 85 83 89 79 1 1 1
82 90 85 86 82 90 80 1 1 1
83 91 86 87 83 89 81 1 1 1
