2 2 1 1 1 1 2 2 2 2
3 3 2 2 2 2 1 1 1 1
4 4 3 3 1 3 1 1 1 1
5 5 4 2 2 4 1 1 1 1
6 6 5 3 3 5 1 1 1 1
7 5 6 4 4 6 1 1 1 1
8 6 7 5 5 7 1 1 1 1
9 5 8 4 6 8 1 1 1 1
10 4 9 5 7 9 1 1 1 1
11 5 10 6 8 10 1 1 1 1
12 6 11 7 9 11 1 1 1 1
13 7 12 8 10 12 1 1 1 1
14 8 13 7 11 13 1 1 1 1
15 9 14 8 10 14 1 1 1 1
16 10 13 7 11 15 1 1 1 1
17 11 14 6 12 16 1 1 1 1
18 12 15 7 13 17 1 1 1 1
19 13 16 8 14 18 1 1 1 1
20 14 17 9 15 17 1 1 1 1
21 15 18 10 14 18 1 1 1 1
22 16 19 11 15 19 1 1 1 1
23 17 20 10 14 20 1 1 1 1
22 18 21 11 15 19 1 1 1 1
23 19 22 10 14 20 1 1 1 1
24 20 21 11 15 19 1 1 1 1
23 21 20 10 16 20 2 2 2 2
24 22 21 11 17 21 1 1 1 1
25 23 22 12 18 20 1 1 1 1
24 24 23 13 19 21 1 1 1 1
23 25 24 14 20 22 1 1 1 1
24 26 25 15 21 23 1 1 1 1
25 27 26 16 22 24 1 1 1 1
26 28 25 17 21 25 1 1 1 1
27 29 26 18 22 26 1 1 1 1
28 30 25 19 23 27 1 1 1 1
29 31 26 20 24 28 1 1 1 1
30 32 27 21 25 27 1 1 1 1
31 33 28 22 26 28 1 1 1 1
32 34 29 23 27 29 1 1 1 1
33 35 30 24 28 30 1 1 1 1
34 34 31 25 29 29 1 1 1 1
35 35 32 24 30 30 1 1 1 1
36 36 33 25 31 31 1 1 1 1
35 37 34 26 30 30 2 2 2 2
34 38 35 27 31 29 3 3 3 3
35 39 36 26 32 30 2 2 2 2
36 40 37 27 31 29 1 1 1 1
35 41 38 28 32 30 1 1 1 1
36 42 37 29 33 31 1 1 1 1
37 43 38 30 32 32 1 1 1 1
38 44 37 29 33 31 2 2 2 2
39 45 38 30 34 32 1 1 1 1
38 46 39 31 33 33 1 1 1 1
39 47 40 32 34 34 1 1 1 1
40 48 41 33 33 35 1 1 1 1
39 49 42 34 34 36 1 1 1 1
40 48 43 35 35 37 1 1 1 1
41 49 44 34 36 38 1 1 1 1
42 50 45 35 37 39 1 1 1 1
43 51 46 36 38 40 1 1 1 1
44 52 47 37 39 41 1 1 1 1
43 51 48 38 40 42 2 2 2 2
42 52 49 39 41 43 1 1 1 1
43 53 50 38 42 44 1 1 1 1
42 54 51 39 43 45 1 1 1 1
41 55 52 40 44 46 1 1 1 1
42 56 53 39 45 47 1 1 1 1
41 57 54 40 46 48 1 1 1 1
42 58 55 41 45 49 1 1 1 1
43 59 56 42 46 50 1 1 1 1
42 60 57 43 45 51 1 1 1 1
41 61 58 44 46 52 1 1 1 1
42 60 59 45 47 53 1 1 1 1
43 61 60 46 46 52 1 1 1 1
44 62 61 47 47 53 1 1 1 1
45 63 62 48 48 54 1 1 1 1
46 64 63 49 49 55 1 1 1 1
47 65 64 50 50 56 1 1 1 1
48 66 65 51 51 57 1 1 1 1
49 67 66 52 52 58 1 1 1 1
48 68 65 53 53 59 2 2 2 2
49 69 66 54 54 60 1 1 1 1
50 70 67 55 55 61 1 1 1 1
51 71 68 56 56 62 1 1 1 1
52 72 69 55 55 63 1 1 1 1
53 71 70 54 56 64 1 1 1 1
54 72 71 55 57 65 1 1 1 1
55 71 70 56 56 66 2 2 2 2
56 72 71 57 57 67 1 1 1 1
57 73 72 58 58 68 1 1 1 1
58 72 71 59 57 69 2 2 2 2
59 73 72 60 58 70 1 1 1 1
60 72 71 61 59 71 2 2 2 2
61 73 72 60 60 72 1 1 1 1
62 72 73 61 61 73 1 1 1 1
63 73 74 62 62 72 1 1 1 1
64 74 75 63 63 73 1 1 1 1
65 75 76 64 64 74 1 1 1 1
66 76 77 65 65 75 1 1 1 1
67 75 76 66 66 76 1 1 1 1
