2 2 2 1 2 2 2 1 1 1
3 3 3 1 1 3 3 1 1 1
4 4 4 2 2 4 4 1 1 1
5 5 5 1 3 5 3 1 1 1
6 4 6 2 4 6 4 1 1 1
5 5 7 1 5 7 5 1 1 1
6 6 8 2 4 6 6 1 1 1
5 7 9 3 5 5 7 1 1 1
6 8 10 4 6 6 6 1 1 1
7 9 9 3 5 7 5 2 2 2
8 10 10 2 4 8 4 1 1 1
7 11 9 1 3 9 5 2 2 2
8 12 10 2 4 10 4 1 1 1
9 13 11 3 5 11 5 1 1 1
8 14 10 4 6 12 6 1 1 1
9 15 11 5 7 13 7 1 1 1
8 16 12 6 8 12 8 1 1 1
7 17 13 7 9 13 9 1 1 1
6 18 14 8 8 14 10 1 1 1
7 19 15 9 9 15 11 1 1 1
8 20 16 10 10 16 12 1 1 1
7 21 17 11 11 17 13 1 1 1
8 20 16 12 12 18 14 1 1 1
7 21 17 11 13 19 15 1 1 1
8 22 18 10 14 18 16 1 1 1
9 21 19 9 15 19 15 1 1 1
10 20 20 10 16 20 16 1 1 1
11 21 21 11 17 21 17 1 1 1
10 20 22 12 18 22 18 1 1 1
11 21 23 13 19 23 19 1 1 1
12 22 24 14 20 24 20 1 1 1
13 23 25 15 21 25 21 1 1 1
14 24 26 16 22 26 22 1 1 1
15 23 27 17 23 27 23 1 1 1
16 24 28 18 24 28 22 1 1 1
17 25 29 19 25 29 23 1 1 1
16 24 30 20 26 30 22 2 2 2
17 25 31 21 27 31 23 1 1 1
18 26 30 22 28 32 24 1 1 1
19 27 31 23 29 33 25 1 1 1
20 28 32 24 30 34 26 1 1 1
21 29 33 25 29 33 27 1 1 1
22 30 34 24 30 32 28 1 1 1
23 31 33 25 31 33 29 1 1 1
24 32 34 26 32 34 30 1 1 1
25 33 33 27 33 33 31 1 1 1
24 32 34 28 34 32 32 1 1 1
23 33 35 27 35 33 33 1 1 1
24 32 36 28 36 34 34 1 1 1
25 33 37 27 37 35 35 1 1 1
26 32 38 28 38 36 34 1 1 1
27 33 39 29 37 37 35 1 1 1
26 34 40 30 38 38 36 1 1 1
27 35 41 31 39 39 37 1 1 1
28 34 42 32 40 40 38 1 1 1
29 35 43 33 41 41 39 1 1 1
30 36 44 34 40 42 40 1 1 1
31 37 45 35 41 43 41 1 1 1
32 38 46 36 42 44 42 1 1 1
33 39 47 35 43 43 41 1 1 1
