2 2 2 2 2 2 2 1 1 1
3 3 3 3 3 3 3 1 1 1
4 4 4 4 4 2 4 1 1 1
5 5 3 5 5 3 5 1 1 1
6 6 4 6 6 4 6 1 1 1
7 7 5 7 7 5 7 1 1 1
8 8 6 8 8 6 8 1 1 1
9 9 7 9 9 5 9 1 1 1
10 8 8 10 10 6 10 1 1 1
11 9 9 11 11 7 11 1 1 1
12 10 8 10 12 8 12 1 1 1
13 11 9 11 13 9 13 1 1 1
14 12 10 12 14 10 14 1 1 1
15 13 9 13 15 11 15 1 1 1
16 14 10 14 16 12 16 1 1 1
17 15 11 15 17 13 17 1 1 1
18 16 12 16 18 14 18 1 1 1
19 15 13 17 19 15 17 1 1 1
18 16 14 16 20 16 18 1 1 1
19 17 13 17 21 17 19 1 1 1
20 18 12 18 22 18 20 1 1 1
21 19 13 19 23 17 21 1 1 1
22 20 14 20 24 18 22 1 1 1
23 21 15 21 25 19 23 1 1 1
24 22 14 22 24 20 22 1 1 1
25 23 15 21 25 21 23 1 1 1
26 24 16 20 26 22 24 1 1 1
27 25 17 21 25 23 25 1 1 1
28 26 18 22 26 24 26 1 1 1
27 25 19 23 27 25 27 1 1 1
28 26 20 24 28 26 28 1 1 1
29 27 21 25 29 27 27 1 1 1
30 28 22 26 30 28 26 1 1 1
31 29 23 27 31 29 27 1 1 1
32 30 24 28 32 30 28 1 1 1
33 31 25 29 33 31 29 1 1 1
34 32 24 30 34 32 30 1 1 1
35 33 25 31 35 33 31 1 1 1
36 34 26 32 36 32 32 1 1 1
37 35 27 33 37 33 33 1 1 1
38 36 28 34 38 34 34 1 1 1
39 37 29 35 39 35 35 1 1 1
40 38 30 36 40 36 36 1 1 1
41 39 31 37 41 37 37 1 1 1
42 40 32 38 42 38 38 1 1 1
43 41 33 39 43 39 39 1 1 1
44 42 34 40 44 40 40 1 1 1
45 43 35 41 45 41 41 1 1 1
46 44 36 40 46 42 42 1 1 1
47 45 37 41 47 43 41 1 1 1
48 44 38 42 48 44 42 1 1 1
49 45 37 43 49 45 43 1 1 1
50 46 38 42 48 46 44 1 1 1
51 47 39 43 49 45 45 1 1 1
52 48 38 44 48 46 46 1 1 1
53 49 39 43 49 47 47 1 1 1
54 50 40 44 50 48 48 1 1 1
53 49 41 45 49 49 49 1 1 1
54 50 42 46 50 50 50 1 1 1
55 51 41 45 51 51 49 2 2 2
56 52 42 46 52 52 50 1 1 1
57 53 43 47 53 53 51 1 1 1
58 54 44 48 54 54 52 1 1 1
59 55 45 49 55 55 51 1 1 1
60 54 46 50 56 56 50 1 1 1
61 55 47 49 57 55 51 1 1 1
62 56 48 48 58 56 52 1 1 1
63 57 49 49 59 57 53 1 1 1
64 56 50 50 60 58 52 1 1 1
65 57 51 51 59 59 53 1 1 1
66 58 52 52 60 60 54 1 1 1
67 59 53 53 61 61 55 1 1 1
68 60 54 54 62 62 56 1 1 1
69 61 55 53 63 63 57 1 1 1
70 62 56 54 64 64 58 1 1 1
71 63 57 55 63 63 57 1 1 1
72 64 58 56 64 64 58 1 1 1
73 65 59 57 65 65 59 1 1 1
74 66 60 58 66 64 60 1 1 1
73 67 61 59 67 65 61 1 1 1
74 68 62 60 66 66 62 1 1 1
75 69 63 61 67 67 63 1 1 1
76 70 64 62 68 68 62 1 1 1
77 69 65 63 69 69 63 1 1 1
78 70 66 64 70 70 64 1 1 1
79 71 67 65 71 71 65 1 1 1
80 72 68 64 72 72 66 1 1 1
81 73 67 65 73 71 67 1 1 1
82 74 68 66 74 72 68 1 1 1
83 75 69 67 75 73 69 1 1 1
84 74 70 68 76 74 70 1 1 1
85 75 71 69 77 75 69 1 1 1
86 76 72 70 78 76 70 1 1 1
87 77 73 71 79 77 71 1 1 1
88 78 74 72 78 78 72 1 1 1
89 79 75 73 79 79 71 1 1 1
90 78 76 74 80 80 72 1 1 1
91 79 77 75 79 81 73 1 1 1
92 80 78 76 80 82 74 1 1 1
93 79 79 75 81 83 75 1 1 1
