1 2 2 1 2 1 2 2 2 2
2 1 1 1 1 1 3 3 3 3
1 2 1 1 2 1 4 4 4 4
1 1 1 1 3 1 5 5 5 5
1 1 2 1 4 2 6 6 6 6
1 2 3 1 3 1 7 7 7 7
1 1 2 2 4 1 8 8 8 8
1 1 3 3 3 1 9 9 9 9
1 1 4 2 4 1 10 10 10 10
1 1 3 3 5 2 11 11 11 11
1 1 4 4 4 1 12 12 12 12
1 2 5 3 3 1 13 13 13 13
1 3 4 2 2 2 14 14 14 14
1 2 5 1 1 1 15 15 15 15
1 1 4 1 1 1 16 16 16 16
1 1 3 2 2 1 17 17 17 17
1 2 2 1 3 1 18 18 18 18
1 3 3 1 2 1 19 19 19 19
1 2 4 2 3 1 20 20 20 20
1 1 5 1 2 1 21 21 21 21
1 1 4 2 1 2 22 22 22 22
1 1 5 3 2 3 23 23 23 23
2 1 4 2 1 2 24 24 24 24
1 2 3 3 1 1 25 25 25 25
2 3 2 4 1 1 26 26 26 26
3 2 1 5 1 1 27 27 27 27
2 3 1 6 1 1 28 28 28 28
1 4 1 5 2 1 29 29 29 29
1 3 1 4 1 2 30 30 30 30
1 4 1 3 2 1 31 31 31 31
1 5 1 2 3 2 32 32 32 32
1 4 1 3 4 3 33 33 33 33
1 3 2 4 3 4 34 34 34 34
2 2 3 3 4 5 35 35 35 35
1 1 2 2 3 4 36 36 36 36
2 1 1 1 2 5 37 37 37 37
3 1 1 1 1 6 38 38 38 38
2 1 2 1 1 5 39 39 39 39
1 2 3 1 2 4 40 40 40 40
1 1 2 2 3 5 41 41 41 41
2 1 1 1 4 6 42 42 42 42
1 1 1 2 5 7 43 43 43 43
2 2 1 3 4 8 44 44 44 44
3 3 2 2 5 7 45 45 45 45
4 4 1 3 4 6 46 46 46 46
5 3 1 2 3 7 47 47 47 47
6 2 1 1 4 6 48 48 48 48
7 1 2 1 5 5 49 49 49 49
6 1 3 1 4 4 50 50 50 50
5 1 2 2 3 5 51 51 51 51
4 2 3 3 2 4 52 52 52 52
5 1 2 4 3 3 53 53 53 53
4 1 1 3 2 2 54 54 54 54
5 2 2 2 1 1 55 55 55 55
4 1 1 1 2 1 56 56 56 56
3 1 1 2 3 1 57 57 57 57
2 1 1 1 4 2 58 58 58 58
3 1 1 1 3 1 59 59 59 59
4 1 1 1 2 2 60 60 60 60
3 1 2 1 3 3 61 61 61 61
2 1 1 2 2 2 62 62 62 62
1 2 1 3 3 3 63 63 63 63
1 3 2 2 4 2 64 64 64 64
2 2 3 3 3 1 65 65 65 65
1 1 4 2 2 1 66 66 66 66
1 1 3 1 1 1 67 67 67 67
1 2 4 1 1 1 68 68 68 68
1 1 3 2 1 2 69 69 69 69
2 2 2 1 1 3 70 70 70 70
3 3 1 2 1 2 71 71 71 71
2 2 1 1 1 3 72 72 72 72
1 1 1 1 1 2 73 73 73 73
1 1 1 1 1 1 74 74 74 74
1 1 1 1 2 1 75 75 75 75
2 2 1 1 1 1 76 76 76 76
3 1 2 2 2 2 77 77 77 77
4 1 1 1 1 3 78 78 78 78
3 1 2 2 1 2 79 79 79 79
4 1 3 3 1 1 80 80 80 80
3 2 4 2 2 1 81 81 81 81
4 1 3 3 3 1 82 82 82 82
3 2 4 2 2 1 83 83 83 83
2 1 5 3 1 2 84 84 84 84
1 2 6 2 2 3 85 85 85 85
1 3 5 1 1 4 86 86 86 86
1 4 6 1 2 3 87 87 87 87
1 3 5 1 3 2 88 88 88 88
1 4 4 2 4 1 89 89 89 89
1 5 3 3 3 2 90 90 90 90
2 4 2 4 2 1 91 91 91 91
3 3 1 3 1 1 92 92 92 92
4 2 2 2 1 1 93 93 93 93
3 1 1 3 1 1 94 94 94 94
2 2 2 2 1 1 95 95 95 95
1 1 1 1 1 1 96 96 96 96
2 1 2 1 2 1 97 97 97 97
3 1 1 1 1 1 98 98 98 98
4 1 2 1 1 1 99 99 99 99
3 1 1 1 2 1 100 100 100 100
4 1 2 1 1 1 100 100 100 100
