1 1 1 1 1 1 1 1 1 1
2 2 2 2 2 2 1 1 1 1
3 3 3 3 1 3 2 1 1 1
2 4 4 4 2 4 3 1 1 1
1 5 5 5 3 5 2 1 1 1
2 4 4 6 4 6 1 2 2 2
1 3 5 5 5 7 1 3 3 3
2 4 6 4 6 8 2 2 2 2
3 5 5 5 7 9 3 1 1 1
4 4 6 4 8 8 2 2 2 2
5 5 5 5 9 9 3 1 1 1
4 4 4 6 10 10 2 2 2 2
5 5 5 7 11 11 3 1 1 1
6 6 6 8 12 12 4 1 1 1
7 7 7 9 13 13 5 1 1 1
8 8 8 10 14 14 6 1 1 1
9 9 9 11 15 15 7 1 1 1
8 10 10 10 16 16 8 1 1 1
9 11 9 11 15 17 9 1 1 1
8 12 8 12 16 16 10 2 2 2
9 13 9 13 17 17 11 1 1 1
10 14 10 14 16 18 12 1 1 1
11 15 11 15 17 19 13 1 1 1
12 14 12 16 18 20 14 1 1 1
11 15 13 17 17 21 15 1 1 1
10 16 14 16 18 22 14 1 1 1
9 17 15 15 19 23 15 1 1 1
10 18 16 16 20 24 16 1 1 1
11 19 17 17 19 25 17 1 1 1
12 20 18 18 20 24 18 1 1 1
13 21 19 17 19 25 19 1 1 1
14 20 20 18 20 26 18 1 1 1
13 21 21 19 21 27 19 1 1 1
14 20 22 18 22 28 20 1 1 1
15 21 23 19 23 29 21 1 1 1
14 22 24 20 24 30 20 1 1 1
15 23 23 21 25 31 21 1 1 1
16 24 24 22 26 32 22 1 1 1
17 25 25 23 27 33 23 1 1 1
18 26 26 24 28 34 24 1 1 1
19 27 27 23 27 33 25 1 1 1
18 28 28 24 28 34 26 1 1 1
19 29 29 25 27 35 27 1 1 1
20 30 30 26 28 36 28 1 1 1
21 31 31 27 29 37 29 1 1 1
22 30 30 28 30 38 30 1 1 1
23 31 31 29 31 39 31 1 1 1
24 32 32 30 32 40 30 1 1 1
25 33 33 29 33 41 31 1 1 1
26 34 34 30 34 42 30 1 1 1
27 35 35 31 35 43 31 1 1 1
26 34 36 32 36 42 32 1 1 1
27 35 37 33 37 43 33 1 1 1
28 36 38 34 38 44 34 1 1 1
29 35 39 33 39 45 35 1 1 1
30 34 40 34 40 46 36 1 1 1
31 35 41 35 41 45 37 1 1 1
32 34 40 36 40 46 38 1 1 1
33 35 41 35 39 47 37 2 2 2
34 36 40 36 40 48 38 1 1 1
