2 2 1 1 1 1 2 2 2 2
3 3 2 2 2 2 1 1 1 1
4 4 3 3 1 3 1 1 1 1
5 5 4 2 2 4 1 1 1 1
6 6 5 3 3 5 1 1 1 1
7 7 6 4 4 6 1 1 1 1
8 8 7 5 5 7 1 1 1 1
9 9 8 6 6 8 1 1 1 1
10 8 9 7 7 9 1 1 1 1
11 9 10 8 8 10 1 1 1 1
12 10 11 9 9 11 1 1 1 1
13 11 12 10 10 12 1 1 1 1
14 12 13 9 11 13 1 1 1 1
15 13 14 10 10 14 1 1 1 1
16 14 13 9 11 15 1 1 1 1
17 15 14 10 12 16 1 1 1 1
18 16 15 11 13 17 1 1 1 1
19 17 16 12 14 18 1 1 1 1
20 18 17 13 15 17 1 1 1 1
21 19 18 14 14 18 1 1 1 1
22 20 19 15 15 19 1 1 1 1
23 21 20 14 16 20 1 1 1 1
22 22 21 15 17 19 1 1 1 1
23 23 22 14 16 20 1 1 1 1
24 24 21 15 17 19 1 1 1 1
25 23 22 16 16 20 1 1 1 1
26 24 23 17 17 21 1 1 1 1
27 25 24 18 18 20 1 1 1 1
26 26 25 19 19 21 1 1 1 1
27 27 26 20 20 22 1 1 1 1
28 28 27 21 21 23 1 1 1 1
29 29 28 22 22 24 1 1 1 1
30 30 27 23 21 25 1 1 1 1
31 31 28 24 22 26 1 1 1 1
32 32 27 25 23 27 1 1 1 1
33 33 28 26 24 28 1 1 1 1
34 34 29 27 25 27 1 1 1 1
35 35 30 28 26 28 1 1 1 1
36 36 31 29 27 29 1 1 1 1
37 37 32 30 28 30 1 1 1 1
38 36 33 31 29 29 1 1 1 1
39 37 34 30 30 30 1 1 1 1
40 38 35 31 31 31 1 1 1 1
39 39 36 32 30 30 2 2 2 2
38 40 37 33 31 29 3 3 3 3
39 41 38 34 32 30 2 2 2 2
40 42 39 35 31 29 1 1 1 1
39 43 40 36 32 30 1 1 1 1
40 44 41 37 33 31 1 1 1 1
41 45 42 38 34 32 1 1 1 1
42 46 43 39 33 33 1 1 1 1
43 47 44 40 34 34 1 1 1 1
42 48 45 41 33 35 1 1 1 1
43 49 46 42 34 36 1 1 1 1
44 50 47 43 35 37 1 1 1 1
43 51 48 44 36 38 1 1 1 1
44 50 49 45 37 39 1 1 1 1
45 51 50 46 38 40 1 1 1 1
46 52 51 47 39 41 1 1 1 1
47 53 52 48 40 42 1 1 1 1
48 54 53 49 41 43 1 1 1 1
49 55 54 48 42 42 1 1 1 1
50 56 55 49 43 43 1 1 1 1
51 57 56 48 44 44 1 1 1 1
50 58 57 49 45 45 1 1 1 1
49 59 58 50 46 46 1 1 1 1
50 60 59 49 47 47 1 1 1 1
49 61 60 50 48 48 1 1 1 1
50 62 61 51 49 49 1 1 1 1
51 63 62 52 50 50 1 1 1 1
52 64 63 53 51 51 1 1 1 1
51 65 64 54 52 52 1 1 1 1
52 64 65 55 53 53 1 1 1 1
53 65 66 56 52 54 1 1 1 1
54 66 67 57 53 55 1 1 1 1
55 67 68 58 54 56 1 1 1 1
56 68 69 59 55 57 1 1 1 1
57 69 70 60 56 58 1 1 1 1
58 70 71 61 57 59 1 1 1 1
59 71 72 62 58 60 1 1 1 1
58 72 71 63 59 61 2 2 2 2
59 73 72 64 60 62 1 1 1 1
60 74 73 65 61 63 1 1 1 1
61 75 74 66 62 64 1 1 1 1
62 76 75 65 61 65 1 1 1 1
63 77 76 64 62 66 1 1 1 1
64 78 77 65 63 67 1 1 1 1
65 77 76 66 62 68 2 2 2 2
66 78 77 67 63 69 1 1 1 1
67 79 78 68 64 70 1 1 1 1
66 80 79 69 65 71 1 1 1 1
67 81 80 70 66 72 1 1 1 1
68 80 79 71 65 73 2 2 2 2
69 81 80 70 66 74 1 1 1 1
70 80 81 71 67 75 1 1 1 1
71 81 82 72 68 74 1 1 1 1
72 82 83 73 69 75 1 1 1 1
73 83 84 74 70 76 1 1 1 1
74 84 85 75 71 77 1 1 1 1
75 83 86 76 72 78 1 1 1 1
