2 1 1 2 2 2 1 2 2 2
1 1 2 3 3 3 2 3 3 3
1 1 3 4 2 4 1 4 4 4
1 2 2 5 1 5 2 5 5 5
2 1 3 4 1 4 1 6 6 6
1 2 2 5 1 5 1 7 7 7
1 1 3 4 1 6 1 8 8 8
2 2 2 3 1 5 1 9 9 9
1 3 1 4 1 6 1 10 10 10
1 4 1 3 1 7 2 11 11 11
2 5 2 4 2 6 1 12 12 12
3 6 1 5 3 7 2 13 13 13
4 5 2 6 2 8 1 14 14 14
5 6 1 7 1 7 1 15 15 15
4 5 1 6 2 8 1 16 16 16
5 6 2 5 1 9 1 17 17 17
6 7 3 6 2 8 2 18 18 18
5 8 4 7 3 9 1 19 19 19
6 7 5 8 2 8 2 20 20 20
5 8 4 7 3 7 1 21 21 21
6 9 5 8 2 8 2 22 22 22
7 10 4 9 3 9 1 23 23 23
6 9 5 10 2 8 1 24 24 24
7 8 6 9 1 7 1 25 25 25
6 9 7 10 2 8 2 26 26 26
5 8 6 11 1 7 3 27 27 27
4 7 5 12 1 8 4 28 28 28
3 6 6 13 2 9 3 29 29 29
2 7 7 14 1 10 2 30 30 30
1 8 6 15 2 9 3 31 31 31
2 9 7 14 3 10 2 32 32 32
1 8 8 15 4 9 1 33 33 33
2 7 7 14 3 10 1 34 34 34
1 8 6 15 4 9 1 35 35 35
2 9 7 16 3 8 2 36 36 36
1 10 8 17 4 7 3 37 37 37
2 9 7 18 3 8 2 38 38 38
3 10 8 19 4 9 1 39 39 39
4 11 9 18 3 10 1 40 40 40
3 10 8 19 2 11 1 41 41 41
4 9 7 18 3 12 1 42 42 42
3 10 8 19 2 11 1 43 43 43
4 11 9 18 1 12 2 44 44 44
3 12 8 17 2 11 1 45 45 45
2 13 9 16 1 12 1 46 46 46
3 14 10 15 2 13 1 47 47 47
2 15 9 14 1 12 1 48 48 48
1 14 10 15 1 11 2 49 49 49
1 15 11 14 1 12 3 50 50 50
1 14 10 15 2 13 4 51 51 51
2 13 11 16 1 12 3 52 52 52
1 12 12 17 2 11 2 53 53 53
2 13 11 16 1 10 1 54 54 54
3 14 12 17 1 9 1 55 55 55
4 13 11 16 1 10 2 56 56 56
3 14 10 15 1 9 1 57 57 57
2 13 11 14 2 8 1 58 58 58
3 14 12 13 1 7 2 59 59 59
4 13 11 12 2 6 3 60 60 60
3 14 10 11 1 7 4 61 61 61
4 15 11 12 1 8 5 62 62 62
5 14 10 13 2 7 6 63 63 63
6 15 11 12 1 6 5 64 64 64
7 16 10 13 1 5 6 65 65 65
8 17 9 14 2 6 5 66 66 66
9 16 8 13 1 5 4 67 67 67
10 15 7 14 1 6 3 68 68 68
11 14 8 15 2 7 2 69 69 69
10 15 9 16 1 8 3 70 70 70
11 16 10 15 1 7 4 71 71 71
10 17 11 16 1 8 3 72 72 72
11 18 10 17 2 7 2 73 73 73
12 17 11 18 1 6 3 74 74 74
13 16 10 17 1 7 2 75 75 75
12 17 11 16 1 6 1 76 76 76
13 16 10 15 2 5 1 77 77 77
14 17 11 16 3 6 2 78 78 78
13 16 12 15 2 5 3 79 79 79
12 15 13 16 3 4 4 80 80 80
13 14 12 17 2 5 3 81 81 81
14 13 13 16 3 4 4 82 82 82
13 14 12 17 2 3 5 83 83 83
12 13 11 18 3 4 6 84 84 84
11 12 10 17 2 5 7 85 85 85
10 11 9 18 3 4 8 86 86 86
11 10 8 17 2 3 9 87 87 87
12 11 7 18 1 4 10 88 88 88
11 12 8 19 1 5 9 89 89 89
10 11 9 18 1 4 10 90 90 90
11 10 10 17 2 3 9 91 91 91
10 11 9 16 3 2 8 92 92 92
11 12 8 15 2 1 7 93 93 93
10 13 7 16 3 1 8 94 94 94
9 12 8 17 4 1 9 95 95 95
10 11 9 18 3 2 10 96 96 96
11 10 8 19 4 3 11 97 97 97
12 11 9 20 5 2 12 98 98 98
11 12 8 21 6 3 13 99 99 99
12 13 7 22 7 2 12 100 100 100
13 12 6 21 8 1 11 100 100 100
