2 2 2 2 2 2 1 1 1 1
3 3 3 3 3 3 1 1 1 1
4 4 2 4 4 4 1 1 1 1
5 5 3 5 5 5 1 1 1 1
6 6 4 6 4 6 1 1 1 1
5 7 5 7 5 7 1 1 1 1
6 8 6 8 4 8 1 1 1 1
7 9 7 9 3 9 1 1 1 1
8 10 8 8 4 10 1 1 1 1
9 11 9 7 5 11 1 1 1 1
10 12 10 8 6 12 1 1 1 1
11 13 11 7 7 13 1 1 1 1
12 14 12 6 6 14 1 1 1 1
13 15 13 7 7 13 1 1 1 1
14 16 14 8 8 14 1 1 1 1
15 17 15 9 9 15 1 1 1 1
16 18 16 10 10 16 1 1 1 1
17 19 15 11 11 17 1 1 1 1
18 20 16 10 12 18 1 1 1 1
19 21 17 11 13 19 1 1 1 1
20 22 18 12 14 20 1 1 1 1
21 23 19 13 15 21 1 1 1 1
20 22 20 14 16 20 2 2 2 2
21 23 21 15 17 21 1 1 1 1
22 24 22 16 16 22 1 1 1 1
23 25 23 17 17 23 1 1 1 1
22 26 24 18 18 24 1 1 1 1
23 25 25 19 19 25 1 1 1 1
24 26 26 20 20 26 1 1 1 1
25 27 27 21 21 27 1 1 1 1
26 28 28 22 22 28 1 1 1 1
27 29 27 23 23 29 1 1 1 1
28 30 28 24 24 30 1 1 1 1
29 29 29 25 25 31 1 1 1 1
30 30 30 26 26 32 1 1 1 1
31 31 31 27 27 33 1 1 1 1
32 30 32 28 28 34 1 1 1 1
33 31 33 29 29 35 1 1 1 1
34 32 34 30 30 36 1 1 1 1
35 33 35 31 29 37 1 1 1 1
36 34 36 32 30 36 1 1 1 1
37 35 37 33 31 35 1 1 1 1
38 36 38 34 32 36 1 1 1 1
39 37 39 35 33 37 1 1 1 1
40 38 40 36 34 36 1 1 1 1
41 39 41 35 35 37 1 1 1 1
42 40 40 36 36 38 1 1 1 1
43 41 41 37 35 37 1 1 1 1
44 42 42 38 34 38 1 1 1 1
45 43 43 39 35 39 1 1 1 1
46 42 44 40 34 40 1 1 1 1
47 43 45 41 33 41 1 1 1 1
48 44 46 42 34 42 1 1 1 1
49 45 47 43 33 43 1 1 1 1
50 46 48 44 34 44 1 1 1 1
51 47 49 45 35 45 1 1 1 1
50 48 50 46 36 46 1 1 1 1
51 49 51 47 37 47 1 1 1 1
52 50 52 48 36 48 1 1 1 1
53 51 53 49 37 49 1 1 1 1
52 52 54 50 38 50 1 1 1 1
53 53 53 51 39 51 1 1 1 1
52 54 54 52 40 52 1 1 1 1
53 53 55 53 41 53 1 1 1 1
54 54 56 54 42 54 1 1 1 1
55 53 57 55 43 53 1 1 1 1
56 54 58 54 44 54 1 1 1 1
57 55 57 55 45 55 1 1 1 1
56 56 58 54 46 56 1 1 1 1
57 57 59 55 47 57 1 1 1 1
56 58 60 54 46 58 2 2 2 2
57 59 61 55 47 59 1 1 1 1
58 60 60 56 48 60 1 1 1 1
59 61 61 57 49 61 1 1 1 1
58 62 62 58 50 62 1 1 1 1
59 63 63 57 51 63 1 1 1 1
60 62 62 58 52 64 1 1 1 1
61 63 63 59 53 65 1 1 1 1
62 64 64 60 54 64 1 1 1 1
63 65 65 61 55 65 1 1 1 1
64 66 66 62 56 66 1 1 1 1
65 67 67 63 55 67 1 1 1 1
64 68 68 64 56 68 1 1 1 1
65 69 69 65 57 69 1 1 1 1
64 70 70 64 58 70 1 1 1 1
65 69 71 65 57 71 1 1 1 1
66 70 72 66 58 72 1 1 1 1
67 69 73 65 59 73 1 1 1 1
68 70 74 66 60 74 1 1 1 1
69 71 75 65 61 75 1 1 1 1
70 72 76 66 60 76 1 1 1 1
71 73 75 67 61 77 1 1 1 1
72 74 74 68 62 78 1 1 1 1
73 75 75 67 63 77 1 1 1 1
74 76 76 68 64 78 1 1 1 1
75 77 77 69 65 79 1 1 1 1
76 78 78 70 66 80 1 1 1 1
77 79 79 71 67 81 1 1 1 1
78 80 80 72 68 82 1 1 1 1
79 81 81 73 67 83 1 1 1 1
