2 2 1 1 2 1 2 2 2 2
3 1 2 1 1 2 3 3 3 3
4 1 1 2 2 3 2 4 4 4
5 2 1 1 1 4 1 5 5 5
6 1 1 1 1 3 2 6 6 6
7 1 2 2 2 4 1 7 7 7
8 1 3 3 3 5 1 8 8 8
9 1 2 4 2 6 2 9 9 9
8 2 3 3 1 5 1 10 10 10
9 3 4 4 2 4 1 11 11 11
8 2 5 3 1 3 1 12 12 12
7 3 4 4 2 4 2 13 13 13
6 2 5 3 1 5 1 14 14 14
7 1 4 2 1 4 1 15 15 15
6 2 5 1 1 3 2 16 16 16
5 3 4 2 1 2 3 17 17 17
4 4 3 3 1 1 2 18 18 18
5 5 2 4 2 2 1 19 19 19
6 4 3 5 3 3 1 20 20 20
5 5 4 6 4 2 2 21 21 21
6 6 3 5 3 1 1 22 22 22
5 5 2 4 4 1 1 23 23 23
6 6 1 3 5 1 1 24 24 24
5 7 1 4 4 1 1 25 25 25
6 8 1 3 5 2 2 26 26 26
7 7 1 4 4 1 3 27 27 27
8 6 1 5 3 2 2 28 28 28
7 7 1 4 2 1 1 29 29 29
8 6 2 3 3 1 2 30 30 30
7 7 3 2 2 2 1 31 31 31
6 6 2 3 3 1 2 32 32 32
5 7 1 2 4 1 3 33 33 33
6 8 1 3 3 1 2 34 34 34
5 9 2 4 4 1 1 35 35 35
6 10 3 3 5 1 2 36 36 36
7 11 2 4 4 1 3 37 37 37
6 10 3 3 3 2 4 38 38 38
5 9 2 2 4 1 5 39 39 39
4 8 1 3 3 1 4 40 40 40
3 7 1 2 2 1 5 41 41 41
2 8 2 3 3 2 4 42 42 42
3 7 1 2 2 3 3 43 43 43
4 6 1 1 3 2 2 44 44 44
3 5 2 1 2 1 1 45 45 45
4 4 1 1 3 1 1 46 46 46
3 5 2 1 2 1 2 47 47 47
4 4 3 1 1 1 3 48 48 48
5 3 2 2 1 1 4 49 49 49
6 2 1 3 1 2 3 50 50 50
5 1 2 2 1 1 4 51 51 51
6 1 3 3 1 2 3 52 52 52
7 2 2 4 1 3 2 53 53 53
8 1 3 3 2 2 1 54 54 54
7 1 2 2 1 1 2 55 55 55
6 2 1 3 1 1 1 56 56 56
5 3 2 4 1 1 1 57 57 57
4 2 3 3 2 2 2 58 58 58
5 3 4 2 3 3 1 59 59 59
6 4 5 1 4 4 1 60 60 60
7 3 6 1 3 3 2 61 61 61
