1 2 2 2 1 2 2 2 2 2
2 3 3 1 1 1 3 3 3 3
1 4 4 2 1 1 4 4 4 4
1 5 3 3 1 1 5 5 5 5
2 6 2 2 2 1 6 6 6 6
3 7 3 1 3 2 7 7 7 7
4 8 2 2 4 3 8 8 8 8
5 9 1 3 3 2 9 9 9 9
6 8 2 4 2 3 10 10 10 10
5 7 3 3 1 2 11 11 11 11
4 8 4 4 2 1 12 12 12 12
3 9 5 5 3 1 13 13 13 13
2 10 6 6 2 1 14 14 14 14
1 9 5 5 1 2 15 15 15 15
2 10 4 6 2 3 16 16 16 16
3 9 3 5 3 4 17 17 17 17
4 8 2 6 4 3 18 18 18 18
3 9 1 7 5 4 19 19 19 19
4 8 2 8 4 3 20 20 20 20
3 9 3 7 5 4 21 21 21 21
2 10 4 6 4 3 22 22 22 22
3 11 3 7 3 4 23 23 23 23
2 12 2 8 2 5 24 24 24 24
1 11 1 9 3 4 25 25 25 25
1 12 1 8 4 5 26 26 26 26
2 11 2 9 5 6 27 27 27 27
1 12 3 8 4 5 28 28 28 28
1 11 4 9 5 4 29 29 29 29
1 10 5 8 6 3 30 30 30 30
2 9 4 9 5 4 31 31 31 31
3 10 3 10 6 3 32 32 32 32
4 9 2 11 5 2 33 33 33 33
5 10 3 10 4 1 34 34 34 34
4 9 4 9 5 1 35 35 35 35
3 8 5 10 6 1 36 36 36 36
2 9 6 9 7 2 37 37 37 37
1 8 7 8 6 1 38 38 38 38
1 7 6 7 7 1 39 39 39 39
2 8 5 6 6 1 40 40 40 40
1 7 6 7 5 1 41 41 41 41
2 8 5 6 6 2 42 42 42 42
1 9 4 7 7 1 43 43 43 43
1 8 5 6 8 1 44 44 44 44
1 7 4 5 7 2 45 45 45 45
1 8 5 6 8 3 46 46 46 46
2 9 4 5 7 2 47 47 47 47
3 10 3 6 8 1 48 48 48 48
4 9 2 7 7 2 49 49 49 49
3 10 3 8 8 3 50 50 50 50
4 9 4 9 7 4 51 51 51 51
3 8 5 8 6 3 52 52 52 52
4 9 6 9 7 4 53 53 53 53
5 8 7 10 6 3 54 54 54 54
4 7 6 11 7 4 55 55 55 55
5 8 5 12 8 3 56 56 56 56
6 7 4 11 7 4 57 57 57 57
7 8 5 10 6 3 58 58 58 58
8 9 4 11 7 2 59 59 59 59
7 10 3 12 8 3 60 60 60 60
8 11 2 11 9 4 61 61 61 61
