1 2 2 2 1 2 2 2 2 2
2 3 1 1 1 1 3 3 3 3
3 4 1 1 1 2 2 4 4 4
4 3 1 2 2 1 1 5 5 5
5 2 2 3 3 1 2 6 6 6
6 3 3 2 4 2 3 7 7 7
7 4 2 3 3 1 4 8 8 8
6 5 3 2 4 1 3 9 9 9
7 4 2 1 3 2 4 10 10 10
8 5 1 1 4 3 5 11 11 11
9 4 1 2 5 4 4 12 12 12
8 3 1 1 4 3 5 13 13 13
9 4 1 2 5 4 6 14 14 14
8 3 1 3 6 5 5 15 15 15
7 4 2 2 5 6 4 16 16 16
8 5 3 3 4 7 5 17 17 17
7 4 2 4 5 6 6 18 18 18
8 3 3 5 4 5 5 19 19 19
9 4 2 6 3 6 4 20 20 20
10 3 3 5 4 5 3 21 21 21
9 4 4 4 3 6 2 22 22 22
8 5 5 5 2 7 3 23 23 23
9 6 4 6 3 6 2 24 24 24
8 5 3 7 4 7 1 25 25 25
7 4 4 6 5 6 2 26 26 26
6 3 5 5 6 7 3 27 27 27
5 4 6 4 7 6 2 28 28 28
6 3 5 5 8 7 1 29 29 29
5 2 4 4 9 6 2 30 30 30
4 1 3 5 10 7 1 31 31 31
3 2 4 4 11 8 1 32 32 32
2 3 3 3 10 7 1 33 33 33
1 2 4 2 11 8 1 34 34 34
1 1 3 1 10 9 2 35 35 35
1 1 4 2 9 8 3 36 36 36
2 1 5 1 10 9 2 37 37 37
1 1 6 1 11 8 1 38 38 38
1 1 5 1 12 7 2 39 39 39
2 2 6 2 13 8 1 40 40 40
1 1 5 3 14 7 2 41 41 41
2 1 6 2 13 8 1 42 42 42
3 1 7 3 14 9 2 43 43 43
4 1 8 4 13 10 1 44 44 44
3 2 7 3 12 11 2 45 45 45
4 3 8 4 13 10 3 46 46 46
5 2 7 3 12 9 4 47 47 47
6 3 8 4 11 10 5 48 48 48
5 4 7 3 10 9 6 49 49 49
6 5 8 2 9 8 7 50 50 50
7 4 9 3 8 7 8 51 51 51
6 5 10 4 9 8 7 52 52 52
5 6 11 3 10 9 8 53 53 53
6 5 10 4 11 10 7 54 54 54
5 4 11 5 12 9 8 55 55 55
4 5 12 4 13 8 7 56 56 56
3 4 11 3 12 9 6 57 57 57
4 5 10 4 13 10 7 58 58 58
3 6 11 3 12 9 6 59 59 59
2 7 12 4 11 10 5 60 60 60
1 6 13 5 12 11 6 61 61 61
