1 1 1 1 1 1 1 1 1 1
2 2 2 2 2 2 1 1 1 1
3 1 3 3 3 3 1 1 1 1
4 1 2 2 2 4 2 2 2 2
5 2 3 3 1 5 1 1 1 1
6 1 2 4 1 4 2 2 2 2
5 2 1 5 2 3 3 3 3 3
6 3 2 6 3 4 2 2 2 2
5 2 1 7 2 5 3 3 3 3
6 1 1 8 1 6 4 4 4 4
7 2 2 9 2 7 3 3 3 3
8 1 1 10 1 6 4 4 4 4
9 2 1 9 1 5 5 5 5 5
8 1 1 10 1 6 6 6 6 6
7 2 2 9 2 5 7 7 7 7
8 3 3 10 3 6 6 6 6 6
7 2 2 11 4 5 7 7 7 7
6 1 1 10 3 6 8 8 8 8
7 2 2 11 4 7 7 7 7 7
8 3 1 12 5 8 6 6 6 6
9 4 1 13 6 9 5 5 5 5
10 5 2 14 7 10 4 4 4 4
9 4 3 13 6 11 5 5 5 5
8 3 2 12 7 12 6 6 6 6
9 2 3 13 8 13 5 5 5 5
8 3 4 14 9 14 4 4 4 4
9 4 5 15 10 15 3 3 3 3
10 5 4 16 11 16 2 2 2 2
11 6 5 17 10 17 1 1 1 1
12 7 6 18 11 18 1 1 1 1
13 8 7 19 12 19 1 1 1 1
14 7 8 20 13 20 1 1 1 1
13 8 9 21 14 21 1 1 1 1
14 9 10 22 15 22 1 1 1 1
15 10 9 23 16 21 1 1 1 1
14 11 8 24 17 22 1 1 1 1
15 12 9 25 16 23 1 1 1 1
14 13 8 26 17 24 1 1 1 1
15 12 7 27 16 25 2 2 2 2
16 13 8 26 17 26 1 1 1 1
17 14 9 27 18 25 1 1 1 1
18 15 10 28 19 24 1 1 1 1
19 16 11 27 18 25 1 1 1 1
20 17 12 28 17 26 1 1 1 1
21 18 11 27 16 27 2 2 2 2
22 19 12 28 15 26 1 1 1 1
23 20 11 29 14 27 1 1 1 1
24 19 12 30 15 28 1 1 1 1
25 20 11 31 14 29 1 1 1 1
24 21 10 32 15 30 1 1 1 1
25 20 11 33 14 31 1 1 1 1
26 19 10 34 15 32 1 1 1 1
27 20 11 35 16 31 1 1 1 1
28 19 12 34 15 32 2 2 2 2
29 20 13 35 14 33 1 1 1 1
30 21 14 36 15 34 1 1 1 1
31 20 15 37 16 35 1 1 1 1
32 21 14 36 17 34 2 2 2 2
33 20 15 35 18 35 1 1 1 1
34 21 14 34 17 36 2 2 2 2
