1 1 2 1 1 2 2 2 2 2
2 2 3 2 2 3 3 1 1 1
1 3 4 1 3 4 4 1 1 1
1 4 3 2 2 5 3 2 2 2
1 5 4 1 3 6 4 1 1 1
2 6 5 1 4 5 5 1 1 1
1 7 6 1 5 6 6 1 1 1
2 6 7 2 6 7 7 1 1 1
3 7 6 1 5 8 6 2 2 2
4 8 7 2 6 9 7 1 1 1
3 9 6 1 7 10 8 1 1 1
4 10 7 1 8 11 7 1 1 1
5 11 8 2 9 10 6 1 1 1
4 12 9 1 10 11 5 2 2 2
5 13 10 2 11 12 6 1 1 1
6 14 11 3 12 11 5 1 1 1
7 15 12 4 13 12 6 1 1 1
6 16 13 3 12 13 7 1 1 1
7 17 12 4 13 14 6 1 1 1
8 18 13 3 14 13 5 1 1 1
7 19 14 4 15 14 6 1 1 1
8 20 13 5 14 15 7 1 1 1
9 19 12 4 15 16 8 2 2 2
10 20 11 3 14 17 9 1 1 1
9 21 12 4 15 18 8 1 1 1
10 22 13 5 16 19 9 1 1 1
11 23 12 6 17 20 10 1 1 1
12 24 11 7 18 21 11 1 1 1
13 23 10 8 19 22 12 1 1 1
14 22 11 9 20 23 13 1 1 1
15 23 12 8 21 22 14 1 1 1
16 24 11 7 20 23 15 1 1 1
17 25 12 8 21 24 16 1 1 1
18 26 13 9 22 25 17 1 1 1
19 27 14 8 23 26 18 1 1 1
20 28 15 7 24 27 17 1 1 1
21 27 16 6 25 28 16 1 1 1
22 28 15 5 26 29 15 2 2 2
23 27 16 6 27 28 14 3 3 3
24 26 17 7 28 27 15 2 2 2
25 25 18 8 29 26 16 1 1 1
26 26 19 9 30 27 17 1 1 1
27 27 20 10 31 28 18 1 1 1
26 28 19 9 32 29 17 2 2 2
27 29 18 10 33 28 16 1 1 1
28 28 17 11 34 29 17 1 1 1
29 27 18 10 35 30 18 1 1 1
30 28 19 11 36 29 19 1 1 1
31 27 20 10 37 30 20 1 1 1
32 28 19 11 38 31 19 1 1 1
33 27 18 12 39 30 20 2 2 2
32 28 19 11 40 29 19 3 3 3
33 29 20 10 39 30 20 2 2 2
32 30 21 11 38 31 21 1 1 1
33 31 22 10 37 30 22 1 1 1
34 32 23 11 36 31 21 1 1 1
35 33 24 10 37 32 22 1 1 1
34 34 25 9 36 33 23 1 1 1
33 35 26 8 37 34 24 1 1 1
32 34 27 9 38 35 25 1 1 1
