1 1 1 1 1 1 1 1 1 1
2 2 2 2 2 2 1 1 1 1
3 1 3 3 3 3 1 1 1 1
4 2 4 4 4 4 1 1 1 1
3 1 3 5 5 3 2 2 2 2
4 2 4 4 6 4 1 1 1 1
5 3 5 5 7 5 1 1 1 1
6 4 6 6 8 6 1 1 1 1
7 5 7 7 9 7 1 1 1 1
8 6 8 8 10 8 1 1 1 1
7 7 9 9 11 9 1 1 1 1
8 8 10 10 12 10 1 1 1 1
9 9 9 11 11 11 1 1 1 1
10 10 10 12 12 12 1 1 1 1
11 11 11 13 13 13 1 1 1 1
12 12 12 14 14 14 1 1 1 1
13 13 13 15 15 15 1 1 1 1
14 14 14 16 16 16 1 1 1 1
15 15 15 17 17 17 1 1 1 1
16 16 16 18 16 18 1 1 1 1
17 17 17 19 17 19 1 1 1 1
18 18 18 20 18 20 1 1 1 1
19 19 19 21 19 21 1 1 1 1
20 20 20 22 20 22 1 1 1 1
21 21 21 23 21 21 1 1 1 1
22 22 22 22 22 22 1 1 1 1
23 23 23 23 23 23 1 1 1 1
24 24 24 22 24 24 1 1 1 1
23 23 25 23 25 25 1 1 1 1
24 24 26 24 26 26 1 1 1 1
25 23 27 23 27 27 1 1 1 1
26 24 28 24 26 28 1 1 1 1
27 25 29 25 27 29 1 1 1 1
28 26 28 26 28 30 1 1 1 1
29 27 29 27 29 31 1 1 1 1
28 28 30 28 30 32 1 1 1 1
29 29 29 29 29 33 1 1 1 1
30 30 30 30 30 34 1 1 1 1
31 31 31 31 31 35 1 1 1 1
32 32 32 32 32 36 1 1 1 1
33 33 33 33 33 37 1 1 1 1
34 34 34 34 32 38 1 1 1 1
35 35 35 35 33 39 1 1 1 1
36 34 36 36 34 40 1 1 1 1
37 35 37 37 33 41 1 1 1 1
38 36 38 38 34 42 1 1 1 1
39 37 37 39 35 43 1 1 1 1
40 38 36 40 36 44 1 1 1 1
41 39 37 41 37 43 1 1 1 1
42 40 38 42 38 44 1 1 1 1
43 39 39 43 37 45 1 1 1 1
44 40 38 44 38 46 1 1 1 1
43 39 39 45 39 47 1 1 1 1
42 40 40 46 40 48 1 1 1 1
43 41 41 47 41 49 1 1 1 1
44 40 42 48 42 50 1 1 1 1
45 41 43 49 43 51 1 1 1 1
46 42 42 50 44 50 1 1 1 1
47 43 43 51 45 51 1 1 1 1
48 42 44 52 46 52 1 1 1 1
47 43 45 51 47 53 1 1 1 1
48 44 46 52 48 54 1 1 1 1
49 45 47 53 49 55 1 1 1 1
48 46 48 54 50 56 1 1 1 1
49 47 49 55 51 57 1 1 1 1
50 48 48 56 52 58 1 1 1 1
51 47 49 57 53 57 1 1 1 1
50 48 50 58 54 58 1 1 1 1
51 49 51 57 55 59 1 1 1 1
52 50 52 58 56 60 1 1 1 1
53 51 51 59 57 61 1 1 1 1
54 50 52 60 56 62 1 1 1 1
55 51 53 61 57 63 1 1 1 1
56 52 54 62 56 62 1 1 1 1
57 53 55 61 57 61 1 1 1 1
58 54 56 62 58 62 1 1 1 1
59 55 57 63 59 63 1 1 1 1
58 56 58 64 60 64 1 1 1 1
57 57 59 65 61 65 1 1 1 1
58 58 60 66 62 66 1 1 1 1
59 59 61 67 63 67 1 1 1 1
60 60 62 68 64 68 1 1 1 1
59 61 63 69 65 69 1 1 1 1
60 62 64 70 66 68 1 1 1 1
59 63 65 71 67 69 1 1 1 1
60 64 66 70 68 70 1 1 1 1
61 65 67 71 69 71 1 1 1 1
62 66 68 72 68 72 1 1 1 1
61 67 69 73 67 73 1 1 1 1
62 68 70 72 68 74 1 1 1 1
63 69 71 73 67 75 1 1 1 1
64 70 72 74 68 76 1 1 1 1
65 71 73 75 69 77 1 1 1 1
66 72 74 74 70 78 1 1 1 1
67 73 75 75 71 79 1 1 1 1
68 74 76 76 72 80 1 1 1 1
69 75 77 77 73 81 1 1 1 1
68 76 78 78 74 82 1 1 1 1
69 77 79 79 75 83 1 1 1 1
70 78 80 80 76 84 1 1 1 1
