2 2 2 2 2 2 2 1 1 1
3 3 3 3 3 3 3 1 1 1
4 4 4 4 4 4 4 1 1 1
5 5 5 5 5 5 5 1 1 1
6 6 6 6 6 4 4 1 1 1
7 7 7 7 7 5 5 1 1 1
8 6 8 6 8 6 6 1 1 1
9 5 9 5 9 5 5 2 2 2
8 6 10 6 10 6 6 1 1 1
9 7 11 7 11 7 7 1 1 1
10 8 12 8 12 8 8 1 1 1
11 9 13 9 13 9 7 1 1 1
12 10 14 10 14 10 8 1 1 1
13 11 15 11 15 11 9 1 1 1
14 10 16 12 16 12 10 1 1 1
15 11 15 13 17 13 11 1 1 1
16 10 14 12 18 14 10 2 2 2
17 11 15 13 19 15 11 1 1 1
18 12 14 14 20 16 12 1 1 1
19 13 15 15 21 17 13 1 1 1
20 14 16 16 22 18 14 1 1 1
21 15 17 15 23 19 15 1 1 1
22 16 18 16 22 20 16 1 1 1
23 17 19 15 23 21 17 1 1 1
24 18 20 16 24 22 18 1 1 1
23 19 21 17 25 23 19 1 1 1
22 20 22 16 26 24 20 1 1 1
21 21 23 17 27 25 21 1 1 1
22 22 24 18 28 26 22 1 1 1
23 23 25 19 27 27 23 1 1 1
24 24 26 20 28 28 24 1 1 1
25 25 27 21 29 29 25 1 1 1
26 26 28 22 30 28 26 1 1 1
27 25 29 23 31 29 27 1 1 1
28 26 30 24 32 30 28 1 1 1
29 27 31 25 33 31 29 1 1 1
28 28 32 26 32 32 30 1 1 1
29 29 33 27 33 33 31 1 1 1
30 30 34 28 34 34 32 1 1 1
31 29 35 29 33 35 31 2 2 2
32 30 36 30 32 36 32 1 1 1
33 31 37 31 33 37 33 1 1 1
34 30 38 32 34 38 34 1 1 1
35 31 37 33 35 39 35 1 1 1
36 32 38 34 36 40 36 1 1 1
37 33 39 33 37 39 37 1 1 1
38 34 40 34 36 38 36 1 1 1
39 35 41 35 37 39 37 1 1 1
40 36 42 36 38 40 38 1 1 1
41 37 43 37 39 41 39 1 1 1
40 36 44 38 40 42 40 1 1 1
41 37 45 39 41 41 41 1 1 1
42 38 46 40 40 42 40 1 1 1
43 39 47 41 41 43 41 1 1 1
44 40 46 42 42 44 42 1 1 1
45 41 47 43 43 45 43 1 1 1
44 42 46 44 44 46 44 1 1 1
45 43 47 45 45 47 45 1 1 1
46 44 46 46 46 48 46 1 1 1
47 45 47 47 47 49 47 1 1 1
48 46 48 48 48 50 48 1 1 1
49 47 49 49 49 51 49 1 1 1
50 48 50 50 50 52 50 1 1 1
51 49 51 51 51 53 51 1 1 1
52 50 50 52 52 54 52 1 1 1
53 49 49 51 53 55 53 2 2 2
54 50 50 52 52 56 52 1 1 1
55 51 51 53 53 57 53 1 1 1
56 52 52 54 54 58 54 1 1 1
57 53 53 55 55 59 55 1 1 1
58 52 54 56 56 60 56 1 1 1
57 51 55 57 57 61 57 1 1 1
58 52 56 58 58 62 58 1 1 1
59 53 57 59 57 61 59 1 1 1
60 54 58 58 58 62 60 1 1 1
59 55 59 57 59 63 61 1 1 1
60 56 60 58 60 64 62 1 1 1
61 57 61 59 61 65 63 1 1 1
62 58 62 58 62 66 64 1 1 1
63 59 61 59 63 67 63 1 1 1
64 60 62 60 64 68 64 1 1 1
65 59 63 59 65 69 65 1 1 1
64 60 64 60 66 70 66 1 1 1
65 61 65 61 67 71 67 1 1 1
66 62 66 62 68 72 68 1 1 1
67 63 67 61 69 73 69 1 1 1
68 64 68 62 70 74 70 1 1 1
69 65 69 63 71 75 69 1 1 1
70 66 70 64 72 74 70 1 1 1
71 67 71 65 73 75 71 1 1 1
72 68 72 64 74 76 72 1 1 1
73 69 73 65 75 77 73 1 1 1
74 70 74 66 76 78 74 1 1 1
75 71 75 67 77 79 75 1 1 1
76 72 76 68 78 80 74 1 1 1
77 73 77 69 79 81 75 1 1 1
78 74 78 70 80 82 76 1 1 1
79 75 79 71 79 83 77 1 1 1
80 76 80 72 80 84 78 1 1 1
81 77 81 73 81 85 79 1 1 1
