2 2 1 1 1 1 2 2 2 2
3 1 1 2 1 1 1 3 3 3
4 2 1 1 1 1 2 4 4 4
3 1 2 2 1 2 3 5 5 5
2 2 1 1 2 3 4 6 6 6
1 3 2 1 1 2 5 7 7 7
1 4 3 1 2 3 4 8 8 8
1 5 4 2 3 2 5 9 9 9
2 6 5 3 4 1 6 10 10 10
3 7 4 2 3 2 5 11 11 11
4 8 3 1 4 1 6 12 12 12
3 7 4 1 5 2 5 13 13 13
4 8 3 2 4 3 6 14 14 14
5 7 4 3 5 2 7 15 15 15
4 8 5 4 6 1 6 16 16 16
3 7 6 5 5 1 7 17 17 17
2 6 5 4 4 2 8 18 18 18
3 7 4 5 5 1 9 19 19 19
2 6 3 4 6 1 10 20 20 20
1 7 2 5 5 2 9 21 21 21
1 6 1 6 6 1 8 22 22 22
1 5 2 5 5 1 7 23 23 23
1 6 3 6 6 2 6 24 24 24
2 7 2 7 5 1 7 25 25 25
1 6 3 8 4 2 6 26 26 26
1 7 4 7 5 3 5 27 27 27
1 8 3 6 6 2 6 28 28 28
1 7 4 5 5 1 7 29 29 29
2 8 3 6 4 1 6 30 30 30
3 9 2 7 5 1 7 31 31 31
4 8 3 6 6 1 6 32 32 32
3 7 2 5 5 1 7 33 33 33
4 8 1 6 4 1 8 34 34 34
5 7 1 5 3 2 7 35 35 35
4 6 2 4 4 3 8 36 36 36
3 5 1 5 5 4 7 37 37 37
2 6 1 4 6 3 8 38 38 38
1 5 1 5 7 2 9 39 39 39
2 4 1 6 8 1 10 40 40 40
3 5 1 7 9 2 11 41 41 41
4 6 1 8 8 3 12 42 42 42
5 5 1 9 7 2 11 43 43 43
4 4 2 8 8 3 10 44 44 44
5 5 1 7 9 2 9 45 45 45
4 4 2 8 8 3 8 46 46 46
5 5 1 7 9 4 9 47 47 47
6 4 2 8 10 5 8 48 48 48
5 5 1 9 11 6 9 49 49 49
6 4 2 10 10 5 8 50 50 50
5 3 1 11 9 4 7 51 51 51
6 2 1 12 10 3 6 52 52 52
7 3 2 11 9 4 5 53 53 53
6 2 3 10 8 5 4 54 54 54
5 1 2 9 9 6 5 55 55 55
4 1 1 10 10 7 6 56 56 56
5 1 2 9 9 6 5 57 57 57
6 2 3 8 8 7 6 58 58 58
7 1 4 7 9 6 5 59 59 59
8 2 5 8 8 5 4 60 60 60
7 1 4 9 9 6 5 61 61 61
