2 2 2 2 2 2 1 1 1 1
3 3 3 3 3 3 1 1 1 1
4 4 4 4 4 4 1 1 1 1
5 3 5 5 5 5 1 1 1 1
6 4 4 6 6 6 1 1 1 1
7 5 5 7 7 7 1 1 1 1
8 6 4 8 8 8 1 1 1 1
9 7 5 9 9 9 1 1 1 1
8 8 6 10 10 8 1 1 1 1
7 9 7 11 11 9 1 1 1 1
6 10 6 12 12 8 2 2 2 2
7 11 5 11 13 9 1 1 1 1
6 10 4 12 14 10 2 2 2 2
7 11 5 13 15 9 1 1 1 1
8 12 6 14 16 10 1 1 1 1
9 13 7 15 17 11 1 1 1 1
10 14 8 16 18 12 1 1 1 1
11 15 9 17 19 11 1 1 1 1
12 14 10 16 20 12 1 1 1 1
13 15 9 17 21 11 1 1 1 1
14 16 10 18 20 12 1 1 1 1
15 17 11 19 19 11 1 1 1 1
16 18 12 20 20 12 1 1 1 1
17 19 13 21 21 13 1 1 1 1
18 20 14 22 20 14 1 1 1 1
19 21 15 23 21 15 1 1 1 1
20 20 16 24 22 16 1 1 1 1
21 21 15 25 23 15 2 2 2 2
22 22 16 26 24 14 1 1 1 1
23 23 17 25 25 13 1 1 1 1
22 24 18 24 26 14 1 1 1 1
23 23 17 25 27 13 2 2 2 2
24 24 18 26 28 14 1 1 1 1
25 25 19 27 29 15 1 1 1 1
24 24 20 28 28 16 2 2 2 2
25 25 21 27 29 17 1 1 1 1
24 24 22 28 30 16 2 2 2 2
25 25 23 29 31 17 1 1 1 1
26 26 24 30 32 18 1 1 1 1
25 27 25 31 31 19 1 1 1 1
26 26 26 32 32 20 1 1 1 1
27 27 25 33 31 21 1 1 1 1
28 28 24 32 32 20 2 2 2 2
29 29 25 31 31 21 1 1 1 1
30 30 26 30 30 22 1 1 1 1
31 31 27 31 31 23 1 1 1 1
32 32 28 30 32 24 1 1 1 1
33 33 27 29 33 23 2 2 2 2
34 34 26 30 32 24 1 1 1 1
35 33 27 31 33 25 1 1 1 1
36 32 28 32 34 26 1 1 1 1
37 31 29 33 33 27 1 1 1 1
38 30 30 34 34 26 1 1 1 1
39 31 31 35 35 27 1 1 1 1
40 32 32 36 34 28 1 1 1 1
41 31 31 37 35 29 1 1 1 1
40 32 32 38 36 30 1 1 1 1
39 33 33 37 37 29 2 2 2 2
38 34 34 38 36 30 3 3 3 3
39 35 33 39 35 29 4 4 4 4
