2 2 2 2 2 2 2 1 1 1
3 3 3 3 3 3 3 1 1 1
4 4 4 4 4 4 2 1 1 1
5 3 3 5 3 5 1 2 2 2
6 2 4 6 4 4 2 1 1 1
7 3 5 7 5 5 3 1 1 1
8 4 6 8 4 4 4 1 1 1
9 3 7 9 5 5 5 1 1 1
10 4 8 10 6 6 6 1 1 1
11 5 9 9 7 7 7 1 1 1
10 6 10 8 8 8 6 2 2 2
11 7 11 9 9 9 5 1 1 1
12 8 12 10 8 10 6 1 1 1
13 7 13 11 9 9 7 1 1 1
14 6 14 12 10 8 8 1 1 1
15 7 15 13 11 9 9 1 1 1
16 8 16 14 12 10 10 1 1 1
17 9 17 13 11 11 11 1 1 1
18 10 18 14 12 10 12 1 1 1
19 11 19 15 13 11 11 1 1 1
20 12 18 16 14 10 12 1 1 1
21 13 17 15 15 11 13 1 1 1
20 12 18 16 16 12 12 1 1 1
19 11 19 17 17 13 13 1 1 1
20 12 18 18 18 12 14 1 1 1
21 11 19 19 17 13 15 1 1 1
22 12 20 18 16 12 16 1 1 1
23 13 21 19 17 13 17 1 1 1
24 14 22 20 18 14 18 1 1 1
25 15 23 21 19 15 19 1 1 1
26 16 24 22 20 14 20 1 1 1
27 15 25 23 19 15 21 1 1 1
28 14 26 22 20 16 22 1 1 1
29 15 27 21 21 17 23 1 1 1
30 16 28 22 22 18 24 1 1 1
31 15 29 23 23 19 25 1 1 1
32 14 30 24 24 18 26 1 1 1
33 15 31 23 25 19 27 1 1 1
34 16 32 24 24 20 28 1 1 1
35 17 33 25 25 19 29 1 1 1
36 16 32 26 26 18 30 1 1 1
37 17 33 27 27 19 31 1 1 1
38 18 34 26 28 18 30 1 1 1
39 19 35 27 29 19 29 1 1 1
40 18 36 28 28 20 30 1 1 1
41 17 37 29 29 19 31 1 1 1
42 18 38 28 30 20 30 1 1 1
43 19 39 29 29 21 29 1 1 1
44 20 38 30 30 22 30 1 1 1
45 21 37 31 31 23 31 1 1 1
46 22 38 32 32 24 32 1 1 1
47 23 39 31 31 25 33 2 2 2
48 24 40 32 32 26 34 1 1 1
49 25 41 33 33 27 35 1 1 1
50 24 42 32 32 26 36 2 2 2
51 23 43 33 33 27 35 1 1 1
52 24 44 34 34 26 36 1 1 1
53 25 45 35 35 27 35 1 1 1
54 26 46 34 36 28 36 1 1 1
55 25 45 35 37 29 37 1 1 1
