2 2 2 2 2 2 1 1 1 1
3 1 1 1 3 1 2 2 2 2
2 2 1 1 2 1 3 3 3 3
3 3 2 2 3 2 2 2 2 2
2 4 1 1 2 3 3 3 3 3
3 5 2 2 3 4 2 2 2 2
4 6 1 3 4 5 1 1 1 1
5 7 2 4 5 6 1 1 1 1
4 8 3 3 6 7 1 1 1 1
5 9 4 2 7 8 1 1 1 1
6 10 3 3 8 7 2 2 2 2
7 11 4 4 9 8 1 1 1 1
8 12 5 5 10 9 1 1 1 1
9 13 6 6 11 10 1 1 1 1
10 14 7 7 12 11 1 1 1 1
9 15 8 8 13 12 1 1 1 1
10 16 9 9 12 13 1 1 1 1
11 17 10 10 11 12 1 1 1 1
10 18 11 11 12 13 1 1 1 1
11 19 12 10 13 12 1 1 1 1
12 20 11 11 14 13 1 1 1 1
11 21 12 12 15 12 1 1 1 1
12 22 11 11 16 11 2 2 2 2
13 23 12 12 15 12 1 1 1 1
14 24 13 13 16 13 1 1 1 1
15 25 12 14 17 14 1 1 1 1
16 26 13 13 18 15 1 1 1 1
17 27 14 14 19 16 1 1 1 1
18 28 15 15 20 17 1 1 1 1
19 29 16 16 21 18 1 1 1 1
20 28 17 15 22 19 1 1 1 1
21 27 18 14 23 20 1 1 1 1
22 28 19 15 24 21 1 1 1 1
23 29 20 16 25 22 1 1 1 1
24 30 21 17 26 23 1 1 1 1
25 31 22 18 27 24 1 1 1 1
26 30 21 19 26 25 2 2 2 2
25 31 20 18 27 26 3 3 3 3
24 32 21 17 28 27 2 2 2 2
25 31 22 18 29 26 3 3 3 3
26 32 23 19 30 27 2 2 2 2
25 33 24 18 31 28 1 1 1 1
26 34 25 19 32 29 1 1 1 1
27 35 26 20 33 30 1 1 1 1
28 36 27 21 34 31 1 1 1 1
27 37 28 22 33 32 1 1 1 1
28 38 27 23 34 31 1 1 1 1
29 39 28 22 35 32 1 1 1 1
30 40 29 21 36 31 1 1 1 1
31 41 30 22 37 32 1 1 1 1
32 42 29 23 38 31 1 1 1 1
33 41 30 24 39 32 1 1 1 1
34 40 31 25 40 31 1 1 1 1
33 41 32 24 41 32 1 1 1 1
34 40 33 23 40 33 2 2 2 2
35 41 34 24 41 32 1 1 1 1
34 42 35 23 42 33 1 1 1 1
35 41 36 24 43 34 1 1 1 1
36 42 35 23 44 35 1 1 1 1
37 43 36 22 45 34 1 1 1 1
38 44 37 21 46 35 1 1 1 1
39 43 38 22 45 36 1 1 1 1
40 44 37 23 46 35 1 1 1 1
41 45 38 24 45 36 1 1 1 1
42 46 39 25 46 35 1 1 1 1
41 47 40 24 47 36 1 1 1 1
42 48 41 25 46 37 1 1 1 1
43 49 42 26 47 38 1 1 1 1
44 50 43 25 48 39 1 1 1 1
43 51 44 26 49 40 1 1 1 1
44 52 45 27 48 39 1 1 1 1
43 51 46 28 47 40 2 2 2 2
44 52 45 29 46 41 1 1 1 1
45 51 44 30 47 42 1 1 1 1
46 52 45 31 48 43 1 1 1 1
47 53 46 30 47 42 2 2 2 2
48 54 47 31 48 41 1 1 1 1
49 55 48 30 49 42 1 1 1 1
48 54 49 31 50 43 1 1 1 1
49 53 50 32 49 44 1 1 1 1
50 54 51 33 48 45 1 1 1 1
51 55 52 32 49 46 1 1 1 1
52 56 53 33 50 47 1 1 1 1
53 57 52 34 51 48 1 1 1 1
54 56 53 35 52 49 1 1 1 1
55 57 54 34 51 48 2 2 2 2
54 58 55 35 52 47 1 1 1 1
55 59 56 36 51 48 1 1 1 1
54 60 57 37 52 49 1 1 1 1
55 59 58 36 53 50 1 1 1 1
54 60 59 35 54 51 1 1 1 1
55 61 60 34 55 50 1 1 1 1
56 62 61 35 56 49 1 1 1 1
57 63 62 36 57 48 1 1 1 1
58 62 63 37 58 49 1 1 1 1
59 63 64 38 59 50 1 1 1 1
60 64 65 39 60 51 1 1 1 1
61 63 64 38 61 52 2 2 2 2
60 64 63 39 60 53 3 3 3 3
61 65 62 40 61 52 4 4 4 4
