1 1 1 1 1 1 1 1 1 1
1 1 1 1 1 1 1 1 1 1
1 1 2 2 2 1 2 2 2 2
2 2 3 3 3 1 3 3 3 3
3 1 2 2 2 2 4 4 4 4
2 1 1 3 3 3 5 5 5 5
1 1 1 2 4 4 4 6 6 6
2 2 1 3 5 3 3 7 7 7
3 3 1 2 4 2 4 8 8 8
4 4 1 3 5 1 3 9 9 9
3 3 1 4 4 2 2 10 10 10
2 2 1 3 3 3 3 11 11 11
3 3 2 2 2 4 2 12 12 12
2 2 1 1 3 5 3 13 13 13
3 3 2 1 4 4 2 14 14 14
2 2 1 1 5 5 1 15 15 15
3 3 1 1 4 4 1 16 16 16
2 2 2 2 3 5 1 17 17 17
3 3 3 1 4 6 1 18 18 18
4 2 4 2 3 7 2 19 19 19
3 1 5 1 2 6 3 20 20 20
2 1 4 2 3 5 2 21 21 21
1 1 5 3 2 4 1 22 22 22
1 1 6 2 1 5 1 23 23 23
2 1 5 3 2 6 1 24 24 24
3 2 4 4 1 7 1 25 25 25
4 1 5 5 1 6 2 26 26 26
5 1 4 4 1 5 1 27 27 27
6 2 5 3 2 6 2 28 28 28
5 3 4 4 3 5 3 29 29 29
6 2 3 3 4 4 4 30 30 30
5 3 2 2 5 5 5 31 31 31
4 4 1 1 6 6 6 32 32 32
3 5 1 1 5 7 7 33 33 33
2 4 2 2 4 8 8 34 34 34
3 3 3 1 3 9 9 35 35 35
2 4 4 2 2 8 10 36 36 36
1 3 5 3 1 7 9 37 37 37
1 4 6 4 2 6 8 38 38 38
1 3 7 3 3 5 9 39 39 39
1 4 8 4 2 6 8 40 40 40
1 5 7 5 1 5 7 41 41 41
1 6 6 6 2 4 6 42 42 42
1 5 5 7 3 3 5 43 43 43
1 6 4 6 4 2 4 44 44 44
2 7 3 5 3 1 5 45 45 45
3 8 2 6 2 2 4 46 46 46
2 9 3 7 1 3 3 47 47 47
3 10 4 6 1 2 2 48 48 48
2 9 3 7 1 3 1 49 49 49
3 10 4 6 2 4 1 50 50 50
2 11 3 7 1 5 1 51 51 51
3 12 4 6 2 6 2 52 52 52
4 13 3 7 3 5 1 53 53 53
5 14 4 8 2 4 2 54 54 54
6 13 3 7 1 5 3 55 55 55
5 14 4 6 1 6 2 56 56 56
4 13 3 5 1 7 3 57 57 57
3 14 2 4 2 6 4 58 58 58
4 15 1 3 3 7 5 59 59 59
5 14 2 2 2 8 4 60 60 60
6 15 1 1 1 7 3 61 61 61
7 14 1 1 1 8 4 62 62 62
6 13 2 1 1 7 5 63 63 63
7 12 1 1 1 8 6 64 64 64
8 11 2 1 1 9 5 65 65 65
7 12 1 1 1 10 4 66 66 66
8 11 1 2 1 11 3 67 67 67
7 10 2 1 1 10 2 68 68 68
8 9 1 2 1 9 3 69 69 69
9 8 1 3 2 10 4 70 70 70
8 9 1 4 1 9 3 71 71 71
9 10 2 5 1 8 2 72 72 72
10 11 1 4 2 9 1 73 73 73
11 12 2 3 1 8 2 74 74 74
12 13 3 2 1 9 3 75 75 75
11 12 2 1 2 8 2 76 76 76
10 11 3 1 1 7 1 77 77 77
9 10 2 1 1 6 1 78 78 78
8 11 1 2 2 5 2 79 79 79
7 12 2 1 1 4 1 80 80 80
8 11 1 1 1 3 1 81 81 81
9 12 1 2 1 4 1 82 82 82
8 11 1 3 1 5 1 83 83 83
7 12 1 2 1 6 1 84 84 84
6 11 1 1 1 5 2 85 85 85
5 10 1 2 1 6 1 86 86 86
6 9 2 3 1 7 1 87 87 87
7 10 1 4 1 8 1 88 88 88
6 11 1 5 2 9 1 89 89 89
7 12 2 4 1 10 2 90 90 90
6 11 3 5 2 9 3 91 91 91
5 12 4 6 3 8 2 92 92 92
6 13 3 7 4 7 3 93 93 93
7 12 2 6 3 6 4 94 94 94
6 13 3 5 2 5 5 95 95 95
5 12 2 4 1 6 4 96 96 96
6 11 3 3 2 7 3 97 97 97
5 12 2 2 3 8 4 98 98 98
4 11 1 3 2 7 5 99 99 99
