1 1 1 2 2 1 2 2 2 2
2 2 1 1 3 1 3 3 3 3
1 3 1 1 2 1 4 4 4 4
1 4 2 1 3 1 5 5 5 5
1 3 1 2 2 2 6 6 6 6
1 4 1 1 3 3 7 7 7 7
1 5 1 1 4 2 8 8 8 8
1 4 1 1 3 1 9 9 9 9
2 3 2 1 2 2 10 10 10 10
1 2 1 1 1 3 11 11 11 11
2 3 1 1 1 2 12 12 12 12
1 4 1 1 1 1 13 13 13 13
1 3 1 2 1 1 14 14 14 14
1 2 1 1 1 2 15 15 15 15
1 1 2 1 2 3 16 16 16 16
1 2 1 1 1 4 17 17 17 17
1 1 1 1 2 3 18 18 18 18
2 1 2 1 3 2 19 19 19 19
1 2 1 1 2 1 20 20 20 20
2 1 1 1 1 1 21 21 21 21
1 1 1 1 1 1 22 22 22 22
2 2 1 1 1 1 23 23 23 23
1 3 1 1 1 1 24 24 24 24
1 2 1 1 1 2 25 25 25 25
1 1 1 1 1 1 26 26 26 26
1 1 2 1 1 1 27 27 27 27
1 2 1 2 1 1 28 28 28 28
1 3 2 1 2 1 29 29 29 29
1 2 3 1 1 1 30 30 30 30
1 1 2 1 1 2 31 31 31 31
1 2 3 2 1 3 32 32 32 32
1 1 4 1 1 2 33 33 33 33
1 1 3 1 1 3 34 34 34 34
1 1 2 1 1 2 35 35 35 35
1 1 3 1 1 1 36 36 36 36
1 1 2 1 1 1 37 37 37 37
1 1 1 1 2 2 38 38 38 38
1 1 1 2 1 1 39 39 39 39
1 1 1 1 1 1 40 40 40 40
1 2 1 1 1 2 41 41 41 41
2 1 1 1 1 1 42 42 42 42
1 1 2 1 2 1 43 43 43 43
1 1 1 1 1 1 44 44 44 44
2 1 1 2 1 2 45 45 45 45
1 1 1 1 1 1 46 46 46 46
1 2 2 1 1 2 47 47 47 47
1 1 1 1 1 1 48 48 48 48
1 1 1 1 1 1 49 49 49 49
1 1 1 1 1 1 50 50 50 50
2 1 2 1 1 2 51 51 51 51
3 1 1 1 2 1 52 52 52 52
4 1 2 1 1 1 53 53 53 53
5 1 1 1 1 2 54 54 54 54
6 1 1 1 2 3 55 55 55 55
5 1 1 1 1 2 56 56 56 56
4 1 1 1 1 1 57 57 57 57
3 1 1 1 1 2 58 58 58 58
2 1 2 1 1 1 59 59 59 59
1 2 1 1 1 1 60 60 60 60
2 1 1 1 1 1 61 61 61 61
1 1 1 1 1 1 62 62 62 62
2 1 1 1 1 1 63 63 63 63
3 1 1 1 1 1 64 64 64 64
4 1 2 1 1 2 65 65 65 65
3 1 1 1 1 1 66 66 66 66
2 1 1 1 2 2 67 67 67 67
3 1 2 1 1 1 68 68 68 68
2 1 1 1 2 1 69 69 69 69
3 1 1 1 1 2 70 70 70 70
2 1 1 1 1 1 71 71 71 71
1 2 1 1 1 1 72 72 72 72
1 1 1 1 1 2 73 73 73 73
1 1 1 1 2 1 74 74 74 74
2 2 1 1 1 1 75 75 75 75
1 3 2 1 1 1 76 76 76 76
2 2 1 2 1 1 77 77 77 77
1 1 1 1 1 1 78 78 78 78
1 1 1 2 1 1 79 79 79 79
1 2 2 1 1 1 80 80 80 80
2 1 1 2 1 2 81 81 81 81
1 1 1 1 1 1 82 82 82 82
1 1 1 1 1 1 83 83 83 83
1 1 1 1 1 1 84 84 84 84
1 1 1 1 2 1 85 85 85 85
1 2 1 1 3 1 86 86 86 86
1 3 1 1 2 2 87 87 87 87
1 2 1 1 3 1 88 88 88 88
1 1 1 1 2 1 89 89 89 89
1 1 1 2 3 2 90 90 90 90
1 2 1 1 2 1 91 91 91 91
2 1 1 2 3 1 92 92 92 92
1 1 1 1 2 1 93 93 93 93
1 1 1 2 1 1 94 94 94 94
1 2 1 3 1 1 95 95 95 95
2 1 2 4 1 1 96 96 96 96
1 1 1 3 1 1 97 97 97 97
1 2 1 2 1 1 98 98 98 98
1 3 2 1 1 2 99 99 99 99
1 2 1 1 1 1 100 100 100 100
2 3 1 1 1 2 100 100 100 100
