2 2 2 1 2 2 2 1 1 1
3 3 3 2 3 3 3 1 1 1
4 4 2 3 4 4 4 1 1 1
5 5 3 4 3 3 5 1 1 1
6 6 4 5 4 4 6 1 1 1
5 7 5 6 5 3 7 1 1 1
4 8 6 7 6 4 8 1 1 1
5 9 7 8 7 5 7 1 1 1
6 10 8 9 8 6 8 1 1 1
7 11 9 10 9 5 9 1 1 1
8 12 10 11 8 6 10 1 1 1
9 13 11 12 9 5 11 1 1 1
8 14 12 13 10 4 12 1 1 1
9 13 13 14 9 5 13 1 1 1
10 14 14 15 10 4 14 1 1 1
11 13 15 16 11 3 15 1 1 1
12 14 16 17 12 4 14 1 1 1
13 15 15 18 11 5 15 1 1 1
14 16 14 19 12 4 16 1 1 1
15 17 15 20 13 3 17 1 1 1
16 18 16 21 14 4 16 1 1 1
17 17 17 22 15 5 15 1 1 1
16 16 18 23 16 6 16 1 1 1
15 15 17 24 17 7 17 1 1 1
16 16 16 25 18 8 18 1 1 1
17 15 17 26 19 9 19 1 1 1
18 14 18 25 20 10 20 1 1 1
17 13 19 26 21 9 21 1 1 1
18 14 20 27 20 10 22 1 1 1
19 13 19 26 21 11 23 1 1 1
20 14 20 27 22 12 24 1 1 1
19 13 21 28 23 13 25 1 1 1
20 14 20 27 22 14 26 2 2 2
19 15 21 28 23 15 27 1 1 1
18 14 22 29 24 14 28 1 1 1
19 15 23 30 25 15 27 1 1 1
20 16 24 31 26 16 28 1 1 1
21 17 23 32 27 17 29 1 1 1
20 16 22 33 28 18 30 1 1 1
19 17 23 34 27 19 29 2 2 2
20 18 24 35 28 20 30 1 1 1
21 19 25 36 29 19 29 1 1 1
22 20 26 35 28 20 30 1 1 1
23 21 27 36 27 21 31 1 1 1
24 22 26 37 28 22 30 1 1 1
25 23 25 38 29 23 31 1 1 1
24 24 26 39 30 24 32 1 1 1
25 25 27 38 29 25 33 1 1 1
26 24 28 39 30 24 32 2 2 2
27 25 27 40 31 25 31 1 1 1
26 24 28 39 32 26 32 1 1 1
25 25 27 40 33 27 31 2 2 2
24 26 28 41 34 28 32 1 1 1
25 25 29 42 35 29 31 1 1 1
26 26 30 43 34 30 32 1 1 1
27 27 31 44 35 29 33 1 1 1
28 28 32 45 36 30 34 1 1 1
29 29 31 46 37 31 33 1 1 1
28 30 32 47 38 32 34 1 1 1
29 29 33 48 37 33 35 1 1 1
