2 2 2 2 2 2 1 1 1 1
1 3 1 1 3 3 2 2 2 2
1 4 2 2 4 4 1 1 1 1
2 5 3 3 3 5 1 1 1 1
1 4 2 4 4 6 2 2 2 2
1 5 3 5 5 7 1 1 1 1
2 4 4 6 6 8 1 1 1 1
1 3 5 7 7 9 1 1 1 1
2 2 4 8 8 8 2 2 2 2
3 1 5 9 9 9 1 1 1 1
4 2 6 10 10 10 1 1 1 1
5 1 7 11 11 11 1 1 1 1
6 2 8 10 12 12 1 1 1 1
7 3 9 11 13 13 1 1 1 1
8 4 8 12 14 12 1 1 1 1
9 5 9 13 15 13 1 1 1 1
8 6 8 14 16 14 1 1 1 1
7 5 9 15 17 13 2 2 2 2
8 6 10 16 18 14 1 1 1 1
9 7 11 17 19 15 1 1 1 1
10 8 12 18 20 14 1 1 1 1
11 9 11 19 21 15 1 1 1 1
12 10 12 18 22 16 1 1 1 1
13 9 13 19 23 17 1 1 1 1
14 10 14 20 24 18 1 1 1 1
15 9 13 21 25 19 1 1 1 1
14 10 14 20 24 20 2 2 2 2
15 11 15 21 25 19 1 1 1 1
16 12 16 22 26 20 1 1 1 1
15 13 17 21 27 21 1 1 1 1
16 14 18 20 26 22 1 1 1 1
17 13 19 21 25 23 1 1 1 1
16 14 20 22 26 24 1 1 1 1
17 13 19 23 27 23 2 2 2 2
18 12 20 22 26 24 3 3 3 3
17 13 21 23 27 25 2 2 2 2
18 12 20 24 28 26 1 1 1 1
19 11 19 25 29 25 2 2 2 2
20 12 20 26 28 26 1 1 1 1
21 13 21 27 27 25 2 2 2 2
22 14 22 28 26 26 1 1 1 1
23 15 23 29 27 25 1 1 1 1
24 16 24 28 28 26 1 1 1 1
25 17 25 29 27 27 1 1 1 1
26 16 26 28 28 28 1 1 1 1
27 17 27 29 29 29 1 1 1 1
26 18 26 30 30 30 1 1 1 1
27 19 27 31 29 31 1 1 1 1
28 20 28 30 28 32 1 1 1 1
27 21 27 31 29 33 1 1 1 1
28 20 26 32 30 32 2 2 2 2
29 21 27 33 29 31 3 3 3 3
30 22 28 32 30 30 2 2 2 2
31 21 27 33 31 29 3 3 3 3
32 22 28 34 32 30 2 2 2 2
33 23 29 33 33 31 1 1 1 1
34 24 28 32 34 32 1 1 1 1
35 25 29 33 35 33 1 1 1 1
36 26 30 34 36 34 1 1 1 1
37 27 31 35 37 35 1 1 1 1
