2 2 1 2 2 2 2 1 1 1
3 3 2 1 3 1 3 1 1 1
2 4 3 2 4 1 4 1 1 1
3 5 4 3 5 2 5 1 1 1
4 4 3 4 6 1 4 2 2 2
5 5 4 5 7 2 3 1 1 1
6 6 3 6 8 3 4 1 1 1
7 7 4 7 7 4 5 1 1 1
8 8 3 8 8 5 4 1 1 1
9 7 4 9 9 6 5 1 1 1
10 6 5 10 10 7 6 1 1 1
9 7 6 11 11 8 7 1 1 1
10 8 7 12 12 9 8 1 1 1
11 9 8 13 13 8 9 1 1 1
10 10 9 14 14 9 10 1 1 1
11 9 10 15 15 10 11 1 1 1
12 8 9 16 16 11 12 1 1 1
13 9 10 17 17 12 13 1 1 1
14 10 11 18 18 13 12 1 1 1
15 11 12 19 17 14 13 1 1 1
16 12 13 20 16 15 14 1 1 1
17 11 14 19 17 16 15 1 1 1
16 12 15 20 18 17 16 1 1 1
17 11 16 19 19 18 15 2 2 2
18 12 15 20 20 17 16 3 3 3
19 13 16 21 21 16 17 2 2 2
20 12 17 22 22 17 16 1 1 1
21 13 16 23 23 16 17 1 1 1
22 14 17 24 24 17 18 1 1 1
23 15 18 23 25 18 19 1 1 1
24 16 19 24 26 17 20 1 1 1
25 17 18 25 27 18 21 1 1 1
26 18 17 26 28 19 20 1 1 1
25 19 18 27 29 20 21 1 1 1
26 20 17 26 30 21 22 1 1 1
27 21 18 27 31 22 23 1 1 1
28 22 19 28 32 23 24 1 1 1
29 23 20 29 33 24 25 1 1 1
30 24 21 30 34 25 26 1 1 1
31 25 22 31 35 26 27 1 1 1
32 26 23 30 36 27 26 1 1 1
33 27 22 31 37 28 27 1 1 1
34 28 23 32 38 29 28 1 1 1
35 27 24 31 37 30 29 1 1 1
36 28 25 32 38 31 30 1 1 1
35 27 26 33 39 32 31 1 1 1
36 26 27 34 40 33 30 1 1 1
37 27 26 35 39 34 29 1 1 1
38 28 27 36 40 35 28 1 1 1
39 27 28 37 41 34 29 1 1 1
40 28 29 38 42 35 30 1 1 1
41 27 30 39 43 36 31 1 1 1
42 28 31 40 42 37 32 1 1 1
41 27 32 41 43 38 33 1 1 1
42 28 33 42 44 39 34 1 1 1
43 29 32 43 45 40 35 1 1 1
44 30 33 44 46 41 36 1 1 1
45 31 34 45 45 42 37 1 1 1
46 32 35 46 46 43 36 1 1 1
45 33 36 47 47 44 37 1 1 1
46 32 37 48 48 45 38 1 1 1
47 33 38 49 49 46 39 1 1 1
48 34 39 50 48 47 40 1 1 1
47 33 40 51 49 48 39 1 1 1
48 32 39 52 50 49 40 1 1 1
49 31 40 53 51 48 39 1 1 1
48 32 41 54 52 49 40 1 1 1
49 31 42 55 51 50 41 1 1 1
50 32 43 56 52 51 42 1 1 1
51 31 44 57 53 52 43 1 1 1
50 30 45 58 54 53 44 1 1 1
51 31 46 57 55 54 45 1 1 1
52 32 47 58 56 55 46 1 1 1
51 33 46 59 57 56 47 1 1 1
52 34 47 60 58 55 48 1 1 1
53 35 48 61 59 56 49 1 1 1
54 34 49 62 60 57 50 1 1 1
53 35 50 61 61 58 51 1 1 1
54 36 51 62 62 59 52 1 1 1
55 35 52 61 63 60 53 1 1 1
54 36 53 62 64 61 54 1 1 1
55 37 54 63 65 62 55 1 1 1
56 38 55 64 66 63 54 1 1 1
57 39 56 63 67 64 55 1 1 1
58 40 57 64 68 65 56 1 1 1
59 41 56 65 69 66 57 1 1 1
60 42 55 66 70 67 58 1 1 1
59 43 56 67 69 66 59 1 1 1
60 42 55 66 70 67 60 2 2 2
61 43 54 67 69 66 61 1 1 1
62 44 55 68 70 67 62 1 1 1
63 45 56 69 71 68 63 1 1 1
62 44 57 70 72 69 64 1 1 1
63 45 58 69 73 70 65 1 1 1
64 46 59 68 74 71 66 1 1 1
65 47 60 69 75 70 67 1 1 1
66 48 61 70 76 71 68 1 1 1
65 49 62 71 77 72 69 1 1 1
66 50 63 72 78 73 70 1 1 1
65 49 64 73 79 74 69 1 1 1
