2 1 2 2 2 2 2 1 1 1
1 1 3 3 1 3 1 2 2 2
2 2 4 2 2 4 2 1 1 1
1 1 3 1 3 5 3 2 2 2
2 2 4 1 4 6 4 1 1 1
1 3 5 1 5 5 5 2 2 2
2 4 6 1 4 6 6 1 1 1
3 5 7 1 3 7 7 1 1 1
4 6 8 2 4 6 8 1 1 1
3 7 9 3 5 7 9 1 1 1
4 8 10 4 6 6 10 1 1 1
3 7 9 5 5 7 11 2 2 2
4 8 10 6 6 6 12 1 1 1
5 9 9 7 7 7 13 1 1 1
6 10 10 8 8 8 14 1 1 1
7 11 11 9 9 7 15 1 1 1
8 12 12 8 10 8 14 1 1 1
7 13 13 9 11 7 15 1 1 1
8 12 12 10 12 8 16 1 1 1
7 13 11 11 11 7 17 2 2 2
6 14 10 12 12 6 18 3 3 3
7 15 11 13 13 7 19 2 2 2
8 16 12 14 14 6 18 1 1 1
9 17 13 15 15 7 19 1 1 1
10 18 14 16 16 8 20 1 1 1
11 19 15 17 17 9 21 1 1 1
12 20 16 18 18 10 22 1 1 1
13 21 17 19 19 9 21 1 1 1
14 22 18 20 20 10 22 1 1 1
15 23 19 21 19 11 21 1 1 1
16 24 20 22 20 12 22 1 1 1
17 25 21 23 19 11 21 2 2 2
18 26 22 24 20 12 22 1 1 1
17 27 23 25 21 13 23 1 1 1
18 28 24 26 22 14 24 1 1 1
19 29 25 27 23 15 25 1 1 1
18 30 26 28 22 14 24 2 2 2
19 31 25 29 21 13 23 3 3 3
18 32 26 30 20 14 24 2 2 2
19 33 27 31 21 15 25 1 1 1
20 32 26 32 20 16 26 2 2 2
21 33 27 31 21 15 27 1 1 1
22 32 28 32 22 16 26 1 1 1
23 33 29 33 23 17 25 1 1 1
24 32 30 34 24 18 24 1 1 1
25 33 31 35 23 19 25 1 1 1
26 32 30 36 24 18 26 1 1 1
27 33 31 35 25 19 27 1 1 1
28 34 32 36 26 20 26 1 1 1
29 35 33 37 27 21 27 1 1 1
30 36 34 38 28 22 28 1 1 1
31 37 33 39 29 23 29 1 1 1
32 38 34 40 30 24 30 1 1 1
33 37 35 41 31 25 31 1 1 1
32 38 34 42 32 24 32 2 2 2
33 39 35 41 33 23 33 1 1 1
32 40 34 42 34 24 34 1 1 1
33 39 35 41 35 25 35 1 1 1
34 40 36 42 36 26 36 1 1 1
35 39 37 43 37 27 37 1 1 1
36 38 38 42 38 28 36 2 2 2
35 37 39 43 39 27 37 1 1 1
36 38 40 44 40 26 38 1 1 1
37 39 41 43 41 27 39 1 1 1
38 40 42 44 42 28 40 1 1 1
39 39 41 45 43 27 41 1 1 1
40 40 42 44 42 28 42 1 1 1
41 39 43 45 43 29 41 1 1 1
42 40 44 46 42 28 42 1 1 1
41 41 43 47 43 29 43 1 1 1
42 42 42 48 42 28 44 1 1 1
41 43 43 49 43 29 45 1 1 1
42 44 44 50 42 30 44 1 1 1
43 45 43 51 43 31 45 1 1 1
44 46 44 52 44 32 46 1 1 1
43 47 43 53 45 33 47 1 1 1
44 48 44 54 46 34 46 1 1 1
45 49 45 55 47 35 47 1 1 1
46 50 46 56 46 36 48 1 1 1
47 51 47 55 45 37 47 2 2 2
46 52 48 56 46 38 48 1 1 1
45 53 49 55 47 39 49 1 1 1
44 54 50 54 48 38 50 1 1 1
45 55 51 55 49 39 51 1 1 1
46 54 52 54 48 40 52 1 1 1
47 55 53 53 49 41 53 1 1 1
48 54 54 54 50 42 52 1 1 1
49 55 55 53 49 43 51 2 2 2
50 56 56 54 48 44 52 3 3 3
51 55 57 55 49 45 53 2 2 2
50 54 58 56 50 46 54 1 1 1
49 53 57 57 51 47 55 1 1 1
50 52 58 58 52 48 56 1 1 1
49 53 59 57 51 49 57 2 2 2
50 54 60 58 52 50 56 1 1 1
51 53 59 59 51 51 57 1 1 1
52 54 60 58 50 52 58 1 1 1
53 55 61 59 49 53 59 1 1 1
54 54 60 60 50 52 60 1 1 1
55 53 61 61 51 53 61 1 1 1
