1 1 1 1 1 1 1 1 1 1
1 1 1 1 1 1 1 1 1 1
2 2 1 1 1 2 1 2 2 2
3 1 1 2 1 1 1 3 3 3
2 1 2 3 2 1 2 4 4 4
3 2 1 2 3 2 3 5 5 5
4 3 1 3 2 1 2 6 6 6
3 4 2 2 3 1 1 7 7 7
4 3 1 1 2 1 2 8 8 8
5 4 1 1 3 2 1 9 9 9
6 3 1 1 4 3 1 10 10 10
5 2 1 1 3 2 2 11 11 11
4 3 1 1 4 1 1 12 12 12
3 2 1 2 3 2 1 13 13 13
2 3 2 1 2 3 1 14 14 14
3 2 3 2 1 4 2 15 15 15
2 1 2 3 2 3 3 16 16 16
1 1 3 4 1 2 2 17 17 17
2 1 2 5 1 3 1 18 18 18
3 1 3 4 2 2 1 19 19 19
2 2 4 3 1 3 1 20 20 20
1 1 5 4 1 4 1 21 21 21
1 1 4 5 2 3 1 22 22 22
1 1 3 6 3 2 1 23 23 23
1 1 4 5 2 1 1 24 24 24
1 1 3 4 3 2 1 25 25 25
1 2 2 3 4 1 1 26 26 26
2 1 1 2 5 1 1 27 27 27
1 1 1 1 6 1 1 28 28 28
1 1 1 2 7 2 1 29 29 29
1 2 2 1 8 3 1 30 30 30
1 1 1 1 7 2 1 31 31 31
1 1 2 1 8 3 1 32 32 32
1 1 1 1 7 2 2 33 33 33
1 1 2 2 6 1 1 34 34 34
2 1 3 1 7 2 1 35 35 35
1 1 4 1 8 1 1 36 36 36
1 1 3 1 7 1 1 37 37 37
2 2 4 2 8 2 1 38 38 38
1 1 3 3 9 1 2 39 39 39
2 1 2 2 8 2 1 40 40 40
3 1 3 3 7 3 2 41 41 41
4 1 4 4 6 4 1 42 42 42
3 1 3 3 5 3 2 43 43 43
4 1 4 4 6 2 3 44 44 44
3 1 3 3 5 1 2 45 45 45
2 1 2 4 4 2 3 46 46 46
1 1 1 3 3 1 4 47 47 47
2 2 1 2 2 1 3 48 48 48
3 1 2 1 1 1 4 49 49 49
2 2 3 1 2 1 3 50 50 50
1 3 4 1 3 1 2 51 51 51
2 2 3 2 4 1 1 52 52 52
1 1 2 3 5 1 1 53 53 53
1 2 3 2 6 1 1 54 54 54
1 1 2 1 5 2 1 55 55 55
2 2 1 1 6 3 2 56 56 56
1 3 2 1 5 2 1 57 57 57
1 2 3 2 4 1 1 58 58 58
1 1 4 3 3 2 2 59 59 59
