1 2 2 2 2 2 2 1 1 1
1 3 3 3 3 3 3 1 1 1
2 4 4 4 4 2 4 1 1 1
3 3 5 5 5 3 3 1 1 1
4 4 6 6 6 4 2 1 1 1
5 5 7 5 7 5 3 1 1 1
6 4 8 4 6 6 4 2 2 2
7 5 9 5 5 7 3 1 1 1
8 4 10 6 6 8 4 1 1 1
7 5 11 7 7 9 5 1 1 1
8 6 12 8 8 10 6 1 1 1
9 7 13 9 9 11 7 1 1 1
10 8 14 10 10 12 8 1 1 1
11 7 15 11 11 13 7 1 1 1
10 8 16 12 12 12 8 1 1 1
9 9 17 13 13 13 9 1 1 1
10 10 18 12 14 12 8 1 1 1
11 11 19 13 15 13 9 1 1 1
12 12 20 12 14 14 8 1 1 1
13 13 21 11 15 13 7 1 1 1
14 12 22 12 16 14 8 1 1 1
15 11 23 11 17 15 9 1 1 1
14 10 24 12 18 14 8 2 2 2
15 9 25 13 19 15 9 1 1 1
16 10 26 14 18 14 10 1 1 1
15 11 27 15 19 15 11 1 1 1
16 10 28 16 20 16 10 1 1 1
17 11 29 17 19 17 11 1 1 1
16 12 30 16 20 18 10 2 2 2
15 11 31 17 19 19 11 1 1 1
16 12 32 18 20 20 12 1 1 1
15 13 33 17 19 21 11 2 2 2
16 14 34 16 20 20 12 3 3 3
17 15 35 17 21 21 13 2 2 2
18 16 36 16 22 22 12 1 1 1
19 17 37 17 23 23 11 1 1 1
20 18 38 18 24 24 12 1 1 1
21 17 39 17 25 23 11 2 2 2
22 16 38 18 26 24 12 1 1 1
23 15 39 17 27 25 13 1 1 1
24 16 40 18 28 24 14 1 1 1
25 17 41 19 27 25 15 1 1 1
26 18 42 20 26 26 16 1 1 1
25 19 41 21 27 27 17 1 1 1
24 18 42 22 28 28 16 2 2 2
25 19 43 23 29 29 17 1 1 1
26 20 44 24 30 30 18 1 1 1
25 19 45 25 31 31 19 1 1 1
26 20 46 26 32 30 20 1 1 1
25 21 47 25 31 31 21 1 1 1
26 22 48 26 30 30 22 1 1 1
25 23 49 25 31 29 23 1 1 1
26 24 50 26 30 28 22 1 1 1
27 23 49 27 31 29 23 1 1 1
28 24 50 28 32 30 22 1 1 1
29 23 51 29 33 31 23 1 1 1
30 24 52 30 34 30 24 1 1 1
29 25 53 31 35 31 25 1 1 1
30 26 54 32 36 32 24 1 1 1
29 27 55 31 37 31 25 2 2 2
