2 2 2 2 2 2 1 1 1 1
3 1 3 3 3 3 1 1 1 1
4 2 2 4 4 4 1 1 1 1
5 3 3 5 5 5 1 1 1 1
6 4 4 6 6 6 1 1 1 1
7 5 5 5 7 7 1 1 1 1
8 6 6 6 8 8 1 1 1 1
9 7 7 7 7 9 1 1 1 1
10 8 8 8 8 8 1 1 1 1
11 9 9 7 9 9 1 1 1 1
12 10 10 6 10 10 1 1 1 1
13 9 11 7 11 11 1 1 1 1
14 10 12 8 12 12 1 1 1 1
15 11 13 9 11 13 1 1 1 1
16 12 14 10 12 14 1 1 1 1
15 13 15 11 11 15 1 1 1 1
16 14 16 12 10 16 1 1 1 1
17 15 17 13 11 15 1 1 1 1
18 16 18 14 12 16 1 1 1 1
19 17 19 15 13 17 1 1 1 1
20 18 20 14 14 18 1 1 1 1
21 19 21 15 15 19 1 1 1 1
22 20 22 16 16 20 1 1 1 1
23 21 23 17 17 21 1 1 1 1
24 22 24 18 16 22 1 1 1 1
25 23 25 19 17 23 1 1 1 1
26 24 26 20 18 24 1 1 1 1
27 25 27 21 19 25 1 1 1 1
28 26 28 22 20 26 1 1 1 1
29 27 29 23 21 27 1 1 1 1
30 28 30 24 22 28 1 1 1 1
31 29 31 25 23 29 1 1 1 1
30 30 32 26 24 30 1 1 1 1
31 31 33 27 25 31 1 1 1 1
32 32 34 26 26 32 1 1 1 1
33 33 35 27 27 33 1 1 1 1
34 34 36 28 28 34 1 1 1 1
35 33 37 29 29 33 1 1 1 1
36 34 38 30 30 34 1 1 1 1
37 35 39 31 31 35 1 1 1 1
38 36 40 32 32 36 1 1 1 1
39 37 41 33 33 37 1 1 1 1
40 38 42 34 34 36 1 1 1 1
41 39 43 35 35 37 1 1 1 1
40 40 44 36 36 36 1 1 1 1
41 41 45 37 37 37 1 1 1 1
40 42 46 38 38 38 1 1 1 1
41 43 47 39 39 39 1 1 1 1
42 44 48 38 40 40 1 1 1 1
43 45 49 39 41 41 1 1 1 1
42 46 50 40 42 42 1 1 1 1
41 47 51 41 43 43 1 1 1 1
42 48 52 42 42 44 1 1 1 1
43 49 53 41 43 45 1 1 1 1
42 48 54 42 44 46 2 2 2 2
43 49 55 43 45 47 1 1 1 1
44 50 56 44 46 48 1 1 1 1
45 51 57 45 47 49 1 1 1 1
46 52 58 44 48 50 1 1 1 1
47 51 59 45 49 51 1 1 1 1
