1 1 1 1 1 1 1 1 1 1
2 2 2 2 2 2 1 1 1 1
1 3 3 1 1 3 1 2 2 2
1 2 4 2 1 2 1 3 3 3
1 1 5 1 2 1 1 4 4 4
2 1 6 1 1 1 1 5 5 5
3 2 7 2 2 2 2 4 4 4
2 1 6 3 3 1 3 5 5 5
1 2 5 2 2 1 4 6 6 6
2 1 4 1 1 1 5 7 7 7
1 1 3 1 2 2 4 8 8 8
2 1 2 1 1 1 3 9 9 9
1 2 1 1 1 1 4 10 10 10
1 3 1 2 2 1 3 11 11 11
1 4 1 1 1 1 4 12 12 12
1 3 1 1 1 2 5 13 13 13
2 2 2 1 1 1 4 14 14 14
1 1 1 2 1 1 3 15 15 15
1 1 1 1 1 1 2 16 16 16
2 2 2 1 1 1 1 17 17 17
1 3 1 1 1 1 2 18 18 18
1 2 1 1 1 2 3 19 19 19
1 1 1 1 1 1 4 20 20 20
2 1 1 1 1 1 3 21 21 21
1 1 1 1 1 1 2 22 22 22
1 1 1 1 1 2 3 23 23 23
1 1 1 1 1 1 4 24 24 24
1 1 1 1 1 1 3 25 25 25
1 2 1 1 1 1 2 26 26 26
1 1 1 1 1 1 1 27 27 27
1 1 1 2 1 2 2 28 28 28
1 1 1 1 2 1 3 29 29 29
2 2 1 1 3 1 4 30 30 30
3 1 1 1 2 1 3 31 31 31
2 1 1 1 3 2 2 32 32 32
1 2 1 1 4 1 3 33 33 33
1 3 1 2 3 1 2 34 34 34
1 2 1 1 4 1 1 35 35 35
1 3 1 2 3 1 1 36 36 36
1 2 1 1 4 1 1 37 37 37
1 1 1 1 5 1 2 38 38 38
1 2 1 2 4 2 1 39 39 39
1 1 2 1 3 3 1 40 40 40
1 1 1 1 2 4 1 41 41 41
1 2 1 1 1 5 1 42 42 42
1 1 2 1 2 4 1 43 43 43
1 1 3 1 1 3 1 44 44 44
2 2 2 1 1 4 2 45 45 45
3 3 1 1 1 3 1 46 46 46
2 2 1 2 1 4 2 47 47 47
1 1 1 1 1 3 1 48 48 48
2 1 1 2 1 2 1 49 49 49
1 1 2 3 2 1 1 50 50 50
2 1 1 2 1 1 1 51 51 51
1 1 1 3 2 1 1 52 52 52
2 1 1 2 3 1 1 53 53 53
1 1 1 1 2 1 1 54 54 54
1 1 1 1 1 1 2 55 55 55
1 1 1 1 1 1 1 56 56 56
1 1 1 1 1 1 1 57 57 57
