1 1 1 1 1 1 1 1 1 1
1 1 1 1 1 1 1 1 1 1
2 2 2 2 2 2 1 1 1 1
3 3 3 3 3 3 1 1 1 1
4 4 4 4 4 4 1 1 1 1
5 5 5 5 5 5 1 1 1 1
6 4 6 4 6 6 1 1 1 1
7 5 7 5 7 7 1 1 1 1
8 4 8 4 8 8 1 1 1 1
9 5 9 5 9 9 1 1 1 1
10 6 10 6 10 10 1 1 1 1
11 7 11 7 9 11 1 1 1 1
12 8 12 8 10 12 1 1 1 1
13 9 13 9 11 13 1 1 1 1
14 10 14 10 12 14 1 1 1 1
15 11 15 11 13 15 1 1 1 1
16 12 16 12 14 16 1 1 1 1
17 13 17 13 15 17 1 1 1 1
18 14 18 14 16 18 1 1 1 1
19 15 17 15 17 19 1 1 1 1
20 16 18 16 18 20 1 1 1 1
21 17 17 17 19 21 1 1 1 1
22 18 18 18 20 22 1 1 1 1
23 19 19 19 21 23 1 1 1 1
24 18 20 20 22 24 1 1 1 1
25 19 21 21 23 25 1 1 1 1
26 20 22 22 24 26 1 1 1 1
27 21 23 23 25 27 1 1 1 1
28 22 24 22 24 28 1 1 1 1
29 23 25 23 25 27 1 1 1 1
30 24 24 24 26 28 1 1 1 1
31 25 25 25 27 29 1 1 1 1
32 26 26 26 28 28 1 1 1 1
33 25 27 27 29 29 1 1 1 1
32 26 28 28 30 30 1 1 1 1
33 27 29 29 31 31 1 1 1 1
34 28 30 30 32 32 1 1 1 1
35 29 31 31 33 33 1 1 1 1
36 30 32 32 34 34 1 1 1 1
37 29 33 33 35 35 1 1 1 1
38 30 34 34 36 36 1 1 1 1
37 31 33 35 37 37 1 1 1 1
38 32 32 36 38 38 1 1 1 1
39 33 33 37 39 39 1 1 1 1
40 34 34 38 38 38 1 1 1 1
41 35 35 39 39 39 1 1 1 1
42 36 36 38 40 40 1 1 1 1
43 37 37 39 41 41 1 1 1 1
42 38 38 40 42 40 1 1 1 1
43 37 39 41 43 41 1 1 1 1
44 36 40 40 44 42 1 1 1 1
45 37 41 41 43 43 1 1 1 1
46 38 40 42 44 44 1 1 1 1
47 39 41 41 45 45 1 1 1 1
48 40 42 42 46 46 1 1 1 1
49 39 43 43 47 47 1 1 1 1
50 40 44 44 48 48 1 1 1 1
51 41 45 45 49 49 1 1 1 1
52 42 44 46 50 50 1 1 1 1
53 43 43 45 51 51 1 1 1 1
