2 2 2 1 2 2 2 1 1 1
3 3 3 1 3 3 3 1 1 1
4 4 4 2 4 4 4 1 1 1
5 5 5 1 5 5 5 1 1 1
6 4 6 2 6 6 6 1 1 1
7 5 7 3 7 7 7 1 1 1
8 6 8 4 8 6 8 1 1 1
7 7 9 5 9 7 9 1 1 1
8 8 10 6 10 8 8 1 1 1
7 9 11 7 11 9 9 1 1 1
8 10 12 6 12 10 8 1 1 1
9 11 13 7 13 11 9 1 1 1
10 12 14 8 14 12 10 1 1 1
11 13 15 9 15 13 11 1 1 1
12 14 14 10 16 14 12 1 1 1
13 15 15 11 17 15 13 1 1 1
14 16 16 12 18 16 14 1 1 1
13 17 17 13 19 17 15 1 1 1
12 18 18 14 18 18 16 1 1 1
13 19 19 15 19 19 17 1 1 1
14 20 20 16 20 20 18 1 1 1
15 21 21 17 21 21 19 1 1 1
16 20 22 18 22 22 20 1 1 1
15 21 23 19 23 23 21 1 1 1
16 22 24 20 24 24 22 1 1 1
17 21 25 21 25 25 21 1 1 1
18 20 26 22 26 26 22 1 1 1
19 21 27 23 27 27 23 1 1 1
20 20 28 24 28 28 24 1 1 1
21 21 29 25 29 29 25 1 1 1
22 22 30 26 30 30 26 1 1 1
23 23 31 27 31 31 27 1 1 1
24 24 32 28 32 32 28 1 1 1
25 25 33 29 33 33 29 1 1 1
26 26 34 30 34 34 28 1 1 1
27 27 35 31 35 35 29 1 1 1
28 28 36 32 34 34 30 1 1 1
29 29 37 33 35 35 31 1 1 1
30 30 38 34 36 36 32 1 1 1
31 31 39 35 37 37 33 1 1 1
32 32 40 36 38 38 34 1 1 1
33 33 41 37 39 37 35 1 1 1
34 34 42 38 40 38 36 1 1 1
35 35 41 39 41 39 37 1 1 1
36 36 42 40 42 40 38 1 1 1
37 37 43 41 43 41 39 1 1 1
38 38 44 42 44 42 40 1 1 1
39 39 45 41 45 43 41 1 1 1
40 40 46 42 46 44 42 1 1 1
41 41 47 41 47 45 43 1 1 1
42 42 48 42 48 46 44 1 1 1
43 43 49 43 47 47 45 1 1 1
44 44 50 44 48 48 46 1 1 1
45 45 51 45 49 49 47 1 1 1
46 46 52 46 50 50 48 1 1 1
47 47 53 47 51 51 49 1 1 1
48 48 54 48 50 52 50 1 1 1
49 49 55 49 51 53 51 1 1 1
50 50 56 50 52 54 52 1 1 1
51 51 57 49 53 55 53 1 1 1
