2 2 2 2 2 2 1 1 1 1
3 3 3 3 3 3 1 1 1 1
2 4 4 2 2 4 2 2 2 2
3 5 5 3 3 5 1 1 1 1
4 6 6 4 4 6 1 1 1 1
5 7 7 5 5 7 1 1 1 1
6 8 8 4 6 8 1 1 1 1
7 9 9 5 7 9 1 1 1 1
8 10 10 6 8 10 1 1 1 1
9 9 11 7 9 9 1 1 1 1
10 10 12 8 10 10 1 1 1 1
9 11 13 9 11 11 1 1 1 1
10 12 14 10 12 12 1 1 1 1
11 13 15 11 13 13 1 1 1 1
12 14 16 12 14 14 1 1 1 1
11 15 17 13 15 15 1 1 1 1
12 16 18 14 16 16 1 1 1 1
13 17 19 15 17 17 1 1 1 1
14 16 20 16 16 18 1 1 1 1
15 17 19 17 17 19 1 1 1 1
16 18 18 18 18 20 1 1 1 1
17 19 19 17 19 21 1 1 1 1
18 20 20 18 20 22 1 1 1 1
19 21 21 19 21 21 1 1 1 1
20 22 20 20 22 22 1 1 1 1
21 23 21 21 23 23 1 1 1 1
22 24 22 22 24 24 1 1 1 1
23 25 23 23 25 25 1 1 1 1
24 26 24 24 26 26 1 1 1 1
25 27 25 25 27 27 1 1 1 1
26 28 26 26 28 28 1 1 1 1
27 29 27 27 29 29 1 1 1 1
28 30 28 28 30 30 1 1 1 1
29 31 29 27 31 31 1 1 1 1
30 32 30 28 32 32 1 1 1 1
31 33 31 29 33 33 1 1 1 1
32 34 32 30 34 34 1 1 1 1
33 35 33 31 35 35 1 1 1 1
34 36 34 32 36 36 1 1 1 1
35 37 35 31 37 37 1 1 1 1
36 38 36 32 38 38 1 1 1 1
37 39 35 33 39 39 1 1 1 1
36 40 36 34 40 40 1 1 1 1
37 41 37 35 41 41 1 1 1 1
36 42 36 36 42 42 1 1 1 1
37 43 37 37 41 43 1 1 1 1
38 44 38 38 42 44 1 1 1 1
39 43 39 39 43 43 1 1 1 1
40 44 40 40 44 44 1 1 1 1
41 45 41 41 45 45 1 1 1 1
42 46 40 42 46 46 1 1 1 1
43 47 41 43 47 47 1 1 1 1
42 48 42 44 48 48 1 1 1 1
43 49 43 45 49 49 1 1 1 1
42 50 42 46 50 50 1 1 1 1
41 51 43 47 51 51 1 1 1 1
42 52 44 48 52 52 1 1 1 1
43 53 45 47 53 53 1 1 1 1
44 54 46 48 54 54 1 1 1 1
45 55 47 49 55 55 1 1 1 1
46 56 48 50 56 56 1 1 1 1
47 57 49 51 57 57 1 1 1 1
48 58 50 52 58 58 1 1 1 1
49 59 51 53 57 59 1 1 1 1
50 60 52 54 58 60 1 1 1 1
51 59 53 55 59 61 1 1 1 1
52 60 54 56 60 62 1 1 1 1
53 61 53 57 61 63 1 1 1 1
54 62 54 58 62 64 1 1 1 1
55 63 55 57 63 65 1 1 1 1
56 62 56 58 64 66 1 1 1 1
57 63 57 59 65 67 1 1 1 1
58 64 58 60 66 68 1 1 1 1
59 65 57 61 67 69 1 1 1 1
60 66 58 62 68 70 1 1 1 1
61 67 59 63 69 71 1 1 1 1
62 68 60 64 70 72 1 1 1 1
63 69 61 65 71 73 1 1 1 1
64 70 62 66 72 74 1 1 1 1
63 71 63 67 71 75 1 1 1 1
64 72 62 68 72 76 1 1 1 1
63 73 63 67 71 77 2 2 2 2
64 74 64 68 72 78 1 1 1 1
65 75 65 69 73 77 1 1 1 1
66 76 66 70 74 76 1 1 1 1
67 77 67 71 75 77 1 1 1 1
68 78 68 72 76 78 1 1 1 1
69 79 69 73 77 79 1 1 1 1
70 80 70 74 78 80 1 1 1 1
71 79 71 75 77 81 1 1 1 1
72 80 72 76 78 82 1 1 1 1
73 81 73 75 79 83 1 1 1 1
74 82 74 76 80 84 1 1 1 1
75 81 75 77 81 85 1 1 1 1
76 82 76 76 82 86 1 1 1 1
77 83 77 77 83 87 1 1 1 1
78 84 76 78 82 88 1 1 1 1
79 85 77 79 83 89 1 1 1 1
80 86 78 80 84 88 1 1 1 1
81 87 79 81 85 89 1 1 1 1
