1 2 1 1 1 2 2 2 2 2
1 1 2 1 2 3 3 3 3 3
1 2 3 1 1 2 4 4 4 4
1 1 2 1 2 1 5 5 5 5
1 2 1 1 1 2 6 6 6 6
2 3 1 1 2 3 7 7 7 7
3 2 2 1 1 4 8 8 8 8
4 1 3 1 2 3 9 9 9 9
5 2 4 1 3 2 10 10 10 10
6 3 5 1 2 3 11 11 11 11
5 2 4 2 1 4 12 12 12 12
6 1 5 1 2 3 13 13 13 13
5 1 4 1 1 2 14 14 14 14
6 1 3 2 1 1 15 15 15 15
7 2 4 3 1 2 16 16 16 16
6 3 5 4 1 3 17 17 17 17
7 4 4 3 2 2 18 18 18 18
6 5 5 2 1 3 19 19 19 19
7 4 6 3 2 4 20 20 20 20
6 3 5 4 3 5 21 21 21 21
7 2 6 5 2 6 22 22 22 22
8 3 5 6 3 5 23 23 23 23
7 4 4 7 4 4 24 24 24 24
6 3 3 6 5 5 25 25 25 25
7 2 2 7 4 6 26 26 26 26
8 3 3 8 5 5 27 27 27 27
7 4 2 9 6 6 28 28 28 28
8 5 3 8 5 7 29 29 29 29
9 6 2 7 6 8 30 30 30 30
10 7 3 6 7 7 31 31 31 31
9 6 4 7 8 6 32 32 32 32
10 7 5 8 9 7 33 33 33 33
11 6 4 7 10 6 34 34 34 34
10 5 3 6 11 5 35 35 35 35
9 4 4 5 12 4 36 36 36 36
10 3 5 6 11 3 37 37 37 37
11 4 6 5 12 2 38 38 38 38
10 3 5 4 11 1 39 39 39 39
11 4 4 3 12 1 40 40 40 40
12 5 5 2 13 1 41 41 41 41
11 4 6 3 12 1 42 42 42 42
12 5 7 4 11 2 43 43 43 43
11 6 6 5 10 3 44 44 44 44
12 7 7 6 9 2 45 45 45 45
13 8 6 7 10 3 46 46 46 46
12 9 5 6 11 4 47 47 47 47
13 8 6 5 10 5 48 48 48 48
12 7 7 6 9 4 49 49 49 49
11 8 6 7 10 5 50 50 50 50
12 9 7 8 11 6 51 51 51 51
11 10 8 7 10 7 52 52 52 52
10 9 9 8 11 8 53 53 53 53
11 8 10 9 10 9 54 54 54 54
12 7 11 8 11 8 55 55 55 55
13 8 10 7 12 7 56 56 56 56
14 7 9 6 13 8 57 57 57 57
13 8 8 7 14 7 58 58 58 58
12 9 7 8 13 6 59 59 59 59
11 10 8 7 12 7 60 60 60 60
10 11 9 8 11 6 61 61 61 61
