2 2 2 2 2 2 1 1 1 1
3 3 3 3 3 3 1 1 1 1
4 4 4 4 4 4 1 1 1 1
5 5 5 5 5 5 1 1 1 1
6 6 6 6 6 6 1 1 1 1
7 7 7 7 7 7 1 1 1 1
8 8 8 8 8 8 1 1 1 1
9 9 9 9 9 9 1 1 1 1
10 10 10 10 10 10 1 1 1 1
9 11 11 11 11 11 1 1 1 1
10 12 12 12 12 12 1 1 1 1
11 13 13 13 13 13 1 1 1 1
12 14 14 14 14 14 1 1 1 1
13 15 15 15 15 15 1 1 1 1
14 16 16 16 16 16 1 1 1 1
15 17 17 17 17 17 1 1 1 1
16 18 18 18 18 18 1 1 1 1
17 19 19 19 19 19 1 1 1 1
18 20 20 20 20 20 1 1 1 1
19 21 21 21 21 21 1 1 1 1
20 22 22 22 22 22 1 1 1 1
21 23 23 23 23 23 1 1 1 1
22 24 24 24 24 24 1 1 1 1
23 25 25 25 25 25 1 1 1 1
24 26 26 26 26 26 1 1 1 1
25 27 27 27 27 27 1 1 1 1
26 28 28 28 28 28 1 1 1 1
27 29 29 29 29 29 1 1 1 1
28 30 30 30 30 30 1 1 1 1
29 31 31 31 31 31 1 1 1 1
30 32 32 32 32 32 1 1 1 1
31 33 31 33 33 33 1 1 1 1
32 34 32 34 34 34 1 1 1 1
33 35 33 35 35 35 1 1 1 1
34 36 34 36 36 36 1 1 1 1
35 37 35 37 37 37 1 1 1 1
36 38 36 38 38 38 1 1 1 1
37 39 37 39 39 39 1 1 1 1
38 40 38 40 40 40 1 1 1 1
39 41 39 41 41 41 1 1 1 1
40 42 40 42 42 42 1 1 1 1
41 43 41 43 43 43 1 1 1 1
42 44 42 44 44 44 1 1 1 1
43 45 43 45 45 45 1 1 1 1
44 46 44 46 46 46 1 1 1 1
45 47 45 47 47 47 1 1 1 1
46 48 46 48 48 48 1 1 1 1
47 49 47 49 49 49 1 1 1 1
48 50 48 50 50 50 1 1 1 1
49 51 49 51 51 51 1 1 1 1
50 52 50 52 52 52 1 1 1 1
51 53 51 53 53 53 1 1 1 1
52 54 52 54 54 54 1 1 1 1
53 55 53 55 55 55 1 1 1 1
54 56 54 56 56 56 1 1 1 1
55 57 55 57 57 57 1 1 1 1
56 58 56 58 58 58 1 1 1 1
57 59 57 59 59 59 1 1 1 1
58 60 58 60 60 60 1 1 1 1
59 61 59 61 61 61 1 1 1 1
60 62 60 62 62 62 1 1 1 1
61 63 59 63 63 63 1 1 1 1
62 64 60 64 64 64 1 1 1 1
63 65 61 65 65 65 1 1 1 1
64 66 62 66 66 66 1 1 1 1
65 67 63 67 67 67 1 1 1 1
66 68 64 68 68 68 1 1 1 1
67 69 65 69 69 69 1 1 1 1
68 70 66 70 70 70 1 1 1 1
69 71 67 71 71 71 1 1 1 1
70 72 68 72 72 72 1 1 1 1
71 73 69 73 73 73 1 1 1 1
72 74 70 74 74 74 1 1 1 1
73 75 69 75 75 75 1 1 1 1
74 76 70 76 76 76 1 1 1 1
75 77 71 77 77 77 1 1 1 1
76 78 72 78 78 78 1 1 1 1
77 79 73 79 77 79 1 1 1 1
78 80 74 80 78 80 1 1 1 1
79 81 75 81 79 81 1 1 1 1
80 82 76 82 80 82 1 1 1 1
81 83 77 83 81 83 1 1 1 1
82 84 78 84 82 84 1 1 1 1
83 85 79 85 83 85 1 1 1 1
84 86 80 86 84 86 1 1 1 1
85 87 81 87 85 87 1 1 1 1
86 88 82 88 86 88 1 1 1 1
87 89 83 89 87 89 1 1 1 1
88 90 84 90 88 90 1 1 1 1
89 91 85 91 89 91 1 1 1 1
90 92 86 92 90 92 1 1 1 1
91 93 87 93 91 93 1 1 1 1
92 94 88 94 92 94 1 1 1 1
93 95 89 95 93 95 1 1 1 1
94 96 90 96 94 96 1 1 1 1
95 97 91 97 95 97 1 1 1 1
96 98 92 98 96 98 1 1 1 1
97 99 93 99 97 99 1 1 1 1
98 100 94 100 98 100 1 1 1 1
99 100 95 100 99 100 1 1 1 1
