1 1 1 1 1 1 1 1 1 1
2 1 2 2 2 2 2 1 1 1
3 2 3 3 3 1 3 1 1 1
4 1 4 4 4 2 4 1 1 1
5 2 5 5 5 1 5 1 1 1
6 1 4 6 6 2 6 1 1 1
7 1 3 7 7 3 7 1 1 1
8 1 2 8 6 4 8 1 1 1
9 2 3 7 7 3 9 1 1 1
10 3 4 8 8 4 10 1 1 1
9 2 3 9 9 3 11 2 2 2
10 3 2 8 10 4 12 1 1 1
11 4 3 9 11 5 13 1 1 1
10 5 4 10 10 6 14 1 1 1
11 6 3 11 11 7 15 1 1 1
12 5 4 10 10 6 16 2 2 2
11 6 5 11 11 7 17 1 1 1
12 5 4 12 12 8 16 2 2 2
13 6 3 13 13 9 17 1 1 1
14 7 4 14 14 10 18 1 1 1
15 8 3 15 15 11 19 1 1 1
16 9 2 16 16 12 20 1 1 1
17 10 3 17 15 11 21 1 1 1
16 9 4 18 16 12 22 1 1 1
17 10 5 19 17 13 23 1 1 1
18 11 6 20 16 14 24 1 1 1
19 12 7 21 17 15 23 1 1 1
20 13 6 22 16 16 24 1 1 1
21 14 7 23 15 17 25 1 1 1
22 15 6 24 14 16 26 1 1 1
23 16 7 25 13 15 27 1 1 1
22 17 8 26 14 14 28 1 1 1
23 18 9 27 15 13 29 1 1 1
24 19 8 28 16 14 28 1 1 1
25 20 9 29 15 15 29 1 1 1
26 21 8 30 16 16 30 1 1 1
27 22 9 31 17 17 31 1 1 1
28 21 10 32 18 16 32 1 1 1
29 20 9 31 19 17 33 2 2 2
30 21 10 32 20 18 34 1 1 1
31 22 11 31 21 19 33 1 1 1
32 23 10 32 20 20 34 1 1 1
33 24 11 33 21 19 35 1 1 1
34 25 12 32 22 20 36 1 1 1
33 24 11 33 21 21 37 2 2 2
34 25 12 34 22 22 38 1 1 1
35 26 13 35 21 21 39 1 1 1
34 27 14 36 22 22 38 1 1 1
35 26 15 37 21 23 37 1 1 1
36 27 16 38 22 22 36 1 1 1
37 28 15 39 23 21 37 1 1 1
38 29 16 40 22 22 36 1 1 1
39 30 15 41 23 23 37 1 1 1
40 31 14 42 24 24 36 1 1 1
39 30 13 43 25 25 37 1 1 1
38 31 14 44 24 26 38 1 1 1
39 30 15 45 25 27 39 1 1 1
40 31 16 46 24 26 40 1 1 1
41 32 17 47 25 27 41 1 1 1
42 33 18 48 26 26 40 1 1 1
43 32 19 49 27 27 39 1 1 1
44 31 20 48 26 28 40 2 2 2
45 32 21 49 27 29 41 1 1 1
44 33 22 50 28 30 40 1 1 1
45 32 23 49 27 31 41 1 1 1
46 33 22 50 28 32 42 1 1 1
47 32 21 51 29 33 41 1 1 1
46 31 20 52 30 34 42 1 1 1
47 32 21 53 31 35 41 1 1 1
48 33 22 54 32 36 42 1 1 1
49 32 23 53 33 37 43 1 1 1
50 33 24 54 34 38 44 1 1 1
49 34 23 55 35 39 43 1 1 1
50 35 24 56 34 38 44 1 1 1
51 34 25 57 35 39 45 1 1 1
52 35 24 58 36 38 46 1 1 1
51 36 25 59 37 37 45 1 1 1
52 37 24 60 38 38 44 1 1 1
53 38 25 61 37 37 45 1 1 1
54 39 24 62 38 38 46 1 1 1
53 40 23 63 39 39 47 1 1 1
54 39 24 64 40 40 46 1 1 1
55 40 25 65 41 41 47 1 1 1
54 41 26 66 40 42 48 2 2 2
55 42 25 65 41 43 49 1 1 1
56 43 24 64 42 42 50 2 2 2
57 44 23 65 43 43 51 1 1 1
58 45 24 66 44 42 52 1 1 1
59 44 25 65 45 43 53 1 1 1
60 45 26 66 44 42 54 1 1 1
61 46 25 65 45 43 53 1 1 1
60 45 26 66 46 44 54 1 1 1
61 46 27 67 47 45 55 1 1 1
60 47 28 68 48 46 56 1 1 1
59 46 29 69 49 47 57 1 1 1
60 47 30 70 50 46 58 1 1 1
59 48 31 71 51 47 59 1 1 1
60 47 32 72 52 48 60 1 1 1
61 48 33 73 53 49 61 1 1 1
62 49 32 74 54 50 62 1 1 1
