1 1 1 1 1 1 1 1 1 1
2 2 2 2 2 2 1 1 1 1
1 3 3 1 3 3 1 2 2 2
1 4 4 2 2 2 1 3 3 3
1 3 5 1 3 1 1 4 4 4
2 2 6 1 2 2 1 5 5 5
1 1 7 1 1 1 1 6 6 6
1 1 6 2 2 1 2 7 7 7
1 2 5 1 1 2 3 8 8 8
2 3 4 1 1 1 4 9 9 9
1 2 3 1 2 2 3 10 10 10
2 1 2 1 3 1 2 11 11 11
1 2 1 1 2 1 3 12 12 12
1 3 1 2 3 1 2 13 13 13
1 4 1 1 2 1 3 14 14 14
2 3 1 1 1 2 4 15 15 15
3 2 2 2 1 3 3 16 16 16
2 3 1 3 2 2 2 17 17 17
1 2 1 2 1 1 1 18 18 18
2 3 2 1 1 1 1 19 19 19
1 4 1 1 1 1 2 20 20 20
1 3 1 1 1 2 3 21 21 21
1 2 1 1 1 1 4 22 22 22
2 1 1 2 2 1 3 23 23 23
1 1 1 1 1 1 2 24 24 24
1 1 1 1 1 2 3 25 25 25
1 1 2 1 1 1 4 26 26 26
1 1 1 1 1 1 3 27 27 27
1 2 2 1 1 1 2 28 28 28
1 1 1 1 1 1 1 29 29 29
1 1 1 2 1 2 2 30 30 30
1 1 1 1 2 1 3 31 31 31
2 2 1 1 3 1 4 32 32 32
3 1 1 1 2 1 3 33 33 33
2 1 1 1 3 2 2 34 34 34
1 2 1 1 4 1 3 35 35 35
1 3 2 2 3 1 2 36 36 36
1 2 1 3 4 1 1 37 37 37
1 3 1 4 3 1 1 38 38 38
1 2 1 5 4 1 1 39 39 39
1 3 1 4 5 1 2 40 40 40
1 4 1 5 4 2 1 41 41 41
1 3 2 4 3 3 1 42 42 42
2 2 1 3 2 4 1 43 43 43
1 3 1 2 1 5 1 44 44 44
1 2 2 1 2 4 1 45 45 45
1 1 3 1 1 3 1 46 46 46
2 2 2 1 1 4 2 47 47 47
3 3 1 1 1 5 1 48 48 48
2 2 1 2 1 6 2 49 49 49
1 1 1 1 1 5 1 50 50 50
2 1 1 2 1 4 1 51 51 51
1 1 2 3 2 3 1 52 52 52
2 1 1 2 1 2 1 53 53 53
1 1 1 3 2 1 1 54 54 54
2 1 1 2 3 1 1 55 55 55
1 1 1 1 2 1 1 56 56 56
1 1 1 1 1 1 2 57 57 57
1 1 1 1 1 1 1 58 58 58
1 1 1 1 1 1 1 59 59 59
