1 1 1 1 2 2 2 2 2 2
1 1 2 2 1 1 3 3 3 3
1 1 1 1 2 2 4 4 4 4
2 1 2 2 3 3 5 5 5 5
3 2 1 3 4 2 6 6 6 6
4 1 1 4 5 1 7 7 7 7
3 1 2 5 6 2 8 8 8 8
4 1 1 4 7 3 9 9 9 9
3 2 2 3 8 4 10 10 10 10
2 1 3 4 7 3 11 11 11 11
1 2 4 5 8 2 12 12 12 12
2 3 3 4 7 1 13 13 13 13
1 4 2 5 6 1 14 14 14 14
1 3 1 4 7 2 15 15 15 15
2 4 2 5 6 3 16 16 16 16
1 3 1 4 5 4 17 17 17 17
2 4 2 5 6 3 18 18 18 18
3 3 1 4 5 2 19 19 19 19
2 4 2 3 6 3 20 20 20 20
1 3 1 2 5 2 21 21 21 21
1 4 2 1 6 3 22 22 22 22
2 5 3 1 7 4 23 23 23 23
1 6 2 2 8 3 24 24 24 24
2 7 1 1 9 2 25 25 25 25
1 6 2 1 8 1 26 26 26 26
2 7 3 1 7 1 27 27 27 27
3 8 2 1 6 1 28 28 28 28
2 9 3 2 7 1 29 29 29 29
3 8 2 3 8 2 30 30 30 30
2 9 3 2 9 1 31 31 31 31
3 8 4 1 10 2 32 32 32 32
2 9 5 2 9 1 33 33 33 33
1 8 4 1 10 2 34 34 34 34
2 7 5 2 11 1 35 35 35 35
3 6 6 3 10 2 36 36 36 36
4 7 5 2 11 1 37 37 37 37
5 6 6 3 10 2 38 38 38 38
6 7 5 4 9 1 39 39 39 39
7 8 6 3 10 1 40 40 40 40
6 7 7 4 9 2 41 41 41 41
7 8 6 5 10 3 42 42 42 42
6 9 5 4 11 4 43 43 43 43
7 10 6 5 10 3 44 44 44 44
8 9 5 6 11 2 45 45 45 45
7 8 4 7 12 3 46 46 46 46
8 7 3 6 11 4 47 47 47 47
7 8 2 7 10 5 48 48 48 48
8 9 1 8 9 4 49 49 49 49
9 8 2 7 10 3 50 50 50 50
8 9 1 8 11 4 51 51 51 51
7 8 1 7 12 5 52 52 52 52
8 9 1 8 11 4 53 53 53 53
9 8 1 9 12 3 54 54 54 54
8 7 2 10 13 4 55 55 55 55
7 8 1 11 12 3 56 56 56 56
8 9 2 10 13 2 57 57 57 57
9 10 3 9 12 1 58 58 58 58
8 11 2 8 13 1 59 59 59 59
9 10 3 9 14 1 60 60 60 60
10 11 2 8 15 1 61 61 61 61
11 10 3 7 16 2 62 62 62 62
12 9 4 8 17 3 63 63 63 63
13 8 5 9 16 4 64 64 64 64
14 9 6 10 15 5 65 65 65 65
15 10 5 11 16 4 66 66 66 66
16 11 4 12 17 3 67 67 67 67
15 12 3 11 16 2 68 68 68 68
14 11 4 12 15 3 69 69 69 69
13 10 5 11 16 4 70 70 70 70
14 9 4 12 17 5 71 71 71 71
15 8 5 11 16 6 72 72 72 72
14 9 6 10 15 5 73 73 73 73
15 8 7 11 14 4 74 74 74 74
14 9 8 10 13 5 75 75 75 75
13 10 7 11 14 4 76 76 76 76
12 9 6 12 15 5 77 77 77 77
11 10 5 11 16 4 78 78 78 78
10 11 4 10 15 5 79 79 79 79
9 12 3 9 16 4 80 80 80 80
10 11 4 8 17 3 81 81 81 81
9 10 3 9 16 2 82 82 82 82
10 11 2 10 17 1 83 83 83 83
9 12 3 11 18 1 84 84 84 84
10 11 4 10 17 1 85 85 85 85
11 12 5 11 16 1 86 86 86 86
10 13 6 12 15 2 87 87 87 87
11 12 7 13 16 1 88 88 88 88
10 11 8 14 17 2 89 89 89 89
9 10 9 15 16 1 90 90 90 90
10 9 10 14 15 1 91 91 91 91
9 10 11 13 14 1 92 92 92 92
8 9 10 12 13 1 93 93 93 93
7 8 11 11 14 2 94 94 94 94
6 9 12 12 15 3 95 95 95 95
7 8 11 13 16 4 96 96 96 96
6 7 10 12 17 5 97 97 97 97
5 8 9 13 16 4 98 98 98 98
6 9 10 12 17 3 99 99 99 99
5 10 9 11 18 4 100 100 100 100
4 9 8 10 17 3 100 100 100 100
