2 1 2 1 2 1 2 2 2 2
3 2 3 2 3 2 1 1 1 1
4 3 4 3 4 1 1 1 1 1
5 4 5 2 5 2 1 1 1 1
6 3 4 3 6 3 2 2 2 2
7 4 5 4 7 2 1 1 1 1
8 3 4 3 8 1 2 2 2 2
9 4 5 4 9 1 1 1 1 1
10 5 4 5 10 2 1 1 1 1
11 6 3 6 11 3 1 1 1 1
12 5 4 7 10 4 2 2 2 2
11 6 5 8 11 5 1 1 1 1
12 5 4 9 12 6 1 1 1 1
11 4 5 10 13 7 1 1 1 1
10 5 4 11 14 8 1 1 1 1
9 6 5 12 13 7 2 2 2 2
10 7 4 11 12 8 3 3 3 3
11 6 3 10 11 9 4 4 4 4
12 7 4 9 12 10 3 3 3 3
11 8 5 10 13 11 2 2 2 2
12 9 6 11 14 12 1 1 1 1
13 8 5 12 15 13 1 1 1 1
14 9 4 13 16 12 1 1 1 1
13 10 5 14 17 13 1 1 1 1
12 11 4 15 18 14 1 1 1 1
11 12 5 16 19 15 1 1 1 1
12 11 6 15 20 16 1 1 1 1
13 12 7 16 21 15 2 2 2 2
14 13 8 17 22 14 1 1 1 1
13 14 7 16 23 15 2 2 2 2
12 15 6 15 24 14 3 3 3 3
13 14 7 16 25 13 2 2 2 2
14 13 8 17 26 14 1 1 1 1
15 14 7 18 27 15 1 1 1 1
16 15 8 17 28 14 1 1 1 1
17 16 9 18 29 13 1 1 1 1
18 17 8 17 30 14 1 1 1 1
17 18 9 18 29 13 2 2 2 2
18 19 8 19 28 12 3 3 3 3
17 20 9 18 29 13 2 2 2 2
18 21 10 19 28 14 1 1 1 1
19 22 11 18 27 15 1 1 1 1
20 23 12 17 28 16 1 1 1 1
19 24 13 18 29 15 1 1 1 1
18 25 12 19 30 16 1 1 1 1
17 26 13 20 31 15 2 2 2 2
18 27 12 19 32 16 1 1 1 1
17 28 13 20 33 17 2 2 2 2
16 29 12 21 34 18 3 3 3 3
17 28 13 20 35 19 4 4 4 4
16 29 12 19 36 18 5 5 5 5
15 28 11 20 37 17 6 6 6 6
14 27 12 19 38 16 7 7 7 7
13 28 11 20 39 17 6 6 6 6
12 29 12 21 40 18 5 5 5 5
11 30 11 22 39 19 6 6 6 6
10 31 12 23 40 20 5 5 5 5
11 30 11 24 41 21 4 4 4 4
12 31 12 25 40 22 3 3 3 3
11 32 13 26 41 23 2 2 2 2
