1 1 1 1 1 1 1 1 1 1
1 1 1 1 1 1 1 1 1 1
1 1 1 1 1 1 1 1 1 1
2 2 2 2 2 2 1 1 1 1
1 1 3 1 1 3 2 2 2 2
1 1 2 2 2 4 3 3 3 3
1 1 3 1 1 5 4 4 4 4
1 2 2 2 2 4 5 5 5 5
1 3 1 3 1 5 6 6 6 6
1 2 2 2 1 4 7 7 7 7
1 1 1 1 1 3 8 8 8 8
1 1 1 1 1 2 9 9 9 9
2 1 1 1 1 3 10 10 10 10
1 1 1 2 1 4 11 11 11 11
1 1 1 1 2 3 12 12 12 12
1 1 1 1 1 4 13 13 13 13
2 1 1 2 1 3 14 14 14 14
1 1 1 1 1 4 15 15 15 15
2 1 1 1 2 3 16 16 16 16
1 1 2 2 1 4 17 17 17 17
2 1 1 1 1 3 18 18 18 18
1 1 2 1 1 2 19 19 19 19
1 1 1 1 1 1 20 20 20 20
1 1 1 2 1 2 21 21 21 21
2 1 1 1 2 1 22 22 22 22
3 1 1 1 1 2 23 23 23 23
2 2 2 1 2 1 24 24 24 24
1 1 3 1 1 2 25 25 25 25
1 1 2 1 1 1 26 26 26 26
1 2 3 2 2 1 27 27 27 27
2 3 4 3 3 2 28 28 28 28
1 2 3 4 2 3 29 29 29 29
1 1 2 3 3 4 30 30 30 30
1 1 3 2 2 3 31 31 31 31
1 1 2 3 1 2 32 32 32 32
1 1 3 2 2 1 33 33 33 33
1 1 2 3 1 2 34 34 34 34
1 1 3 2 1 1 35 35 35 35
1 2 2 3 2 2 36 36 36 36
2 1 3 2 1 3 37 37 37 37
1 2 2 3 1 4 38 38 38 38
1 1 1 2 1 3 39 39 39 39
2 1 1 1 2 2 40 40 40 40
1 1 1 1 1 1 41 41 41 41
1 1 1 1 1 2 42 42 42 42
1 2 2 2 1 3 43 43 43 43
2 1 3 1 1 2 44 44 44 44
1 2 4 1 1 3 45 45 45 45
1 1 5 1 2 2 46 46 46 46
1 2 4 2 1 1 47 47 47 47
1 1 5 3 2 2 48 48 48 48
1 1 4 2 3 1 49 49 49 49
1 1 3 1 2 1 50 50 50 50
2 2 4 2 1 2 51 51 51 51
3 1 5 3 2 3 52 52 52 52
4 1 6 2 1 2 53 53 53 53
3 1 7 1 1 3 54 54 54 54
4 1 6 2 1 2 55 55 55 55
5 1 7 3 1 1 56 56 56 56
4 1 6 2 1 1 57 57 57 57
3 1 7 1 1 1 58 58 58 58
2 1 8 1 2 1 59 59 59 59
3 1 9 1 1 1 60 60 60 60
2 1 10 1 1 2 61 61 61 61
1 1 11 1 2 1 62 62 62 62
1 1 12 1 3 1 63 63 63 63
1 2 11 1 4 1 64 64 64 64
1 3 10 1 5 1 65 65 65 65
2 2 11 1 4 1 66 66 66 66
3 1 10 1 3 1 67 67 67 67
2 1 9 1 2 1 68 68 68 68
3 1 8 1 1 1 69 69 69 69
2 2 7 1 2 2 70 70 70 70
1 1 6 2 3 1 71 71 71 71
2 1 5 1 4 1 72 72 72 72
3 1 6 1 3 2 73 73 73 73
4 1 5 2 4 3 74 74 74 74
3 1 4 3 5 2 75 75 75 75
4 1 3 2 4 1 76 76 76 76
3 1 2 1 3 1 77 77 77 77
2 1 1 1 2 1 78 78 78 78
1 1 1 2 1 2 79 79 79 79
1 1 1 1 1 3 80 80 80 80
2 1 1 1 2 2 81 81 81 81
3 1 1 1 1 1 82 82 82 82
4 1 2 1 1 2 83 83 83 83
5 2 1 1 1 3 84 84 84 84
6 1 1 2 1 4 85 85 85 85
7 1 1 1 1 3 86 86 86 86
6 1 2 1 1 4 87 87 87 87
7 1 3 1 1 3 88 88 88 88
6 1 2 2 1 2 89 89 89 89
5 1 3 3 1 1 90 90 90 90
4 2 2 2 1 1 91 91 91 91
3 1 1 1 2 1 92 92 92 92
4 1 1 1 3 1 93 93 93 93
3 2 1 1 2 2 94 94 94 94
2 1 1 1 3 1 95 95 95 95
1 2 1 1 2 1 96 96 96 96
1 1 2 1 3 1 97 97 97 97
