2 2 1 2 2 1 1 2 2 2
1 1 2 3 3 2 1 3 3 3
1 2 3 4 4 3 1 4 4 4
2 1 2 3 3 4 1 5 5 5
3 2 3 4 2 5 2 4 4 4
2 1 4 3 3 6 1 5 5 5
1 1 3 4 4 7 2 6 6 6
1 1 4 3 3 8 3 7 7 7
1 1 5 2 4 9 2 8 8 8
2 2 6 3 3 8 1 9 9 9
3 1 5 4 4 7 2 10 10 10
2 1 6 3 5 6 1 11 11 11
3 1 7 2 6 7 2 12 12 12
4 1 6 1 5 6 1 13 13 13
3 2 7 2 6 5 1 14 14 14
2 3 8 1 7 6 1 15 15 15
3 2 7 2 6 5 1 16 16 16
4 1 8 1 5 6 2 17 17 17
3 1 9 2 4 5 1 18 18 18
2 2 10 3 3 4 2 19 19 19
1 3 9 4 4 5 3 20 20 20
1 4 10 3 3 4 4 21 21 21
2 3 9 2 4 3 5 22 22 22
1 2 8 1 3 2 4 23 23 23
2 1 9 2 2 3 3 24 24 24
3 1 10 3 1 2 2 25 25 25
4 2 9 4 2 1 3 26 26 26
5 3 8 3 3 2 4 27 27 27
4 2 7 4 4 1 3 28 28 28
5 1 8 5 3 2 2 29 29 29
6 1 7 6 2 1 1 30 30 30
5 2 6 5 3 2 1 31 31 31
4 3 5 4 4 1 1 32 32 32
5 2 4 3 5 2 2 33 33 33
4 1 3 2 4 3 3 34 34 34
3 1 2 3 3 2 4 35 35 35
4 2 1 4 2 3 3 36 36 36
3 3 1 5 3 4 2 37 37 37
2 2 2 6 4 5 3 38 38 38
3 3 3 7 3 6 2 39 39 39
4 2 4 8 2 5 1 40 40 40
3 3 5 7 1 6 2 41 41 41
2 2 4 8 1 7 1 42 42 42
3 3 3 9 1 8 1 43 43 43
2 4 2 8 2 7 2 44 44 44
1 5 1 9 1 8 3 45 45 45
1 4 2 8 1 9 4 46 46 46
2 5 3 7 2 8 5 47 47 47
1 4 2 6 3 7 6 48 48 48
2 3 3 7 4 6 5 49 49 49
1 2 2 8 5 7 4 50 50 50
1 3 3 9 4 6 3 51 51 51
1 2 2 10 5 7 2 52 52 52
1 1 1 9 6 8 1 53 53 53
2 2 1 10 5 7 1 54 54 54
1 1 1 9 6 8 2 55 55 55
1 2 1 8 5 9 3 56 56 56
2 1 2 9 6 10 4 57 57 57
3 2 3 8 5 9 5 58 58 58
2 3 4 7 6 8 4 59 59 59
3 4 5 8 5 9 5 60 60 60
4 5 4 9 4 10 4 61 61 61
3 6 3 10 3 9 3 62 62 62
2 5 2 9 2 8 4 63 63 63
3 6 1 8 3 7 3 64 64 64
4 7 1 9 4 8 2 65 65 65
3 8 1 10 5 9 1 66 66 66
2 9 1 11 6 10 2 67 67 67
3 10 2 10 7 9 3 68 68 68
2 9 1 11 8 10 4 69 69 69
1 8 1 10 7 9 5 70 70 70
2 7 1 9 8 8 4 71 71 71
1 6 2 8 9 7 5 72 72 72
2 7 3 7 8 6 6 73 73 73
1 6 4 8 7 7 5 74 74 74
2 7 5 9 8 8 4 75 75 75
1 6 4 10 9 9 5 76 76 76
2 5 3 9 10 8 4 77 77 77
1 6 2 8 9 7 5 78 78 78
1 5 1 9 10 6 6 79 79 79
2 4 2 8 9 7 7 80 80 80
1 3 1 9 10 8 6 81 81 81
1 4 2 8 9 7 5 82 82 82
2 3 3 7 10 6 6 83 83 83
1 4 4 6 9 5 5 84 84 84
1 3 5 5 8 4 4 85 85 85
1 4 6 6 9 5 5 86 86 86
1 3 5 5 8 6 6 87 87 87
1 4 6 4 9 5 7 88 88 88
2 5 5 3 8 6 6 89 89 89
3 6 6 4 7 5 7 90 90 90
2 5 5 5 6 6 8 91 91 91
3 4 4 6 7 7 9 92 92 92
4 3 3 5 6 6 8 93 93 93
3 2 2 6 7 7 9 94 94 94
2 3 1 5 8 8 10 95 95 95
3 2 2 4 9 7 11 96 96 96
2 3 3 3 8 6 10 97 97 97
3 2 4 4 7 5 9 98 98 98
4 3 5 5 6 4 10 99 99 99
