2 1 1 1 1 2 2 2 2 2
1 2 1 1 2 1 3 3 3 3
2 3 1 1 1 2 4 4 4 4
3 2 1 2 1 3 5 5 5 5
4 1 1 1 1 4 6 6 6 6
3 1 1 1 1 3 7 7 7 7
4 1 1 2 2 2 8 8 8 8
3 2 2 1 3 1 9 9 9 9
2 3 3 1 2 1 10 10 10 10
1 4 4 1 3 2 11 11 11 11
2 3 3 2 2 1 12 12 12 12
1 4 2 1 3 2 13 13 13 13
2 5 1 1 2 1 14 14 14 14
1 4 1 1 1 1 15 15 15 15
1 5 1 1 1 1 16 16 16 16
2 4 2 1 1 1 17 17 17 17
3 3 3 2 1 1 18 18 18 18
4 2 4 3 1 2 19 19 19 19
5 1 3 4 1 3 20 20 20 20
4 1 2 5 1 2 21 21 21 21
3 2 3 4 1 3 22 22 22 22
4 1 2 3 1 4 23 23 23 23
3 1 3 4 1 3 24 24 24 24
2 1 2 3 2 2 25 25 25 25
1 2 3 4 1 3 26 26 26 26
1 1 2 5 1 2 27 27 27 27
1 1 1 6 2 1 28 28 28 28
1 1 1 5 1 2 29 29 29 29
2 1 2 4 2 1 30 30 30 30
1 2 3 3 1 2 31 31 31 31
1 3 2 4 2 1 32 32 32 32
2 4 3 5 1 2 33 33 33 33
3 3 2 4 1 1 34 34 34 34
2 4 3 3 1 1 35 35 35 35
1 3 4 4 1 1 36 36 36 36
2 4 5 5 2 2 37 37 37 37
1 3 4 4 1 3 38 38 38 38
2 4 3 3 1 2 39 39 39 39
1 3 2 4 1 3 40 40 40 40
2 2 1 3 1 4 41 41 41 41
1 1 2 4 1 5 42 42 42 42
1 1 3 5 1 4 43 43 43 43
2 1 2 4 2 3 44 44 44 44
3 1 3 3 1 2 45 45 45 45
4 1 4 2 1 1 46 46 46 46
5 2 3 3 1 1 47 47 47 47
4 1 2 2 1 1 48 48 48 48
5 1 3 1 1 1 49 49 49 49
4 1 4 2 2 2 50 50 50 50
5 2 5 1 3 1 51 51 51 51
6 1 4 1 2 1 52 52 52 52
7 1 5 1 3 2 53 53 53 53
8 1 4 2 4 3 54 54 54 54
7 2 3 3 5 4 55 55 55 55
6 3 4 4 4 3 56 56 56 56
5 4 5 3 3 2 57 57 57 57
6 3 4 2 2 1 58 58 58 58
5 4 3 3 1 1 59 59 59 59
6 3 4 2 2 1 60 60 60 60
5 4 3 1 1 2 61 61 61 61
4 3 2 2 2 3 62 62 62 62
3 2 3 3 1 2 63 63 63 63
2 3 4 4 1 1 64 64 64 64
3 2 3 5 1 2 65 65 65 65
2 1 2 4 1 1 66 66 66 66
1 1 3 3 1 1 67 67 67 67
2 1 2 4 2 2 68 68 68 68
1 1 3 5 3 3 69 69 69 69
2 1 4 6 4 2 70 70 70 70
1 1 3 5 3 1 71 71 71 71
1 1 2 4 4 1 72 72 72 72
1 2 3 3 3 1 73 73 73 73
1 3 2 2 2 1 74 74 74 74
1 2 1 1 1 1 75 75 75 75
1 1 1 1 2 1 76 76 76 76
2 1 1 2 1 1 77 77 77 77
1 2 1 3 2 1 78 78 78 78
2 1 1 2 1 1 79 79 79 79
1 1 2 1 1 1 80 80 80 80
1 2 3 1 1 1 81 81 81 81
2 1 2 2 2 2 82 82 82 82
3 2 1 3 1 3 83 83 83 83
2 1 1 2 2 4 84 84 84 84
1 1 1 1 1 5 85 85 85 85
1 2 1 1 1 4 86 86 86 86
2 3 1 1 2 3 87 87 87 87
3 2 2 2 3 4 88 88 88 88
2 3 1 3 2 3 89 89 89 89
1 2 1 2 1 2 90 90 90 90
2 1 1 3 1 1 91 91 91 91
3 1 1 4 2 2 92 92 92 92
2 1 1 3 1 1 93 93 93 93
1 1 1 4 2 2 94 94 94 94
2 2 1 3 3 3 95 95 95 95
1 3 2 2 4 4 96 96 96 96
2 2 1 1 5 5 97 97 97 97
1 3 2 1 4 6 98 98 98 98
1 2 1 2 3 7 99 99 99 99
1 3 1 1 2 6 100 100 100 100
1 2 1 1 3 5 100 100 100 100
