1 1 1 1 1 1 1 1 1 1
1 1 1 1 1 1 1 1 1 1
1 1 1 1 1 1 1 1 1 1
1 1 1 1 1 1 1 1 1 1
2 2 2 1 2 2 2 1 1 1
1 3 3 2 3 3 3 1 1 1
2 4 2 1 4 4 4 2 2 2
3 5 1 2 3 3 3 3 3 3
4 4 2 3 4 4 4 2 2 2
3 5 3 4 5 5 5 1 1 1
2 6 4 5 6 6 6 1 1 1
1 7 3 6 7 5 7 1 1 1
1 8 4 5 6 6 6 2 2 2
2 9 5 6 7 5 7 1 1 1
3 10 6 5 8 6 8 1 1 1
4 11 7 6 9 7 9 1 1 1
3 12 8 5 10 8 10 1 1 1
4 11 7 6 11 9 11 1 1 1
3 10 6 5 12 10 12 2 2 2
4 11 7 6 13 9 13 1 1 1
5 12 6 7 12 8 14 2 2 2
6 13 7 8 13 7 15 1 1 1
7 14 8 9 14 6 14 1 1 1
8 15 9 10 13 7 15 1 1 1
9 16 10 11 12 8 16 1 1 1
10 17 9 12 11 9 17 1 1 1
11 18 10 11 12 10 18 1 1 1
12 19 11 12 13 11 19 1 1 1
13 20 12 11 14 12 20 1 1 1
14 21 13 12 15 11 21 1 1 1
15 22 14 11 16 12 20 1 1 1
16 23 15 12 17 13 21 1 1 1
15 24 14 13 18 14 22 1 1 1
16 23 13 14 17 15 23 2 2 2
17 24 14 15 18 16 24 1 1 1
18 25 15 16 17 17 25 1 1 1
17 24 16 17 18 18 26 1 1 1
16 25 17 18 19 19 27 1 1 1
15 26 18 19 20 20 28 1 1 1
16 27 17 20 21 21 29 1 1 1
17 28 16 21 22 22 30 1 1 1
18 27 17 22 21 23 31 1 1 1
17 28 18 23 22 22 30 1 1 1
18 27 17 24 21 23 31 2 2 2
19 28 18 23 22 24 30 1 1 1
20 29 19 24 21 25 31 1 1 1
21 30 20 25 22 26 30 1 1 1
22 29 21 26 21 27 29 1 1 1
23 28 22 27 22 28 30 1 1 1
22 29 21 28 23 29 31 1 1 1
23 28 22 29 24 30 32 1 1 1
24 27 23 30 25 29 33 1 1 1
23 28 24 31 26 30 34 1 1 1
24 29 23 32 27 31 33 1 1 1
25 30 24 33 28 32 34 1 1 1
26 31 25 34 29 31 35 1 1 1
27 32 26 35 30 32 34 1 1 1
28 33 27 36 31 33 35 1 1 1
27 34 28 37 32 34 34 1 1 1
28 35 29 38 33 35 35 1 1 1
