2 2 2 2 2 2 1 1 1 1
3 3 3 3 3 3 1 1 1 1
4 4 4 2 4 4 1 1 1 1
5 5 5 3 3 5 1 1 1 1
6 6 6 4 4 6 1 1 1 1
7 7 7 5 5 7 1 1 1 1
8 8 6 6 6 8 1 1 1 1
9 9 7 7 7 9 1 1 1 1
10 10 8 8 8 10 1 1 1 1
11 11 9 9 9 11 1 1 1 1
12 12 10 10 10 12 1 1 1 1
13 13 11 11 11 13 1 1 1 1
12 14 12 12 12 14 1 1 1 1
13 15 11 13 13 15 1 1 1 1
14 14 12 12 14 16 1 1 1 1
15 15 13 13 15 17 1 1 1 1
16 16 14 14 16 18 1 1 1 1
17 17 15 15 17 19 1 1 1 1
18 18 16 16 16 20 1 1 1 1
19 19 17 17 17 21 1 1 1 1
20 20 18 16 18 22 1 1 1 1
21 21 19 17 19 23 1 1 1 1
22 22 18 18 20 24 1 1 1 1
23 23 19 19 21 25 1 1 1 1
22 24 20 18 22 26 1 1 1 1
23 25 21 19 23 25 1 1 1 1
24 26 22 20 24 26 1 1 1 1
25 27 21 21 25 27 1 1 1 1
26 28 22 22 26 28 1 1 1 1
27 29 23 23 27 27 1 1 1 1
28 30 24 24 28 28 1 1 1 1
29 31 25 25 29 29 1 1 1 1
30 32 26 26 30 30 1 1 1 1
31 33 27 27 31 31 1 1 1 1
32 34 28 28 32 32 1 1 1 1
33 33 29 29 33 33 1 1 1 1
34 34 30 28 34 34 1 1 1 1
35 35 29 29 35 35 1 1 1 1
36 36 30 30 34 36 1 1 1 1
37 37 31 29 35 37 1 1 1 1
38 38 30 30 36 38 1 1 1 1
39 39 31 31 37 39 1 1 1 1
40 40 32 32 38 40 1 1 1 1
41 41 33 33 39 41 1 1 1 1
42 42 34 34 40 42 1 1 1 1
41 43 35 35 41 43 1 1 1 1
42 44 36 36 42 42 1 1 1 1
43 45 37 37 43 43 1 1 1 1
44 46 38 38 44 42 1 1 1 1
45 47 37 39 45 43 1 1 1 1
44 48 38 40 46 44 1 1 1 1
45 49 39 41 47 45 1 1 1 1
46 50 40 42 48 46 1 1 1 1
47 49 41 43 49 47 1 1 1 1
48 50 42 44 50 48 1 1 1 1
49 49 43 45 51 49 1 1 1 1
50 50 44 44 52 48 1 1 1 1
51 51 45 45 53 49 1 1 1 1
52 52 46 46 54 50 1 1 1 1
53 53 47 47 55 51 1 1 1 1
54 54 46 48 56 50 1 1 1 1
55 55 45 49 55 51 2 2 2 2
56 56 46 50 56 52 1 1 1 1
57 55 47 51 57 53 1 1 1 1
58 56 48 52 58 54 1 1 1 1
59 57 49 53 57 55 1 1 1 1
60 58 50 54 58 56 1 1 1 1
61 59 51 55 59 57 1 1 1 1
62 60 52 54 58 58 1 1 1 1
63 61 53 55 59 59 1 1 1 1
64 62 54 56 60 60 1 1 1 1
65 63 55 57 61 59 1 1 1 1
66 62 56 56 62 60 1 1 1 1
67 63 57 57 63 61 1 1 1 1
68 64 56 58 64 62 1 1 1 1
69 65 55 59 65 63 1 1 1 1
70 66 56 60 66 64 1 1 1 1
71 67 57 61 67 65 1 1 1 1
72 68 58 62 68 66 1 1 1 1
71 69 59 63 69 67 1 1 1 1
72 70 58 64 68 68 1 1 1 1
73 71 57 65 69 67 1 1 1 1
74 72 58 66 70 68 1 1 1 1
75 73 59 67 71 69 1 1 1 1
74 74 60 68 72 68 1 1 1 1
75 73 61 67 73 67 2 2 2 2
76 74 62 68 74 68 1 1 1 1
77 73 63 69 75 69 1 1 1 1
76 74 64 70 74 68 2 2 2 2
77 75 65 71 75 69 1 1 1 1
78 76 66 72 76 70 1 1 1 1
79 77 67 73 77 71 1 1 1 1
80 78 68 74 78 70 1 1 1 1
81 79 69 75 79 71 1 1 1 1
82 80 70 76 80 72 1 1 1 1
83 81 71 77 81 73 1 1 1 1
82 80 72 78 82 74 1 1 1 1
83 81 73 79 83 75 1 1 1 1
84 82 74 80 84 76 1 1 1 1
85 83 75 81 85 77 1 1 1 1
