2 2 2 2 2 2 2 1 1 1
3 3 3 3 3 3 3 1 1 1
2 4 4 4 4 4 4 1 1 1
3 5 5 5 5 5 5 1 1 1
2 6 4 6 6 6 6 1 1 1
3 7 5 7 7 5 7 1 1 1
4 8 6 8 8 6 8 1 1 1
5 9 5 9 9 7 9 1 1 1
6 8 6 10 10 8 10 1 1 1
7 9 7 11 11 9 11 1 1 1
8 10 8 12 12 8 10 1 1 1
9 11 9 13 13 9 9 1 1 1
10 12 10 14 14 10 10 1 1 1
11 13 11 15 15 11 11 1 1 1
12 14 12 16 16 12 10 1 1 1
13 15 13 17 17 13 9 1 1 1
14 16 14 18 18 14 10 1 1 1
15 17 15 19 19 15 11 1 1 1
16 18 16 20 20 16 12 1 1 1
17 19 15 19 21 17 13 1 1 1
18 20 16 20 22 18 14 1 1 1
19 19 17 21 23 19 15 1 1 1
20 20 16 22 24 20 16 1 1 1
21 21 15 23 25 21 17 1 1 1
22 22 16 24 26 22 18 1 1 1
23 23 17 25 27 23 19 1 1 1
24 24 18 26 28 24 18 1 1 1
25 25 19 27 29 25 19 1 1 1
26 26 20 26 30 26 20 1 1 1
27 27 21 27 31 27 21 1 1 1
28 28 22 28 32 28 22 1 1 1
29 29 23 29 33 29 23 1 1 1
30 30 24 30 34 30 24 1 1 1
31 31 25 31 35 31 25 1 1 1
30 32 26 32 36 32 26 1 1 1
29 33 27 33 37 33 25 1 1 1
30 34 28 34 38 34 26 1 1 1
31 35 29 35 39 35 27 1 1 1
32 36 30 34 40 36 28 1 1 1
31 37 31 35 41 35 29 1 1 1
32 38 32 36 42 36 28 1 1 1
31 39 33 37 43 35 29 1 1 1
32 40 34 38 44 36 30 1 1 1
31 41 35 37 45 37 31 1 1 1
32 42 34 38 46 38 32 1 1 1
33 43 35 39 47 39 33 1 1 1
32 44 36 40 48 40 34 1 1 1
33 45 37 41 49 41 35 1 1 1
32 46 38 42 50 42 36 1 1 1
33 47 39 43 51 43 37 1 1 1
34 48 40 44 52 44 38 1 1 1
35 49 41 45 53 45 39 1 1 1
36 50 42 46 52 46 40 1 1 1
37 49 43 47 53 47 41 1 1 1
38 50 44 48 54 48 42 1 1 1
39 51 45 49 55 49 41 1 1 1
40 52 46 48 56 50 42 1 1 1
41 53 47 49 57 49 43 1 1 1
42 54 46 50 58 50 44 1 1 1
43 55 47 51 59 51 45 1 1 1
44 54 46 52 60 50 46 1 1 1
45 55 47 53 61 51 47 1 1 1
46 56 48 54 62 52 48 1 1 1
47 57 49 53 63 53 49 1 1 1
48 58 50 54 64 54 50 1 1 1
49 59 49 53 65 55 51 1 1 1
50 60 50 54 66 56 52 1 1 1
51 61 51 55 65 57 53 1 1 1
52 62 52 56 66 58 54 1 1 1
53 63 53 57 67 59 55 1 1 1
52 64 52 58 68 60 56 1 1 1
53 65 53 59 69 61 57 1 1 1
54 66 54 60 70 62 58 1 1 1
53 67 55 61 71 63 59 1 1 1
54 68 56 62 72 62 60 1 1 1
53 69 57 63 73 63 61 1 1 1
54 70 58 64 74 62 62 1 1 1
55 71 59 65 75 61 63 1 1 1
56 72 60 66 76 62 64 1 1 1
57 71 61 67 77 63 65 1 1 1
58 72 62 66 78 64 66 1 1 1
59 73 63 67 79 65 67 1 1 1
60 74 64 68 80 66 68 1 1 1
61 75 65 69 81 67 69 1 1 1
62 76 66 70 82 68 70 1 1 1
63 77 67 69 83 69 71 1 1 1
62 78 68 70 84 70 72 1 1 1
61 79 69 71 85 71 73 1 1 1
62 80 70 72 86 72 74 1 1 1
63 81 71 73 87 73 75 1 1 1
64 82 72 74 88 74 76 1 1 1
65 83 73 75 89 73 77 1 1 1
66 84 74 74 90 74 78 1 1 1
67 85 75 75 91 75 77 1 1 1
66 86 74 76 92 76 78 1 1 1
67 87 75 77 93 75 77 1 1 1
68 88 76 78 94 76 78 1 1 1
69 89 77 77 93 77 79 1 1 1
70 90 76 78 94 78 80 1 1 1
71 91 77 79 95 79 81 1 1 1
