2 2 2 2 2 2 1 1 1 1
3 3 3 3 1 3 1 1 1 1
2 2 2 4 1 4 2 2 2 2
3 3 3 5 2 5 1 1 1 1
4 4 4 6 3 6 1 1 1 1
5 5 5 7 4 7 1 1 1 1
6 6 6 8 5 8 1 1 1 1
5 7 7 9 6 9 1 1 1 1
6 8 8 10 7 10 1 1 1 1
7 9 7 11 6 11 1 1 1 1
8 10 8 12 7 12 1 1 1 1
9 11 7 13 8 13 1 1 1 1
10 12 8 14 9 14 1 1 1 1
11 11 9 15 10 15 1 1 1 1
12 10 10 16 11 16 1 1 1 1
13 11 11 17 12 17 1 1 1 1
14 12 12 18 13 18 1 1 1 1
15 11 11 19 14 19 1 1 1 1
16 12 12 18 15 20 1 1 1 1
17 13 13 19 16 21 1 1 1 1
18 14 14 20 17 22 1 1 1 1
19 15 15 21 18 23 1 1 1 1
18 16 16 22 19 24 1 1 1 1
19 15 17 23 20 25 1 1 1 1
20 16 18 24 21 26 1 1 1 1
21 17 19 25 22 27 1 1 1 1
22 18 20 26 23 28 1 1 1 1
23 17 19 27 24 29 1 1 1 1
24 18 20 28 25 30 1 1 1 1
25 19 19 29 26 31 1 1 1 1
26 20 20 30 25 32 1 1 1 1
27 21 21 31 26 31 1 1 1 1
28 22 22 32 27 32 1 1 1 1
29 23 23 33 28 33 1 1 1 1
30 24 24 34 29 34 1 1 1 1
31 25 25 35 30 35 1 1 1 1
30 26 26 36 31 36 1 1 1 1
31 27 27 37 32 35 1 1 1 1
32 28 28 38 33 36 1 1 1 1
33 29 29 39 34 37 1 1 1 1
34 30 30 40 35 38 1 1 1 1
35 31 31 41 36 39 1 1 1 1
36 32 32 42 37 40 1 1 1 1
37 33 33 43 38 41 1 1 1 1
38 34 32 44 39 42 1 1 1 1
39 35 33 43 40 43 1 1 1 1
40 36 34 42 41 44 1 1 1 1
41 37 35 43 42 45 1 1 1 1
42 38 36 44 43 46 1 1 1 1
43 39 37 43 44 47 1 1 1 1
44 38 38 44 45 48 1 1 1 1
43 39 39 45 46 49 1 1 1 1
44 40 38 44 47 50 1 1 1 1
45 41 37 45 48 51 1 1 1 1
46 42 38 46 49 50 1 1 1 1
47 43 37 47 50 51 1 1 1 1
48 44 36 48 51 52 1 1 1 1
49 45 37 49 52 53 1 1 1 1
50 46 36 50 53 54 1 1 1 1
51 47 37 51 54 55 1 1 1 1
