1 1 2 1 1 2 2 2 2 2
2 1 3 2 2 3 3 1 1 1
1 2 4 1 3 4 4 1 1 1
1 3 3 2 4 5 3 2 2 2
2 2 4 3 3 6 2 3 3 3
1 1 3 4 2 7 1 4 4 4
2 1 2 5 1 6 1 5 5 5
1 2 1 6 1 5 1 6 6 6
2 3 1 5 2 6 1 7 7 7
3 4 2 6 1 7 2 6 6 6
4 3 3 7 1 6 1 7 7 7
5 2 2 8 1 5 2 8 8 8
4 1 3 7 1 6 3 9 9 9
3 2 4 6 2 7 2 10 10 10
2 1 3 7 1 6 1 11 11 11
1 1 2 6 1 7 2 12 12 12
2 2 3 7 2 8 3 11 11 11
3 1 2 8 3 7 2 12 12 12
4 1 3 7 2 6 3 13 13 13
3 1 2 8 3 7 4 14 14 14
4 2 1 7 2 6 3 15 15 15
3 3 2 6 3 5 2 16 16 16
4 2 1 5 4 6 3 17 17 17
3 1 2 6 5 5 2 18 18 18
4 2 3 5 4 4 3 19 19 19
3 1 2 4 3 3 4 20 20 20
4 1 3 3 2 2 3 21 21 21
3 1 4 2 1 3 2 22 22 22
2 2 5 3 2 2 1 23 23 23
1 3 4 2 3 1 1 24 24 24
1 4 3 3 4 2 1 25 25 25
1 3 4 4 5 1 1 26 26 26
1 2 3 3 4 1 2 27 27 27
1 1 2 2 5 1 1 28 28 28
1 1 1 3 4 1 1 29 29 29
1 1 1 4 3 2 2 30 30 30
1 2 2 5 2 1 3 31 31 31
2 3 1 4 3 2 2 32 32 32
3 2 2 5 4 1 1 33 33 33
2 3 3 4 3 2 1 34 34 34
1 4 2 3 2 3 1 35 35 35
1 3 1 2 1 2 1 36 36 36
1 2 1 1 1 1 1 37 37 37
1 3 1 1 2 2 1 38 38 38
1 2 2 2 3 3 2 39 39 39
2 3 3 1 2 2 1 40 40 40
1 4 2 2 1 3 2 41 41 41
1 3 3 1 1 4 1 42 42 42
2 4 4 2 1 3 1 43 43 43
1 3 5 1 2 2 2 44 44 44
2 2 4 2 3 1 3 45 45 45
1 3 5 1 4 1 2 46 46 46
1 2 4 2 5 2 1 47 47 47
2 1 3 3 6 1 1 48 48 48
1 2 2 4 7 2 2 49 49 49
1 1 1 5 8 1 3 50 50 50
1 1 1 6 7 1 2 51 51 51
2 2 1 7 8 2 1 52 52 52
3 1 1 8 7 3 1 53 53 53
4 2 1 7 6 4 1 54 54 54
