2 2 2 1 2 2 2 1 1 1
3 3 3 1 3 3 3 1 1 1
4 4 4 2 4 4 4 1 1 1
5 5 5 1 5 5 5 1 1 1
6 4 6 2 6 6 6 1 1 1
5 5 7 1 7 7 7 1 1 1
6 6 8 2 6 6 8 1 1 1
5 7 9 3 7 5 9 1 1 1
6 8 10 4 8 6 8 1 1 1
5 7 11 5 9 5 9 1 1 1
4 6 10 6 10 4 10 2 2 2
5 7 11 7 11 5 9 1 1 1
6 8 12 8 12 6 10 1 1 1
7 9 13 9 13 7 11 1 1 1
6 10 12 10 14 8 12 1 1 1
7 11 13 11 15 9 13 1 1 1
8 12 14 12 16 8 14 1 1 1
7 13 15 13 17 9 15 1 1 1
6 14 16 14 16 10 16 1 1 1
7 15 17 15 17 11 17 1 1 1
8 16 18 16 18 12 18 1 1 1
7 17 19 17 19 13 19 1 1 1
8 16 18 18 20 14 20 1 1 1
7 17 19 17 21 15 21 1 1 1
8 18 20 16 22 14 22 1 1 1
7 19 19 17 21 13 23 2 2 2
8 18 20 18 22 14 24 1 1 1
9 19 21 19 23 15 25 1 1 1
10 18 22 20 24 16 26 1 1 1
11 19 23 21 25 17 27 1 1 1
12 20 24 22 26 18 28 1 1 1
13 21 25 23 27 19 29 1 1 1
14 22 26 24 28 20 30 1 1 1
15 23 27 25 29 21 31 1 1 1
16 24 28 26 30 22 30 1 1 1
17 25 29 27 31 23 31 1 1 1
16 24 30 28 32 24 30 2 2 2
17 25 31 29 33 25 31 1 1 1
18 26 32 30 34 26 32 1 1 1
19 27 33 31 35 27 33 1 1 1
20 28 34 32 36 28 34 1 1 1
21 29 35 33 37 27 35 1 1 1
22 30 36 34 38 26 36 1 1 1
23 31 35 35 39 27 37 1 1 1
24 32 36 36 40 28 38 1 1 1
25 33 37 37 41 29 39 1 1 1
26 34 38 38 42 28 40 1 1 1
25 35 39 37 43 29 41 1 1 1
26 36 40 38 44 30 42 1 1 1
27 37 41 37 45 31 43 1 1 1
28 36 42 38 46 32 44 1 1 1
29 37 43 39 45 33 45 1 1 1
30 38 44 40 46 34 46 1 1 1
31 39 45 41 47 35 47 1 1 1
32 40 46 42 48 36 48 1 1 1
33 41 47 43 49 37 49 1 1 1
34 42 48 44 48 38 50 1 1 1
35 43 49 45 49 39 51 1 1 1
36 44 50 46 50 40 52 1 1 1
37 45 51 45 51 39 51 1 1 1
