2 2 2 2 2 1 2 1 1 1
3 3 3 1 1 2 3 1 1 1
2 2 4 2 1 3 4 2 2 2
3 3 3 3 2 4 5 1 1 1
4 4 4 4 3 5 6 1 1 1
3 5 5 5 4 6 7 1 1 1
4 4 6 6 5 7 8 1 1 1
5 5 7 7 6 6 9 1 1 1
6 4 8 8 7 7 10 1 1 1
7 3 9 7 8 8 11 1 1 1
6 2 10 8 9 7 10 2 2 2
7 3 11 9 10 6 11 1 1 1
8 4 12 10 11 7 10 1 1 1
9 5 11 11 12 6 11 1 1 1
10 6 12 12 13 5 12 1 1 1
11 7 11 13 14 6 13 1 1 1
12 8 12 14 15 7 14 1 1 1
11 7 13 15 16 8 13 1 1 1
10 8 14 14 17 9 14 1 1 1
11 9 13 15 18 10 15 1 1 1
12 10 12 16 19 9 16 1 1 1
13 11 13 17 18 8 17 1 1 1
12 12 12 16 19 7 18 2 2 2
13 13 13 17 20 6 19 1 1 1
12 14 14 16 21 5 20 2 2 2
13 15 13 15 22 6 21 1 1 1
14 16 14 14 21 7 22 1 1 1
15 15 15 15 20 6 23 1 1 1
16 16 16 16 19 7 22 1 1 1
15 15 15 17 20 8 23 1 1 1
16 16 14 18 21 9 24 1 1 1
17 17 13 19 22 10 23 1 1 1
18 18 14 20 23 11 22 1 1 1
19 19 13 21 22 12 23 1 1 1
20 20 14 22 23 13 22 1 1 1
21 19 15 23 24 14 23 1 1 1
22 20 14 24 25 15 24 1 1 1
23 21 13 25 24 16 23 2 2 2
24 22 12 26 25 15 22 1 1 1
23 23 13 27 26 14 21 2 2 2
24 24 14 26 27 13 20 1 1 1
25 25 13 25 28 14 21 1 1 1
26 26 14 26 29 15 22 1 1 1
27 27 13 25 28 16 23 2 2 2
28 28 14 26 29 17 24 1 1 1
29 29 15 27 30 18 25 1 1 1
30 30 16 28 31 19 26 1 1 1
31 29 15 27 32 20 27 1 1 1
30 30 16 28 33 19 26 2 2 2
31 31 17 29 34 18 25 1 1 1
32 30 18 30 35 19 24 1 1 1
33 31 17 31 36 20 25 1 1 1
34 32 18 30 35 21 26 1 1 1
35 33 19 31 36 20 25 1 1 1
36 34 18 32 35 21 26 1 1 1
37 35 19 31 36 22 27 1 1 1
38 36 20 32 37 23 28 1 1 1
39 37 19 31 38 22 27 2 2 2
40 38 20 32 39 21 28 1 1 1
41 39 19 33 40 22 29 2 2 2
42 40 20 32 39 23 28 1 1 1
43 41 21 33 40 24 29 1 1 1
44 42 22 34 41 25 30 1 1 1
45 43 23 35 42 24 29 1 1 1
46 44 22 34 43 23 30 2 2 2
47 45 23 33 44 22 31 1 1 1
48 46 24 32 43 23 32 1 1 1
49 47 25 33 44 24 33 1 1 1
50 46 24 34 45 25 32 1 1 1
51 47 25 33 44 26 33 1 1 1
52 48 26 34 43 27 32 1 1 1
53 49 27 35 42 28 31 1 1 1
54 48 28 34 43 29 32 1 1 1
55 49 29 33 42 30 33 1 1 1
56 50 30 34 41 31 34 1 1 1
55 51 29 33 42 32 35 2 2 2
56 52 30 32 43 33 36 1 1 1
57 53 29 31 42 34 37 1 1 1
58 54 30 32 43 33 38 1 1 1
57 55 31 33 44 34 39 1 1 1
58 56 32 34 43 35 38 1 1 1
59 57 33 33 44 36 37 1 1 1
60 56 34 34 45 37 36 1 1 1
61 55 33 35 44 38 37 1 1 1
62 56 34 36 43 39 38 1 1 1
63 55 35 37 44 40 39 1 1 1
62 56 36 36 45 41 40 1 1 1
63 57 35 37 46 40 41 1 1 1
64 58 36 38 47 41 42 1 1 1
63 59 37 39 48 42 43 1 1 1
64 58 38 40 49 43 42 1 1 1
65 57 39 41 48 44 41 1 1 1
64 58 40 42 49 45 42 1 1 1
65 59 41 41 50 46 43 1 1 1
66 60 42 42 49 47 44 1 1 1
67 61 43 43 50 46 43 1 1 1
68 60 44 42 51 47 42 1 1 1
69 61 45 43 50 48 43 1 1 1
70 60 46 44 51 47 42 1 1 1
69 61 47 45 52 48 41 2 2 2
