1 2 2 1 2 1 2 2 2 2
2 3 3 2 3 2 1 1 1 1
3 4 2 3 4 3 2 1 1 1
4 3 3 4 5 2 3 1 1 1
5 4 2 5 6 1 2 2 2 2
6 5 3 6 5 1 3 1 1 1
7 6 2 5 6 2 4 1 1 1
8 5 3 4 7 3 5 1 1 1
7 6 4 5 6 2 6 2 2 2
8 5 3 4 7 3 5 3 3 3
9 6 4 3 8 4 6 2 2 2
8 7 5 2 9 5 7 1 1 1
9 8 6 3 10 6 8 1 1 1
10 9 5 2 11 7 7 1 1 1
11 10 4 3 12 6 6 1 1 1
12 11 5 4 13 5 5 1 1 1
11 12 6 5 12 6 6 1 1 1
12 13 7 6 11 7 5 1 1 1
11 12 8 7 12 8 6 2 2 2
12 13 9 8 13 9 5 1 1 1
11 14 8 7 14 10 4 2 2 2
10 15 9 6 15 11 3 1 1 1
11 16 10 5 16 10 4 1 1 1
12 17 9 6 17 9 5 1 1 1
13 18 10 7 18 8 6 1 1 1
12 19 11 6 19 9 5 1 1 1
13 20 10 5 20 10 6 1 1 1
14 21 11 4 19 11 7 2 2 2
13 22 12 3 20 10 8 3 3 3
12 23 13 4 21 11 9 2 2 2
11 24 14 5 22 10 8 1 1 1
12 25 15 6 21 11 9 1 1 1
11 26 16 7 22 10 8 1 1 1
12 25 17 8 23 11 7 1 1 1
13 26 18 7 22 10 8 2 2 2
14 25 17 6 23 11 9 3 3 3
15 26 16 7 22 12 10 4 4 4
16 27 15 8 21 13 11 5 5 5
17 26 16 9 20 14 12 4 4 4
18 27 15 8 21 15 13 3 3 3
19 26 16 7 22 14 14 4 4 4
20 27 17 6 23 15 15 3 3 3
21 28 18 5 24 14 16 2 2 2
22 29 19 4 23 15 15 3 3 3
23 28 18 5 24 16 16 2 2 2
24 29 19 4 23 15 17 1 1 1
25 30 20 5 24 16 16 1 1 1
26 31 21 6 23 15 17 1 1 1
27 32 22 7 22 14 16 1 1 1
28 33 23 8 23 13 17 1 1 1
29 34 24 7 24 14 16 1 1 1
28 35 25 6 23 13 17 2 2 2
29 36 26 5 24 12 16 1 1 1
30 35 27 6 23 13 15 2 2 2
29 36 26 5 24 14 16 1 1 1
30 35 27 6 25 15 17 1 1 1
31 36 28 7 26 14 16 1 1 1
32 37 29 8 27 15 15 1 1 1
33 36 28 7 28 16 16 1 1 1
34 37 29 6 29 15 15 2 2 2
35 38 30 7 30 14 16 1 1 1
36 39 31 8 31 15 17 1 1 1
37 40 32 9 32 16 18 1 1 1
38 39 33 8 31 17 19 1 1 1
37 38 34 7 32 18 20 2 2 2
38 39 33 6 31 17 21 3 3 3
39 40 32 5 32 18 20 2 2 2
38 41 33 4 31 17 21 3 3 3
39 40 34 3 32 16 20 4 4 4
40 41 33 2 33 17 19 5 5 5
41 42 34 3 32 16 20 4 4 4
42 41 35 4 31 17 21 5 5 5
43 40 36 5 32 16 22 4 4 4
44 41 35 6 31 15 21 5 5 5
45 42 34 7 32 14 22 4 4 4
46 43 33 6 33 13 23 5 5 5
45 44 34 5 32 14 22 6 6 6
46 43 35 6 33 15 23 5 5 5
45 44 34 7 34 16 24 4 4 4
46 45 33 8 35 17 23 3 3 3
45 46 34 9 36 18 24 2 2 2
46 47 35 8 37 17 25 1 1 1
45 48 34 9 38 18 26 1 1 1
46 47 35 8 39 19 27 1 1 1
47 48 36 9 38 20 26 1 1 1
48 47 37 10 39 21 25 1 1 1
47 48 38 11 38 20 26 1 1 1
48 47 39 12 39 21 27 1 1 1
49 48 40 11 38 22 26 1 1 1
50 49 39 12 39 21 25 2 2 2
49 50 40 11 38 20 26 3 3 3
50 51 41 10 37 19 27 2 2 2
51 52 42 11 38 20 28 1 1 1
52 53 41 12 39 21 27 2 2 2
53 52 42 11 38 22 28 1 1 1
54 53 43 12 39 21 27 1 1 1
55 52 44 11 38 22 28 1 1 1
56 53 43 12 39 21 27 1 1 1
57 54 44 13 38 22 26 1 1 1
58 55 43 14 37 23 25 1 1 1
