1 1 1 1 1 1 1 1 1 1
2 2 2 2 2 2 1 1 1 1
3 3 3 3 3 1 1 1 1 1
4 4 4 4 4 2 1 1 1 1
5 3 3 3 5 1 2 2 2 2
6 4 4 4 6 1 1 1 1 1
7 3 3 3 7 1 2 2 2 2
8 4 4 4 8 1 1 1 1 1
9 5 3 5 9 2 1 1 1 1
10 6 4 6 10 3 1 1 1 1
11 5 5 7 9 2 2 2 2 2
12 6 6 8 10 3 1 1 1 1
13 5 5 9 11 4 1 1 1 1
12 4 6 10 12 5 1 1 1 1
13 5 7 11 13 6 1 1 1 1
14 4 6 12 14 7 1 1 1 1
13 3 7 13 15 8 1 1 1 1
14 4 8 14 16 7 1 1 1 1
15 5 9 15 17 8 1 1 1 1
14 6 10 16 18 9 1 1 1 1
15 7 11 17 19 10 1 1 1 1
16 6 10 18 20 11 1 1 1 1
17 7 9 19 21 12 1 1 1 1
18 8 10 20 22 13 1 1 1 1
19 9 9 21 23 14 1 1 1 1
18 10 10 22 24 15 1 1 1 1
19 9 11 21 25 16 1 1 1 1
20 8 12 22 26 15 2 2 2 2
21 9 13 23 27 14 1 1 1 1
22 10 14 24 26 13 1 1 1 1
23 11 15 25 25 14 1 1 1 1
24 12 16 26 26 13 1 1 1 1
25 11 17 27 27 14 1 1 1 1
26 12 16 28 28 15 1 1 1 1
27 13 17 27 29 16 1 1 1 1
28 14 18 28 30 17 1 1 1 1
29 15 17 27 31 18 1 1 1 1
28 16 18 28 30 17 2 2 2 2
29 17 19 27 31 18 1 1 1 1
30 18 20 26 32 19 1 1 1 1
31 19 21 27 33 20 1 1 1 1
32 20 22 26 32 21 1 1 1 1
33 21 23 27 33 22 1 1 1 1
34 22 24 28 34 21 1 1 1 1
33 23 25 29 35 22 1 1 1 1
32 24 24 30 36 21 2 2 2 2
33 25 25 29 37 22 1 1 1 1
32 26 26 30 36 23 2 2 2 2
33 27 27 29 37 22 1 1 1 1
34 28 28 30 36 21 1 1 1 1
35 29 29 31 37 22 1 1 1 1
36 30 30 30 36 23 1 1 1 1
37 31 29 31 35 24 1 1 1 1
36 32 28 32 36 25 1 1 1 1
37 33 29 33 37 26 1 1 1 1
38 34 30 32 38 27 1 1 1 1
39 35 31 33 39 28 1 1 1 1
40 34 32 34 40 29 1 1 1 1
41 35 33 35 39 30 1 1 1 1
40 36 34 36 40 31 1 1 1 1
