2 2 2 2 2 1 2 2 2 2
3 3 3 3 3 2 1 1 1 1
4 2 2 2 2 3 2 2 2 2
5 3 1 3 1 2 3 3 3 3
6 4 2 4 2 3 4 4 4 4
5 3 1 3 1 4 5 5 5 5
6 2 2 2 2 3 6 6 6 6
5 1 3 1 3 4 7 7 7 7
4 1 4 2 2 3 8 8 8 8
3 2 5 1 1 2 9 9 9 9
4 3 6 2 1 3 10 10 10 10
5 4 5 3 1 2 11 11 11 11
4 5 6 2 2 1 12 12 12 12
5 6 5 3 3 1 13 13 13 13
6 7 6 4 2 1 14 14 14 14
5 8 7 5 1 1 15 15 15 15
6 9 6 4 1 2 16 16 16 16
7 8 5 5 1 3 17 17 17 17
6 7 6 6 1 2 18 18 18 18
7 8 5 7 1 1 19 19 19 19
6 9 4 6 1 2 20 20 20 20
5 10 5 5 1 3 21 21 21 21
4 9 6 6 1 4 22 22 22 22
5 8 5 5 1 3 23 23 23 23
6 9 6 4 1 2 24 24 24 24
7 8 5 3 1 1 25 25 25 25
6 9 4 4 2 1 26 26 26 26
7 10 5 5 3 1 27 27 27 27
6 9 4 4 2 2 28 28 28 28
5 10 3 3 3 3 29 29 29 29
6 11 2 2 4 4 30 30 30 30
7 12 1 3 5 5 31 31 31 31
6 13 1 2 6 6 32 32 32 32
5 12 2 1 7 7 33 33 33 33
4 13 3 2 6 8 34 34 34 34
3 12 4 1 5 9 35 35 35 35
2 11 5 2 4 8 36 36 36 36
1 12 6 3 3 7 37 37 37 37
2 13 7 4 4 6 38 38 38 38
3 12 8 5 3 5 39 39 39 39
2 13 7 6 4 4 40 40 40 40
3 12 6 7 5 3 41 41 41 41
2 11 5 8 6 2 42 42 42 42
3 12 4 7 5 3 43 43 43 43
4 13 5 8 4 2 44 44 44 44
3 14 6 9 5 1 45 45 45 45
2 13 7 10 4 2 46 46 46 46
1 14 8 11 5 3 47 47 47 47
1 15 7 12 6 4 48 48 48 48
2 14 8 11 7 5 49 49 49 49
1 15 7 10 8 4 50 50 50 50
1 14 6 11 9 3 51 51 51 51
2 13 7 12 10 2 52 52 52 52
3 12 8 11 9 1 53 53 53 53
4 11 9 12 8 2 54 54 54 54
3 12 8 13 9 3 55 55 55 55
4 13 7 12 10 2 56 56 56 56
3 14 8 11 9 1 57 57 57 57
2 13 7 10 10 2 58 58 58 58
3 14 6 11 9 1 59 59 59 59
