2 2 2 2 2 1 2 1 1 1
3 3 3 1 1 2 3 1 1 1
2 2 4 2 1 3 4 2 2 2
3 3 3 3 2 4 5 1 1 1
4 4 4 4 1 5 6 1 1 1
3 5 5 5 2 6 7 1 1 1
4 4 6 6 3 7 8 1 1 1
5 5 7 7 4 6 9 1 1 1
6 4 8 8 5 7 10 1 1 1
7 3 9 7 6 6 11 1 1 1
6 4 10 8 7 5 10 2 2 2
7 5 11 9 8 4 11 1 1 1
8 6 12 10 9 5 10 1 1 1
9 7 11 11 10 4 11 1 1 1
10 8 12 12 11 3 12 1 1 1
11 9 11 13 12 4 13 1 1 1
12 10 12 14 13 5 14 1 1 1
13 11 11 13 12 4 15 2 2 2
12 12 12 12 13 5 16 1 1 1
13 13 11 13 14 6 17 1 1 1
14 14 10 14 15 5 18 1 1 1
15 15 11 15 14 4 19 1 1 1
14 16 10 14 15 3 20 2 2 2
15 17 11 15 16 2 21 1 1 1
14 18 12 14 17 1 22 2 2 2
15 19 11 13 18 2 23 1 1 1
16 20 12 12 17 3 24 1 1 1
17 19 13 13 16 2 25 1 1 1
18 20 14 14 15 3 24 1 1 1
19 21 15 13 14 2 23 2 2 2
20 22 14 14 15 3 24 1 1 1
21 23 13 15 16 4 23 1 1 1
22 24 14 16 17 5 22 1 1 1
23 25 13 17 16 6 23 1 1 1
24 26 14 18 17 5 22 1 1 1
25 25 15 19 18 6 23 1 1 1
26 26 14 20 19 7 24 1 1 1
27 27 13 21 18 8 23 2 2 2
28 28 12 22 19 7 22 1 1 1
27 29 13 23 20 6 21 2 2 2
28 30 14 22 21 5 20 1 1 1
29 31 13 21 22 6 21 1 1 1
30 32 14 22 23 7 22 1 1 1
31 33 13 21 22 8 23 2 2 2
32 34 14 22 23 9 24 1 1 1
33 35 15 23 24 10 25 1 1 1
34 36 16 24 25 11 26 1 1 1
35 35 15 23 26 12 27 1 1 1
34 36 16 24 27 11 26 2 2 2
35 37 17 25 28 10 25 1 1 1
36 36 18 26 29 11 24 1 1 1
37 37 17 27 30 12 25 1 1 1
38 38 18 26 29 13 26 1 1 1
39 39 19 27 30 12 25 1 1 1
40 40 18 28 29 13 26 1 1 1
41 41 19 27 30 14 27 1 1 1
42 42 20 28 31 15 28 1 1 1
43 43 19 27 32 14 27 2 2 2
44 44 20 28 33 13 28 1 1 1
45 45 19 29 34 14 29 2 2 2
46 46 20 28 33 15 28 1 1 1
47 47 21 29 34 16 29 1 1 1
48 48 22 30 35 17 30 1 1 1
49 49 23 31 36 16 29 1 1 1
50 50 22 30 37 15 30 2 2 2
51 51 23 29 38 14 31 1 1 1
52 52 24 28 37 15 32 1 1 1
53 53 25 29 38 16 33 1 1 1
54 52 24 30 39 17 32 1 1 1
55 53 25 29 38 18 33 1 1 1
56 52 24 28 39 17 34 2 2 2
57 53 25 29 38 16 33 1 1 1
58 52 26 28 39 17 34 1 1 1
59 53 27 27 38 18 35 1 1 1
60 54 28 28 37 19 36 1 1 1
59 55 27 27 38 20 37 2 2 2
60 56 28 26 39 21 38 1 1 1
61 57 27 25 38 22 39 1 1 1
62 58 28 26 39 21 40 1 1 1
61 59 29 27 40 22 41 1 1 1
62 60 30 28 39 23 40 1 1 1
63 61 31 27 40 24 39 1 1 1
64 60 32 28 41 25 38 1 1 1
65 59 31 29 40 26 39 1 1 1
66 60 32 30 39 27 40 1 1 1
65 59 33 31 40 28 41 1 1 1
64 60 34 30 41 29 42 1 1 1
65 61 33 31 42 28 43 1 1 1
66 62 34 32 43 29 44 1 1 1
65 63 35 33 44 30 45 1 1 1
66 62 36 34 45 31 44 1 1 1
67 61 37 35 44 32 43 1 1 1
66 62 38 36 45 33 44 1 1 1
67 63 39 35 46 34 45 1 1 1
68 64 40 36 45 35 46 1 1 1
69 65 41 37 46 34 45 1 1 1
70 64 42 36 47 35 44 1 1 1
71 65 43 37 46 34 45 1 1 1
72 64 44 38 47 33 44 1 1 1
71 65 45 39 48 34 43 2 2 2
