2 2 2 1 2 2 2 2 2 2
1 3 1 1 1 3 3 3 3 3
2 4 2 2 1 4 4 4 4 4
3 5 3 3 1 5 5 5 5 5
2 4 4 4 2 4 6 6 6 6
3 5 5 5 3 3 7 7 7 7
4 6 6 4 4 2 8 8 8 8
5 5 5 3 5 1 9 9 9 9
4 6 4 4 6 1 10 10 10 10
5 7 5 5 5 2 11 11 11 11
4 6 6 4 4 3 12 12 12 12
5 5 5 5 5 2 13 13 13 13
6 4 4 6 6 1 14 14 14 14
5 5 3 5 5 2 15 15 15 15
4 6 4 4 4 3 16 16 16 16
3 7 3 3 3 2 17 17 17 17
2 8 2 4 4 3 18 18 18 18
3 7 3 5 3 4 19 19 19 19
4 8 2 6 4 3 20 20 20 20
3 7 3 5 5 4 21 21 21 21
2 6 2 6 6 5 22 22 22 22
3 7 1 7 7 6 23 23 23 23
2 8 2 8 8 5 24 24 24 24
3 7 1 9 7 4 25 25 25 25
4 8 2 10 8 3 26 26 26 26
3 9 1 11 9 2 27 27 27 27
4 8 2 12 10 1 28 28 28 28
3 9 3 11 11 2 29 29 29 29
4 8 2 10 12 3 30 30 30 30
3 7 3 11 11 4 31 31 31 31
2 6 4 10 10 3 32 32 32 32
3 5 5 9 9 4 33 33 33 33
2 6 4 10 8 3 34 34 34 34
3 7 5 9 9 2 35 35 35 35
4 6 6 8 8 3 36 36 36 36
5 7 5 7 7 2 37 37 37 37
4 8 4 6 6 1 38 38 38 38
3 7 5 5 5 2 39 39 39 39
4 6 6 4 6 3 40 40 40 40
3 7 5 5 7 4 41 41 41 41
2 8 4 4 8 5 42 42 42 42
3 9 5 5 9 6 43 43 43 43
2 10 6 4 8 5 44 44 44 44
1 9 7 5 9 4 45 45 45 45
2 8 6 4 10 5 46 46 46 46
1 7 5 5 9 6 47 47 47 47
2 6 6 4 8 5 48 48 48 48
1 7 7 3 9 6 49 49 49 49
1 8 8 2 10 7 50 50 50 50
1 9 7 1 11 8 51 51 51 51
1 10 6 1 12 9 52 52 52 52
1 11 5 1 13 8 53 53 53 53
1 12 4 1 12 7 54 54 54 54
2 13 3 1 13 6 55 55 55 55
3 12 2 1 12 7 56 56 56 56
2 11 1 1 11 6 57 57 57 57
3 10 1 1 10 7 58 58 58 58
2 11 1 1 11 8 59 59 59 59
3 12 2 1 12 7 60 60 60 60
4 13 3 1 11 6 61 61 61 61
5 12 2 1 10 7 62 62 62 62
6 11 3 2 11 8 63 63 63 63
7 12 4 3 12 7 64 64 64 64
6 13 3 4 11 8 65 65 65 65
5 14 2 3 12 7 66 66 66 66
4 15 3 4 11 8 67 67 67 67
3 14 2 5 10 7 68 68 68 68
4 15 3 6 9 8 69 69 69 69
5 14 2 7 10 9 70 70 70 70
4 15 3 8 11 10 71 71 71 71
3 16 4 7 12 11 72 72 72 72
2 15 5 8 11 10 73 73 73 73
3 14 6 7 12 9 74 74 74 74
2 15 5 6 13 8 75 75 75 75
3 16 6 7 12 7 76 76 76 76
2 17 5 8 11 6 77 77 77 77
1 18 6 9 10 5 78 78 78 78
1 17 5 10 9 4 79 79 79 79
2 16 6 11 10 5 80 80 80 80
1 15 5 10 11 4 81 81 81 81
1 14 6 11 10 3 82 82 82 82
2 13 5 10 11 2 83 83 83 83
3 14 6 9 10 3 84 84 84 84
4 15 5 8 9 4 85 85 85 85
5 16 6 9 10 5 86 86 86 86
4 17 7 8 11 6 87 87 87 87
5 18 6 7 10 5 88 88 88 88
6 19 5 8 9 4 89 89 89 89
7 18 4 7 10 3 90 90 90 90
8 19 3 8 9 4 91 91 91 91
7 20 2 9 10 5 92 92 92 92
6 19 3 8 9 4 93 93 93 93
7 18 4 7 10 5 94 94 94 94
8 17 5 8 11 6 95 95 95 95
7 16 6 9 10 7 96 96 96 96
6 15 7 8 9 6 97 97 97 97
5 16 8 9 8 5 98 98 98 98
6 17 9 10 7 4 99 99 99 99
5 16 10 11 6 5 100 100 100 100
4 17 11 10 7 4 100 100 100 100
