2 2 2 2 1 2 2 2 2 2
1 1 3 3 1 1 3 3 3 3
1 2 2 4 1 1 4 4 4 4
2 1 1 3 2 1 5 5 5 5
1 2 1 2 3 2 6 6 6 6
2 1 1 3 2 1 7 7 7 7
3 1 1 2 3 2 8 8 8 8
2 1 1 1 2 1 9 9 9 9
3 2 1 1 3 1 10 10 10 10
2 3 2 1 2 1 11 11 11 11
1 2 3 2 3 2 12 12 12 12
2 3 4 3 4 1 13 13 13 13
1 4 3 2 5 1 14 14 14 14
2 3 4 1 6 1 15 15 15 15
3 2 3 1 7 2 16 16 16 16
2 1 2 1 6 3 17 17 17 17
1 2 3 1 7 2 18 18 18 18
2 1 2 2 6 1 19 19 19 19
1 1 1 1 7 1 20 20 20 20
1 1 1 1 6 1 21 21 21 21
1 1 2 2 7 1 22 22 22 22
1 1 1 3 8 2 23 23 23 23
1 1 2 4 9 1 24 24 24 24
2 1 1 3 10 2 25 25 25 25
1 1 1 4 11 3 26 26 26 26
1 1 2 3 10 2 27 27 27 27
2 1 3 4 11 1 28 28 28 28
1 2 2 3 10 1 29 29 29 29
2 1 1 2 11 2 30 30 30 30
1 1 1 1 12 3 31 31 31 31
1 2 2 1 13 2 32 32 32 32
1 1 1 1 12 1 33 33 33 33
1 1 2 2 11 1 34 34 34 34
1 2 3 1 12 2 35 35 35 35
1 1 4 1 11 3 36 36 36 36
2 2 5 1 10 4 37 37 37 37
3 3 4 2 9 5 38 38 38 38
2 2 5 1 8 4 39 39 39 39
3 1 4 1 7 3 40 40 40 40
4 1 5 2 8 2 41 41 41 41
3 2 4 3 9 3 42 42 42 42
2 3 3 2 8 2 43 43 43 43
1 2 2 1 7 3 44 44 44 44
1 1 1 2 8 2 45 45 45 45
1 2 1 1 7 3 46 46 46 46
1 1 2 1 8 2 47 47 47 47
1 1 3 2 7 1 48 48 48 48
1 1 4 1 6 1 49 49 49 49
1 1 3 1 7 1 50 50 50 50
1 2 4 1 8 1 51 51 51 51
1 3 3 1 9 2 52 52 52 52
2 2 2 2 8 1 53 53 53 53
1 3 1 3 7 1 54 54 54 54
1 2 2 4 8 1 55 55 55 55
2 3 1 3 7 2 56 56 56 56
1 2 2 2 6 1 57 57 57 57
2 3 1 3 5 1 58 58 58 58
3 2 1 4 4 1 59 59 59 59
2 1 1 3 5 2 60 60 60 60
1 1 1 2 4 1 61 61 61 61
2 2 1 3 3 2 62 62 62 62
3 3 1 2 2 3 63 63 63 63
4 2 2 1 3 4 64 64 64 64
5 1 3 1 2 5 65 65 65 65
4 2 4 2 1 4 66 66 66 66
3 1 3 1 2 3 67 67 67 67
4 2 2 1 1 4 68 68 68 68
3 1 1 1 2 5 69 69 69 69
2 2 1 2 3 4 70 70 70 70
3 3 2 3 4 3 71 71 71 71
2 2 1 4 3 4 72 72 72 72
1 3 2 5 4 3 73 73 73 73
1 4 1 6 3 4 74 74 74 74
2 5 1 5 2 3 75 75 75 75
1 6 1 6 1 2 76 76 76 76
1 5 1 5 2 1 77 77 77 77
1 4 1 6 3 1 78 78 78 78
2 5 1 5 4 1 79 79 79 79
3 4 2 6 3 1 80 80 80 80
4 3 3 5 4 1 81 81 81 81
3 4 2 4 5 1 82 82 82 82
4 5 3 5 6 1 83 83 83 83
3 4 4 4 7 1 84 84 84 84
4 3 3 3 6 2 85 85 85 85
3 2 2 2 5 3 86 86 86 86
4 3 1 1 4 2 87 87 87 87
5 2 1 1 3 1 88 88 88 88
4 1 2 1 4 1 89 89 89 89
5 1 1 1 3 2 90 90 90 90
4 2 1 2 4 1 91 91 91 91
3 3 1 3 3 2 92 92 92 92
4 2 1 2 2 1 93 93 93 93
5 1 1 3 1 2 94 94 94 94
4 1 2 2 2 3 95 95 95 95
5 2 3 1 1 2 96 96 96 96
4 3 4 2 1 1 97 97 97 97
3 2 3 3 1 1 98 98 98 98
2 1 2 4 2 1 99 99 99 99
3 2 1 5 1 1 100 100 100 100
2 1 1 4 1 2 100 100 100 100
