2 2 2 2 2 1 2 1 1 1
3 3 3 3 3 1 3 1 1 1
4 2 4 4 4 2 4 1 1 1
5 3 5 5 5 3 5 1 1 1
4 2 6 6 6 4 6 1 1 1
5 3 7 7 7 5 7 1 1 1
6 4 8 8 8 6 8 1 1 1
7 5 9 9 9 7 9 1 1 1
8 6 10 10 10 8 10 1 1 1
9 7 11 9 11 9 11 1 1 1
10 8 12 10 12 10 12 1 1 1
9 7 13 11 13 11 13 1 1 1
10 8 14 12 14 12 14 1 1 1
9 9 15 11 15 13 15 1 1 1
8 10 16 12 16 12 16 1 1 1
9 11 15 11 17 13 17 1 1 1
8 12 16 12 16 14 18 1 1 1
9 11 17 13 15 15 19 1 1 1
10 10 18 14 16 16 20 1 1 1
11 11 19 15 17 17 21 1 1 1
12 12 18 16 18 18 22 1 1 1
13 13 19 15 19 19 23 1 1 1
14 14 20 16 18 20 24 1 1 1
15 15 19 17 19 21 25 1 1 1
16 16 20 18 18 22 26 1 1 1
15 15 21 19 19 23 25 1 1 1
14 16 22 20 20 24 26 1 1 1
15 17 23 21 21 25 27 1 1 1
16 18 24 22 22 26 28 1 1 1
17 19 25 23 23 27 27 1 1 1
18 20 26 24 24 28 28 1 1 1
19 19 27 25 25 27 29 1 1 1
20 18 26 26 26 26 30 1 1 1
21 19 27 27 27 25 31 1 1 1
22 20 28 28 28 26 32 1 1 1
23 21 27 29 29 27 33 1 1 1
24 22 28 30 30 28 34 1 1 1
25 23 29 31 31 29 35 1 1 1
26 24 30 32 32 30 36 1 1 1
25 25 31 33 33 31 37 1 1 1
26 26 32 32 34 32 38 1 1 1
27 27 33 33 35 33 39 1 1 1
28 26 34 34 36 34 40 1 1 1
29 27 35 35 37 35 41 1 1 1
30 28 36 36 36 36 40 1 1 1
31 27 37 37 37 37 41 1 1 1
32 28 36 38 36 38 42 1 1 1
33 29 37 39 37 39 43 1 1 1
34 30 38 40 38 40 44 1 1 1
35 31 39 41 39 41 45 1 1 1
36 30 40 42 40 42 44 1 1 1
37 31 39 43 39 43 45 1 1 1
38 32 40 44 38 44 44 1 1 1
39 31 41 45 39 45 45 1 1 1
38 30 42 46 40 46 46 1 1 1
39 31 43 47 41 47 47 1 1 1
40 32 44 48 42 48 48 1 1 1
41 33 43 49 43 49 47 1 1 1
42 34 44 50 44 50 48 1 1 1
43 35 45 51 43 51 49 1 1 1
