2 2 2 2 1 2 2 1 1 1
3 3 3 3 2 3 3 1 1 1
4 4 4 4 3 4 4 1 1 1
5 5 5 5 4 5 5 1 1 1
6 6 6 6 5 6 6 1 1 1
7 7 7 7 6 7 7 1 1 1
8 8 8 8 7 8 8 1 1 1
7 9 9 9 8 9 9 1 1 1
8 8 10 10 9 10 10 1 1 1
9 9 11 11 10 11 11 1 1 1
10 10 12 10 9 12 12 1 1 1
11 11 13 11 10 13 13 1 1 1
10 12 14 12 11 14 14 1 1 1
11 11 15 11 12 15 15 1 1 1
12 12 16 12 13 16 16 1 1 1
13 11 17 13 14 17 17 1 1 1
14 12 18 14 15 18 18 1 1 1
15 11 17 13 16 19 19 1 1 1
16 12 18 14 17 20 20 1 1 1
17 13 19 15 18 21 21 1 1 1
18 14 20 16 19 20 22 1 1 1
19 15 21 17 20 21 23 1 1 1
20 16 22 16 21 22 24 1 1 1
21 17 23 17 22 23 25 1 1 1
22 18 24 18 23 22 26 1 1 1
23 19 25 19 24 23 27 1 1 1
24 20 26 20 25 24 28 1 1 1
25 21 27 21 26 23 29 1 1 1
26 22 28 22 27 24 30 1 1 1
27 23 29 21 26 25 31 1 1 1
28 22 30 22 27 26 32 1 1 1
29 23 31 23 28 27 33 1 1 1
30 24 32 24 29 28 34 1 1 1
31 25 33 25 30 29 35 1 1 1
32 26 34 26 31 30 36 1 1 1
33 27 35 27 32 31 37 1 1 1
32 28 36 28 33 32 38 1 1 1
33 29 37 29 34 33 39 1 1 1
34 30 38 30 35 34 40 1 1 1
35 31 39 31 36 35 41 1 1 1
34 32 40 32 37 34 42 1 1 1
35 33 41 33 38 35 43 1 1 1
36 34 42 34 39 34 42 1 1 1
37 35 43 35 40 35 43 1 1 1
38 36 44 36 41 34 44 1 1 1
39 37 45 37 40 35 45 1 1 1
40 36 46 38 41 36 46 1 1 1
41 37 47 39 42 37 47 1 1 1
42 38 46 40 43 38 48 1 1 1
43 39 47 39 44 37 49 1 1 1
44 40 48 40 45 38 50 1 1 1
45 41 49 41 46 39 51 1 1 1
46 42 50 42 47 40 52 1 1 1
47 43 51 43 48 41 53 1 1 1
48 44 52 44 49 42 52 1 1 1
49 45 53 45 50 43 53 1 1 1
50 46 54 46 49 44 54 1 1 1
51 45 53 47 50 45 55 1 1 1
52 46 54 48 51 46 56 1 1 1
53 47 55 49 52 47 57 1 1 1
52 48 56 50 53 48 56 1 1 1
53 49 57 51 54 49 55 1 1 1
54 50 56 52 55 50 56 1 1 1
55 51 57 53 56 51 57 1 1 1
56 50 58 54 57 52 58 1 1 1
57 51 59 55 58 53 59 1 1 1
58 52 60 56 59 54 60 1 1 1
59 53 61 55 60 55 61 1 1 1
60 54 62 56 61 56 62 1 1 1
59 53 63 57 62 57 63 1 1 1
60 54 64 56 63 56 64 1 1 1
61 55 65 57 64 57 65 1 1 1
62 56 66 58 65 58 66 1 1 1
63 57 67 59 66 59 67 1 1 1
64 58 68 60 67 60 68 1 1 1
65 59 69 61 68 61 69 1 1 1
66 60 70 62 69 62 70 1 1 1
67 61 71 63 70 63 69 1 1 1
68 62 72 64 71 64 70 1 1 1
69 63 73 65 72 65 71 1 1 1
68 64 74 66 73 66 72 1 1 1
69 65 75 67 74 67 73 1 1 1
70 66 76 68 75 66 74 1 1 1
71 67 77 69 76 67 75 1 1 1
72 68 78 70 77 68 76 1 1 1
71 69 79 71 78 69 77 1 1 1
72 70 80 70 79 70 78 1 1 1
73 71 81 71 80 71 79 1 1 1
74 72 82 72 81 72 80 1 1 1
75 73 83 73 82 73 81 1 1 1
76 74 84 74 81 74 82 1 1 1
77 75 85 75 82 75 83 1 1 1
78 74 86 76 83 76 84 1 1 1
79 75 85 77 84 77 85 1 1 1
80 76 86 76 85 78 86 1 1 1
81 77 87 77 86 79 87 1 1 1
82 78 86 78 87 80 88 1 1 1
83 79 87 79 88 81 89 1 1 1
84 80 88 80 89 82 90 1 1 1
83 81 89 81 90 83 91 1 1 1
