1 1 1 1 1 1 1 1 1 1
2 1 1 1 2 1 2 2 2 2
3 2 1 2 1 1 3 3 3 3
4 3 2 3 2 2 2 2 2 2
3 2 1 2 3 3 3 3 3 3
4 3 2 3 4 4 2 2 2 2
5 4 3 4 3 5 1 1 1 1
4 5 4 5 4 6 1 1 1 1
3 6 5 6 5 7 1 1 1 1
4 7 6 7 6 8 1 1 1 1
5 8 7 8 7 9 1 1 1 1
4 9 8 9 8 10 1 1 1 1
5 10 9 10 9 9 1 1 1 1
4 11 10 11 10 10 1 1 1 1
5 12 11 10 11 11 1 1 1 1
6 11 12 11 10 12 1 1 1 1
7 12 11 12 11 13 1 1 1 1
8 11 12 13 12 12 1 1 1 1
7 12 13 14 11 13 1 1 1 1
8 13 12 15 12 14 1 1 1 1
7 14 13 14 13 15 1 1 1 1
8 13 14 15 14 16 1 1 1 1
9 14 15 16 15 17 1 1 1 1
10 15 16 17 14 18 1 1 1 1
11 16 17 18 15 19 1 1 1 1
10 17 18 19 16 20 1 1 1 1
11 18 17 20 17 21 1 1 1 1
10 17 18 21 18 22 1 1 1 1
11 18 19 22 17 23 1 1 1 1
12 17 18 23 18 24 1 1 1 1
13 16 17 24 19 25 1 1 1 1
14 17 18 25 20 26 1 1 1 1
15 18 19 26 21 27 1 1 1 1
16 19 20 27 22 28 1 1 1 1
17 20 21 28 23 27 1 1 1 1
18 21 22 29 24 28 1 1 1 1
19 22 21 30 25 29 1 1 1 1
20 21 20 31 26 28 2 2 2 2
21 20 21 32 27 29 1 1 1 1
22 21 20 33 28 30 1 1 1 1
23 22 21 34 29 31 1 1 1 1
24 21 22 35 30 32 1 1 1 1
25 22 21 36 31 33 1 1 1 1
26 23 22 37 32 34 1 1 1 1
27 24 23 38 33 35 1 1 1 1
28 25 24 37 34 36 1 1 1 1
29 26 23 38 35 37 1 1 1 1
30 25 24 39 36 38 1 1 1 1
31 26 25 40 37 39 1 1 1 1
32 25 26 41 38 40 1 1 1 1
33 26 27 42 39 41 1 1 1 1
34 27 28 43 40 42 1 1 1 1
35 26 29 42 41 41 2 2 2 2
36 27 30 43 40 42 1 1 1 1
35 28 29 44 41 43 1 1 1 1
36 29 30 45 42 44 1 1 1 1
37 30 31 46 43 45 1 1 1 1
38 31 30 47 44 46 1 1 1 1
39 32 31 46 45 47 1 1 1 1
40 33 30 47 46 46 1 1 1 1
