1 1 1 2 2 2 2 2 2 2
2 1 1 3 1 1 3 3 3 3
1 2 2 2 1 2 4 4 4 4
1 3 3 1 1 1 5 5 5 5
1 4 2 2 1 2 6 6 6 6
2 3 3 3 1 3 5 7 7 7
1 2 4 2 1 2 6 8 8 8
2 3 3 1 2 1 5 9 9 9
3 2 2 2 3 2 4 10 10 10
2 1 1 1 4 1 3 11 11 11
3 1 1 1 3 2 2 12 12 12
2 1 1 1 4 1 3 13 13 13
1 1 2 2 5 2 2 14 14 14
2 1 1 3 6 1 1 15 15 15
1 1 2 2 7 1 2 16 16 16
1 2 1 1 8 1 3 17 17 17
2 1 2 1 9 1 4 18 18 18
3 2 1 1 8 2 3 19 19 19
4 3 2 1 7 1 2 20 20 20
5 4 1 1 8 1 1 21 21 21
4 3 1 2 7 1 1 22 22 22
3 2 2 1 6 2 1 23 23 23
2 1 3 2 7 3 1 24 24 24
1 1 4 3 6 4 1 25 25 25
1 2 5 2 5 3 2 26 26 26
1 3 4 1 6 2 3 27 27 27
2 4 3 2 5 1 4 28 28 28
1 3 2 1 4 1 3 29 29 29
1 4 1 1 3 1 2 30 30 30
2 5 1 2 2 1 3 31 31 31
1 4 2 3 1 1 2 32 32 32
1 3 3 4 2 1 1 33 33 33
1 4 2 3 1 1 1 34 34 34
1 5 3 2 2 1 1 35 35 35
1 6 4 1 1 1 1 36 36 36
1 5 3 2 1 2 1 37 37 37
2 4 2 1 1 3 2 38 38 38
1 5 3 1 2 4 1 39 39 39
1 4 2 1 3 5 2 40 40 40
2 3 3 1 2 4 1 41 41 41
3 2 4 1 3 5 1 42 42 42
2 1 3 1 2 4 1 43 43 43
3 1 4 1 1 5 2 44 44 44
4 1 3 2 1 6 1 45 45 45
5 1 2 1 2 5 1 46 46 46
6 1 3 2 1 4 1 47 47 47
7 2 4 1 2 3 1 48 48 48
6 1 3 1 1 2 1 49 49 49
5 1 2 1 1 3 1 50 50 50
4 2 1 2 1 2 2 51 51 51
5 1 1 1 2 3 1 52 52 52
4 1 1 1 1 2 1 53 53 53
3 1 2 1 1 1 1 54 54 54
2 2 1 1 1 1 1 55 55 55
3 1 2 1 2 2 2 56 56 56
4 1 3 1 1 1 1 57 57 57
3 1 4 2 2 2 2 58 58 58
4 1 3 1 1 1 1 59 59 59
5 1 4 1 1 1 2 60 60 60
6 2 3 1 1 1 1 61 61 61
5 3 2 1 1 2 1 62 62 62
6 2 1 1 2 1 1 63 63 63
7 3 2 1 3 2 1 64 64 64
8 2 1 1 4 3 1 65 65 65
9 3 2 1 3 4 1 66 66 66
10 2 3 2 2 3 1 67 67 67
9 1 2 3 1 4 1 68 68 68
10 2 1 2 2 5 2 69 69 69
11 3 2 3 3 4 1 70 70 70
10 2 1 2 2 3 1 71 71 71
9 1 1 1 1 2 1 72 72 72
10 1 1 1 1 3 1 73 73 73
9 2 2 1 2 4 1 74 74 74
10 3 1 1 3 5 1 75 75 75
11 4 2 2 4 6 1 76 76 76
12 3 1 1 5 5 2 77 77 77
13 4 1 2 4 4 1 78 78 78
12 5 1 1 5 5 1 79 79 79
11 4 1 1 6 6 1 80 80 80
10 3 2 2 5 7 2 81 81 81
9 4 3 1 6 6 3 82 82 82
10 3 2 1 5 5 2 83 83 83
9 4 1 2 4 4 1 84 84 84
8 3 2 3 3 3 2 85 85 85
7 2 3 2 2 2 3 86 86 86
8 3 4 1 3 3 2 87 87 87
9 2 3 2 2 2 1 88 88 88
8 3 4 1 3 3 1 89 89 89
9 2 5 1 4 2 1 90 90 90
10 1 4 2 5 1 1 91 91 91
11 2 5 3 6 2 2 92 92 92
10 1 4 2 7 1 1 93 93 93
11 2 5 3 6 1 2 94 94 94
10 1 4 4 5 1 3 95 95 95
11 1 3 3 4 1 2 96 96 96
12 1 4 4 3 1 3 97 97 97
11 2 3 3 2 1 4 98 98 98
12 3 4 4 3 2 3 99 99 99
13 4 5 3 2 1 2 100 100 100
14 5 4 4 1 2 1 100 100 100
