2 2 2 2 1 2 1 2 2 2
1 3 3 1 1 1 1 3 3 3
1 4 2 1 2 1 1 4 4 4
2 5 3 2 3 2 2 3 3 3
1 6 4 3 4 1 3 2 2 2
2 5 5 4 5 1 4 1 1 1
3 6 6 5 6 2 5 1 1 1
2 7 7 6 7 3 6 1 1 1
1 8 8 7 8 4 5 1 1 1
2 9 7 8 9 5 4 2 2 2
1 10 8 9 10 6 5 1 1 1
1 11 7 10 9 7 4 2 2 2
1 12 8 11 8 8 5 1 1 1
2 13 9 12 9 9 4 1 1 1
1 14 8 13 8 10 5 1 1 1
2 15 9 14 9 11 6 1 1 1
1 16 10 15 10 12 7 1 1 1
2 17 11 14 9 13 8 1 1 1
1 16 10 15 10 14 7 2 2 2
2 17 11 16 11 13 8 1 1 1
3 18 10 15 12 14 9 1 1 1
4 19 11 16 13 13 10 1 1 1
5 20 10 17 14 14 9 1 1 1
6 21 9 18 15 15 10 1 1 1
7 22 10 19 14 16 11 1 1 1
8 23 11 18 15 17 10 1 1 1
7 24 10 19 16 18 11 1 1 1
8 25 11 20 17 17 12 1 1 1
9 26 12 21 16 18 11 1 1 1
8 27 13 20 17 19 12 1 1 1
9 28 14 21 18 18 13 1 1 1
8 29 15 22 17 19 14 1 1 1
7 30 16 23 16 20 15 1 1 1
8 31 17 22 17 21 14 1 1 1
9 32 18 23 18 20 15 1 1 1
8 33 17 24 19 21 16 1 1 1
9 34 18 25 20 20 17 1 1 1
10 35 19 24 21 21 16 1 1 1
11 36 20 23 22 22 17 1 1 1
10 37 19 22 21 23 18 2 2 2
11 38 20 23 20 24 19 1 1 1
12 39 21 24 21 23 20 1 1 1
11 40 22 23 22 22 19 2 2 2
12 39 21 24 23 23 18 3 3 3
13 38 22 25 24 22 19 2 2 2
12 39 23 26 25 21 18 1 1 1
13 40 24 27 26 22 19 1 1 1
12 41 25 26 27 23 20 1 1 1
11 40 26 27 28 24 19 1 1 1
12 41 25 28 29 25 20 1 1 1
13 42 26 27 30 26 21 1 1 1
14 43 27 26 29 27 20 1 1 1
15 44 28 27 30 28 21 1 1 1
14 45 29 26 31 27 22 1 1 1
15 46 28 27 32 26 23 1 1 1
16 45 27 28 33 27 24 1 1 1
17 46 26 29 34 28 25 1 1 1
18 47 25 30 35 29 26 1 1 1
19 46 26 29 36 30 25 1 1 1
20 47 27 28 37 29 26 1 1 1
21 48 28 27 38 30 27 1 1 1
22 47 27 28 39 31 28 1 1 1
23 46 28 27 40 32 29 1 1 1
24 47 29 28 41 33 28 1 1 1
25 48 30 29 42 34 27 1 1 1
26 49 31 30 41 33 28 1 1 1
27 50 30 29 42 32 29 2 2 2
26 51 31 28 41 33 28 3 3 3
25 52 32 29 42 32 29 2 2 2
26 53 33 28 41 33 28 1 1 1
25 54 34 29 40 34 27 1 1 1
26 53 35 30 41 35 26 1 1 1
27 54 36 31 42 36 27 1 1 1
28 55 37 32 43 35 28 1 1 1
29 56 38 33 44 36 27 1 1 1
30 55 39 34 45 37 28 1 1 1
31 56 40 33 46 36 29 1 1 1
32 57 39 34 47 37 28 1 1 1
31 58 40 35 48 38 29 1 1 1
32 59 41 36 47 39 30 1 1 1
31 58 42 37 48 40 31 2 2 2
32 59 43 38 47 39 30 1 1 1
33 60 44 39 48 38 31 1 1 1
34 61 45 40 47 39 32 1 1 1
33 60 46 39 48 40 33 1 1 1
34 61 47 40 47 39 34 1 1 1
35 62 48 41 48 40 35 1 1 1
34 61 49 42 47 41 36 1 1 1
33 60 50 43 48 40 37 1 1 1
34 61 51 42 47 39 38 1 1 1
33 62 52 43 48 40 39 1 1 1
34 63 53 44 49 39 40 1 1 1
33 64 54 45 50 40 41 1 1 1
34 65 55 46 51 39 42 1 1 1
35 64 56 47 52 40 41 1 1 1
34 63 57 48 53 41 42 1 1 1
35 64 58 49 54 42 41 1 1 1
36 63 59 50 53 43 40 1 1 1
37 64 60 49 54 44 41 1 1 1
36 65 61 48 53 45 42 2 2 2
