2 2 2 2 2 2 2 1 1 1
3 3 3 3 3 3 3 1 1 1
4 4 2 4 4 4 4 1 1 1
5 5 3 5 5 3 5 1 1 1
4 6 4 6 6 4 6 1 1 1
5 7 5 7 5 5 7 1 1 1
6 8 6 8 6 6 8 1 1 1
7 9 7 9 7 7 9 1 1 1
8 10 8 10 8 8 10 1 1 1
9 11 9 11 9 9 11 1 1 1
10 12 10 12 10 10 12 1 1 1
11 13 11 11 11 11 13 1 1 1
12 14 12 12 12 12 14 1 1 1
13 15 13 13 13 13 15 1 1 1
14 16 14 14 14 14 16 1 1 1
15 17 15 15 15 15 17 1 1 1
14 18 16 16 16 16 18 1 1 1
15 19 17 17 17 17 19 1 1 1
16 20 16 18 16 18 20 1 1 1
17 21 17 19 17 19 19 1 1 1
18 22 18 20 16 18 20 1 1 1
19 23 19 19 17 19 21 1 1 1
20 24 20 20 18 18 22 1 1 1
21 25 21 21 19 19 23 1 1 1
22 26 22 22 20 20 24 1 1 1
23 27 23 23 21 21 25 1 1 1
24 28 22 22 22 22 26 1 1 1
25 29 23 23 23 23 27 1 1 1
26 28 24 24 24 24 28 1 1 1
27 29 25 25 25 25 29 1 1 1
28 30 26 26 26 26 30 1 1 1
29 31 27 27 27 27 31 1 1 1
30 32 28 28 28 28 32 1 1 1
31 33 29 29 29 29 33 1 1 1
32 34 30 30 30 30 34 1 1 1
33 35 31 31 31 31 33 1 1 1
34 36 32 32 32 32 34 1 1 1
35 37 33 33 33 33 35 1 1 1
36 38 34 34 34 34 36 1 1 1
37 39 35 33 35 35 37 1 1 1
36 40 36 34 34 36 36 1 1 1
37 41 37 35 35 37 37 1 1 1
38 42 38 36 36 38 38 1 1 1
39 43 39 37 37 39 39 1 1 1
40 44 40 38 38 40 40 1 1 1
41 45 41 39 39 41 41 1 1 1
42 46 42 40 40 42 42 1 1 1
43 47 43 41 41 43 43 1 1 1
44 48 44 42 42 44 44 1 1 1
45 49 45 43 43 45 45 1 1 1
46 50 46 44 44 46 46 1 1 1
47 51 47 45 45 47 45 1 1 1
48 52 48 46 46 48 46 1 1 1
47 53 47 47 47 49 47 1 1 1
48 54 48 48 48 50 48 1 1 1
49 55 49 49 49 51 49 1 1 1
50 56 50 50 50 52 50 1 1 1
51 57 51 51 51 53 51 1 1 1
52 58 52 52 52 54 52 1 1 1
53 59 51 53 53 55 53 1 1 1
54 60 52 54 54 56 54 1 1 1
55 61 53 55 55 57 55 1 1 1
56 62 54 56 56 58 56 1 1 1
57 63 55 57 57 59 57 1 1 1
58 64 54 58 58 60 58 1 1 1
59 65 55 59 59 61 59 1 1 1
60 66 56 60 60 62 60 1 1 1
61 67 55 61 61 63 61 1 1 1
60 68 56 62 62 64 62 1 1 1
61 69 57 63 61 65 63 1 1 1
62 70 58 64 62 66 64 1 1 1
61 71 59 65 63 67 63 1 1 1
62 72 60 66 64 68 64 1 1 1
63 73 61 67 65 69 65 1 1 1
64 74 62 68 66 70 66 1 1 1
65 75 63 69 67 71 67 1 1 1
66 76 64 70 68 72 68 1 1 1
67 77 65 71 69 73 69 1 1 1
68 78 66 72 70 74 70 1 1 1
69 79 67 73 71 75 71 1 1 1
68 80 68 74 72 76 72 1 1 1
69 81 69 73 73 77 73 1 1 1
70 82 70 74 74 78 74 1 1 1
71 83 71 75 75 79 75 1 1 1
72 84 72 76 74 80 76 1 1 1
73 85 73 77 75 81 77 1 1 1
72 86 74 78 76 82 78 1 1 1
73 87 75 79 77 83 79 1 1 1
74 88 76 80 78 84 80 1 1 1
75 89 77 81 79 85 81 1 1 1
76 90 78 82 80 86 82 1 1 1
77 91 79 83 81 87 83 1 1 1
78 92 80 84 82 88 84 1 1 1
77 93 81 83 81 89 85 1 1 1
78 94 82 84 82 90 86 1 1 1
79 95 83 85 83 91 87 1 1 1
80 96 84 86 84 92 88 1 1 1
81 97 83 87 85 91 89 1 1 1
82 98 84 88 86 92 90 1 1 1
83 99 85 89 87 93 89 1 1 1
