2 2 2 2 2 2 2 1 1 1
1 3 1 3 3 3 3 1 1 1
2 4 2 2 4 4 4 1 1 1
3 3 3 3 5 5 3 1 1 1
4 2 4 4 4 6 4 1 1 1
5 1 5 5 5 7 5 1 1 1
6 2 6 6 4 8 6 1 1 1
7 3 7 5 5 9 7 1 1 1
8 2 8 6 4 10 8 1 1 1
9 3 9 5 5 11 9 1 1 1
10 4 8 6 6 12 10 1 1 1
11 5 7 7 5 13 11 1 1 1
12 6 8 6 6 12 10 2 2 2
13 5 9 7 7 13 11 1 1 1
14 6 8 8 8 14 12 1 1 1
13 7 9 9 9 15 13 1 1 1
12 8 10 10 10 16 12 1 1 1
11 9 9 11 11 17 11 1 1 1
12 10 10 12 12 18 12 1 1 1
13 11 9 13 13 17 13 1 1 1
14 12 10 12 14 18 14 1 1 1
15 13 9 13 15 19 15 1 1 1
16 14 10 12 16 20 16 1 1 1
17 13 9 13 15 21 17 1 1 1
18 14 10 12 16 22 18 1 1 1
19 15 11 13 17 21 19 1 1 1
20 16 12 12 18 20 20 1 1 1
21 17 13 13 19 19 21 1 1 1
22 18 14 14 18 20 22 1 1 1
23 19 13 15 19 19 23 1 1 1
24 20 14 16 20 20 24 1 1 1
25 19 15 17 21 21 25 1 1 1
26 20 16 18 20 22 26 1 1 1
27 21 15 19 19 23 27 1 1 1
28 20 14 18 20 22 28 2 2 2
29 21 15 19 21 23 29 1 1 1
28 22 16 20 22 24 30 1 1 1
29 21 17 21 23 25 31 1 1 1
30 22 18 22 24 26 32 1 1 1
31 23 19 23 25 25 33 1 1 1
32 22 20 24 26 24 34 1 1 1
33 23 21 25 27 23 33 1 1 1
34 24 20 26 28 24 34 1 1 1
35 25 19 27 29 23 35 1 1 1
36 26 20 26 30 24 36 1 1 1
37 27 21 27 31 25 37 1 1 1
38 28 22 28 30 26 38 1 1 1
39 29 23 29 31 27 37 1 1 1
40 28 24 30 32 26 36 1 1 1
39 29 25 29 31 27 37 2 2 2
40 30 24 30 30 28 38 1 1 1
41 31 23 31 29 29 37 1 1 1
42 32 24 32 30 30 38 1 1 1
43 33 25 31 31 31 37 1 1 1
44 34 26 32 32 32 38 1 1 1
45 35 27 33 33 33 39 1 1 1
46 34 28 34 34 34 40 1 1 1
47 35 29 35 35 35 41 1 1 1
48 36 30 36 36 36 42 1 1 1
47 37 31 37 37 37 43 1 1 1
48 38 32 38 38 38 44 1 1 1
49 39 31 39 39 37 45 1 1 1
50 40 32 40 40 38 46 1 1 1
51 41 33 41 41 39 47 1 1 1
52 40 34 42 42 40 46 1 1 1
53 41 35 43 43 39 47 1 1 1
54 42 36 42 42 38 48 1 1 1
55 43 37 43 41 39 49 1 1 1
56 44 38 44 42 40 50 1 1 1
57 45 37 45 43 41 51 1 1 1
58 44 38 46 44 42 50 1 1 1
59 43 39 47 43 43 49 1 1 1
60 44 40 48 44 44 50 1 1 1
61 45 41 49 45 45 51 1 1 1
62 44 42 50 44 46 52 1 1 1
63 45 43 49 45 45 51 1 1 1
64 46 44 50 46 46 52 1 1 1
65 45 45 51 47 47 53 1 1 1
66 46 46 50 48 46 54 1 1 1
67 47 45 51 49 47 55 1 1 1
66 48 46 52 50 48 56 1 1 1
67 49 47 53 49 49 55 1 1 1
68 50 48 54 48 50 56 1 1 1
69 49 49 55 47 51 55 1 1 1
70 50 50 54 48 50 56 1 1 1
69 51 51 55 49 51 57 1 1 1
68 52 52 56 48 50 58 2 2 2
69 53 51 57 49 51 59 1 1 1
70 54 50 58 48 52 60 1 1 1
71 55 51 59 49 53 61 1 1 1
72 54 52 60 48 54 62 1 1 1
73 55 53 61 49 53 63 1 1 1
72 56 52 62 50 54 62 2 2 2
73 57 53 63 51 55 63 1 1 1
74 58 54 64 52 56 64 1 1 1
73 57 55 63 53 57 65 1 1 1
72 58 56 64 54 58 66 1 1 1
73 59 57 65 55 59 65 1 1 1
74 60 56 66 56 60 66 1 1 1
75 61 57 67 55 61 67 1 1 1
