1 1 1 1 1 1 1 1 1 1
2 2 2 2 2 2 1 1 1 1
3 3 3 3 3 3 1 1 1 1
2 4 2 2 2 4 2 2 2 2
3 5 3 3 3 5 1 1 1 1
4 6 4 4 4 6 1 1 1 1
5 7 5 5 5 7 1 1 1 1
6 6 6 6 6 8 1 1 1 1
7 7 7 7 7 9 1 1 1 1
6 8 8 6 8 10 1 1 1 1
7 9 9 7 7 11 1 1 1 1
6 10 10 8 8 12 1 1 1 1
5 9 11 9 9 13 1 1 1 1
6 10 12 10 10 14 1 1 1 1
7 11 13 11 11 15 1 1 1 1
8 12 14 10 12 16 1 1 1 1
9 13 15 11 13 17 1 1 1 1
10 14 16 12 14 18 1 1 1 1
11 15 17 13 15 19 1 1 1 1
12 16 18 14 16 20 1 1 1 1
11 17 19 15 17 19 1 1 1 1
10 18 20 14 18 20 1 1 1 1
11 19 21 13 19 21 1 1 1 1
12 20 22 14 18 22 1 1 1 1
13 21 23 15 19 23 1 1 1 1
14 22 22 16 20 24 1 1 1 1
15 23 23 17 21 25 1 1 1 1
16 24 24 18 22 26 1 1 1 1
17 25 23 19 21 27 1 1 1 1
16 26 24 20 20 28 1 1 1 1
17 27 25 21 21 27 1 1 1 1
18 28 26 22 22 28 1 1 1 1
19 27 25 23 23 29 1 1 1 1
20 28 26 24 24 28 1 1 1 1
19 29 27 25 25 29 1 1 1 1
20 30 28 26 26 30 1 1 1 1
21 31 29 25 27 31 1 1 1 1
22 30 30 26 28 32 1 1 1 1
23 31 29 27 29 33 1 1 1 1
24 32 30 28 30 34 1 1 1 1
25 33 31 29 29 35 1 1 1 1
26 34 32 30 30 36 1 1 1 1
27 35 31 31 31 37 1 1 1 1
28 36 32 32 30 38 1 1 1 1
27 37 33 33 31 39 1 1 1 1
26 38 34 32 30 40 2 2 2 2
27 39 35 33 31 41 1 1 1 1
28 40 36 34 30 42 1 1 1 1
29 41 37 35 31 43 1 1 1 1
30 42 38 36 32 44 1 1 1 1
31 43 39 37 33 45 1 1 1 1
32 44 40 38 34 46 1 1 1 1
33 45 41 39 35 47 1 1 1 1
34 46 42 40 36 48 1 1 1 1
35 47 43 41 37 49 1 1 1 1
36 48 44 42 38 50 1 1 1 1
35 47 45 43 39 49 2 2 2 2
36 48 46 44 40 50 1 1 1 1
37 47 47 43 41 51 1 1 1 1
38 48 48 44 42 50 1 1 1 1
39 49 49 45 43 51 1 1 1 1
40 48 48 46 44 52 1 1 1 1
41 49 49 47 43 51 1 1 1 1
42 50 48 48 42 52 1 1 1 1
43 51 49 49 41 53 1 1 1 1
44 52 50 50 42 54 1 1 1 1
45 53 51 49 41 55 1 1 1 1
46 52 52 50 42 56 1 1 1 1
47 53 53 51 43 55 1 1 1 1
48 52 52 52 44 56 2 2 2 2
49 53 53 51 45 57 1 1 1 1
48 54 54 52 46 58 1 1 1 1
49 55 55 53 47 59 1 1 1 1
50 56 56 54 48 60 1 1 1 1
49 55 55 55 49 61 2 2 2 2
50 56 56 56 48 62 1 1 1 1
51 57 55 57 47 63 1 1 1 1
52 58 56 56 48 64 1 1 1 1
53 59 57 57 49 65 1 1 1 1
54 60 58 56 50 66 1 1 1 1
55 61 57 57 51 67 1 1 1 1
54 60 58 58 52 68 1 1 1 1
55 61 57 59 53 69 1 1 1 1
56 62 58 58 54 70 1 1 1 1
57 63 59 59 55 71 1 1 1 1
58 64 60 60 54 70 1 1 1 1
59 65 61 61 55 71 1 1 1 1
60 66 62 62 56 72 1 1 1 1
59 67 63 63 55 71 2 2 2 2
60 68 64 64 56 72 1 1 1 1
61 69 65 63 57 73 1 1 1 1
62 70 66 64 58 72 1 1 1 1
63 69 67 65 59 73 1 1 1 1
64 70 68 66 60 74 1 1 1 1
63 71 69 67 61 75 1 1 1 1
64 72 70 68 62 76 1 1 1 1
65 73 71 69 61 77 1 1 1 1
64 74 72 70 62 78 1 1 1 1
65 75 73 71 63 79 1 1 1 1
66 76 74 72 64 80 1 1 1 1
