2 2 2 2 2 2 1 1 1 1
1 3 1 1 3 3 2 2 2 2
1 4 2 2 4 4 1 1 1 1
2 5 3 3 3 5 1 1 1 1
3 6 4 4 4 6 1 1 1 1
2 7 5 5 5 7 1 1 1 1
3 6 6 6 6 8 1 1 1 1
2 5 7 7 7 9 1 1 1 1
3 4 6 8 8 8 2 2 2 2
4 3 7 9 9 9 1 1 1 1
5 4 8 10 10 10 1 1 1 1
6 3 9 11 11 11 1 1 1 1
7 4 10 10 12 12 1 1 1 1
8 5 11 11 13 13 1 1 1 1
9 6 10 12 14 12 1 1 1 1
10 7 11 13 15 13 1 1 1 1
9 8 10 14 16 14 1 1 1 1
8 7 11 15 17 13 2 2 2 2
9 8 12 16 18 14 1 1 1 1
10 9 13 17 19 15 1 1 1 1
11 10 14 18 20 14 1 1 1 1
12 11 13 19 21 15 1 1 1 1
13 12 14 18 22 16 1 1 1 1
14 11 15 19 23 17 1 1 1 1
15 12 16 20 24 18 1 1 1 1
16 13 15 21 25 19 1 1 1 1
15 14 16 20 24 20 2 2 2 2
16 15 17 21 25 19 1 1 1 1
17 16 18 22 26 20 1 1 1 1
16 17 19 21 27 21 1 1 1 1
17 18 20 20 26 22 1 1 1 1
18 17 21 21 25 23 1 1 1 1
17 18 22 22 26 24 1 1 1 1
18 17 21 23 27 23 2 2 2 2
19 16 22 22 26 24 3 3 3 3
18 17 23 23 27 25 2 2 2 2
19 16 22 24 28 26 1 1 1 1
20 15 21 25 29 25 2 2 2 2
21 16 22 26 28 26 1 1 1 1
22 17 23 27 27 25 2 2 2 2
23 18 24 28 26 26 1 1 1 1
24 19 25 29 27 25 1 1 1 1
25 20 26 28 28 26 1 1 1 1
26 21 27 29 27 27 1 1 1 1
27 20 28 28 28 28 1 1 1 1
28 21 29 29 29 29 1 1 1 1
27 22 28 30 30 30 1 1 1 1
28 23 29 31 29 31 1 1 1 1
29 24 30 30 28 32 1 1 1 1
28 25 29 31 29 33 1 1 1 1
29 24 28 32 30 32 2 2 2 2
30 25 27 33 29 31 3 3 3 3
31 26 28 32 30 30 2 2 2 2
32 25 27 33 31 29 3 3 3 3
33 26 28 34 32 30 2 2 2 2
34 27 29 33 33 31 1 1 1 1
35 28 28 32 34 32 1 1 1 1
36 29 29 33 35 33 1 1 1 1
37 30 30 34 36 34 1 1 1 1
38 31 31 35 37 35 1 1 1 1
