2 2 2 2 1 2 2 1 1 1
3 3 3 3 2 3 3 1 1 1
4 4 2 4 3 4 4 1 1 1
5 5 3 5 4 5 5 1 1 1
4 6 2 4 3 6 6 2 2 2
3 7 3 5 4 7 5 1 1 1
4 6 4 4 5 8 6 1 1 1
3 7 3 5 4 9 7 1 1 1
2 8 4 6 5 10 8 1 1 1
3 9 5 7 6 11 9 1 1 1
4 10 6 8 7 12 10 1 1 1
3 11 7 9 6 13 9 1 1 1
4 12 8 10 5 14 10 1 1 1
5 13 9 11 6 13 11 1 1 1
6 12 10 12 7 14 12 1 1 1
7 13 9 11 8 15 13 1 1 1
6 14 10 12 7 14 14 1 1 1
7 15 11 13 8 15 15 1 1 1
8 16 10 14 9 16 16 1 1 1
9 17 11 15 10 17 17 1 1 1
10 16 12 16 11 18 18 1 1 1
11 17 13 15 12 19 19 1 1 1
12 18 14 14 11 20 18 1 1 1
13 19 15 13 12 21 17 1 1 1
14 20 16 14 13 22 18 1 1 1
13 21 15 15 14 23 19 1 1 1
12 20 16 14 15 24 20 1 1 1
11 21 15 15 16 25 21 1 1 1
10 22 16 16 15 26 22 1 1 1
11 23 17 17 14 27 23 1 1 1
12 24 18 18 13 28 24 1 1 1
13 25 17 19 12 29 25 1 1 1
14 26 18 20 13 28 26 1 1 1
15 27 17 21 12 29 25 2 2 2
16 28 18 20 13 28 26 1 1 1
17 29 19 21 14 29 27 1 1 1
16 30 20 22 13 30 28 1 1 1
17 31 21 23 14 31 29 1 1 1
18 32 22 24 15 32 28 1 1 1
19 31 23 25 14 33 27 2 2 2
20 32 24 24 13 34 28 1 1 1
21 33 25 25 14 33 29 1 1 1
22 32 26 24 15 34 30 1 1 1
23 31 25 23 16 35 31 1 1 1
24 32 26 24 17 36 32 1 1 1
25 33 27 23 18 35 33 1 1 1
26 34 28 24 17 34 32 1 1 1
25 33 29 23 18 35 33 1 1 1
24 32 30 22 17 36 34 2 2 2
25 33 29 23 18 37 35 1 1 1
24 32 30 24 19 38 36 1 1 1
25 33 31 25 20 37 37 1 1 1
26 34 32 26 19 38 36 1 1 1
27 35 33 25 20 39 37 1 1 1
28 36 32 26 21 40 38 1 1 1
29 35 33 27 22 41 39 1 1 1
28 36 32 28 23 42 40 1 1 1
29 35 33 29 22 43 41 1 1 1
28 36 32 30 23 44 42 1 1 1
29 35 33 31 24 45 43 1 1 1
30 36 34 32 25 46 42 1 1 1
31 37 35 33 26 47 43 1 1 1
32 38 34 34 27 48 44 1 1 1
31 37 35 35 28 49 45 1 1 1
32 38 34 36 27 50 46 1 1 1
33 37 33 35 28 51 47 2 2 2
34 38 34 36 27 52 46 1 1 1
35 39 35 37 28 53 47 1 1 1
36 40 36 38 29 54 48 1 1 1
37 41 37 39 30 55 49 1 1 1
38 40 38 40 31 56 50 1 1 1
37 39 39 41 32 55 51 1 1 1
38 40 40 42 33 56 50 1 1 1
39 41 41 43 32 55 49 1 1 1
40 42 42 42 31 56 50 1 1 1
39 43 41 41 32 57 51 1 1 1
40 44 42 42 33 58 52 1 1 1
41 45 43 41 34 59 53 1 1 1
42 46 44 40 35 60 54 1 1 1
43 47 43 41 36 61 53 1 1 1
44 48 44 42 37 62 54 1 1 1
45 47 45 41 38 63 55 1 1 1
44 48 46 40 39 64 56 1 1 1
45 49 47 41 40 63 57 1 1 1
46 48 48 42 41 64 58 1 1 1
47 49 49 41 42 65 59 1 1 1
48 50 50 42 43 64 60 1 1 1
49 51 49 43 44 65 59 1 1 1
50 52 50 44 45 64 60 1 1 1
49 53 49 45 44 65 61 1 1 1
50 54 50 44 45 66 62 1 1 1
51 55 51 45 46 67 63 1 1 1
50 56 52 46 47 68 62 1 1 1
51 57 53 45 46 69 63 1 1 1
52 58 54 46 47 70 62 1 1 1
53 59 55 47 48 71 63 1 1 1
54 58 56 48 49 72 64 1 1 1
55 59 57 47 48 73 63 1 1 1
56 60 58 48 49 72 64 1 1 1
57 61 59 49 48 73 63 1 1 1
