2 2 2 2 2 2 2 1 1 1
3 3 3 1 1 3 3 1 1 1
2 4 4 2 2 4 4 1 1 1
3 3 5 3 3 5 5 1 1 1
4 4 6 4 2 6 4 1 1 1
5 5 7 3 1 7 5 1 1 1
6 6 8 4 1 8 4 1 1 1
5 7 9 5 1 9 5 1 1 1
6 6 10 6 2 10 4 1 1 1
7 7 9 7 3 11 3 1 1 1
6 6 8 8 4 12 4 2 2 2
7 7 9 9 3 11 5 1 1 1
8 8 8 10 4 12 6 1 1 1
9 9 9 11 5 13 7 1 1 1
10 10 8 12 6 14 8 1 1 1
9 9 9 13 7 15 9 1 1 1
10 10 10 12 8 14 10 1 1 1
11 11 11 13 7 15 11 1 1 1
10 12 12 14 8 16 12 1 1 1
11 11 13 15 9 17 11 1 1 1
12 12 14 16 10 18 12 1 1 1
13 13 13 17 11 19 11 1 1 1
12 14 14 18 12 20 12 1 1 1
13 13 15 19 11 21 13 1 1 1
12 14 16 20 12 20 12 2 2 2
13 15 17 21 13 21 13 1 1 1
12 14 18 20 14 22 14 2 2 2
13 15 19 21 15 21 13 1 1 1
14 16 20 22 16 22 14 1 1 1
15 17 21 23 17 23 15 1 1 1
16 18 20 24 18 22 16 1 1 1
15 19 21 25 19 21 15 1 1 1
16 20 22 26 20 22 14 1 1 1
17 21 21 27 19 23 15 1 1 1
18 22 20 28 20 24 16 1 1 1
19 21 19 29 21 23 17 1 1 1
20 22 18 30 22 24 18 1 1 1
21 23 19 31 23 23 19 1 1 1
20 24 18 32 24 24 20 1 1 1
21 25 17 31 23 25 21 1 1 1
22 26 18 32 24 26 22 1 1 1
23 27 19 33 25 25 23 1 1 1
24 28 20 34 24 26 24 1 1 1
25 29 21 35 25 25 23 1 1 1
24 30 22 36 26 24 22 2 2 2
25 31 23 37 27 25 23 1 1 1
26 32 24 38 28 26 24 1 1 1
27 33 25 39 29 27 25 1 1 1
28 34 26 40 30 28 26 1 1 1
29 33 27 41 31 29 27 1 1 1
30 34 28 42 32 30 28 1 1 1
31 35 29 41 33 31 29 1 1 1
32 36 30 42 34 32 28 1 1 1
33 37 29 43 35 31 29 1 1 1
34 38 28 44 34 32 28 1 1 1
35 39 29 45 35 31 29 1 1 1
36 38 28 44 36 32 30 1 1 1
37 39 29 43 37 31 31 1 1 1
38 38 30 44 38 30 32 1 1 1
37 39 31 45 39 31 31 1 1 1
38 40 32 46 38 30 32 1 1 1
39 41 31 47 39 31 31 1 1 1
40 42 32 48 40 32 32 1 1 1
41 43 31 49 41 33 33 1 1 1
42 44 32 50 42 32 32 1 1 1
43 45 33 51 41 33 31 1 1 1
44 46 32 52 40 34 32 1 1 1
45 47 33 53 41 35 31 1 1 1
46 48 32 54 42 36 32 1 1 1
47 49 31 55 43 37 33 1 1 1
48 50 30 56 44 36 34 1 1 1
47 49 31 57 45 37 35 1 1 1
48 50 32 58 46 38 36 1 1 1
49 49 33 59 47 37 35 1 1 1
50 50 32 60 46 36 34 2 2 2
51 51 33 59 47 37 35 1 1 1
52 52 34 60 46 38 36 1 1 1
51 53 35 59 47 39 37 1 1 1
52 54 34 60 48 40 36 1 1 1
53 55 35 61 49 41 37 1 1 1
52 56 36 62 50 42 36 1 1 1
53 57 37 63 51 43 35 1 1 1
52 58 36 62 52 44 36 2 2 2
53 59 35 63 53 45 35 1 1 1
54 60 36 64 54 46 36 1 1 1
55 59 37 65 55 45 37 1 1 1
56 58 38 66 56 44 38 1 1 1
57 59 39 65 57 45 39 1 1 1
56 60 38 66 58 46 40 1 1 1
57 59 39 67 59 47 41 1 1 1
58 60 40 68 60 48 40 1 1 1
59 61 41 67 61 49 41 1 1 1
60 62 42 68 60 50 42 1 1 1
61 63 43 69 61 51 43 1 1 1
62 64 44 70 62 52 44 1 1 1
63 63 45 71 61 53 45 1 1 1
62 64 46 72 62 54 46 1 1 1
63 65 47 73 61 55 45 1 1 1
64 66 48 74 62 54 46 1 1 1
63 67 49 75 63 55 45 1 1 1
