2 2 2 2 2 2 1 1 1 1
3 3 3 3 3 3 2 1 1 1
4 4 2 4 4 4 3 1 1 1
5 5 1 5 5 5 4 1 1 1
6 4 2 6 6 6 5 1 1 1
5 5 3 7 7 7 6 1 1 1
6 6 4 8 8 6 7 1 1 1
7 5 5 7 9 7 6 2 2 2
6 6 4 8 8 6 7 3 3 3
7 7 5 9 9 7 6 2 2 2
8 8 6 8 10 6 7 1 1 1
9 9 7 9 11 7 8 1 1 1
10 10 8 10 12 8 7 1 1 1
11 11 9 11 13 7 8 1 1 1
12 12 10 12 14 8 9 1 1 1
13 13 9 13 15 9 10 1 1 1
14 14 10 14 14 10 11 1 1 1
15 13 11 13 15 11 12 1 1 1
16 12 12 14 16 12 11 1 1 1
17 13 13 15 17 13 12 1 1 1
18 12 14 16 18 14 13 1 1 1
19 13 13 17 19 15 14 1 1 1
20 14 14 18 20 16 15 1 1 1
19 13 15 19 21 17 14 1 1 1
20 12 16 20 22 16 15 1 1 1
21 11 17 21 21 17 14 1 1 1
22 10 18 22 22 18 13 1 1 1
23 11 19 23 23 17 14 1 1 1
24 12 20 22 24 16 15 1 1 1
25 11 21 21 25 15 16 1 1 1
26 12 22 22 26 16 17 1 1 1
27 13 23 23 25 15 18 1 1 1
28 14 24 24 26 16 19 1 1 1
29 15 23 23 27 17 20 1 1 1
28 16 24 24 28 18 19 1 1 1
27 17 25 23 29 19 20 1 1 1
28 16 26 24 30 20 21 1 1 1
29 17 27 25 31 19 22 1 1 1
30 18 28 26 32 20 23 1 1 1
31 19 29 27 33 19 24 1 1 1
32 18 30 28 34 20 25 1 1 1
33 19 31 27 33 21 26 1 1 1
34 20 32 28 34 22 27 1 1 1
33 19 33 29 35 23 28 1 1 1
32 20 34 30 36 24 29 1 1 1
33 21 35 29 37 25 30 1 1 1
34 22 36 30 38 26 31 1 1 1
35 23 37 31 39 27 32 1 1 1
36 22 38 32 40 28 33 1 1 1
37 23 39 33 39 29 32 1 1 1
38 24 38 34 40 30 33 1 1 1
37 25 37 35 41 31 34 1 1 1
36 26 36 36 42 30 35 1 1 1
35 27 35 37 43 29 36 1 1 1
36 28 36 38 44 28 35 1 1 1
37 29 37 39 45 29 34 1 1 1
38 28 38 40 44 30 35 1 1 1
39 29 39 41 45 31 36 1 1 1
40 28 40 42 46 32 37 1 1 1
41 29 41 43 47 33 38 1 1 1
