2 2 2 2 1 2 2 1 1 1
3 3 3 1 2 3 3 1 1 1
2 4 2 2 3 4 2 2 2 2
3 5 3 3 4 5 3 1 1 1
2 6 4 2 3 6 2 2 2 2
3 7 5 3 2 7 3 1 1 1
2 8 6 4 3 6 4 1 1 1
1 9 7 5 4 5 3 1 1 1
2 8 8 4 3 6 4 2 2 2
3 9 9 5 4 5 5 1 1 1
2 10 10 6 3 6 6 1 1 1
3 9 11 7 2 5 7 2 2 2
4 8 12 8 3 6 8 1 1 1
5 9 13 9 4 7 7 1 1 1
4 8 14 8 3 8 8 2 2 2
5 9 15 9 4 9 7 1 1 1
6 10 16 10 5 10 8 1 1 1
7 11 17 11 6 11 9 1 1 1
6 12 16 12 5 10 10 2 2 2
7 13 17 13 6 11 9 1 1 1
8 14 18 14 5 12 10 1 1 1
9 15 19 15 4 13 9 1 1 1
10 16 20 16 5 14 10 1 1 1
9 17 21 17 4 13 9 2 2 2
10 18 22 18 5 12 10 1 1 1
9 17 23 19 6 13 9 1 1 1
10 18 22 20 7 14 8 1 1 1
11 19 21 21 8 15 9 1 1 1
12 20 22 22 9 14 10 1 1 1
13 19 23 23 10 15 11 1 1 1
14 20 24 24 11 16 10 1 1 1
15 21 25 25 12 17 11 1 1 1
16 22 26 24 13 18 10 1 1 1
17 21 27 25 14 19 11 1 1 1
18 22 28 26 15 20 12 1 1 1
17 23 29 27 16 21 13 1 1 1
18 22 28 28 17 20 14 2 2 2
19 23 29 29 18 21 15 1 1 1
18 24 30 28 19 22 16 1 1 1
19 23 31 27 20 23 17 2 2 2
20 22 32 28 21 24 18 1 1 1
21 21 33 27 22 25 19 1 1 1
22 22 32 26 23 26 20 1 1 1
21 23 31 27 24 25 21 1 1 1
22 24 32 28 25 26 20 1 1 1
23 23 33 29 24 27 21 2 2 2
24 24 34 30 25 28 22 1 1 1
23 25 35 29 26 29 23 1 1 1
24 26 34 30 27 30 24 1 1 1
25 27 35 29 26 31 25 1 1 1
24 28 36 30 27 32 26 1 1 1
23 29 37 31 28 33 27 1 1 1
22 30 38 32 29 34 28 1 1 1
21 31 39 33 30 35 27 1 1 1
22 32 38 34 29 34 28 1 1 1
23 33 39 33 30 35 29 1 1 1
24 34 38 34 29 36 30 1 1 1
25 33 39 33 30 35 31 1 1 1
26 32 40 34 31 34 32 1 1 1
27 33 41 35 32 35 31 1 1 1
