1 1 1 1 1 1 1 1 1 1
1 1 1 1 1 1 1 1 1 1
2 2 2 2 1 1 1 2 2 2
3 1 1 3 1 1 2 3 3 3
4 1 1 4 1 2 3 4 4 4
5 2 2 5 2 3 4 3 3 3
6 1 1 4 3 4 3 4 4 4
5 2 2 3 4 3 4 5 5 5
4 3 1 4 5 4 3 6 6 6
5 2 1 3 6 3 4 7 7 7
4 3 1 4 5 2 5 8 8 8
5 4 1 5 4 3 6 9 9 9
6 3 1 4 3 2 7 10 10 10
7 2 2 5 2 3 6 11 11 11
6 1 3 4 1 2 7 12 12 12
5 2 4 3 1 1 6 13 13 13
6 1 3 4 1 2 7 14 14 14
5 2 4 3 2 1 8 15 15 15
4 1 3 4 1 1 7 16 16 16
3 2 2 3 1 1 8 17 17 17
2 1 3 4 1 1 7 18 18 18
1 2 4 3 2 1 8 19 19 19
1 3 3 4 3 2 9 20 20 20
2 2 2 5 4 3 10 21 21 21
1 1 1 6 3 2 11 22 22 22
1 2 1 7 2 3 10 23 23 23
1 1 1 6 3 4 9 24 24 24
2 1 2 7 2 3 8 25 25 25
3 1 1 6 1 4 7 26 26 26
4 1 2 5 2 5 8 27 27 27
3 2 3 4 1 6 7 28 28 28
2 3 2 3 2 7 8 29 29 29
1 4 1 4 1 8 7 30 30 30
1 5 1 5 1 9 6 31 31 31
1 6 1 4 1 10 7 32 32 32
1 5 1 5 1 9 6 33 33 33
1 6 2 4 1 10 7 34 34 34
1 5 1 3 1 11 6 35 35 35
1 4 2 4 1 10 7 36 36 36
1 5 1 5 2 9 8 37 37 37
2 6 1 4 1 8 7 38 38 38
1 5 2 3 2 7 8 39 39 39
1 4 1 2 1 6 9 40 40 40
1 3 1 3 1 7 8 41 41 41
1 4 2 2 2 6 7 42 42 42
1 5 1 1 1 7 8 43 43 43
2 4 1 2 2 8 9 44 44 44
3 3 1 3 1 7 8 45 45 45
2 2 1 2 1 6 9 46 46 46
1 3 1 1 2 7 8 47 47 47
2 4 1 1 1 8 9 48 48 48
1 3 1 1 2 7 8 49 49 49
1 4 1 2 1 8 7 50 50 50
1 3 1 1 1 9 6 51 51 51
1 2 1 1 2 8 5 52 52 52
2 3 2 1 1 9 4 53 53 53
1 2 3 2 2 10 3 54 54 54
2 1 2 1 3 9 4 55 55 55
3 1 1 2 2 8 5 56 56 56
2 1 2 3 1 7 4 57 57 57
