1 1 1 1 1 1 1 1 1 1
1 1 1 1 1 1 1 1 1 1
2 2 2 2 2 2 1 1 1 1
3 3 3 3 1 3 1 1 1 1
4 4 4 4 2 4 1 1 1 1
5 5 5 5 1 5 1 1 1 1
6 6 6 6 2 6 1 1 1 1
7 5 7 5 1 5 2 2 2 2
8 6 8 6 2 4 1 1 1 1
9 5 9 7 3 5 1 1 1 1
10 6 10 8 4 6 1 1 1 1
11 7 11 9 5 7 1 1 1 1
12 8 12 10 6 8 1 1 1 1
13 9 13 11 7 9 1 1 1 1
14 10 14 12 8 10 1 1 1 1
15 11 13 13 9 11 1 1 1 1
16 10 12 14 10 12 1 1 1 1
17 9 13 13 11 13 1 1 1 1
18 10 14 14 12 14 1 1 1 1
17 11 13 15 13 13 2 2 2 2
18 12 14 16 14 14 1 1 1 1
19 13 15 15 13 15 1 1 1 1
20 14 16 16 12 16 1 1 1 1
21 15 15 17 11 15 2 2 2 2
22 16 16 18 10 16 1 1 1 1
21 17 17 19 11 17 1 1 1 1
20 16 18 20 12 18 1 1 1 1
19 17 19 21 13 19 1 1 1 1
20 18 20 22 12 18 1 1 1 1
21 17 21 23 13 19 1 1 1 1
22 18 22 22 14 20 1 1 1 1
23 19 21 23 15 21 1 1 1 1
24 20 22 24 16 20 1 1 1 1
25 19 23 25 15 21 2 2 2 2
24 20 24 24 16 22 1 1 1 1
25 21 25 25 17 23 1 1 1 1
26 22 24 26 18 24 1 1 1 1
27 21 25 27 19 23 2 2 2 2
28 22 24 28 20 24 1 1 1 1
29 23 25 29 21 25 1 1 1 1
30 22 26 30 22 26 1 1 1 1
31 23 27 31 23 25 1 1 1 1
32 24 28 32 24 26 1 1 1 1
33 23 29 31 25 27 1 1 1 1
34 24 30 30 26 28 1 1 1 1
35 25 31 31 25 29 1 1 1 1
36 26 32 32 26 30 1 1 1 1
37 27 33 31 27 31 1 1 1 1
38 28 34 30 28 32 1 1 1 1
39 29 35 31 29 33 1 1 1 1
40 28 36 30 30 34 1 1 1 1
41 29 37 31 29 33 1 1 1 1
40 28 38 32 30 34 1 1 1 1
41 29 39 33 31 35 1 1 1 1
42 30 40 34 32 34 1 1 1 1
41 31 41 35 33 35 1 1 1 1
42 32 42 36 34 34 1 1 1 1
41 33 41 35 35 35 2 2 2 2
42 34 42 36 36 36 1 1 1 1
43 35 41 37 35 35 2 2 2 2
