1 1 1 1 1 1 1 1 1 1
1 1 1 1 1 1 1 1 1 1
1 1 1 1 1 1 1 1 1 1
2 2 2 2 2 2 1 1 1 1
3 3 3 3 3 3 1 1 1 1
4 4 4 2 4 4 1 1 1 1
5 5 5 3 5 5 1 1 1 1
4 4 4 2 6 6 2 2 2 2
5 5 5 3 7 5 1 1 1 1
6 6 6 2 8 6 1 1 1 1
5 7 7 1 9 7 1 1 1 1
6 6 8 1 10 8 1 1 1 1
7 7 9 2 9 9 1 1 1 1
6 6 10 1 10 8 2 2 2 2
7 7 11 2 11 9 1 1 1 1
8 6 10 3 12 8 2 2 2 2
9 5 9 2 13 7 3 3 3 3
10 6 10 3 14 6 2 2 2 2
11 7 11 4 15 7 1 1 1 1
12 8 12 5 16 8 1 1 1 1
13 9 13 4 17 9 1 1 1 1
14 10 14 5 18 10 1 1 1 1
15 11 15 6 19 11 1 1 1 1
16 12 16 7 20 12 1 1 1 1
17 13 17 8 19 13 1 1 1 1
18 14 18 9 20 14 1 1 1 1
19 15 19 10 21 15 1 1 1 1
20 16 20 11 22 16 1 1 1 1
21 17 21 12 23 17 1 1 1 1
22 18 20 13 24 18 1 1 1 1
21 19 21 14 25 19 1 1 1 1
22 18 22 15 26 20 1 1 1 1
21 19 23 16 27 21 1 1 1 1
22 20 24 17 28 22 1 1 1 1
23 21 25 16 29 23 1 1 1 1
24 22 24 17 30 24 1 1 1 1
25 23 23 18 31 23 1 1 1 1
26 22 24 19 32 22 1 1 1 1
27 23 25 20 33 23 1 1 1 1
28 24 26 21 34 24 1 1 1 1
29 25 27 22 35 25 1 1 1 1
30 26 28 23 36 26 1 1 1 1
31 25 29 24 37 25 1 1 1 1
32 26 30 25 38 26 1 1 1 1
31 27 31 26 39 25 1 1 1 1
32 28 32 27 40 26 1 1 1 1
31 29 33 28 39 27 1 1 1 1
32 30 34 29 40 28 1 1 1 1
33 31 35 28 41 29 1 1 1 1
34 32 36 29 42 30 1 1 1 1
33 33 37 30 43 31 1 1 1 1
32 34 38 31 44 32 1 1 1 1
33 35 39 32 43 33 1 1 1 1
32 34 40 33 44 32 2 2 2 2
31 33 41 34 45 33 3 3 3 3
32 34 42 35 46 34 2 2 2 2
33 35 43 36 47 35 1 1 1 1
34 36 44 37 48 36 1 1 1 1
35 37 45 36 49 37 1 1 1 1
36 36 46 37 50 38 1 1 1 1
