2 1 1 2 2 2 2 2 2 2
1 1 1 3 3 3 3 3 3 3
1 2 2 2 2 4 2 4 4 4
2 3 3 3 3 5 1 3 3 3
3 4 2 2 4 4 1 4 4 4
4 5 1 3 3 5 1 5 5 5
5 6 2 2 2 4 2 6 6 6
6 5 1 1 1 3 3 7 7 7
7 4 1 1 1 2 2 8 8 8
6 3 1 2 2 1 1 9 9 9
7 2 2 1 1 2 1 10 10 10
8 3 3 1 1 1 1 11 11 11
7 2 2 2 1 2 1 12 12 12
8 3 1 3 1 1 1 13 13 13
9 2 1 2 1 2 1 14 14 14
10 3 2 3 1 1 1 15 15 15
11 4 1 2 2 2 1 16 16 16
12 5 2 1 3 3 1 17 17 17
11 6 1 1 4 2 1 18 18 18
10 5 1 1 3 1 1 19 19 19
9 4 2 1 2 1 1 20 20 20
10 3 1 2 1 1 1 21 21 21
11 2 2 1 2 1 1 22 22 22
10 3 3 1 3 2 1 23 23 23
9 4 2 1 4 3 1 24 24 24
10 5 1 1 3 2 2 25 25 25
11 4 1 2 2 1 3 26 26 26
10 3 1 1 1 2 2 27 27 27
9 4 2 1 1 1 1 28 28 28
10 5 3 1 2 1 2 29 29 29
9 4 2 1 3 1 1 30 30 30
8 5 1 1 4 2 2 31 31 31
7 6 2 1 3 3 1 32 32 32
6 5 3 1 2 4 2 33 33 33
5 6 4 2 1 3 3 34 34 34
4 5 5 1 1 2 4 35 35 35
3 4 6 2 1 1 3 36 36 36
4 5 5 1 1 1 2 37 37 37
5 4 4 1 1 2 1 38 38 38
6 5 5 1 1 3 1 39 39 39
5 6 6 2 2 2 1 40 40 40
4 7 5 1 1 1 1 41 41 41
3 8 4 2 1 1 1 42 42 42
2 7 3 1 1 1 1 43 43 43
3 8 4 1 2 1 2 44 44 44
2 9 3 2 1 2 3 45 45 45
3 10 4 1 2 1 4 46 46 46
2 11 5 1 1 1 3 47 47 47
3 10 6 2 2 1 2 48 48 48
4 11 7 3 1 2 3 49 49 49
3 12 8 2 1 1 4 50 50 50
2 11 9 3 2 1 3 51 51 51
1 12 8 4 3 1 4 52 52 52
1 13 7 5 2 1 3 53 53 53
2 14 6 6 1 1 4 54 54 54
1 13 5 5 1 1 5 55 55 55
1 12 4 4 1 2 4 56 56 56
1 11 5 3 1 1 5 57 57 57
1 12 4 2 1 2 4 58 58 58
2 11 5 3 2 3 5 59 59 59
