2 2 1 1 2 1 2 2 2 2
3 3 1 1 1 1 3 3 3 3
4 4 1 1 1 1 4 4 4 4
5 3 1 1 1 2 5 5 5 5
4 2 1 1 2 3 6 6 6 6
5 1 1 2 1 4 7 7 7 7
4 2 1 3 2 3 8 8 8 8
3 1 2 2 1 2 9 9 9 9
4 1 1 3 1 3 10 10 10 10
5 1 1 4 1 4 11 11 11 11
4 1 2 3 1 3 12 12 12 12
5 1 1 4 1 2 13 13 13 13
6 2 1 3 1 1 14 14 14 14
5 1 1 4 1 2 15 15 15 15
4 2 2 3 2 1 16 16 16 16
3 1 1 2 1 1 17 17 17 17
4 1 2 3 2 1 18 18 18 18
3 1 1 2 1 2 19 19 19 19
2 1 1 1 1 3 20 20 20 20
3 1 2 1 1 4 21 21 21 21
2 1 3 1 2 3 22 22 22 22
1 1 2 1 1 2 23 23 23 23
1 1 3 1 1 3 24 24 24 24
1 1 2 2 2 4 25 25 25 25
1 2 1 1 1 3 26 26 26 26
2 1 1 1 1 2 27 27 27 27
1 2 1 1 2 1 28 28 28 28
1 1 2 1 1 1 29 29 29 29
2 1 1 1 2 1 30 30 30 30
3 1 1 1 3 1 31 31 31 31
2 1 1 2 4 1 32 32 32 32
1 2 1 1 3 1 33 33 33 33
2 1 1 1 2 1 34 34 34 34
1 1 1 2 1 1 35 35 35 35
1 1 2 1 1 2 36 36 36 36
2 2 3 1 1 3 37 37 37 37
1 1 2 1 2 2 38 38 38 38
2 1 3 1 1 1 39 39 39 39
3 1 2 2 1 2 40 40 40 40
2 1 1 3 1 3 41 41 41 41
1 1 1 2 2 4 42 42 42 42
2 1 1 1 1 5 43 43 43 43
1 1 1 2 2 4 44 44 44 44
1 1 1 1 3 3 45 45 45 45
2 2 1 2 2 4 46 46 46 46
1 1 1 3 3 5 47 47 47 47
1 2 2 2 4 4 48 48 48 48
2 3 1 1 5 3 49 49 49 49
1 2 2 1 6 2 50 50 50 50
2 1 3 1 5 3 51 51 51 51
1 2 2 2 6 2 52 52 52 52
1 3 3 3 7 1 53 53 53 53
1 2 2 2 6 2 54 54 54 54
2 1 3 1 5 3 55 55 55 55
1 1 2 1 6 2 56 56 56 56
1 2 1 1 5 3 57 57 57 57
1 3 1 1 4 2 58 58 58 58
2 4 1 1 5 1 59 59 59 59
3 5 2 2 4 1 60 60 60 60
4 6 1 1 3 2 61 61 61 61
