2 2 2 2 1 2 2 1 1 1
3 3 3 3 2 3 3 1 1 1
4 4 4 4 3 4 4 1 1 1
5 3 5 5 4 5 5 1 1 1
6 4 6 6 5 4 6 1 1 1
7 5 7 7 6 5 7 1 1 1
8 6 8 8 7 6 8 1 1 1
9 5 9 9 8 7 9 1 1 1
10 6 10 10 9 8 10 1 1 1
11 7 11 11 10 9 11 1 1 1
12 8 12 12 11 10 12 1 1 1
13 9 13 13 12 11 13 1 1 1
14 10 14 14 13 12 14 1 1 1
13 11 15 15 12 13 15 1 1 1
14 12 16 16 13 14 16 1 1 1
13 13 17 17 14 15 17 1 1 1
14 14 18 18 15 16 18 1 1 1
13 15 19 19 14 15 19 1 1 1
14 16 18 20 15 16 20 1 1 1
15 17 19 21 16 17 21 1 1 1
16 18 18 22 17 18 22 1 1 1
17 19 19 23 18 19 23 1 1 1
18 20 20 24 19 20 24 1 1 1
19 21 21 25 20 21 25 1 1 1
20 22 22 26 21 22 26 1 1 1
21 23 23 27 20 23 27 1 1 1
22 24 24 28 21 24 28 1 1 1
23 25 25 29 20 25 29 1 1 1
24 26 26 30 21 26 30 1 1 1
25 27 27 31 22 27 31 1 1 1
26 28 28 32 23 26 32 1 1 1
25 29 29 33 24 27 33 1 1 1
26 30 30 34 25 26 34 1 1 1
27 31 31 35 26 27 35 1 1 1
28 32 32 36 27 28 36 1 1 1
29 33 33 37 28 29 37 1 1 1
30 34 34 38 29 30 38 1 1 1
31 33 35 39 30 29 39 1 1 1
32 34 36 40 29 30 40 1 1 1
33 35 37 41 30 31 41 1 1 1
34 36 38 42 31 32 40 1 1 1
35 37 39 43 32 33 41 1 1 1
36 38 40 44 33 32 42 1 1 1
37 39 41 45 34 33 43 1 1 1
38 40 42 44 35 34 44 1 1 1
39 41 43 45 36 35 45 1 1 1
40 42 44 46 37 36 46 1 1 1
41 43 45 47 38 37 47 1 1 1
42 44 46 48 39 38 48 1 1 1
43 45 47 49 40 39 49 1 1 1
44 46 48 50 41 40 50 1 1 1
45 47 49 51 40 41 49 1 1 1
46 48 50 52 41 42 50 1 1 1
47 49 51 53 42 43 49 1 1 1
48 50 52 54 43 44 50 1 1 1
47 51 53 55 44 45 51 1 1 1
48 52 54 56 45 46 52 1 1 1
49 53 55 57 44 47 53 1 1 1
50 54 56 58 45 48 54 1 1 1
51 55 57 59 46 49 55 1 1 1
52 56 58 60 47 50 56 1 1 1
51 57 59 61 48 51 57 1 1 1
52 58 60 62 49 52 58 1 1 1
53 59 61 63 50 53 59 1 1 1
54 60 62 64 51 54 60 1 1 1
55 61 63 65 52 55 61 1 1 1
56 62 64 66 53 56 62 1 1 1
57 63 65 67 54 57 63 1 1 1
58 64 66 68 55 58 64 1 1 1
59 65 67 69 56 59 65 1 1 1
60 66 68 70 57 60 66 1 1 1
61 67 69 71 58 61 67 1 1 1
62 68 70 72 59 62 68 1 1 1
63 69 71 73 60 61 69 1 1 1
64 68 72 74 61 62 70 1 1 1
65 69 71 75 62 63 71 1 1 1
66 70 72 76 63 62 72 1 1 1
67 71 73 77 64 63 71 1 1 1
68 72 74 78 63 62 72 1 1 1
69 73 75 79 64 63 73 1 1 1
68 74 76 80 65 64 74 1 1 1
69 75 77 81 66 65 75 1 1 1
70 76 78 82 67 66 76 1 1 1
71 77 77 83 68 67 77 1 1 1
72 78 78 82 69 68 78 1 1 1
71 79 79 83 70 69 79 1 1 1
72 80 78 84 71 70 80 1 1 1
73 81 79 85 72 71 81 1 1 1
74 80 80 84 73 72 82 1 1 1
75 81 81 85 74 71 83 1 1 1
76 82 82 86 75 72 82 1 1 1
77 83 83 87 76 73 83 1 1 1
78 84 84 88 77 74 84 1 1 1
79 85 85 89 78 75 85 1 1 1
80 86 86 90 79 76 86 1 1 1
81 87 87 91 80 77 87 1 1 1
82 88 88 92 81 78 88 1 1 1
83 89 89 93 82 79 89 1 1 1
84 90 90 94 83 80 90 1 1 1
85 91 91 95 84 81 91 1 1 1
