2 1 2 2 2 2 2 1 1 1
3 2 3 1 3 3 3 1 1 1
4 3 4 2 4 4 4 1 1 1
5 4 5 3 5 5 5 1 1 1
4 5 6 4 6 6 6 1 1 1
5 6 7 5 7 7 7 1 1 1
6 7 8 6 6 8 8 1 1 1
7 8 9 7 7 9 9 1 1 1
8 9 10 8 6 10 10 1 1 1
9 8 11 9 7 11 11 1 1 1
10 9 12 10 8 12 12 1 1 1
11 10 13 11 9 13 13 1 1 1
12 11 14 12 10 14 14 1 1 1
13 12 15 13 11 15 15 1 1 1
14 13 16 14 12 16 16 1 1 1
15 14 17 15 13 17 17 1 1 1
16 15 18 16 14 18 18 1 1 1
17 16 19 17 15 19 19 1 1 1
18 17 20 18 16 20 20 1 1 1
19 18 21 19 17 21 21 1 1 1
20 19 22 20 18 22 22 1 1 1
21 20 23 21 19 23 23 1 1 1
22 21 24 22 20 24 24 1 1 1
23 22 25 23 21 25 25 1 1 1
24 23 24 24 22 26 26 1 1 1
25 24 25 25 23 27 27 1 1 1
26 25 26 26 22 28 28 1 1 1
27 26 27 27 23 29 29 1 1 1
28 27 28 28 24 30 30 1 1 1
27 28 29 29 25 31 31 1 1 1
28 29 30 30 26 32 32 1 1 1
29 30 31 31 27 33 33 1 1 1
30 31 32 32 28 32 34 1 1 1
31 32 33 33 29 33 35 1 1 1
32 33 34 34 30 34 36 1 1 1
33 34 35 35 31 35 37 1 1 1
34 35 36 36 32 36 38 1 1 1
35 36 37 37 33 37 39 1 1 1
36 37 38 38 34 38 40 1 1 1
37 38 39 39 35 39 41 1 1 1
36 39 40 40 36 40 40 1 1 1
37 40 41 41 37 41 41 1 1 1
38 41 42 40 38 42 42 1 1 1
39 42 43 41 39 43 43 1 1 1
40 43 44 42 40 44 44 1 1 1
41 44 45 43 41 45 45 1 1 1
42 45 46 44 42 46 46 1 1 1
43 46 45 45 43 47 47 1 1 1
44 47 46 46 44 48 48 1 1 1
43 48 47 47 45 49 49 1 1 1
44 49 48 48 46 50 50 1 1 1
45 48 49 49 47 51 51 1 1 1
46 49 50 50 48 52 52 1 1 1
47 50 51 51 49 51 53 1 1 1
48 51 52 52 50 52 54 1 1 1
49 52 53 53 51 53 55 1 1 1
50 53 54 54 52 54 56 1 1 1
51 54 53 55 53 55 55 1 1 1
50 55 54 56 54 56 56 1 1 1
51 56 55 57 55 57 57 1 1 1
52 57 56 58 56 58 58 1 1 1
53 58 57 59 57 59 59 1 1 1
54 59 58 60 58 60 60 1 1 1
55 60 59 61 59 61 59 1 1 1
56 61 60 60 58 60 60 1 1 1
57 62 61 59 59 61 61 1 1 1
58 63 62 58 60 62 60 1 1 1
57 64 63 59 61 63 61 1 1 1
58 65 64 60 62 64 62 1 1 1
59 66 65 61 63 65 63 1 1 1
60 67 66 62 64 66 64 1 1 1
61 68 67 63 65 67 65 1 1 1
62 69 68 64 66 68 66 1 1 1
63 70 69 65 67 69 67 1 1 1
64 71 70 66 68 70 68 1 1 1
65 72 71 67 69 71 69 1 1 1
66 73 72 68 68 70 70 1 1 1
67 74 73 69 67 71 71 1 1 1
68 75 74 70 68 72 72 1 1 1
69 76 75 71 69 73 73 1 1 1
70 77 76 72 70 74 74 1 1 1
71 78 75 73 71 75 75 1 1 1
72 79 76 74 72 76 74 1 1 1
73 80 77 75 73 77 75 1 1 1
74 81 78 76 74 78 76 1 1 1
73 82 79 77 75 79 77 1 1 1
74 83 80 78 76 80 78 1 1 1
75 84 81 79 77 81 79 1 1 1
76 83 82 80 78 82 80 1 1 1
77 82 83 81 79 83 81 1 1 1
78 83 84 82 80 84 82 1 1 1
79 84 85 83 81 85 83 1 1 1
80 85 86 84 82 86 84 1 1 1
81 86 87 85 81 87 85 1 1 1
82 87 88 86 82 88 86 1 1 1
83 88 89 87 83 89 87 1 1 1
84 89 90 88 84 90 88 1 1 1
85 90 89 87 85 91 89 1 1 1
86 91 90 88 86 92 90 1 1 1
87 92 91 89 87 93 91 1 1 1
