2 1 2 1 1 1 2 2 2 2
1 1 1 2 1 1 3 3 3 3
2 2 2 3 1 1 4 4 4 4
1 1 1 2 2 1 5 5 5 5
2 2 2 1 1 2 6 6 6 6
3 1 1 2 1 1 7 7 7 7
4 2 2 1 2 1 8 8 8 8
5 1 3 1 1 2 9 9 9 9
6 2 2 1 1 1 10 10 10 10
7 1 3 1 1 1 11 11 11 11
6 1 2 1 1 1 12 12 12 12
5 1 3 1 2 1 13 13 13 13
6 1 2 1 1 2 14 14 14 14
5 2 3 1 1 3 15 15 15 15
6 3 2 1 2 4 16 16 16 16
5 4 3 1 1 3 17 17 17 17
4 3 2 1 1 2 18 18 18 18
5 2 1 1 1 1 19 19 19 19
4 3 1 1 1 2 20 20 20 20
5 2 1 1 2 1 21 21 21 21
4 1 1 2 3 1 22 22 22 22
5 2 2 3 2 1 23 23 23 23
4 1 3 2 1 1 24 24 24 24
5 1 4 3 1 1 25 25 25 25
6 1 3 4 1 1 26 26 26 26
7 2 2 3 2 2 27 27 27 27
6 1 1 2 1 3 28 28 28 28
5 1 1 1 2 4 29 29 29 29
6 1 2 1 1 3 30 30 30 30
7 1 1 2 1 4 31 31 31 31
8 2 1 1 1 3 32 32 32 32
7 1 1 2 1 2 33 33 33 33
6 1 1 3 1 1 34 34 34 34
5 2 1 4 2 2 35 35 35 35
4 3 1 3 3 3 36 36 36 36
5 4 1 4 4 2 37 37 37 37
4 5 2 3 3 1 38 38 38 38
5 6 1 2 2 1 39 39 39 39
6 7 1 1 3 1 40 40 40 40
5 6 1 1 2 2 41 41 41 41
6 5 1 2 3 1 42 42 42 42
5 6 1 1 2 2 43 43 43 43
4 7 1 1 3 1 44 44 44 44
3 6 1 1 4 1 45 45 45 45
2 7 1 1 5 2 46 46 46 46
1 8 2 1 6 1 47 47 47 47
1 7 3 1 7 1 48 48 48 48
1 6 2 1 6 1 49 49 49 49
1 7 3 1 7 2 50 50 50 50
1 6 2 2 6 3 51 51 51 51
1 5 1 1 7 4 52 52 52 52
1 6 2 2 8 5 53 53 53 53
2 5 3 3 9 4 54 54 54 54
3 4 2 4 8 3 55 55 55 55
2 5 3 5 9 2 56 56 56 56
1 4 4 6 8 1 57 57 57 57
1 3 5 7 7 2 58 58 58 58
1 2 6 8 6 3 59 59 59 59
1 1 5 7 7 4 60 60 60 60
2 2 6 6 8 5 61 61 61 61
1 1 7 5 9 4 62 62 62 62
1 2 6 4 10 5 63 63 63 63
2 1 7 5 9 4 64 64 64 64
1 2 6 4 10 3 65 65 65 65
1 1 5 5 9 2 66 66 66 66
2 1 4 6 8 3 67 67 67 67
3 1 5 5 7 2 68 68 68 68
4 1 6 6 6 3 69 69 69 69
3 1 5 5 5 2 70 70 70 70
4 1 4 6 4 3 71 71 71 71
3 1 5 5 3 2 72 72 72 72
4 1 4 6 4 3 73 73 73 73
5 2 5 5 5 2 74 74 74 74
4 1 4 4 4 3 75 75 75 75
3 2 3 3 5 2 76 76 76 76
2 1 2 2 4 3 77 77 77 77
3 1 1 1 3 2 78 78 78 78
2 1 2 2 2 3 79 79 79 79
1 1 1 3 3 4 80 80 80 80
1 1 2 2 2 3 81 81 81 81
1 1 1 1 3 2 82 82 82 82
2 1 1 1 2 1 83 83 83 83
1 1 1 1 1 1 84 84 84 84
2 1 2 1 2 2 85 85 85 85
1 1 1 1 3 1 86 86 86 86
1 1 1 2 2 1 87 87 87 87
2 1 1 1 1 1 88 88 88 88
3 2 2 1 1 1 89 89 89 89
4 1 1 1 1 2 90 90 90 90
3 1 2 2 1 1 91 91 91 91
4 1 1 1 1 1 92 92 92 92
5 2 2 2 1 1 93 93 93 93
6 3 3 3 1 1 94 94 94 94
7 2 2 4 1 1 95 95 95 95
8 3 1 3 1 1 96 96 96 96
7 2 1 2 1 2 97 97 97 97
6 1 2 3 2 1 98 98 98 98
5 2 1 2 3 1 99 99 99 99
6 1 1 3 2 2 100 100 100 100
5 2 2 2 1 3 100 100 100 100
