1 1 1 1 1 1 1 1 1 1
2 2 2 2 2 2 1 1 1 1
3 3 3 3 3 1 1 1 1 1
2 4 4 4 4 2 1 1 1 1
3 5 5 5 5 3 1 1 1 1
4 6 6 6 6 4 1 1 1 1
5 7 7 7 7 5 1 1 1 1
6 8 8 8 8 6 1 1 1 1
7 9 9 9 9 7 1 1 1 1
8 10 10 10 10 8 1 1 1 1
9 11 11 11 11 9 1 1 1 1
10 10 12 12 12 10 1 1 1 1
11 11 13 13 13 9 1 1 1 1
12 12 14 14 14 10 1 1 1 1
13 11 15 15 15 11 1 1 1 1
14 12 16 16 16 12 1 1 1 1
15 13 17 17 17 13 1 1 1 1
16 14 18 18 18 14 1 1 1 1
17 15 19 19 19 15 1 1 1 1
18 16 20 20 20 16 1 1 1 1
19 17 21 21 21 17 1 1 1 1
20 18 22 22 22 18 1 1 1 1
21 19 23 23 23 19 1 1 1 1
22 20 24 24 24 20 1 1 1 1
23 21 25 25 25 21 1 1 1 1
24 22 26 26 26 22 1 1 1 1
25 23 27 27 27 23 1 1 1 1
26 24 28 28 28 24 1 1 1 1
27 25 29 29 29 25 1 1 1 1
26 26 30 30 30 26 1 1 1 1
27 27 31 31 31 25 1 1 1 1
28 28 32 32 32 26 1 1 1 1
29 29 33 33 33 27 1 1 1 1
30 30 34 34 34 26 1 1 1 1
31 31 35 35 35 27 1 1 1 1
32 32 36 36 34 28 1 1 1 1
33 33 37 37 35 29 1 1 1 1
34 34 38 36 36 30 1 1 1 1
35 35 39 37 37 31 1 1 1 1
36 36 40 38 38 32 1 1 1 1
37 37 41 39 39 31 1 1 1 1
38 38 40 38 40 32 1 1 1 1
39 39 41 39 41 33 1 1 1 1
40 40 42 40 40 34 1 1 1 1
41 41 43 41 39 35 1 1 1 1
42 42 44 42 40 36 1 1 1 1
43 41 45 41 41 37 1 1 1 1
44 42 46 42 40 38 1 1 1 1
45 43 47 43 41 39 1 1 1 1
46 44 48 44 42 40 1 1 1 1
47 45 49 45 43 41 1 1 1 1
48 46 50 46 44 42 1 1 1 1
49 47 51 47 45 43 1 1 1 1
50 46 52 46 46 44 1 1 1 1
51 47 53 47 47 45 1 1 1 1
52 48 54 48 48 46 1 1 1 1
53 49 55 49 49 47 1 1 1 1
54 50 56 50 50 48 1 1 1 1
55 51 57 51 51 49 1 1 1 1
56 52 58 52 52 50 1 1 1 1
57 53 59 51 53 51 1 1 1 1
58 54 60 52 54 50 1 1 1 1
59 55 61 53 55 51 1 1 1 1
60 56 62 54 56 52 1 1 1 1
59 57 63 55 57 53 1 1 1 1
60 58 62 56 58 54 1 1 1 1
61 59 63 57 59 55 1 1 1 1
62 60 64 58 60 56 1 1 1 1
63 61 65 59 61 57 1 1 1 1
64 62 66 60 62 58 1 1 1 1
65 63 67 61 63 59 1 1 1 1
66 64 66 62 64 60 1 1 1 1
67 65 67 61 65 61 1 1 1 1
68 66 66 62 66 60 1 1 1 1
69 67 67 63 67 61 1 1 1 1
70 68 68 64 68 60 1 1 1 1
71 69 69 65 69 61 1 1 1 1
72 70 68 66 70 62 1 1 1 1
73 71 69 67 71 63 1 1 1 1
74 72 70 68 72 64 1 1 1 1
75 73 71 69 73 65 1 1 1 1
76 74 70 70 74 66 1 1 1 1
77 75 71 71 75 67 1 1 1 1
78 76 72 72 76 68 1 1 1 1
79 77 73 73 77 69 1 1 1 1
80 78 74 74 78 70 1 1 1 1
81 79 75 75 79 71 1 1 1 1
82 80 76 74 80 72 1 1 1 1
83 81 77 73 81 73 1 1 1 1
84 82 78 74 82 74 1 1 1 1
85 83 79 75 83 75 1 1 1 1
86 84 80 76 84 76 1 1 1 1
87 85 81 77 85 77 1 1 1 1
88 86 82 78 86 78 1 1 1 1
89 87 83 79 87 79 1 1 1 1
90 88 84 80 88 80 1 1 1 1
89 89 85 81 89 81 1 1 1 1
90 90 86 82 90 80 1 1 1 1
91 91 87 83 91 81 1 1 1 1
92 92 88 84 92 82 1 1 1 1
