2 2 1 1 1 1 2 2 2 2
3 3 1 2 1 1 1 3 3 3
4 4 2 1 2 2 2 2 2 2
3 3 1 2 3 3 3 3 3 3
2 2 2 1 4 4 4 4 4 4
3 3 3 1 5 5 5 3 3 3
4 2 4 2 4 4 4 4 4 4
3 1 3 1 5 3 5 5 5 5
4 2 4 2 6 4 6 4 4 4
3 3 5 1 5 3 7 5 5 5
2 4 4 2 4 2 8 6 6 6
1 3 3 1 5 3 7 7 7 7
2 2 4 2 6 4 8 6 6 6
3 1 5 3 5 3 9 7 7 7
2 2 4 2 4 2 10 8 8 8
3 3 5 3 5 1 11 7 7 7
4 2 4 2 4 1 12 8 8 8
5 3 5 3 3 2 13 7 7 7
4 2 4 2 4 1 14 8 8 8
3 1 5 3 3 2 13 9 9 9
2 1 4 2 4 3 12 10 10 10
3 1 3 3 5 2 13 11 11 11
4 1 2 4 4 1 14 12 12 12
5 2 3 5 5 2 15 11 11 11
4 3 4 4 4 1 14 12 12 12
5 4 5 3 5 2 15 11 11 11
6 3 6 4 6 3 16 10 10 10
7 4 7 5 7 4 17 9 9 9
8 3 8 4 8 5 18 8 8 8
9 2 9 5 9 6 19 7 7 7
10 1 8 4 10 5 20 8 8 8
9 1 9 5 11 6 21 7 7 7
8 1 8 6 10 5 22 8 8 8
9 1 9 7 11 4 23 7 7 7
8 1 10 6 10 3 24 8 8 8
7 2 9 5 9 4 25 9 9 9
8 1 10 4 8 5 24 10 10 10
9 2 11 5 9 6 25 9 9 9
10 3 12 6 10 7 24 8 8 8
11 2 11 5 9 6 25 9 9 9
12 3 12 6 10 7 26 8 8 8
11 2 11 7 9 6 27 9 9 9
12 3 12 8 8 7 28 8 8 8
13 2 11 9 7 8 29 9 9 9
14 3 12 8 6 7 28 10 10 10
15 4 13 9 7 8 29 9 9 9
16 5 12 10 8 7 30 8 8 8
17 6 13 11 9 8 31 7 7 7
18 7 14 12 10 9 32 6 6 6
19 6 13 11 9 8 33 7 7 7
20 7 12 10 8 7 34 8 8 8
21 8 13 9 7 6 33 9 9 9
22 9 12 8 8 7 34 8 8 8
23 8 13 7 9 6 33 9 9 9
24 9 12 8 10 5 34 8 8 8
25 10 13 9 11 6 33 7 7 7
24 9 14 10 12 7 34 6 6 6
23 8 15 11 13 8 35 5 5 5
24 9 16 10 12 9 36 4 4 4
25 10 15 9 11 10 35 5 5 5
26 11 16 8 12 9 36 4 4 4
27 12 17 7 13 10 37 3 3 3
28 13 18 6 14 11 38 2 2 2
29 12 19 5 15 10 39 1 1 1
30 13 20 4 16 9 40 1 1 1
31 14 21 5 17 8 41 1 1 1
32 15 22 4 18 9 42 2 2 2
31 16 21 5 19 8 43 3 3 3
30 15 22 4 20 9 44 2 2 2
31 16 23 5 19 10 45 1 1 1
32 17 22 6 20 11 46 1 1 1
33 18 21 7 19 12 47 1 1 1
34 17 22 6 20 13 46 1 1 1
35 16 21 7 19 12 47 2 2 2
36 17 22 8 20 13 48 1 1 1
37 16 21 9 19 14 49 2 2 2
36 17 22 8 20 13 50 3 3 3
35 16 21 9 21 12 51 4 4 4
36 17 22 10 22 13 50 3 3 3
37 18 23 9 23 14 49 4 4 4
38 19 24 10 22 15 50 3 3 3
37 18 25 11 23 16 51 2 2 2
38 19 26 12 22 17 52 1 1 1
39 20 27 11 23 18 53 1 1 1
40 21 26 12 22 19 54 1 1 1
41 20 25 13 23 20 53 2 2 2
40 21 24 12 24 21 54 1 1 1
39 20 23 11 25 22 55 2 2 2
40 21 24 12 26 21 56 1 1 1
41 22 23 11 27 22 57 1 1 1
42 23 22 10 28 23 56 2 2 2
41 24 21 9 29 24 57 1 1 1
42 25 20 8 30 23 58 2 2 2
41 24 21 7 31 22 59 3 3 3
42 25 20 8 32 23 60 2 2 2
43 26 19 9 33 24 61 1 1 1
44 27 20 8 34 25 60 2 2 2
45 26 21 9 35 26 61 1 1 1
46 27 22 10 36 27 62 1 1 1
47 28 23 9 37 26 63 1 1 1
