2 2 1 1 2 1 2 2 2 2
3 3 1 1 1 1 3 3 3 3
4 4 1 1 1 2 4 4 4 4
5 5 1 2 2 1 5 5 5 5
4 4 2 1 3 1 6 6 6 6
3 3 1 1 4 2 7 7 7 7
2 4 2 2 5 1 8 8 8 8
3 3 3 3 6 2 9 9 9 9
2 4 2 2 7 1 10 10 10 10
3 3 1 1 8 1 11 11 11 11
2 2 1 2 9 2 12 12 12 12
3 3 1 1 8 1 13 13 13 13
4 2 1 1 7 1 14 14 14 14
5 1 2 2 8 1 15 15 15 15
4 1 3 1 7 2 16 16 16 16
3 2 2 1 6 1 17 17 17 17
2 1 1 1 7 1 18 18 18 18
1 1 2 1 8 1 19 19 19 19
2 1 1 2 7 2 20 20 20 20
1 2 1 1 6 3 21 21 21 21
2 1 2 2 7 2 22 22 22 22
1 1 3 3 8 3 23 23 23 23
1 1 4 4 9 4 24 24 24 24
1 2 5 5 8 3 25 25 25 25
1 1 4 4 7 2 26 26 26 26
1 2 3 3 8 3 27 27 27 27
1 1 4 2 7 2 28 28 28 28
2 1 3 1 6 1 29 29 29 29
3 2 2 1 7 1 30 30 30 30
4 3 1 1 8 1 31 31 31 31
3 4 2 1 7 2 32 32 32 32
2 5 1 1 8 1 33 33 33 33
1 4 1 1 9 1 34 34 34 34
2 3 2 1 10 1 35 35 35 35
3 4 1 1 11 1 36 36 36 36
2 3 1 2 12 1 37 37 37 37
3 2 2 1 11 2 38 38 38 38
2 3 3 2 10 3 39 39 39 39
1 2 2 1 11 4 40 40 40 40
2 3 1 1 12 5 41 41 41 41
3 2 2 1 13 6 42 42 42 42
4 1 1 1 12 7 43 43 43 43
3 1 2 1 11 6 44 44 44 44
4 1 1 1 10 7 45 45 45 45
3 2 1 1 9 8 46 46 46 46
2 1 1 1 8 7 47 47 47 47
1 1 1 2 7 8 48 48 48 48
1 2 2 3 6 9 49 49 49 49
1 1 1 2 7 8 50 50 50 50
2 1 1 1 8 7 51 51 51 51
1 1 1 2 7 6 52 52 52 52
1 1 2 1 6 5 53 53 53 53
1 1 1 1 7 6 54 54 54 54
1 1 1 2 8 5 55 55 55 55
2 1 1 1 9 6 56 56 56 56
1 1 1 1 8 7 57 57 57 57
2 1 1 2 7 8 58 58 58 58
1 1 1 3 6 7 59 59 59 59
1 2 1 2 7 6 60 60 60 60
1 3 1 3 8 5 61 61 61 61
