0.999935 0.999935 0.999935 0.999935 0.999935 0.999935 0.999902 0.999899 0.999900 0.999900
0.978370 0.975135 0.977291 0.974995 0.978370 0.980225 0.978338 0.971889 0.971889 0.971889
0.966241 0.963183 0.965700 0.963045 0.966767 0.968599 0.966209 0.913559 0.913559 0.913559
1.008286 1.005359 1.007721 1.005013 1.008897 1.009939 1.008252 0.947211 0.947211 0.947211
0.989630 0.986758 0.986488 0.982261 0.989234 0.991671 0.990634 0.930737 0.930737 0.930737
1.003188 1.000753 0.990412 0.996192 1.003264 1.005735 1.004206 0.930911 0.930911 0.930911
1.013650 1.011617 1.001164 1.007007 1.014467 1.016000 1.015108 0.933674 0.933674 0.933674
1.015777 1.015347 1.004921 1.010170 1.018367 1.019426 1.017238 0.928465 0.928465 0.928465
1.013315 1.010204 1.002805 1.008094 1.016415 1.014640 1.013589 0.921422 0.921422 0.921422
1.027743 1.024157 1.017607 1.022732 1.031418 1.028655 1.028551 0.935033 0.935033 0.935033
1.012056 1.007616 1.009315 1.012290 1.021767 1.017560 1.020169 0.921640 0.921639 0.921639
1.017175 1.012713 1.010591 1.017410 1.017758 1.022707 1.025329 0.921451 0.921450 0.921450
1.017666 1.011858 1.011413 1.017676 1.018101 1.023539 1.024717 0.919289 0.919288 0.919288
0.974045 0.994454 0.996145 0.974054 1.004391 1.008111 0.982207 0.904887 0.904886 0.904886
0.993672 1.012029 1.010521 0.988111 1.024673 1.028425 0.996381 0.917598 0.917598 0.917598
1.007616 1.026125 1.024611 1.001976 1.037478 1.042856 1.010362 0.924813 0.924813 0.924813
0.994862 1.012803 1.015985 0.989294 1.024347 1.033639 1.001654 0.911030 0.911030 0.911030
1.008452 1.025023 1.029892 1.002836 1.033878 1.047371 1.010974 0.919066 0.919065 0.919065
1.010372 1.026105 1.033293 1.006147 1.037148 1.050103 1.013971 0.917511 0.917511 0.917511
0.982241 0.997536 1.004523 0.978134 1.008271 1.020866 0.985739 0.850560 0.850560 0.850560
1.011713 1.025621 1.034664 1.007483 1.038020 1.050987 1.014824 0.856023 0.856022 0.856022
1.008080 1.025620 1.034865 1.007679 1.038386 1.045901 1.012313 0.851304 0.851303 0.851303
1.032159 1.021305 1.057527 1.031747 1.061125 1.070882 1.036492 0.871637 0.871637 0.871637
1.033366 1.022285 1.058795 1.032954 1.062398 1.069451 1.035107 0.868585 0.868585 0.868585
1.020630 1.012188 1.050447 1.024809 1.051274 1.059122 1.025001 0.851891 0.851890 0.851890
1.032265 1.024732 1.063544 1.040146 1.067532 1.075501 1.039871 0.864307 0.864307 0.864307
1.033133 1.025594 1.064439 1.041021 1.068430 1.076406 1.034805 0.859641 0.859641 0.859641
1.031086 1.023172 1.061526 1.036395 1.066891 1.045393 1.031973 0.857451 0.857450 0.857450
1.036593 1.028637 1.066023 1.039696 1.063617 1.050976 1.036345 0.858397 0.858396 0.858396
1.034658 1.030052 1.066633 1.039009 1.063955 1.050440 1.036181 0.855208 0.855207 0.855207
1.024164 1.018233 1.053890 1.028471 1.047693 1.036018 1.022516 0.828395 0.828394 0.828394
1.046961 1.040750 1.077348 1.051364 1.068790 1.059079 1.045128 0.839937 0.839936 0.839936
1.045457 1.039248 1.075801 1.048949 1.064923 1.055853 1.042942 0.828364 0.828364 0.828364
1.025908 1.019742 1.055685 1.029261 1.044935 1.036035 1.023367 0.778959 0.778958 0.778958
1.065893 1.059487 1.096928 1.069376 1.085661 1.076414 1.063347 0.804005 0.804004 0.804004
1.063354 1.056914 1.094264 1.066779 1.068629 1.066003 1.047870 0.798458 0.798457 0.798457
1.049184 1.039877 1.074763 1.049584 1.049585 1.050689 1.030700 0.762634 0.762633 0.762633
1.081865 1.071769 1.108123 1.082456 1.081417 1.083571 1.062372 0.781512 0.781510 0.781510
1.086422 1.078004 1.114570 1.088111 1.087709 1.089876 1.068553 0.783909 0.783908 0.783908
1.060454 1.051108 1.089739 1.069101 1.066396 1.063825 1.043012 0.767930 0.767929 0.767929
1.081160 1.071490 1.111178 1.090077 1.087376 1.084754 1.063377 0.778324 0.778322 0.778322
1.060472 1.055395 1.091899 1.069218 1.069180 1.066602 1.048510 0.765414 0.765413 0.765413
1.078113 1.072953 1.110056 1.061642 1.086966 1.084163 1.065952 0.775654 0.775652 0.775652
1.082393 1.077765 1.115086 1.066581 1.092024 1.089255 1.070959 0.774873 0.774871 0.774871
1.015820 1.031759 1.046503 1.021052 1.042833 1.022344 1.003858 0.735572 0.735570 0.735570
1.077562 1.094356 1.106702 1.083112 1.106217 1.084482 1.064872 0.777072 0.777070 0.777070
1.066296 1.084851 1.097884 1.074841 1.098411 1.076829 1.055623 0.764620 0.764619 0.764619
1.071269 1.091401 1.101768 1.081332 1.103533 1.083332 1.061997 0.761699 0.761697 0.761697
1.050155 1.071456 1.079158 1.060020 1.081784 1.061980 1.040203 0.719320 0.719319 0.719319
1.081863 1.106504 1.115178 1.094382 1.116528 1.096484 1.072532 0.740585 0.740584 0.740584
1.085815 1.110546 1.120293 1.099401 1.121071 1.091929 1.075869 0.742990 0.742989 0.742989
1.072871 1.096019 1.106635 1.079153 1.108244 1.079803 1.061505 0.728590 0.728589 0.728589
1.087730 1.111198 1.121370 1.093522 1.123000 1.088905 1.069630 0.733195 0.733194 0.733194
1.088385 1.113560 1.122024 1.095990 1.125559 1.091010 1.072085 0.729780 0.729779 0.729779
1.080172 1.105157 1.112112 1.087719 1.117065 1.082026 1.063994 0.709661 0.709660 0.709660
1.070434 1.095193 1.101310 1.077154 1.106994 1.071516 1.054402 0.677027 0.677026 0.677026
1.093951 1.118435 1.122983 1.098352 1.131314 1.090343 1.077656 0.689105 0.689104 0.689104
1.099372 1.118403 1.124902 1.099691 1.131692 1.056159 1.073576 0.690126 0.690125 0.690125
1.116406 1.136708 1.144473 1.118824 1.150788 1.073445 1.092254 0.698153 0.698152 0.698152
1.104278 1.129046 1.136579 1.108171 1.144937 1.066916 1.084892 0.689251 0.689250 0.689250
