0.969684 0.973486 0.946598 0.974774 0.979908 0.974328 0.975628 0.975386 0.975386 0.975386
0.982327 0.985338 0.956215 0.985075 0.987406 0.987935 0.987558 0.985913 0.985913 0.985913
0.959095 0.961070 0.940744 0.966417 0.947553 0.958032 0.960186 0.963400 0.963400 0.963400
0.925658 0.941874 0.925195 0.955889 0.940771 0.891012 0.950077 0.953574 0.953574 0.953574
0.916401 0.924504 0.914431 0.852529 0.909579 0.873247 0.942214 0.942308 0.942308 0.942308
0.938305 0.967844 0.952868 0.889759 0.950847 0.898753 0.984403 0.989039 0.989040 0.989040
0.922826 0.963451 0.940761 0.884881 0.947935 0.893586 0.976332 0.948025 0.948025 0.948025
0.946241 0.986591 0.967718 0.919693 0.980307 0.922560 1.004391 0.979535 0.979536 0.979536
0.915980 0.980968 0.969802 0.916087 0.976447 0.909384 1.000768 0.970624 0.970624 0.970624
0.922858 0.996576 0.972273 0.929152 0.990931 0.913276 1.012272 0.984385 0.984386 0.984386
0.917693 0.989510 0.955021 0.914705 0.987085 0.902796 0.987385 0.981786 0.981786 0.981786
0.926508 0.986296 0.944747 0.928836 1.000857 0.913747 0.993043 0.992931 0.992932 0.992932
0.914175 0.985849 0.931683 0.922402 0.991649 0.910265 0.983753 0.995588 0.995589 0.995589
0.908656 0.980543 0.924493 0.922677 0.975011 0.907770 0.977699 0.997905 0.997905 0.997905
0.936600 1.008022 0.951074 0.951967 1.005881 0.936035 1.010327 1.032668 1.032668 1.032668
0.913055 0.967486 0.926799 0.911039 0.970191 0.901751 0.982009 1.006333 1.006334 1.006334
0.904531 0.953052 0.926195 0.909645 0.971084 0.895894 0.976926 0.995014 0.995014 0.995014
0.921363 0.967264 0.936833 0.921337 0.986894 0.873831 0.995977 1.010606 1.010607 1.010607
0.930706 0.980263 0.950229 0.932292 0.958388 0.868089 1.008782 1.020604 1.020604 1.020604
0.940520 0.981879 0.962137 0.944146 0.957272 0.880077 1.016569 1.038731 1.038731 1.038731
0.920517 0.950647 0.944560 0.921639 0.944347 0.853136 0.986073 1.017520 1.017520 1.017520
0.920018 0.961507 0.942556 0.930986 0.957498 0.857877 1.000394 1.038631 1.038631 1.038631
0.211343 0.854504 0.836282 0.815043 0.851959 0.756214 0.874726 0.915204 0.915204 0.915204
0.258403 1.048894 0.999630 1.000374 1.045199 0.917440 1.043817 1.124855 1.124855 1.124855
0.251229 1.034191 0.972848 0.977876 0.981529 0.911005 1.027690 1.111293 1.111293 1.111293
0.256528 1.051960 0.996660 0.997484 0.999857 0.879496 1.049283 1.140558 1.140557 1.140557
0.250810 1.038634 0.984660 0.996318 1.002931 0.872077 1.040920 1.144900 1.144900 1.144900
0.253043 1.047626 0.995615 1.009635 1.014922 0.876887 1.044055 1.164086 1.164086 1.164086
0.248861 1.000863 0.982046 0.997273 1.008634 0.869611 1.033286 1.153773 1.153773 1.153773
0.252468 1.019320 0.989497 1.018693 1.026344 0.886697 1.036209 1.176559 1.176558 1.176558
0.252155 1.022594 0.993424 1.017193 1.024960 0.883194 1.033690 1.179757 1.179756 1.179756
0.247374 0.996854 0.987549 0.986146 1.007025 0.860671 1.020667 1.162158 1.162158 1.162158
0.244187 0.996589 0.994598 0.987975 1.016449 0.865357 0.996624 1.171695 1.171694 1.171694
0.245362 0.994906 0.999429 0.993564 0.972597 0.864712 0.973263 1.171238 1.171237 1.171237
0.245667 0.998183 1.000523 0.994573 0.971532 0.869639 0.972736 1.177961 1.177960 1.177960
0.250185 1.012615 1.020231 1.001444 0.989345 0.881154 0.991802 1.203709 1.203708 1.203708
0.247414 0.980870 1.002444 0.989306 0.954710 0.869575 0.964152 1.194464 1.194463 1.194463
0.253435 1.008801 1.031064 1.015631 0.983214 0.895752 0.992344 1.231646 1.231646 1.231646
0.251196 0.996555 1.015277 1.002062 0.960268 0.878588 0.982276 1.221093 1.221093 1.221093
0.251046 0.997768 1.018537 1.002232 0.963269 0.872134 0.978530 1.229618 1.229618 1.229618
0.244843 0.982116 0.996140 0.979148 0.940390 0.862443 0.948180 1.214748 1.214748 1.214748
0.242389 0.981998 0.990412 0.989444 0.952159 0.869695 0.955928 1.226108 1.226108 1.226108
0.235240 0.867433 0.976625 0.962843 0.927458 0.845284 0.934713 1.200973 1.200973 1.200973
0.235244 0.888922 1.009586 0.993743 0.954986 0.869842 0.956776 1.243658 1.243659 1.243659
0.237722 0.891661 1.000538 0.998569 0.962377 0.863982 0.963236 1.250065 1.250066 1.250066
0.243946 0.914949 1.026163 1.024512 0.983905 0.886459 0.987312 1.279131 1.279132 1.279132
0.233283 0.880672 0.989194 0.988789 0.954242 0.835797 0.941700 1.240611 1.240612 1.240612
0.231808 0.886189 0.985598 0.990021 0.950293 0.839110 0.912433 1.258621 1.258622 1.258622
0.235351 0.893040 0.989253 0.998983 0.957494 0.841591 0.925229 1.276492 1.276492 1.276492
0.233947 0.878919 0.981107 0.999210 0.949687 0.835219 0.910120 1.272149 1.272150 1.272150
0.235296 0.891075 0.978186 1.002469 0.943259 0.842758 0.920032 1.283681 1.283682 1.283682
0.240819 0.911241 1.001623 1.020680 0.966750 0.860253 0.938801 1.315803 1.315804 1.315804
0.241212 0.910441 1.000272 1.019382 0.965573 0.859111 0.933635 1.312767 1.312768 1.312768
0.224773 0.838268 0.921072 0.935038 0.894944 0.804463 0.856054 1.178609 1.178610 1.178610
0.242134 0.896627 0.966440 0.942549 0.960192 0.843820 0.920873 1.271221 1.271222 1.271222
0.247670 0.913058 0.990529 0.965381 0.985165 0.866492 0.927550 1.305115 1.305116 1.305116
0.240109 0.908558 0.963758 0.961490 0.978043 0.849526 0.917866 1.290541 1.290543 1.290543
0.239422 0.906301 0.964609 0.949826 0.965685 0.819903 0.891119 1.288911 1.288912 1.288912
0.230610 0.915245 0.969599 0.936800 0.973009 0.823724 0.895864 1.290184 1.290185 1.290185
0.232295 0.923612 0.965744 0.947219 0.972877 0.828682 0.893617 1.301062 1.301063 1.301063
