0.971116 0.970879 0.973255 0.975411 0.974054 0.967855 0.965444 0.978675 0.978675 0.978675
0.982419 0.981343 0.981785 0.984358 0.980152 0.980017 0.975900 0.987873 0.987872 0.987872
0.978778 0.969099 0.980070 0.982815 0.965204 0.979540 0.969566 0.991240 0.991240 0.991240
0.970350 0.964541 0.949902 0.978112 0.960139 0.963585 0.938133 0.987853 0.987853 0.987853
0.952885 0.956655 0.936832 0.980436 0.964324 0.963860 0.938180 0.989059 0.989059 0.989059
0.955468 0.960992 0.928848 0.986814 0.959791 0.965235 0.931554 0.992844 0.992844 0.992844
0.927166 0.848766 0.915796 0.960156 0.934768 0.938018 0.910759 0.972363 0.972362 0.972362
0.955202 0.873118 0.931963 0.979291 0.964696 0.960670 0.920383 1.004744 1.004744 1.004744
0.970130 0.890714 0.951463 0.994362 0.979664 0.973034 0.933650 1.024488 1.024488 1.024488
0.941994 0.870531 0.931291 0.974450 0.964742 0.931534 0.904213 1.008919 1.008918 1.008918
0.957362 0.881522 0.939866 0.984752 0.978240 0.906547 0.919770 1.022421 1.022420 1.022420
0.941892 0.878364 0.943433 0.983305 0.984117 0.908459 0.895124 1.027390 1.027390 1.027390
0.941653 0.869440 0.941039 0.989177 0.981700 0.906759 0.885564 1.029776 1.029776 1.029776
0.921169 0.860868 0.924117 0.978497 0.973463 0.896728 0.873611 0.981798 0.981797 0.981797
0.961914 0.895950 0.958688 1.017114 1.001648 0.926637 0.911046 1.025500 1.025500 1.025500
0.937363 0.868162 0.942408 0.998964 0.986188 0.905576 0.891521 0.997397 0.997397 0.997397
0.961232 0.886832 0.967648 1.012854 1.011247 0.923942 0.915310 1.026279 1.026279 1.026279
0.942886 0.871686 0.949036 0.993294 0.989627 0.910337 0.896237 1.011211 1.011210 1.011210
0.943087 0.862482 0.952148 0.990896 0.997693 0.901837 0.888431 1.012302 1.012302 1.012302
0.913820 0.876215 0.962809 0.983165 1.011286 0.911469 0.898516 1.019375 1.019375 1.019375
0.878540 0.855383 0.943223 0.968682 1.000152 0.844418 0.885607 1.005064 1.005064 1.005064
0.895101 0.881941 0.959484 0.997493 1.033756 0.865587 0.915902 1.045823 1.045822 1.045822
0.895197 0.878658 0.962768 0.996583 1.031417 0.818476 0.915928 1.051304 1.051304 1.051304
0.887271 0.871452 0.952630 0.994054 1.011237 0.813919 0.907711 1.050764 1.050764 1.050764
0.867353 0.871006 0.947736 0.990500 1.009263 0.799770 0.905424 1.052949 1.052948 1.052948
0.849667 0.876410 0.961148 0.998429 1.017326 0.797786 0.912960 1.055861 1.055861 1.055861
0.859255 0.875016 0.952389 1.015540 1.033235 0.808805 0.919718 1.069624 1.069623 1.069623
0.858493 0.874572 0.955120 1.005208 1.022201 0.782150 0.894687 1.070390 1.070389 1.070389
0.867562 0.877560 0.940137 0.950568 1.028848 0.769636 0.902862 1.083043 1.083043 1.083043
0.854957 0.873322 0.936192 0.956996 1.040206 0.769203 0.902778 1.095799 1.095798 1.095798
0.878344 0.894837 0.959935 0.984120 1.069603 0.790539 0.929830 1.130234 1.130234 1.130234
0.824873 0.833196 0.900008 0.832602 0.980995 0.734961 0.874745 1.059483 1.059483 1.059483
0.848896 0.869584 0.927144 0.861498 0.975138 0.772507 0.911621 1.107953 1.107953 1.107953
0.198159 0.785311 0.835913 0.766407 0.881688 0.691975 0.809997 0.992078 0.992078 0.992078
0.242935 0.955658 1.005023 0.934302 1.077924 0.833833 0.989305 1.209767 1.209767 1.209767
0.238989 0.964960 0.992269 0.944248 1.085900 0.829553 0.993402 1.213885 1.213885 1.213885
0.243922 0.984068 1.013233 0.958742 1.109865 0.844431 1.010863 1.240818 1.240819 1.240819
0.240290 0.973186 0.991351 0.950968 1.096642 0.836084 0.984361 1.228674 1.228674 1.228674
0.241916 0.983732 1.002165 0.959529 1.110014 0.846481 0.995766 1.245192 1.245192 1.245192
0.240243 0.972595 0.997242 0.954161 1.105727 0.843920 0.973786 1.241174 1.241174 1.241174
0.236674 0.951950 0.982473 0.940778 1.037316 0.826786 0.932349 1.216406 1.216407 1.216407
0.237861 0.955461 0.990562 0.958377 1.051442 0.836648 0.940102 1.231885 1.231886 1.231886
0.237445 0.934237 0.982472 0.955690 1.024202 0.833441 0.922513 1.233953 1.233954 1.233954
0.239150 0.948491 0.980925 0.960156 1.018701 0.842147 0.933873 1.246891 1.246892 1.246892
0.234713 0.942686 0.965331 0.949521 1.002000 0.835080 0.893713 1.249424 1.249425 1.249425
0.233761 0.951095 0.960910 0.951786 1.002091 0.839699 0.893655 1.264514 1.264515 1.264515
0.236563 0.964244 0.976133 0.963934 1.017881 0.844026 0.901457 1.289377 1.289378 1.289378
0.230672 0.948926 0.954476 0.941542 0.993504 0.834479 0.873321 1.273527 1.273528 1.273528
0.230624 0.947777 0.961579 0.945887 0.976297 0.828651 0.869503 1.274326 1.274327 1.274327
0.232170 0.962086 0.963256 0.958607 0.989983 0.831529 0.878792 1.291356 1.291358 1.291358
0.232815 0.957581 0.954919 0.955370 0.985198 0.823715 0.880140 1.293559 1.293561 1.293561
0.230387 0.920510 0.947745 0.949524 0.985165 0.821946 0.876463 1.290050 1.290051 1.290051
0.224375 0.918684 0.954151 0.954410 0.987920 0.823742 0.873727 1.301021 1.301023 1.301023
0.222965 0.907130 0.960762 0.937234 0.983174 0.813106 0.873866 1.298173 1.298175 1.298175
0.226217 0.923366 0.978788 0.952550 0.958977 0.811316 0.888994 1.316784 1.316785 1.316785
0.214711 0.865943 0.918012 0.889948 0.905322 0.773804 0.830247 1.204150 1.204151 1.204151
0.236426 0.953460 1.010292 0.979761 0.993178 0.851925 0.913158 1.322145 1.322147 1.322147
0.230292 0.914362 0.983693 0.936863 0.957148 0.820043 0.886831 1.287365 1.287366 1.287366
0.232734 0.927680 0.970456 0.951767 0.977495 0.832707 0.901728 1.308665 1.308666 1.308666
0.237118 0.942786 0.985793 0.966884 0.993075 0.845886 0.912169 1.328072 1.328074 1.328074
