0.982982 0.979547 0.980470 0.980140 0.982787 0.981865 0.986732 0.986732 0.986732 0.986732
0.956792 0.959395 0.954760 0.944440 0.957996 0.957036 0.957167 0.957167 0.957167 0.957167
0.977354 0.986503 0.982027 0.964275 0.984504 0.980530 0.986448 0.986448 0.986448 0.986448
0.977792 0.983443 0.981301 0.958346 0.983472 0.981328 0.987878 0.987878 0.987878 0.987878
0.941592 0.907508 0.941887 0.923342 0.940948 0.958712 0.970531 0.970531 0.970531 0.970531
0.970314 0.928788 0.973802 0.949308 0.966862 0.987803 1.005250 1.005250 1.005250 1.005250
0.960420 0.927604 0.965716 0.946890 0.963280 0.985250 1.003451 1.003451 1.003451 1.003451
0.955817 0.924463 0.960913 0.939806 0.961633 0.981406 1.004141 1.004141 1.004140 1.004140
0.960439 0.928542 0.965593 0.943732 0.960805 0.986082 1.010093 1.010093 1.010093 1.010093
0.955948 0.922574 0.964244 0.939319 0.952029 0.982110 1.005010 1.005010 1.005009 1.005009
0.963303 0.932279 0.965048 0.934276 0.954926 0.989406 1.019044 1.019044 1.019044 1.019044
0.793589 0.913573 0.945685 0.915531 0.935766 0.969555 0.993850 0.993850 0.993849 0.993849
0.821889 0.947873 0.960340 0.954698 0.974576 1.009190 1.034250 1.034250 1.034249 1.034249
0.821903 0.942592 0.958822 0.958490 0.976768 1.011214 1.039787 1.039787 1.039787 1.039787
0.815032 0.940054 0.955493 0.956776 0.976871 1.009642 1.043638 1.043638 1.043637 1.043637
0.795653 0.915325 0.903070 0.932549 0.910982 0.979118 1.019142 1.019142 1.019141 1.019141
0.834290 0.959774 0.946924 0.977835 0.955221 1.026665 1.067287 1.067287 1.067286 1.067286
0.801175 0.921789 0.894028 0.931738 0.915958 0.963865 1.030379 1.030379 1.030378 1.030378
0.835773 0.961597 0.932636 0.971975 0.955513 1.005489 1.072819 1.072819 1.072818 1.072818
0.794943 0.911623 0.887074 0.924914 0.908834 0.956806 1.022338 1.022338 1.022337 1.022337
0.800454 0.917942 0.811271 0.931325 0.915134 0.963438 1.012564 1.012564 1.012563 1.012563
0.835203 0.950020 0.843882 0.967494 0.951423 0.999356 1.054037 1.054037 1.054036 1.054036
0.838305 0.959644 0.851633 0.977129 0.961412 0.994797 1.069399 1.069399 1.069398 1.069398
0.829703 0.951059 0.843301 0.969623 0.950449 0.965862 1.059265 1.059265 1.059263 1.059263
0.837825 0.957359 0.851556 0.981111 0.955718 0.977260 1.073158 1.073158 1.073157 1.073157
0.809455 0.925447 0.812917 0.950837 0.923489 0.938048 1.045237 1.045237 1.045236 1.045236
0.821241 0.949251 0.832156 0.974968 0.945099 0.959291 1.073034 1.073034 1.073033 1.073033
0.805295 0.921278 0.804060 0.944897 0.917249 0.932575 1.056574 1.056574 1.056572 1.056572
0.832237 0.948980 0.831006 0.974832 0.934830 0.965000 1.094833 1.094833 1.094831 1.094831
0.804096 0.867140 0.800847 0.922137 0.893683 0.929530 1.062290 1.062290 1.062288 1.062288
0.817678 0.855274 0.803716 0.937408 0.881172 0.913771 1.081661 1.081661 1.081660 1.081660
0.813585 0.873605 0.824070 0.963364 0.901310 0.941521 1.115545 1.115545 1.115544 1.115544
0.818480 0.875636 0.825268 0.963877 0.908800 0.948268 1.125089 1.125089 1.125088 1.125088
0.815773 0.872740 0.822539 0.929269 0.818329 0.945132 1.119992 1.119992 1.119990 1.119990
0.826202 0.886488 0.835201 0.943636 0.824873 0.954011 1.142417 1.142417 1.142416 1.142416
0.814277 0.873693 0.819136 0.927818 0.810922 0.940241 1.115564 1.115564 1.115563 1.115563
0.797226 0.855398 0.801984 0.792542 0.703689 0.915038 1.089831 1.089831 1.089830 1.089830
0.820099 0.870649 0.817165 0.796003 0.723327 0.930511 1.114703 1.114703 1.114702 1.114702
0.854965 0.904128 0.844542 0.821001 0.750837 0.957305 1.164390 1.164390 1.164389 1.164389
0.827948 0.869320 0.803568 0.794930 0.716468 0.924600 1.139484 1.139484 1.139483 1.139483
0.854512 0.892162 0.821059 0.816723 0.726400 0.953898 1.176615 1.176615 1.176614 1.176614
0.850575 0.887037 0.813949 0.811709 0.721891 0.942370 1.177777 1.177777 1.177776 1.177776
0.827250 0.852538 0.797972 0.786291 0.691620 0.922161 1.140141 1.140141 1.140140 1.140140
0.853115 0.883875 0.822656 0.820407 0.719237 0.945420 1.187493 1.187493 1.187493 1.187493
0.846208 0.869465 0.807877 0.817380 0.709619 0.943412 1.181259 1.181259 1.181258 1.181258
0.823161 0.870643 0.808986 0.816259 0.707968 0.942015 1.183928 1.183928 1.183927 1.183927
0.829139 0.866278 0.811420 0.828501 0.714909 0.949105 1.201393 1.201393 1.201392 1.201392
0.762742 0.796906 0.739343 0.762155 0.644656 0.844849 1.139891 1.139891 1.139890 1.139890
0.829394 0.866544 0.803951 0.828756 0.681318 0.918677 1.235784 1.235784 1.235784 1.235784
0.811221 0.849089 0.791942 0.812304 0.668438 0.901987 1.219648 1.219648 1.219647 1.219647
0.803255 0.852487 0.794766 0.815936 0.672830 0.904755 1.232855 1.232855 1.232855 1.232855
0.794133 0.849487 0.794241 0.811543 0.671340 0.893236 1.229918 1.229918 1.229917 1.229917
0.792163 0.845904 0.785815 0.799957 0.665010 0.888218 1.231964 1.231964 1.231963 1.231963
0.792418 0.848461 0.785080 0.802087 0.662711 0.862988 1.243273 1.243273 1.243273 1.243273
0.777781 0.844933 0.782059 0.783337 0.658600 0.862874 1.234335 1.234335 1.234334 1.234334
0.789983 0.859180 0.797298 0.797705 0.670755 0.880548 1.262299 1.262299 1.262298 1.262298
0.769131 0.851437 0.787309 0.789344 0.665850 0.867876 1.256578 1.256578 1.256577 1.256577
0.724322 0.846402 0.779395 0.784892 0.659573 0.864567 1.256238 1.256238 1.256237 1.256237
0.732095 0.854385 0.786195 0.783877 0.661875 0.868898 1.269632 1.269632 1.269631 1.269631
0.717512 0.795709 0.756038 0.751298 0.648691 0.847617 1.245810 1.245810 1.245809 1.245809
0.737995 0.817276 0.753195 0.770780 0.665569 0.870477 1.283737 1.283737 1.283735 1.283735
0.739258 0.817411 0.753143 0.771262 0.665880 0.868440 1.278930 1.278930 1.278929 1.278929
0.731316 0.785867 0.739404 0.765298 0.662541 0.864392 1.281185 1.281185 1.281185 1.281185
0.739830 0.781190 0.746851 0.774208 0.670254 0.874455 1.281632 1.281632 1.281632 1.281632
0.736814 0.766651 0.743718 0.765722 0.665943 0.869530 1.284950 1.284950 1.284949 1.284949
0.737778 0.767654 0.653967 0.766724 0.666815 0.870667 1.274221 1.274221 1.274220 1.274220
0.732864 0.765214 0.649603 0.734915 0.667355 0.870781 1.278116 1.278116 1.278115 1.278115
0.727756 0.772327 0.661878 0.747719 0.671236 0.881275 1.299507 1.299507 1.299507 1.299507
0.702551 0.769936 0.654796 0.631599 0.668910 0.876146 1.292951 1.292951 1.292950 1.292950
0.734730 0.803250 0.679137 0.659811 0.699189 0.915039 1.354378 1.354378 1.354378 1.354378
0.730647 0.797738 0.675261 0.651965 0.695822 0.907916 1.348690 1.348690 1.348689 1.348689
0.724665 0.792312 0.670149 0.640063 0.683608 0.899369 1.345326 1.345326 1.345326 1.345326
0.723702 0.791307 0.666797 0.633476 0.669450 0.877790 1.337222 1.337222 1.337221 1.337221
0.734361 0.804228 0.677085 0.643555 0.680379 0.891002 1.356147 1.356147 1.356146 1.356146
0.729872 0.799920 0.673072 0.640874 0.675289 0.885033 1.355702 1.355702 1.355701 1.355701
0.722369 0.791697 0.666152 0.622301 0.668346 0.875934 1.324424 1.324424 1.324423 1.324423
0.642032 0.760244 0.592067 0.553092 0.641794 0.841135 1.272663 1.272663 1.272663 1.272663
0.660950 0.799721 0.630772 0.567717 0.676273 0.884887 1.354234 1.354234 1.354234 1.354234
0.668544 0.807239 0.638081 0.574373 0.684176 0.895228 1.362504 1.362504 1.362504 1.362504
0.527167 0.636532 0.582491 0.540074 0.650049 0.839934 1.295389 1.295389 1.295389 1.295389
0.544743 0.656032 0.595707 0.560882 0.671180 0.857569 1.344221 1.344221 1.344220 1.344220
0.561500 0.677976 0.619989 0.580322 0.695191 0.887855 1.411107 1.411107 1.411107 1.411107
0.545882 0.661471 0.588050 0.551202 0.680305 0.842117 1.378173 1.378173 1.378173 1.378173
0.556753 0.682016 0.604372 0.569554 0.699187 0.867012 1.416635 1.416635 1.416635 1.416635
0.564597 0.691624 0.602530 0.577578 0.709037 0.879227 1.420758 1.420758 1.420758 1.420758
0.551681 0.681423 0.588308 0.565418 0.694109 0.849433 1.374607 1.374607 1.374608 1.374608
0.560731 0.678804 0.593556 0.574693 0.699069 0.849876 1.411624 1.411624 1.411625 1.411625
0.552407 0.689367 0.603184 0.581699 0.709947 0.866508 1.439461 1.439461 1.439462 1.439462
0.546904 0.689716 0.602064 0.581622 0.711331 0.841392 1.446626 1.446626 1.446627 1.446627
0.544278 0.688398 0.602480 0.581171 0.693705 0.839535 1.446794 1.446794 1.446795 1.446795
0.544279 0.687567 0.600162 0.579264 0.693079 0.830988 1.446741 1.446741 1.446742 1.446742
0.530158 0.630528 0.566859 0.557536 0.673716 0.811327 1.413405 1.413405 1.413405 1.413405
0.548480 0.646932 0.580740 0.575880 0.689481 0.831362 1.463155 1.463155 1.463156 1.463156
0.539287 0.636264 0.568657 0.574064 0.677538 0.822070 1.451663 1.451663 1.451663 1.451663
0.552928 0.652358 0.583041 0.588585 0.694676 0.842864 1.477275 1.477275 1.477275 1.477275
0.539641 0.641358 0.575674 0.582194 0.693750 0.840321 1.476423 1.476423 1.476423 1.476423
0.539182 0.642475 0.575094 0.582998 0.695775 0.842157 1.484966 1.484966 1.484966 1.484966
0.520602 0.626184 0.560512 0.562907 0.671798 0.630240 1.447313 1.447313 1.447313 1.447313
0.522693 0.628482 0.565041 0.568698 0.678447 0.638266 1.469352 1.469352 1.469352 1.469352
0.532460 0.641518 0.580270 0.581474 0.692002 0.653361 1.511422 1.511422 1.511421 1.511421
