0.982551 0.979063 0.981385 0.976071 0.981081 0.982910 0.983533 0.983533 0.983533 0.983533
0.980176 0.975441 0.977069 0.962129 0.971697 0.974983 0.981089 0.981089 0.981089 0.981089
0.988933 0.984156 0.985798 0.970725 0.980378 0.983693 0.982467 0.982467 0.982467 0.982467
0.978467 0.972045 0.967418 0.949094 0.963245 0.970221 0.976108 0.976108 0.976108 0.976108
0.974904 0.970460 0.971717 0.949146 0.960955 0.971398 0.982049 0.982049 0.982048 0.982048
0.959379 0.957498 0.965522 0.937564 0.950252 0.960153 0.984223 0.984223 0.984223 0.984223
0.950239 0.948638 0.952389 0.941485 0.940663 0.956408 0.983677 0.983677 0.983677 0.983677
0.934827 0.930194 0.936942 0.926638 0.925406 0.941326 0.969552 0.969552 0.969552 0.969552
0.928882 0.923959 0.934751 0.926497 0.924907 0.943462 0.974144 0.974144 0.974144 0.974144
0.928909 0.952503 0.964255 0.951951 0.953481 0.976450 1.008352 1.008352 1.008352 1.008352
0.926090 0.948528 0.957415 0.947601 0.949060 0.966173 1.010943 1.010943 1.010943 1.010943
0.915261 0.950522 0.959012 0.950038 0.953488 0.967304 1.019956 1.019956 1.019956 1.019956
0.914148 0.955653 0.964474 0.948428 0.958091 0.969020 1.027793 1.027793 1.027793 1.027793
0.899162 0.941686 0.955428 0.934846 0.945283 0.956784 1.020096 1.020096 1.020096 1.020096
0.912017 0.956656 0.969757 0.949316 0.960307 0.970773 1.034093 1.034093 1.034093 1.034093
0.903307 0.939695 0.951144 0.938743 0.940876 0.952332 1.024850 1.024850 1.024850 1.024850
0.899526 0.922105 0.947050 0.928352 0.934722 0.946863 1.027389 1.027389 1.027390 1.027390
0.913605 0.933103 0.957512 0.937743 0.951517 0.962784 1.046105 1.046105 1.046105 1.046105
0.894037 0.885662 0.924741 0.917359 0.902852 0.910805 1.025051 1.025051 1.025052 1.025052
0.919709 0.911093 0.951294 0.912836 0.839092 0.936958 1.053191 1.053191 1.053191 1.053191
0.897010 0.851520 0.924788 0.890767 0.813100 0.927096 1.047959 1.047959 1.047959 1.047959
0.925378 0.871321 0.951095 0.914907 0.835794 0.950795 1.078558 1.078558 1.078558 1.078558
0.927060 0.872958 0.949321 0.908345 0.821062 0.930906 1.075439 1.075439 1.075439 1.075439
0.933459 0.863697 0.954389 0.914614 0.826729 0.937331 1.070774 1.070774 1.070774 1.070774
0.915586 0.801192 0.933713 0.878308 0.802337 0.916584 1.054717 1.054717 1.054717 1.054717
0.925777 0.810208 0.928210 0.881196 0.810077 0.906061 1.072134 1.072134 1.072134 1.072134
0.948694 0.829915 0.951220 0.902417 0.825423 0.928424 1.099867 1.099867 1.099868 1.099868
0.948402 0.823980 0.954047 0.900054 0.822796 0.927994 1.105151 1.105151 1.105151 1.105151
0.920237 0.802312 0.925701 0.842706 0.804365 0.906590 1.082821 1.082821 1.082821 1.082821
0.940128 0.818211 0.948825 0.860921 0.818071 0.926789 1.105829 1.105829 1.105830 1.105830
0.938348 0.819034 0.952256 0.862767 0.800132 0.927446 1.109190 1.109190 1.109191 1.109191
0.945204 0.827436 0.961685 0.871366 0.802168 0.931095 1.125280 1.125280 1.125281 1.125281
0.920808 0.803992 0.907031 0.847534 0.746506 0.901066 1.096581 1.096581 1.096582 1.096582
0.923919 0.806709 0.826595 0.850397 0.749028 0.904110 1.082264 1.082264 1.082265 1.082265
0.970974 0.845014 0.868740 0.892171 0.776292 0.951363 1.140414 1.140414 1.140415 1.140415
0.975590 0.846973 0.865668 0.895440 0.779581 0.954594 1.147705 1.147705 1.147706 1.147706
0.975466 0.846866 0.865558 0.895326 0.757608 0.954473 1.144119 1.144119 1.144120 1.144120
0.972379 0.841540 0.862819 0.894312 0.752036 0.953348 1.144255 1.144255 1.144257 1.144257
0.929204 0.807045 0.804408 0.834944 0.723377 0.888809 1.098482 1.098482 1.098484 1.098484
0.942635 0.819159 0.806312 0.849647 0.733939 0.895812 1.123408 1.123408 1.123409 1.123409
0.946004 0.827213 0.809543 0.844116 0.737634 0.900265 1.123577 1.123577 1.123579 1.123579
0.933135 0.815960 0.798530 0.726446 0.644889 0.882699 1.105885 1.105885 1.105886 1.105886
0.996887 0.870564 0.852958 0.771134 0.689462 0.940894 1.183052 1.183052 1.183053 1.183053
0.977873 0.860729 0.845740 0.760995 0.682565 0.921664 1.171021 1.171021 1.171021 1.171021
0.953632 0.790259 0.799757 0.733319 0.664282 0.900925 1.145392 1.145392 1.145393 1.145393
0.985056 0.820646 0.825844 0.766388 0.691937 0.925159 1.194913 1.194913 1.194914 1.194914
0.931420 0.773931 0.772828 0.728296 0.653733 0.864334 1.134613 1.134613 1.134614 1.134614
0.962834 0.791833 0.787206 0.744088 0.668855 0.885802 1.177757 1.177757 1.177758 1.177758
0.981705 0.806377 0.799545 0.756181 0.681348 0.893967 1.200795 1.200795 1.200796 1.200796
0.910456 0.747853 0.734466 0.701300 0.619405 0.802260 1.148618 1.148618 1.148618 1.148618
0.808697 0.790147 0.776003 0.740961 0.654434 0.847631 1.207806 1.207806 1.207806 1.207806
0.821731 0.808780 0.797715 0.763065 0.680446 0.879836 1.256764 1.256764 1.256764 1.256764
0.797293 0.776440 0.766647 0.722865 0.659707 0.843893 1.212430 1.212430 1.212430 1.212430
0.802480 0.787992 0.771060 0.728926 0.665238 0.839814 1.208323 1.208323 1.208322 1.208322
0.832062 0.817040 0.785975 0.755796 0.689761 0.870772 1.239055 1.239055 1.239055 1.239055
0.825287 0.787575 0.773665 0.751923 0.688106 0.868991 1.244503 1.244503 1.244503 1.244503
0.835598 0.802512 0.787600 0.766054 0.701412 0.872594 1.273686 1.273686 1.273686 1.273686
0.802850 0.765568 0.743515 0.735914 0.664059 0.836177 1.236671 1.236671 1.236672 1.236672
0.777186 0.782290 0.756592 0.752194 0.676165 0.856247 1.270856 1.270856 1.270857 1.270857
0.784952 0.791544 0.749273 0.764932 0.686754 0.869160 1.289737 1.289737 1.289738 1.289738
0.782468 0.791085 0.746785 0.764214 0.687164 0.869042 1.294196 1.294196 1.294197 1.294197
0.743440 0.776184 0.727128 0.635340 0.673970 0.850342 1.267334 1.267334 1.267334 1.267334
0.764686 0.796716 0.747980 0.653646 0.693365 0.874812 1.296613 1.296613 1.296613 1.296613
0.772056 0.801261 0.748661 0.652913 0.697039 0.871620 1.311697 1.311697 1.311697 1.311697
0.766006 0.788404 0.735404 0.650674 0.687898 0.869997 1.305153 1.305153 1.305153 1.305153
0.746599 0.759367 0.722515 0.631651 0.660467 0.853166 1.266157 1.266157 1.266157 1.266157
0.767385 0.780509 0.652159 0.649237 0.678855 0.876919 1.288856 1.288856 1.288856 1.288856
0.786255 0.800310 0.668320 0.666504 0.694589 0.897952 1.328234 1.328234 1.328234 1.328234
0.767285 0.765443 0.647393 0.650423 0.671656 0.862592 1.309609 1.309609 1.309609 1.309609
0.784746 0.780127 0.660434 0.663302 0.686805 0.881220 1.344521 1.344521 1.344521 1.344521
0.779325 0.773650 0.635269 0.657044 0.680384 0.873790 1.337693 1.337693 1.337694 1.337694
0.777376 0.771715 0.633681 0.643017 0.678683 0.871605 1.317104 1.317104 1.317104 1.317104
0.787778 0.783133 0.642558 0.645006 0.681268 0.882174 1.342388 1.342388 1.342389 1.342389
0.763662 0.766318 0.628762 0.625260 0.660413 0.662819 1.313565 1.313565 1.313565 1.313565
0.766216 0.785656 0.652868 0.625509 0.678234 0.679603 1.362292 1.362292 1.362293 1.362293
0.758962 0.789567 0.656322 0.616491 0.680211 0.685746 1.364905 1.364905 1.364906 1.364906
0.745896 0.796592 0.664685 0.625787 0.687218 0.697901 1.390388 1.390388 1.390389 1.390389
0.739646 0.792050 0.658288 0.621995 0.678886 0.672180 1.390947 1.390947 1.390949 1.390949
0.742791 0.794191 0.659913 0.623963 0.680926 0.672308 1.389255 1.389255 1.389256 1.389256
0.747619 0.801594 0.659681 0.619878 0.682189 0.676501 1.406987 1.406987 1.406989 1.406989
0.759931 0.814795 0.670545 0.630087 0.693424 0.687641 1.428357 1.428357 1.428358 1.428358
0.743418 0.798149 0.656291 0.618002 0.677574 0.659904 1.398428 1.398428 1.398429 1.398429
0.760057 0.816013 0.670979 0.631833 0.692738 0.674673 1.426991 1.426991 1.426991 1.426991
0.722759 0.788680 0.654673 0.615587 0.667226 0.653855 1.389360 1.389360 1.389361 1.389361
0.722773 0.797035 0.660045 0.621710 0.675266 0.641303 1.410351 1.410351 1.410351 1.410351
0.699738 0.794311 0.657802 0.617899 0.670484 0.637302 1.406801 1.406801 1.406802 1.406802
0.702113 0.801562 0.663289 0.624105 0.678503 0.643854 1.428747 1.428747 1.428748 1.428748
0.682996 0.740947 0.633089 0.593704 0.660029 0.623400 1.391485 1.391485 1.391485 1.391485
0.550549 0.597262 0.590796 0.570676 0.641064 0.597913 1.352386 1.352386 1.352386 1.352386
0.596696 0.647324 0.637196 0.617048 0.693049 0.648030 1.452249 1.452249 1.452250 1.452250
0.600296 0.652150 0.640925 0.619094 0.699390 0.652523 1.469056 1.469056 1.469057 1.469057
0.601805 0.645821 0.639823 0.625417 0.702917 0.654335 1.483700 1.483700 1.483701 1.483701
0.587327 0.637170 0.629230 0.618378 0.691280 0.644633 1.459353 1.459353 1.459354 1.459354
0.589079 0.646100 0.636770 0.626835 0.699382 0.651708 1.481066 1.481066 1.481066 1.481066
0.590265 0.643758 0.631674 0.625256 0.688417 0.652769 1.484768 1.484768 1.484768 1.484768
0.578433 0.642118 0.627829 0.622739 0.687840 0.647571 1.487682 1.487682 1.487682 1.487682
0.507334 0.608488 0.550658 0.546194 0.651816 0.613656 1.410717 1.410717 1.410717 1.410717
0.539041 0.652345 0.586191 0.584815 0.697096 0.657023 1.511613 1.511613 1.511613 1.511613
0.540730 0.655144 0.590227 0.588180 0.701186 0.662193 1.526751 1.526751 1.526751 1.526751
0.538053 0.648257 0.586365 0.587582 0.699270 0.660224 1.527297 1.527297 1.527297 1.527297
