0.945712 0.959310 0.915460 0.943389 0.946539 0.957078 0.958522 0.958522 0.958522 0.958522
0.960475 0.944339 0.930939 0.962422 0.964927 0.973953 0.982069 0.982069 0.982069 0.982069
0.971924 0.958610 0.944287 0.978633 0.976923 0.987370 1.001198 1.001198 1.001199 1.001199
0.962619 0.948166 0.938885 0.955080 0.971059 0.982584 0.997182 0.997182 0.997182 0.997182
0.964502 0.936250 0.934841 0.945591 0.971384 0.964416 0.999179 0.999179 0.999179 0.999179
0.965952 0.944264 0.933609 0.949952 0.980094 0.972130 1.007869 1.007869 1.007869 1.007869
0.833451 0.819780 0.824978 0.593588 0.852385 0.861562 0.886859 0.886859 0.886859 0.886859
0.964225 0.951265 0.930679 0.678049 0.986735 1.001397 1.031380 1.031380 1.031380 1.031380
0.975020 0.961761 0.937500 0.658965 0.995181 0.988035 1.041563 1.041563 1.041563 1.041563
0.867664 0.844860 0.807272 0.569323 0.876267 0.854704 0.907350 0.907350 0.907350 0.907350
1.011657 0.984323 0.939133 0.656157 1.019642 0.994023 1.060367 1.060367 1.060367 1.060367
0.994414 0.969490 0.920305 0.649246 0.995895 0.980068 1.053138 1.053138 1.053138 1.053138
1.003255 0.985606 0.931332 0.653535 1.011014 0.994454 1.069054 1.069054 1.069054 1.069054
0.969347 0.943528 0.879326 0.632293 0.974827 0.959263 1.049033 1.049033 1.049033 1.049033
1.001114 0.957212 0.907798 0.650830 1.004118 0.983961 1.082860 1.082860 1.082859 1.082859
0.939312 0.937541 0.876800 0.619481 0.976388 0.960204 1.066971 1.066971 1.066971 1.066971
0.937622 0.948980 0.891929 0.630787 0.998424 0.972328 1.092012 1.092012 1.092011 1.092011
0.905531 0.921121 0.862186 0.609502 0.956027 0.949169 1.070681 1.070681 1.070681 1.070681
0.921804 0.944998 0.854587 0.615458 0.981428 0.969232 1.097045 1.097045 1.097044 1.097044
0.907433 0.941851 0.859017 0.607581 0.979419 0.968173 1.103905 1.103905 1.103904 1.103904
0.889726 0.928558 0.844252 0.601068 0.968622 0.956409 1.095780 1.095780 1.095780 1.095780
0.887340 0.924390 0.833637 0.595315 0.962358 0.956891 1.111042 1.111042 1.111042 1.111042
0.888109 0.921975 0.841558 0.592799 0.967789 0.962870 1.122366 1.122366 1.122366 1.122366
0.882867 0.908366 0.838802 0.584309 0.962686 0.940448 1.128406 1.128406 1.128405 1.128405
0.868004 0.887978 0.830011 0.577420 0.941689 0.935454 1.112965 1.112965 1.112964 1.112964
0.847175 0.880017 0.826972 0.564538 0.934944 0.922102 1.100282 1.100282 1.100281 1.100281
0.868935 0.910994 0.862801 0.585531 0.964178 0.956518 1.145189 1.145189 1.145189 1.145189
0.862470 0.890150 0.837378 0.584338 0.962398 0.912666 1.143719 1.143719 1.143719 1.143719
0.868363 0.895881 0.844800 0.589801 0.958754 0.876174 1.158781 1.158781 1.158781 1.158781
0.853387 0.899686 0.849727 0.591479 0.963546 0.879519 1.167385 1.167385 1.167384 1.167384
0.832008 0.873867 0.826941 0.568753 0.944017 0.850025 1.132859 1.132859 1.132859 1.132859
0.851843 0.889374 0.846283 0.586213 0.961886 0.872443 1.167977 1.167977 1.167977 1.167977
0.834275 0.866219 0.832387 0.572955 0.931991 0.861756 1.141072 1.141072 1.141071 1.141071
0.831577 0.841000 0.807812 0.571261 0.924822 0.849903 1.152617 1.152617 1.152617 1.152617
0.822312 0.866006 0.814545 0.587433 0.949480 0.839290 1.188318 1.188318 1.188317 1.188317
0.840522 0.884102 0.828823 0.599188 0.967084 0.855744 1.218022 1.218022 1.218022 1.218022
0.828537 0.871536 0.815082 0.590988 0.957784 0.833075 1.208597 1.208597 1.208597 1.208597
0.824040 0.865715 0.816399 0.586466 0.933808 0.828507 1.214106 1.214106 1.214105 1.214105
0.796617 0.831396 0.782727 0.536049 0.884916 0.790091 1.180259 1.180259 1.180258 1.180258
0.827346 0.863092 0.803790 0.556756 0.913097 0.819419 1.228741 1.228741 1.228741 1.228741
0.846857 0.883080 0.817226 0.570547 0.935351 0.838801 1.260352 1.260352 1.260351 1.260351
0.803875 0.809000 0.775185 0.538715 0.873170 0.803455 1.205978 1.205978 1.205978 1.205978
0.829067 0.833667 0.804600 0.555537 0.896604 0.822966 1.253937 1.253937 1.253936 1.253936
0.811854 0.823960 0.781727 0.535783 0.853118 0.813325 1.230949 1.230949 1.230949 1.230949
0.797790 0.818617 0.774702 0.533627 0.834959 0.815006 1.232117 1.232117 1.232117 1.232117
0.818345 0.839049 0.784002 0.544980 0.856928 0.837099 1.267839 1.267839 1.267838 1.267838
0.808639 0.831700 0.769745 0.537864 0.850541 0.827497 1.268625 1.268625 1.268625 1.268625
0.805149 0.827684 0.763023 0.531514 0.819320 0.827888 1.266790 1.266790 1.266791 1.266791
0.769408 0.785046 0.740843 0.517435 0.786173 0.805162 1.243636 1.243636 1.243636 1.243636
0.790854 0.808418 0.760993 0.536783 0.804079 0.829672 1.296288 1.296288 1.296288 1.296288
0.785844 0.808596 0.749444 0.533882 0.790047 0.826358 1.304134 1.304134 1.304134 1.304134
0.783466 0.798475 0.740437 0.523083 0.778935 0.810328 1.304866 1.304866 1.304866 1.304866
0.787912 0.790873 0.744420 0.523666 0.778764 0.769870 1.315225 1.315225 1.315225 1.315225
0.776314 0.785422 0.737473 0.518809 0.769833 0.716321 1.317511 1.317511 1.317510 1.317510
0.788983 0.804926 0.755284 0.528845 0.785475 0.733409 1.355538 1.355538 1.355538 1.355538
0.787447 0.804162 0.745446 0.527408 0.780516 0.729836 1.357984 1.357984 1.357984 1.357984
0.765188 0.754980 0.716602 0.511852 0.729179 0.644782 1.318662 1.318662 1.318661 1.318661
0.788225 0.780131 0.738019 0.521991 0.746473 0.635128 1.365528 1.365528 1.365527 1.365527
0.791458 0.776282 0.740084 0.524159 0.744174 0.639691 1.381559 1.381559 1.381558 1.381558
0.768881 0.760181 0.730280 0.483265 0.731301 0.632456 1.366649 1.366649 1.366648 1.366648
