0.942073 0.946824 0.942931 0.942545 0.934037 0.952226 0.956406 0.956406 0.956406 0.956406
0.962063 0.965697 0.969758 0.960392 0.935054 0.972376 0.986505 0.986505 0.986505 0.986505
0.957445 0.968567 0.939709 0.948083 0.938425 0.970718 0.988185 0.988185 0.988185 0.988185
0.955328 0.960673 0.937220 0.952323 0.931858 0.970968 0.992895 0.992895 0.992895 0.992895
0.960101 0.964183 0.945566 0.943074 0.939890 0.980475 1.003458 1.003458 1.003458 1.003458
0.966366 0.977913 0.954653 0.947079 0.951922 0.992536 1.016236 1.016236 1.016236 1.016236
0.845187 0.844289 0.807917 0.804183 0.823775 0.843843 0.870074 0.870074 0.870074 0.870074
0.993237 0.991770 0.943069 0.946146 0.968820 0.991727 1.024624 1.024624 1.024625 1.024625
0.941354 0.933778 0.886443 0.847852 0.900092 0.927198 0.976528 0.976528 0.976528 0.976528
0.979867 0.957295 0.922438 0.878537 0.931425 0.911770 1.018768 1.018768 1.018768 1.018768
0.970370 0.956844 0.906345 0.856876 0.896268 0.911275 1.011396 1.011396 1.011396 1.011396
0.969715 0.963795 0.910688 0.861031 0.898621 0.859977 1.027597 1.027597 1.027597 1.027597
0.958735 0.949318 0.898747 0.839608 0.892805 0.842843 1.011248 1.011248 1.011248 1.011248
0.991502 0.981605 0.925910 0.834522 0.920912 0.850497 1.044442 1.044442 1.044442 1.044442
0.967004 0.932497 0.879216 0.814129 0.894141 0.820728 1.032282 1.032282 1.032282 1.032282
1.009142 0.971941 0.913385 0.847830 0.929814 0.854363 1.080270 1.080270 1.080269 1.080269
0.946258 0.951378 0.881649 0.806492 0.903576 0.833219 1.063760 1.063760 1.063760 1.063760
0.943836 0.916822 0.869956 0.803411 0.866478 0.755591 1.060285 1.060285 1.060284 1.060284
0.973495 0.936630 0.889200 0.814361 0.883811 0.766536 1.097539 1.097539 1.097538 1.097538
0.974558 0.937170 0.886222 0.809116 0.855992 0.771064 1.101904 1.101904 1.101904 1.101904
0.948498 0.922170 0.869842 0.798138 0.829744 0.765253 1.092381 1.092381 1.092381 1.092381
0.965560 0.940645 0.882783 0.817879 0.839302 0.781400 1.123600 1.123600 1.123600 1.123600
0.926973 0.940381 0.864195 0.816520 0.836565 0.749152 1.124638 1.124638 1.124638 1.124638
0.919855 0.946248 0.873928 0.826525 0.850407 0.754143 1.144252 1.144252 1.144252 1.144252
0.897842 0.915102 0.833555 0.807827 0.828343 0.734885 1.134291 1.134291 1.134290 1.134290
0.916334 0.933216 0.839311 0.820856 0.845854 0.751003 1.161295 1.161295 1.161295 1.161295
0.891645 0.913073 0.818634 0.805903 0.830190 0.736256 1.144013 1.144013 1.144013 1.144013
0.882106 0.898150 0.815111 0.801372 0.817152 0.736918 1.135401 1.135401 1.135402 1.135402
0.915462 0.931407 0.844037 0.822093 0.846353 0.762848 1.181051 1.181051 1.181051 1.181051
0.905194 0.928675 0.841001 0.815292 0.840154 0.759884 1.182218 1.182218 1.182219 1.182219
0.896008 0.910977 0.831385 0.807058 0.825680 0.754483 1.179122 1.179122 1.179122 1.179122
0.886980 0.903463 0.822468 0.806325 0.813306 0.748746 1.183665 1.183665 1.183665 1.183665
0.883619 0.899687 0.821003 0.805278 0.801679 0.711226 1.186602 1.186602 1.186601 1.186601
0.868412 0.903543 0.825823 0.807598 0.805716 0.713967 1.195456 1.195456 1.195456 1.195456
0.853636 0.886560 0.803720 0.788373 0.789001 0.704061 1.194687 1.194687 1.194686 1.194686
0.867229 0.887623 0.811414 0.791422 0.800268 0.700677 1.213767 1.213767 1.213767 1.213767
0.860314 0.883196 0.784918 0.775191 0.794374 0.698331 1.210387 1.210387 1.210386 1.210386
0.862103 0.890871 0.779553 0.777530 0.787121 0.701432 1.228025 1.228025 1.228024 1.228024
0.818267 0.839269 0.751778 0.751820 0.750174 0.677568 1.197434 1.197434 1.197433 1.197433
0.841046 0.836118 0.773693 0.776222 0.773955 0.697816 1.241621 1.241621 1.241620 1.241620
0.839017 0.821126 0.754700 0.778565 0.776439 0.669197 1.246309 1.246309 1.246308 1.246308
0.826556 0.804461 0.746682 0.765442 0.756742 0.664895 1.224774 1.224774 1.224773 1.224773
0.823354 0.773373 0.743249 0.758430 0.741323 0.668331 1.229813 1.229813 1.229812 1.229812
0.732839 0.692613 0.677500 0.488874 0.665078 0.611015 1.116316 1.116316 1.116315 1.116315
0.830063 0.795779 0.742834 0.552371 0.753971 0.700394 1.281541 1.281541 1.281540 1.281540
0.845981 0.813565 0.756918 0.557335 0.763663 0.682587 1.313007 1.313007 1.313006 1.313006
0.842625 0.812882 0.749090 0.554452 0.764027 0.680147 1.324317 1.324317 1.324316 1.324316
0.822421 0.799750 0.742629 0.513589 0.754326 0.675604 1.316160 1.316160 1.316159 1.316159
0.833543 0.810604 0.750901 0.520837 0.768128 0.676243 1.342784 1.342784 1.342783 1.342783
0.832878 0.815663 0.748188 0.522037 0.773234 0.680085 1.351349 1.351349 1.351348 1.351348
0.827829 0.810052 0.748417 0.518815 0.765193 0.671339 1.354136 1.354136 1.354135 1.354135
0.836673 0.804224 0.756126 0.522605 0.771328 0.673896 1.367905 1.367905 1.367904 1.367904
0.831314 0.801595 0.753080 0.521785 0.766776 0.670808 1.369297 1.369297 1.369296 1.369296
0.784053 0.767666 0.725064 0.492971 0.735656 0.638974 1.308123 1.308123 1.308122 1.308122
0.801925 0.778169 0.743552 0.499937 0.752902 0.642110 1.353127 1.353127 1.353126 1.353126
0.800427 0.783919 0.754926 0.504598 0.755585 0.648183 1.370520 1.370520 1.370519 1.370519
0.790243 0.771255 0.751751 0.495644 0.749532 0.643377 1.365691 1.365691 1.365690 1.365690
0.793125 0.773732 0.746019 0.497477 0.747393 0.644819 1.373975 1.373975 1.373974 1.373974
0.801352 0.782539 0.745391 0.502249 0.751841 0.649599 1.393445 1.393445 1.393444 1.393444
0.777405 0.768609 0.738377 0.488623 0.739409 0.639468 1.381801 1.381801 1.381800 1.381800
