0.965135 0.968165 0.958958 0.963967 0.969441 0.965516 0.977326 0.977326 0.977326 0.977326
0.937266 0.944949 0.932115 0.936599 0.933416 0.947741 0.963543 0.963543 0.963543 0.963543
0.915753 0.937480 0.929696 0.916684 0.927721 0.935213 0.953582 0.953582 0.953582 0.953582
0.944513 0.973301 0.950362 0.946358 0.946153 0.966855 0.995792 0.995792 0.995791 0.995791
0.912957 0.951159 0.926404 0.927121 0.910854 0.952993 0.980420 0.980420 0.980420 0.980420
0.923992 0.959308 0.945689 0.933552 0.926263 0.969698 1.001515 1.001515 1.001516 1.001516
0.932633 0.967519 0.941729 0.938158 0.935423 0.980048 1.014062 1.014062 1.014062 1.014062
0.930366 0.971968 0.936794 0.938783 0.940104 0.984006 1.018864 1.018864 1.018864 1.018864
0.937753 0.978942 0.942114 0.935335 0.945670 0.989308 1.029320 1.029320 1.029320 1.029320
0.915772 0.947477 0.922462 0.905673 0.924088 0.949223 1.016602 1.016602 1.016601 1.016601
0.922195 0.945039 0.920553 0.896290 0.920266 0.940183 1.027415 1.027415 1.027415 1.027415
0.899026 0.915232 0.890031 0.826151 0.879440 0.904153 1.007199 1.007199 1.007199 1.007199
0.917698 0.941663 0.913485 0.847970 0.900669 0.871566 1.045291 1.045291 1.045291 1.045291
0.951718 0.976167 0.940994 0.880426 0.934778 0.903939 1.086312 1.086312 1.086312 1.086312
0.928334 0.951810 0.919725 0.860942 0.902194 0.840731 1.066291 1.066291 1.066290 1.066290
0.926455 0.951637 0.917261 0.867156 0.895901 0.841124 1.079105 1.079105 1.079104 1.079104
0.919375 0.947208 0.887606 0.849656 0.889600 0.838589 1.076460 1.076460 1.076459 1.076459
0.906661 0.954539 0.895887 0.855035 0.897155 0.844717 1.088223 1.088223 1.088221 1.088221
0.884172 0.927381 0.872085 0.822392 0.879195 0.816598 1.056307 1.056307 1.056306 1.056306
0.895906 0.907881 0.874176 0.832254 0.856479 0.752272 1.069566 1.069566 1.069565 1.069565
0.930537 0.929307 0.902291 0.854166 0.888147 0.765407 1.110962 1.110962 1.110961 1.110961
0.915673 0.927288 0.904827 0.857405 0.895296 0.764066 1.120890 1.120890 1.120889 1.120889
0.893949 0.896955 0.863207 0.838185 0.872250 0.744712 1.111365 1.111365 1.111364 1.111364
0.907970 0.910628 0.866900 0.851375 0.880192 0.755333 1.131517 1.131517 1.131516 1.131516
0.887575 0.885254 0.851064 0.830559 0.851236 0.744680 1.103377 1.103377 1.103375 1.103375
0.919588 0.918101 0.871973 0.859851 0.878079 0.769279 1.147470 1.147470 1.147469 1.147469
0.925142 0.907308 0.876907 0.862152 0.881052 0.768661 1.153813 1.153813 1.153811 1.153811
0.890586 0.868435 0.849610 0.834207 0.843851 0.748624 1.114276 1.114276 1.114274 1.114274
0.893729 0.882352 0.870601 0.839525 0.858480 0.762330 1.143020 1.143020 1.143018 1.143018
0.871025 0.837612 0.826107 0.818426 0.832930 0.735123 1.128906 1.128906 1.128905 1.128905
0.893349 0.857997 0.853279 0.837524 0.837437 0.753921 1.169464 1.169464 1.169462 1.169462
0.896490 0.860877 0.853007 0.807772 0.838192 0.738213 1.172042 1.172042 1.172040 1.172040
0.893172 0.844349 0.830991 0.809163 0.839796 0.707022 1.174947 1.174947 1.174945 1.174945
0.901924 0.844948 0.838043 0.817131 0.841960 0.716142 1.195484 1.195484 1.195482 1.195482
0.878329 0.829439 0.828956 0.755215 0.829409 0.709766 1.185462 1.185462 1.185460 1.185460
0.882303 0.840920 0.847028 0.767138 0.837697 0.721068 1.208391 1.208391 1.208389 1.208389
0.836305 0.832065 0.826473 0.737656 0.822896 0.710856 1.202841 1.202841 1.202839 1.202839
0.843589 0.838880 0.829974 0.738483 0.803060 0.720497 1.216815 1.216815 1.216813 1.216813
0.834629 0.828467 0.813014 0.725592 0.791515 0.715121 1.223941 1.223941 1.223939 1.223939
0.845894 0.846683 0.830337 0.737574 0.805355 0.730147 1.255772 1.255772 1.255770 1.255770
0.830356 0.805583 0.816126 0.727280 0.793532 0.718161 1.243574 1.243574 1.243572 1.243572
0.835156 0.809574 0.826104 0.731404 0.794637 0.717371 1.260986 1.260986 1.260984 1.260984
0.836593 0.813526 0.829503 0.736228 0.796407 0.719924 1.272591 1.272591 1.272589 1.272589
0.823493 0.802397 0.814019 0.729502 0.778956 0.710817 1.265697 1.265697 1.265696 1.265696
0.803519 0.787246 0.796158 0.718190 0.766642 0.698784 1.250304 1.250304 1.250303 1.250303
0.823333 0.812841 0.818291 0.734234 0.790444 0.720124 1.289037 1.289037 1.289036 1.289036
0.699689 0.695048 0.712180 0.451880 0.677087 0.628601 1.117175 1.117175 1.117173 1.117173
0.802109 0.804208 0.810037 0.510198 0.754211 0.727272 1.283883 1.283883 1.283881 1.283881
0.783615 0.818141 0.806945 0.518320 0.764989 0.709536 1.307698 1.307698 1.307696 1.307696
0.784807 0.814508 0.807818 0.522586 0.762477 0.712374 1.318846 1.318846 1.318844 1.318844
0.786709 0.804145 0.809538 0.521477 0.759845 0.674619 1.325019 1.325019 1.325017 1.325017
0.801892 0.818662 0.821435 0.530430 0.771778 0.685929 1.354357 1.354357 1.354356 1.354356
0.749968 0.759945 0.780564 0.505378 0.724777 0.652887 1.301274 1.301274 1.301272 1.301272
0.775842 0.786200 0.805593 0.523118 0.753313 0.667031 1.355074 1.355074 1.355072 1.355072
0.687215 0.687436 0.690471 0.449859 0.660224 0.574341 1.174987 1.174987 1.174985 1.174985
0.787297 0.790002 0.790859 0.510222 0.751683 0.629190 1.353206 1.353206 1.353205 1.353205
0.785567 0.794422 0.768357 0.504999 0.756366 0.629759 1.359055 1.359055 1.359053 1.359053
0.766089 0.785864 0.725336 0.491268 0.738257 0.621525 1.343310 1.343310 1.343308 1.343308
0.783382 0.802531 0.744594 0.495006 0.757643 0.638588 1.381345 1.381345 1.381344 1.381344
0.757183 0.748615 0.719170 0.475912 0.720174 0.622834 1.345856 1.345856 1.345855 1.345855
