0.998209 0.998209 0.998209 0.998209 0.998209 0.998209 0.998209 0.995819 0.995820 0.995820
0.999205 0.999205 0.999205 0.999205 0.999205 0.999205 0.999205 0.994800 0.994802 0.994802
0.997677 0.997677 0.997677 0.997677 0.997677 0.997677 0.997677 0.988444 0.988445 0.988445
0.999045 0.999045 0.999045 0.999045 0.999045 0.999045 0.999045 0.984874 0.984875 0.984875
1.004273 1.004273 1.004273 1.004273 1.004273 1.004273 1.004273 0.990028 0.990030 0.990030
1.004025 1.004025 1.004025 1.004025 1.004025 1.004025 1.004025 0.989457 0.989459 0.989459
0.999868 0.999868 0.999868 0.999868 0.999868 0.999868 0.999868 0.979467 0.979469 0.979469
1.001860 1.001860 1.001860 1.001860 1.001860 1.001860 1.001860 0.975838 0.975840 0.975840
0.985163 0.985163 0.985163 0.985163 0.985163 0.985163 0.985163 0.930329 0.930331 0.930331
1.014163 1.014163 1.014163 1.014163 1.014163 1.014163 1.014163 0.954221 0.954224 0.954224
1.016882 1.016882 1.016882 1.016882 1.016882 1.016882 1.016882 0.955339 0.955341 0.955341
1.017202 1.017202 1.017202 1.017202 1.017202 1.017202 1.017202 0.954051 0.954053 0.954053
1.011997 1.011997 1.011997 1.011997 1.011997 1.011997 1.011997 0.940593 0.940596 0.940596
1.012980 1.012980 1.012980 1.012980 1.012980 1.012980 1.012980 0.931009 0.931012 0.931012
1.024873 1.024873 1.024873 1.024873 1.024873 1.024873 1.024873 0.941931 0.941933 0.941933
1.023948 1.023948 1.023948 1.023948 1.023948 1.023948 1.023948 0.939961 0.939964 0.939964
1.023096 1.023096 1.023096 1.023096 1.023096 1.023096 1.023096 0.936632 0.936634 0.936634
1.022472 1.022472 1.022472 1.022472 1.022472 1.022472 1.022472 0.931841 0.931844 0.931844
1.022506 1.022506 1.022506 1.022506 1.022506 1.022506 1.022506 0.926170 0.926174 0.926174
1.022510 1.022510 1.022510 1.022510 1.022510 1.022510 1.022510 0.918444 0.918447 0.918447
1.021888 1.021888 1.021888 1.021888 1.021888 1.021888 1.021888 0.906714 0.906717 0.906717
1.029119 1.029119 1.029119 1.029119 1.029119 1.029119 1.029119 0.906402 0.906405 0.906405
1.018399 1.018399 1.018399 1.018399 1.018399 1.018399 1.018399 0.875751 0.875755 0.875755
1.043806 1.043806 1.043806 1.043806 1.043806 1.043806 1.043806 0.897536 0.897540 0.897540
1.037455 1.037455 1.037455 1.037455 1.037455 1.037455 1.037455 0.884997 0.885000 0.885000
1.039129 1.039129 1.039129 1.039129 1.039129 1.039129 1.039129 0.878806 0.878809 0.878809
1.034493 1.034493 1.034493 1.034493 1.034493 1.034493 1.034493 0.859752 0.859755 0.859755
1.045069 1.045069 1.045069 1.045069 1.045069 1.045069 1.045069 0.859775 0.859778 0.859778
1.048522 1.048522 1.048522 1.048522 1.048522 1.048522 1.048522 0.854639 0.854642 0.854642
1.053807 1.053807 1.053807 1.053807 1.053807 1.053807 1.053807 0.853875 0.853878 0.853878
0.997287 0.997287 0.997287 0.997287 0.997287 0.997287 0.997287 0.743872 0.743874 0.743874
1.073296 1.073296 1.073296 1.073296 1.073296 1.073296 1.073296 0.792055 0.792058 0.792058
1.080901 1.080901 1.080901 1.080901 1.080901 1.080901 1.080901 0.793644 0.793647 0.793647
1.083597 1.083597 1.083597 1.083597 1.083597 1.083597 1.083597 0.792874 0.792877 0.792877
1.083640 1.083640 1.083640 1.083640 1.083640 1.083640 1.083640 0.789395 0.789398 0.789398
1.082816 1.082816 1.082816 1.082816 1.082816 1.082816 1.082816 0.783533 0.783537 0.783537
1.078888 1.078888 1.078888 1.078888 1.078888 1.078888 1.078888 0.770447 0.770450 0.770450
1.093812 1.093812 1.093812 1.093812 1.093812 1.093812 1.093812 0.781104 0.781108 0.781108
1.087815 1.087815 1.087815 1.087815 1.087815 1.087815 1.087815 0.771575 0.771579 0.771579
1.089184 1.089184 1.089184 1.089184 1.089184 1.089184 1.089184 0.767027 0.767031 0.767031
1.096839 1.096839 1.096839 1.096839 1.096839 1.096839 1.096839 0.771958 0.771962 0.771962
1.091602 1.091602 1.091602 1.091602 1.091602 1.091602 1.091602 0.763182 0.763185 0.763185
1.079245 1.079245 1.079245 1.079245 1.079245 1.079245 1.079245 0.737541 0.737545 0.737545
1.103950 1.103950 1.103950 1.103950 1.103950 1.103950 1.103950 0.753592 0.753595 0.753595
1.084751 1.084751 1.084751 1.084751 1.084751 1.084751 1.084751 0.723552 0.723556 0.723556
1.108885 1.108885 1.108885 1.108885 1.108885 1.108885 1.108885 0.737963 0.737966 0.737966
1.108143 1.108143 1.108143 1.108143 1.108143 1.108143 1.108143 0.734739 0.734742 0.734742
1.089124 1.089124 1.089124 1.089124 1.089124 1.089124 1.089124 0.703508 0.703511 0.703511
1.117321 1.117321 1.117321 1.117321 1.117321 1.117321 1.117321 0.720544 0.720547 0.720547
1.116351 1.116351 1.116351 1.116351 1.116351 1.116351 1.116351 0.717687 0.717690 0.717690
1.119988 1.119988 1.119988 1.119988 1.119988 1.119988 1.119988 0.720025 0.720028 0.720028
1.116811 1.116811 1.116811 1.116811 1.116811 1.116811 1.116811 0.715534 0.715537 0.715537
1.118691 1.118691 1.118691 1.118691 1.118691 1.118691 1.118691 0.715109 0.715112 0.715112
1.115715 1.115715 1.115715 1.115715 1.115715 1.115715 1.115715 0.708886 0.708889 0.708889
1.122826 1.122826 1.122826 1.122826 1.122826 1.122826 1.122826 0.713404 0.713407 0.713407
1.118951 1.118951 1.118951 1.118951 1.118951 1.118951 1.118951 0.707998 0.708001 0.708001
1.122499 1.122499 1.122499 1.122499 1.122499 1.122499 1.122499 0.709243 0.709246 0.709246
1.119971 1.119971 1.119971 1.119971 1.119971 1.119971 1.119971 0.704485 0.704489 0.704489
1.124235 1.124235 1.124235 1.124235 1.124235 1.124235 1.124235 0.706419 0.706422 0.706422
1.124020 1.124020 1.124020 1.124020 1.124020 1.124020 1.124020 0.705187 0.705191 0.705191
