0.957588 0.965535 0.952499 0.966097 0.958490 0.945248 0.945840 0.972162 0.972162 0.972162
0.981686 0.991414 0.968111 0.990661 0.984271 0.969068 0.969830 0.998593 0.998593 0.998593
0.939872 0.947335 0.936659 0.952226 0.958129 0.939420 0.936188 0.953039 0.953039 0.953039
0.978900 0.986883 0.976076 0.985450 0.996477 0.977505 0.975167 0.989281 0.989281 0.989281
0.977339 0.982718 0.972409 0.980119 0.990043 0.971512 0.972929 0.982500 0.982500 0.982500
0.964352 0.973654 0.962932 0.965691 0.930993 0.947165 0.939238 0.968491 0.968491 0.968491
0.981120 0.988884 0.982947 0.967988 0.943688 0.964989 0.959564 0.982936 0.982936 0.982936
0.957354 0.974217 0.972587 0.940813 0.935554 0.948969 0.927985 0.976601 0.976601 0.976601
0.943372 0.966658 0.980120 0.939568 0.943540 0.926599 0.917612 0.977736 0.977736 0.977736
0.960850 0.990202 1.002817 0.966131 0.966854 0.948227 0.941743 1.003706 1.003706 1.003706
0.963650 0.991494 1.007438 0.967126 0.968821 0.946715 0.941166 1.008812 1.008812 1.008812
0.975572 0.998117 1.018244 0.978928 0.980380 0.957711 0.951802 1.020467 1.020467 1.020467
0.951069 0.983865 0.993157 0.967639 0.969103 0.943951 0.933958 1.009807 1.009807 1.009807
0.951490 0.988013 0.995793 0.972005 0.964414 0.947897 0.938100 1.014907 1.014907 1.014907
0.879684 0.933153 0.934657 0.919848 0.905635 0.881976 0.866824 0.968819 0.968819 0.968819
0.936149 0.988832 0.993469 0.975924 0.950475 0.932670 0.914855 1.028966 1.028966 1.028966
0.919281 0.901981 0.966432 0.948520 0.927107 0.907551 0.897855 1.011000 1.011000 1.011000
0.940845 0.921061 0.987293 0.975019 0.943674 0.931907 0.919448 1.035879 1.035879 1.035879
0.938328 0.923867 0.971436 0.976224 0.949087 0.925187 0.920416 1.040090 1.040090 1.040090
0.842745 0.785050 0.803246 0.883042 0.803262 0.818451 0.852766 0.964889 0.964889 0.964889
0.920309 0.842744 0.863279 0.962232 0.865658 0.874617 0.927312 1.059069 1.059069 1.059069
0.960250 0.879848 0.902580 1.005498 0.904325 0.906317 0.968156 1.105176 1.105176 1.105176
0.941397 0.875459 0.894493 0.994954 0.896967 0.901956 0.961259 1.096733 1.096733 1.096733
0.954772 0.876994 0.907202 1.007258 0.909711 0.912884 0.973145 1.108503 1.108503 1.108503
0.873436 0.845957 0.874500 0.941094 0.874310 0.865099 0.934097 1.054068 1.054068 1.054068
0.909157 0.881246 0.913051 0.978610 0.904261 0.808186 0.973103 1.099339 1.099339 1.099339
0.923941 0.889525 0.927085 0.991306 0.907784 0.819054 0.988068 1.111388 1.111388 1.111388
0.928814 0.891405 0.908967 0.993716 0.913185 0.817498 0.993552 1.118274 1.118274 1.118274
0.715117 0.686315 0.815684 0.902493 0.829355 0.742452 0.764960 0.999057 0.999057 0.999057
0.827653 0.788047 0.944136 1.036529 0.961927 0.861218 0.888534 1.152269 1.152269 1.152269
0.813641 0.783287 0.941529 1.031627 0.952123 0.859398 0.886315 1.152030 1.152030 1.152030
0.819165 0.791323 0.948162 1.037203 0.958411 0.865801 0.894142 1.157305 1.157305 1.157305
0.822417 0.792511 0.950463 1.036365 0.959625 0.866529 0.891941 1.156861 1.156861 1.156861
0.823208 0.793581 0.946813 1.037179 0.963386 0.867103 0.894432 1.158597 1.158597 1.158597
0.813885 0.775264 0.939678 1.028369 0.955982 0.862404 0.885414 1.143705 1.143705 1.143705
0.816197 0.764379 0.940717 1.031481 0.951946 0.866037 0.877790 1.147882 1.147882 1.147882
0.818978 0.767228 0.946712 1.037594 0.956421 0.868311 0.882251 1.145442 1.145442 1.145442
0.804419 0.754287 0.914833 1.012154 0.933939 0.855083 0.845398 1.135945 1.135945 1.135945
0.798546 0.738724 0.902896 0.992954 0.917054 0.838237 0.821818 1.128548 1.128548 1.128548
0.837268 0.771208 0.943853 1.040388 0.962589 0.878860 0.859974 1.186102 1.186102 1.186102
0.819894 0.741008 0.926843 1.023564 0.944606 0.851094 0.836435 1.153469 1.153469 1.153469
0.815393 0.736983 0.920890 1.019660 0.945414 0.841756 0.838427 1.135659 1.135659 1.135659
0.836203 0.757621 0.950885 1.051866 0.975155 0.867182 0.859559 1.164908 1.164908 1.164908
0.671793 0.600695 0.762277 0.771061 0.770726 0.674970 0.670458 0.850930 0.850930 0.850930
0.880356 0.788399 1.001759 1.014635 1.015360 0.888062 0.881297 1.115690 1.115690 1.115690
0.870193 0.781156 0.993557 0.990042 1.003076 0.879281 0.832510 1.107217 1.107217 1.107217
0.878774 0.787226 0.987157 0.998243 1.008780 0.876373 0.839174 1.111550 1.111550 1.111550
0.878770 0.785463 0.976774 0.994097 1.002802 0.879649 0.832560 1.103953 1.103953 1.103953
0.896927 0.798878 0.999625 1.015632 1.022874 0.900154 0.846258 1.131864 1.131864 1.131864
0.889839 0.795171 0.995891 1.014421 1.014459 0.897587 0.843269 1.125723 1.125723 1.125723
0.886838 0.791642 0.994504 1.005508 1.014647 0.896834 0.841921 1.115463 1.115463 1.115463
0.893561 0.796208 1.001462 1.012489 1.017564 0.903456 0.849187 1.117459 1.117459 1.117459
0.890593 0.792441 0.997896 1.010055 0.996455 0.897463 0.838149 1.112644 1.112644 1.112644
0.896140 0.797324 1.003907 1.012943 1.000359 0.895879 0.844958 1.119807 1.119807 1.119807
0.895122 0.798191 0.992562 1.013600 0.996566 0.894906 0.842469 1.115183 1.115183 1.115183
0.856480 0.771396 0.954049 0.958465 0.968161 0.838176 0.806100 1.086641 1.086641 1.086641
0.890744 0.804908 0.993423 0.998976 0.994875 0.868847 0.839442 1.129498 1.129498 1.129498
0.890616 0.798198 0.996634 0.994002 0.993458 0.869615 0.839576 1.125666 1.125666 1.125666
0.896770 0.804399 1.001549 0.997907 1.000884 0.871591 0.844352 1.132209 1.132209 1.132209
0.851923 0.749916 0.947407 0.961622 0.952159 0.818751 0.803835 1.091772 1.091772 1.091772
0.895730 0.787183 0.996680 1.009265 1.001802 0.860343 0.844815 1.149609 1.149609 1.149609
0.891539 0.788150 0.997020 1.006354 0.999583 0.857031 0.840061 1.151800 1.151800 1.151800
0.874976 0.775342 0.979588 0.986748 0.991445 0.848224 0.833306 1.139575 1.139575 1.139575
0.887648 0.781761 0.992766 0.997796 1.001226 0.858926 0.844885 1.151618 1.151618 1.151618
0.880233 0.779477 0.985441 0.988417 0.988784 0.853340 0.841361 1.140153 1.140153 1.140153
0.876203 0.773430 0.978197 0.980256 0.965746 0.832346 0.828090 1.131063 1.131063 1.131063
0.903203 0.797264 1.008340 1.010462 0.995505 0.857995 0.853607 1.153128 1.153128 1.153128
0.885350 0.789450 1.000589 1.003118 0.989384 0.848263 0.846288 1.135558 1.135558 1.135558
0.887192 0.787413 1.000546 1.011943 0.998379 0.853397 0.853103 1.145175 1.145175 1.145175
0.866710 0.766058 0.978455 0.983919 0.973647 0.825694 0.832020 1.119093 1.119093 1.119093
0.891477 0.788986 1.007923 1.011208 0.998078 0.849538 0.852390 1.146949 1.146949 1.146949
0.892910 0.791046 1.011976 1.013904 0.999087 0.852148 0.853094 1.145322 1.145322 1.145322
0.896664 0.792927 1.015960 1.015009 1.000836 0.854905 0.854621 1.149011 1.149011 1.149011
0.893426 0.788466 1.013334 1.009479 0.992594 0.848894 0.849373 1.143043 1.143043 1.143043
0.885950 0.781772 1.001719 0.999395 0.986227 0.843954 0.844366 1.122031 1.122031 1.122031
0.883481 0.780161 0.999655 0.989190 0.983478 0.822059 0.842626 1.090789 1.090789 1.090789
0.901890 0.798892 1.027546 1.015351 1.011466 0.845728 0.862472 1.123403 1.123403 1.123403
0.866488 0.744148 0.988653 0.955998 0.974198 0.800050 0.817098 1.081391 1.081391 1.081391
0.844661 0.695738 0.940689 0.842108 0.946913 0.760700 0.786188 1.043603 1.043603 1.043603
0.929520 0.765447 1.035638 0.927540 1.041156 0.831659 0.866844 1.151135 1.151135 1.151135
0.908300 0.756639 1.020883 0.908520 1.031222 0.824324 0.856979 1.132972 1.132972 1.132972
0.908213 0.760737 1.023272 0.907747 1.037447 0.829445 0.864772 1.135920 1.135920 1.135920
0.847552 0.731169 0.983594 0.861915 0.989636 0.784773 0.809045 1.105203 1.105203 1.105203
0.889860 0.770751 1.034648 0.909007 1.025728 0.827257 0.852824 1.150504 1.150504 1.150504
0.831247 0.717010 0.970134 0.857721 0.973496 0.777491 0.785455 1.078026 1.078026 1.078026
0.889025 0.769801 1.035734 0.918443 1.045099 0.835063 0.843057 1.149827 1.149827 1.149827
0.889873 0.765275 1.034971 0.912825 1.049142 0.836485 0.847671 1.157794 1.157794 1.157794
0.836679 0.715947 0.959821 0.869299 0.973615 0.738130 0.801156 1.095849 1.095849 1.095849
0.890872 0.763607 1.022567 0.929121 1.036567 0.787427 0.853860 1.162991 1.162991 1.162991
0.838544 0.703460 0.939318 0.853480 0.967702 0.723321 0.784346 1.087349 1.087349 1.087349
0.888491 0.742027 1.008420 0.912408 1.041020 0.776926 0.833919 1.167494 1.167494 1.167494
0.873092 0.723272 0.988753 0.907679 1.001140 0.744910 0.826497 1.162814 1.162814 1.162814
0.892707 0.738283 1.010922 0.923186 1.021680 0.763261 0.844716 1.176702 1.176702 1.176702
0.893955 0.736054 1.009748 0.921036 1.023175 0.763992 0.841156 1.179509 1.179509 1.179509
0.888428 0.733677 1.012536 0.901977 1.026203 0.768733 0.834597 1.184137 1.184137 1.184137
0.880484 0.732567 1.010032 0.903388 1.018663 0.771785 0.833756 1.188400 1.188400 1.188400
0.891157 0.737840 1.019281 0.911583 1.025533 0.779953 0.842320 1.198189 1.198189 1.198189
0.883825 0.730935 1.009693 0.893527 1.016362 0.773429 0.826734 1.166714 1.166714 1.166714
0.899582 0.748487 1.029564 0.911687 1.036449 0.790283 0.843752 1.184436 1.184436 1.184436
0.906119 0.744753 1.033025 0.915992 1.039437 0.796660 0.848305 1.190674 1.190674 1.190674
