0.936390 0.945785 0.940666 0.925404 0.950744 0.916599 0.936390 0.953590 0.953590 0.953590
0.965772 0.977786 0.973474 0.942182 0.980025 0.946942 0.922962 0.987441 0.987441 0.987441
0.953223 0.965138 0.959924 0.931507 0.973462 0.929486 0.918180 0.964860 0.964860 0.964860
0.960931 0.968925 0.968684 0.934612 0.979641 0.928010 0.924062 0.972972 0.972972 0.972972
0.984730 0.988705 0.991497 0.954856 0.990058 0.944997 0.939139 0.995097 0.995097 0.995097
0.975643 0.989539 0.994453 0.958107 0.994549 0.944323 0.941095 0.990469 0.990469 0.990469
0.978648 0.985811 0.995831 0.954268 1.000518 0.947941 0.948256 0.999450 0.999450 0.999450
0.991076 0.992717 1.006838 0.966226 1.012782 0.959261 0.959282 1.011324 1.011324 1.011324
0.983839 0.987042 0.990931 0.959414 1.007085 0.952289 0.952462 1.005919 1.005919 1.005919
0.959049 0.893767 0.956916 0.925657 0.975144 0.919869 0.927930 0.981131 0.981131 0.981131
0.975503 0.912846 0.976828 0.940172 0.945276 0.924487 0.923437 0.996983 0.996983 0.996983
1.001269 0.937521 1.004672 0.966451 0.971422 0.942399 0.948414 1.023451 1.023451 1.023451
0.996961 0.933850 0.995550 0.962124 0.970101 0.938064 0.946061 1.019595 1.019595 1.019595
0.927797 0.865475 0.929970 0.904433 0.917245 0.878322 0.868056 0.951778 0.951778 0.951778
0.989846 0.924081 0.995201 0.963962 0.972345 0.841020 0.926876 1.017433 1.017433 1.017433
0.931659 0.895787 0.964820 0.923146 0.935494 0.802553 0.874588 0.998415 0.998415 0.998415
0.966562 0.939676 1.001457 0.971075 0.984093 0.841800 0.913280 1.051406 1.051406 1.051406
0.965880 0.937070 0.984596 0.968875 0.979334 0.830237 0.910959 1.044476 1.044476 1.044476
0.917475 0.885678 0.922487 0.932158 0.918172 0.740146 0.869819 0.998753 0.998753 0.998753
0.983884 0.949552 0.989683 1.000526 0.983793 0.788538 0.934581 1.073551 1.073551 1.073551
0.975638 0.943872 0.988135 0.998006 0.981194 0.785500 0.926462 1.064796 1.064796 1.064796
0.975674 0.942572 0.987935 0.998963 0.964078 0.782919 0.917501 1.063781 1.063781 1.063781
0.964431 0.914194 0.979271 0.992068 0.954981 0.765328 0.900796 1.044260 1.044260 1.044260
0.986202 0.934769 1.001174 1.011066 0.974297 0.776388 0.922865 1.068056 1.068056 1.068056
0.984244 0.928574 0.997067 1.015821 0.979164 0.777916 0.926522 1.072730 1.072730 1.072730
0.990671 0.932937 1.003311 1.019283 0.983150 0.782240 0.930330 1.078678 1.078678 1.078678
0.966149 0.916665 0.984864 1.004591 0.960356 0.772817 0.914564 1.065290 1.065290 1.065290
0.940750 0.880581 0.953422 0.966684 0.924956 0.743101 0.872049 1.038110 1.038110 1.038110
0.906943 0.867247 0.933149 0.953927 0.905720 0.720985 0.840244 1.033339 1.033339 1.033339
0.967270 0.923062 0.996244 1.015505 0.961483 0.766303 0.893860 1.100323 1.100323 1.100323
0.964436 0.921778 0.996137 1.016731 0.963750 0.767119 0.893970 1.097672 1.097672 1.097672
0.967579 0.919126 0.998367 1.016739 0.962489 0.768202 0.896364 1.096999 1.096999 1.096999
0.959378 0.916327 0.990879 1.007057 0.950411 0.763113 0.892515 1.085944 1.085944 1.085944
0.967001 0.922127 1.000440 1.013152 0.957124 0.765719 0.896444 1.096945 1.096945 1.096945
0.743310 0.708816 0.896313 0.918652 0.867850 0.694298 0.689074 0.978411 0.978411 0.978411
0.867095 0.823955 1.048378 1.072689 1.011735 0.812023 0.800513 1.146516 1.146516 1.146516
0.865004 0.818426 1.042728 1.069366 1.010414 0.810043 0.797012 1.146485 1.146485 1.146485
0.851555 0.810324 1.012738 1.056868 1.003093 0.793822 0.787553 1.136288 1.136288 1.136288
0.849883 0.813191 1.013213 1.053997 1.007263 0.797262 0.793230 1.137117 1.137117 1.137117
0.848163 0.797885 1.009414 1.052058 0.998145 0.796738 0.782586 1.135735 1.135735 1.135735
0.830841 0.789112 1.002664 1.026505 0.993396 0.786562 0.759778 1.132808 1.132808 1.132808
0.839184 0.797616 1.013471 1.029094 1.003372 0.776012 0.767966 1.115434 1.115434 1.115434
0.854077 0.811673 1.028239 1.045644 1.023190 0.791814 0.783545 1.123765 1.123765 1.123765
0.866694 0.822181 1.042823 1.060419 1.033456 0.803354 0.795947 1.133811 1.133811 1.133811
0.861482 0.815868 1.036507 1.048493 1.025282 0.800216 0.790834 1.115393 1.115393 1.115393
0.871895 0.824374 1.049621 1.059272 1.038382 0.809410 0.800058 1.130545 1.130545 1.130545
0.864303 0.815794 1.043957 1.034559 1.025545 0.803490 0.796408 1.117977 1.117977 1.117977
0.852141 0.813224 1.044102 1.032660 1.018044 0.804124 0.796729 1.120995 1.120995 1.120995
0.847391 0.811094 1.047626 1.011911 1.021683 0.809609 0.791000 1.126083 1.126083 1.126083
0.857433 0.816714 1.056936 1.020817 1.028298 0.817959 0.798912 1.135055 1.135055 1.135055
0.850162 0.808864 1.046726 1.000343 1.018843 0.810910 0.783929 1.104957 1.104957 1.104957
0.833621 0.768962 1.027860 0.961275 1.001524 0.782919 0.757990 1.085552 1.085552 1.085552
0.816769 0.737385 0.982821 0.919154 0.973251 0.748613 0.724777 1.056484 1.056484 1.056484
0.882786 0.801829 1.064194 0.995883 1.053916 0.812273 0.785481 1.138917 1.138917 1.138917
0.879514 0.801872 1.062595 0.996230 1.044469 0.812287 0.785694 1.139924 1.139924 1.139924
0.866096 0.791511 1.047550 0.980127 1.039471 0.806660 0.782013 1.131643 1.131643 1.131643
0.876421 0.798977 1.058410 0.987092 1.049031 0.813733 0.786266 1.140168 1.140168 1.140168
0.876352 0.801554 1.059613 0.989160 1.036428 0.810999 0.787230 1.139457 1.139457 1.139457
0.889265 0.813365 1.075226 1.003735 1.051700 0.822949 0.798829 1.143564 1.143564 1.143564
0.881083 0.805020 1.067450 0.989098 1.045744 0.817451 0.792889 1.126516 1.126516 1.126516
0.882875 0.809311 1.074114 0.997814 1.047529 0.823284 0.798002 1.131626 1.131626 1.131626
0.873591 0.801055 1.065958 0.989800 1.037848 0.813991 0.790927 1.113550 1.113550 1.113550
0.883709 0.811025 1.076185 0.998299 1.050458 0.819626 0.799118 1.125220 1.125220 1.125220
0.874448 0.800731 1.053710 0.983738 1.033294 0.814072 0.784513 1.105823 1.105823 1.105823
0.894648 0.809261 1.073872 1.003920 1.052563 0.833540 0.801145 1.129121 1.129121 1.129121
0.882864 0.803172 1.064544 1.000174 1.045003 0.826448 0.796624 1.123037 1.123037 1.123037
0.870348 0.803614 1.060878 0.995195 1.042270 0.827048 0.795351 1.120660 1.120660 1.120660
0.872081 0.806573 1.063590 1.000965 1.044234 0.830262 0.797693 1.119198 1.119198 1.119198
0.879481 0.814233 1.075200 1.010525 1.052468 0.838532 0.803834 1.125286 1.125286 1.125286
0.875049 0.811935 1.058896 1.007231 1.044382 0.834349 0.798336 1.116262 1.116262 1.116262
0.781628 0.686174 0.870790 0.906123 0.879097 0.734069 0.735626 1.029908 1.029908 1.029908
0.881274 0.776319 0.982052 1.020235 0.990987 0.828196 0.831089 1.158656 1.158656 1.158656
0.872654 0.759585 0.976173 1.013150 0.984907 0.824994 0.823996 1.145551 1.145551 1.145551
0.839212 0.716849 0.934763 0.988321 0.948486 0.784512 0.794105 1.118227 1.118227 1.118227
0.857508 0.738555 0.950066 1.018842 0.970077 0.791285 0.801463 1.159996 1.159996 1.159996
0.865008 0.742637 0.955707 1.023957 0.960159 0.782150 0.799382 1.166153 1.166153 1.166153
0.810973 0.734147 0.944139 0.980457 0.945715 0.759617 0.786363 1.136428 1.136428 1.136428
0.847940 0.772168 0.992155 1.026997 0.991271 0.794905 0.821425 1.196091 1.196091 1.196091
0.678419 0.609709 0.792088 0.749733 0.780240 0.616168 0.638077 0.870112 0.870112 0.870112
0.898013 0.797152 1.048476 0.990609 1.032792 0.813930 0.843080 1.147808 1.147808 1.147808
0.890261 0.793314 1.037589 0.983239 1.027748 0.810330 0.838793 1.134809 1.134809 1.134809
0.889028 0.794676 1.043322 0.987274 1.033987 0.815514 0.839859 1.143297 1.143297 1.143297
0.880480 0.783562 1.030648 0.974141 1.024111 0.807317 0.827122 1.133421 1.133421 1.133421
0.885516 0.781822 1.036642 0.972221 1.032178 0.813758 0.834855 1.135953 1.135953 1.135953
0.890865 0.781231 1.041990 0.974929 1.025777 0.816407 0.839168 1.136854 1.136854 1.136854
0.868832 0.755750 1.013972 0.962571 0.979051 0.776869 0.825435 1.123768 1.123768 1.123768
0.893957 0.775560 1.041036 0.986622 1.002458 0.795703 0.848710 1.150174 1.150174 1.150174
0.900266 0.781199 1.048945 0.987257 1.008078 0.800561 0.854790 1.154402 1.154402 1.154402
0.880373 0.772788 1.034775 0.967737 0.999207 0.794095 0.845696 1.137038 1.137038 1.137038
0.894150 0.785915 1.052543 0.982078 1.011407 0.806759 0.855512 1.150695 1.150695 1.150695
0.888479 0.774531 1.049398 0.971129 1.003705 0.802466 0.850344 1.139682 1.139682 1.139682
0.863107 0.739634 1.003281 0.941359 0.962223 0.762837 0.822565 1.112783 1.112783 1.112783
0.889764 0.760761 1.032375 0.974680 0.986525 0.788993 0.848461 1.148441 1.148441 1.148441
0.895331 0.768596 1.040801 0.985186 0.979983 0.797118 0.857179 1.145797 1.145797 1.145797
0.865702 0.748323 1.029183 0.965423 0.969805 0.763725 0.831696 1.125606 1.125606 1.125606
0.891463 0.768168 1.033645 0.991339 0.999334 0.780838 0.856680 1.160164 1.160164 1.160164
0.832440 0.687975 0.942113 0.836494 0.930471 0.711193 0.789588 1.072511 1.072511 1.072511
0.894302 0.735796 1.025501 0.906699 1.014903 0.774533 0.851179 1.167593 1.167593 1.167593
0.869294 0.713826 1.007346 0.884839 1.003045 0.762310 0.834208 1.131359 1.131359 1.131359
0.875931 0.719942 0.998610 0.885475 1.004808 0.770119 0.820043 1.151006 1.151006 1.151006
