0.979450 0.978065 0.979215 0.980352 0.962328 0.976195 0.969941 0.978479 0.978479 0.978479
0.972441 0.959519 0.975933 0.976124 0.958959 0.974998 0.964211 0.969976 0.969976 0.969976
0.970598 0.958397 0.974792 0.967020 0.957141 0.950552 0.963084 0.943811 0.943811 0.943811
0.993623 0.981513 0.993129 0.989786 0.982742 0.972810 0.987734 0.966719 0.966719 0.966719
1.005428 0.993175 1.004929 1.001546 0.994418 0.984368 0.999469 0.967475 0.967475 0.967475
0.952450 0.950283 0.956324 0.937641 0.956460 0.912791 0.946806 0.933331 0.933331 0.933331
0.944503 0.924773 0.944302 0.943175 0.949804 0.895059 0.940904 0.939470 0.939470 0.939470
0.971169 0.961899 0.979490 0.972110 0.989900 0.933523 0.978804 0.972963 0.972963 0.972963
0.978744 0.973297 0.988999 0.984096 0.984845 0.944584 0.990380 0.972214 0.972214 0.972214
0.969914 0.975237 0.980558 0.988806 0.989588 0.946383 0.987856 0.977940 0.977940 0.977940
0.941756 0.930842 0.937008 0.958025 0.948225 0.899207 0.955118 0.954392 0.954392 0.954392
0.977160 0.969166 0.972480 0.992673 0.983692 0.933625 0.993034 0.988097 0.988097 0.988097
0.963520 0.937672 0.961577 0.983394 0.972010 0.910399 0.972552 0.967576 0.967576 0.967576
0.972647 0.943532 0.967982 0.989042 0.962764 0.900536 0.970723 0.973411 0.973411 0.973411
0.964303 0.935493 0.958779 0.982210 0.960595 0.887889 0.970013 0.955406 0.955406 0.955406
0.998635 0.965398 0.995572 1.018176 0.994165 0.921886 1.000406 0.993900 0.993900 0.993900
0.960909 0.937868 0.971395 0.975846 0.971905 0.893988 0.954043 0.973776 0.973776 0.973776
0.956787 0.926296 0.965090 0.983672 0.947078 0.868524 0.958101 0.982745 0.982745 0.982745
0.994866 0.957746 1.001868 1.022650 0.984340 0.902415 0.995178 1.021030 1.021030 1.021030
0.991222 0.942629 0.994329 1.016331 0.976468 0.899826 0.989692 1.015271 1.015271 1.015271
0.991838 0.943415 0.995479 1.010485 0.975667 0.899534 0.990412 1.012490 1.012490 1.012490
0.913199 0.887350 0.930502 0.952313 0.912417 0.833518 0.911380 0.962519 0.962519 0.962519
0.972381 0.945663 0.988858 1.011027 0.972093 0.883448 0.969268 1.023780 1.023780 1.023780
0.969805 0.946274 0.987437 1.010540 0.957945 0.878216 0.967959 1.020511 1.020511 1.020511
0.976737 0.954561 0.985983 1.018023 0.966423 0.884525 0.975068 1.029833 1.029833 1.029833
0.951866 0.864118 0.951878 0.981935 0.935516 0.854178 0.949693 1.004181 1.004181 1.004181
0.981513 0.893962 0.985647 1.019367 0.964338 0.885266 0.983586 1.038043 1.038043 1.038043
0.978611 0.893304 0.972733 1.018170 0.958931 0.882693 0.978902 1.031873 1.031873 1.031873
0.985792 0.898240 0.979303 1.024992 0.961457 0.888997 0.987112 1.033471 1.033471 1.033471
0.980957 0.886510 0.977789 1.015031 0.955516 0.885546 0.982568 1.025061 1.025061 1.025061
0.950246 0.832592 0.948561 0.963602 0.927921 0.844646 0.938575 0.994888 0.994888 0.994888
0.996000 0.871249 0.994790 1.008196 0.973263 0.884792 0.983356 1.044333 1.044333 1.044333
0.991861 0.872901 0.992459 1.006469 0.971061 0.884546 0.981922 1.037298 1.037298 1.037298
0.992603 0.869845 0.992023 1.004170 0.958386 0.879627 0.974553 1.036021 1.036021 1.036021
0.985008 0.867946 0.986830 0.995733 0.956885 0.878403 0.975983 1.030867 1.030867 1.030867
0.990922 0.867197 0.991078 0.994635 0.965433 0.884339 0.986276 1.043247 1.043247 1.043247
0.982332 0.857743 0.980689 0.990328 0.951839 0.879566 0.978291 1.035365 1.035365 1.035365
0.979674 0.860330 0.964909 0.991521 0.957268 0.873197 0.979291 1.039542 1.039542 1.039542
0.991515 0.868967 0.977577 1.001656 0.964343 0.880718 0.988612 1.050435 1.050435 1.050435
0.968984 0.845714 0.956347 0.974278 0.940803 0.852444 0.964537 1.026892 1.026892 1.026892
0.993289 0.864795 0.978829 0.993963 0.961804 0.871103 0.982396 1.048085 1.048085 1.048085
0.979371 0.854700 0.966190 0.979134 0.958412 0.866162 0.979030 1.041786 1.041786 1.041786
0.979497 0.852899 0.956154 0.975197 0.952859 0.869516 0.971442 1.034804 1.034804 1.034804
0.987014 0.864152 0.964440 0.981644 0.956228 0.877825 0.983026 1.041061 1.041061 1.041061
0.996801 0.869977 0.949959 0.988574 0.966358 0.880201 0.993046 1.052348 1.052348 1.052348
0.927644 0.806274 0.887377 0.929292 0.913701 0.824141 0.911162 0.982348 0.982348 0.982348
0.993938 0.869022 0.955589 0.997498 0.981422 0.883774 0.975348 1.059514 1.059514 1.059514
0.993702 0.864589 0.952564 0.994255 0.975976 0.882221 0.973335 1.055197 1.055197 1.055197
0.985587 0.843094 0.943151 0.986317 0.961188 0.876214 0.954362 1.047427 1.047427 1.047427
0.887404 0.718205 0.781809 0.894404 0.815539 0.777066 0.886429 0.974125 0.974125 0.974125
1.010901 0.816667 0.890374 1.015716 0.926765 0.884354 1.007363 1.108605 1.108605 1.108605
0.987578 0.809744 0.879301 1.001540 0.916001 0.877011 0.996678 1.096277 1.096277 1.096277
0.794882 0.643216 0.706204 0.735537 0.725321 0.683891 0.778858 0.802287 0.802287 0.802287
1.041685 0.844229 0.928093 0.967913 0.955566 0.899823 1.023812 1.051939 1.051939 1.051939
1.044978 0.841719 0.930081 0.967826 0.954224 0.901006 1.026454 1.051192 1.051192 1.051192
1.021918 0.832262 0.922666 0.958216 0.939562 0.894403 1.018540 1.045481 1.045481 1.045481
1.010737 0.819474 0.924630 0.956212 0.943492 0.896761 1.010856 1.047844 1.047844 1.047844
1.026519 0.833365 0.940474 0.970348 0.954978 0.911031 1.022553 1.060393 1.060393 1.060393
1.032132 0.827631 0.945617 0.973882 0.960200 0.914123 1.026277 1.062538 1.062538 1.062538
1.017074 0.815817 0.934574 0.962083 0.947411 0.900085 1.012993 1.041262 1.041262 1.041262
1.028325 0.824786 0.944720 0.969469 0.955692 0.902813 1.026127 1.053000 1.053000 1.053000
0.953800 0.787904 0.902560 0.914917 0.906099 0.848989 0.954159 1.018288 1.018288 1.018288
1.000602 0.829749 0.945176 0.960967 0.954155 0.894430 1.004561 1.065354 1.065354 1.065354
0.976046 0.810135 0.907060 0.930950 0.925311 0.874739 0.955970 1.049246 1.049246 1.049246
0.995421 0.825274 0.923965 0.938344 0.942999 0.891978 0.964844 1.050608 1.050608 1.050608
1.011830 0.837982 0.941063 0.948632 0.961967 0.908988 0.982496 1.061775 1.061775 1.061775
1.013094 0.835126 0.940240 0.956182 0.969905 0.913730 0.989586 1.069878 1.069878 1.069878
1.006592 0.828378 0.934166 0.945045 0.961844 0.909792 0.982829 1.052072 1.052072 1.052072
1.019297 0.838626 0.946361 0.957829 0.973154 0.915260 0.997156 1.067843 1.067843 1.067843
0.952148 0.766711 0.862722 0.873177 0.901610 0.834370 0.909028 0.990817 0.990817 0.990817
1.023929 0.823096 0.930860 0.925151 0.966005 0.898533 0.981645 1.062923 1.062923 1.062923
1.034937 0.832447 0.942785 0.936500 0.977577 0.901966 0.992814 1.074491 1.074491 1.074491
1.012938 0.820860 0.928768 0.926310 0.958337 0.894295 0.979489 1.064960 1.064960 1.064960
0.997961 0.815435 0.910174 0.920724 0.945057 0.869718 0.953168 1.065183 1.065183 1.065183
1.015404 0.831088 0.926604 0.940375 0.961473 0.886593 0.970751 1.080236 1.080236 1.080236
1.021224 0.833653 0.929898 0.942151 0.962275 0.887624 0.975631 1.080704 1.080704 1.080704
1.019328 0.835245 0.930224 0.944228 0.955419 0.889286 0.977706 1.083666 1.083666 1.083666
1.016369 0.835407 0.933942 0.946662 0.959758 0.893616 0.977461 1.090113 1.090113 1.090113
1.006670 0.823784 0.922664 0.934137 0.950660 0.884698 0.962707 1.080774 1.080774 1.080774
1.007971 0.824748 0.920975 0.933815 0.953763 0.888119 0.966356 1.071243 1.071243 1.071243
0.957687 0.779704 0.863088 0.898644 0.894413 0.791938 0.922936 1.024595 1.024595 1.024595
1.020299 0.824121 0.919602 0.950074 0.954931 0.845607 0.986824 1.087798 1.087798 1.087798
0.988463 0.787684 0.885751 0.909611 0.915090 0.808989 0.936202 1.054695 1.054695 1.054695
1.023315 0.820124 0.921150 0.950691 0.953104 0.841471 0.976605 1.100494 1.100494 1.100494
1.021386 0.820559 0.925734 0.954510 0.956814 0.843720 0.974463 1.098670 1.098670 1.098670
1.016671 0.817413 0.924281 0.949162 0.946322 0.753750 0.970767 1.095755 1.095755 1.095755
1.036316 0.829618 0.939329 0.966837 0.965678 0.768294 0.987579 1.119599 1.119599 1.119599
1.019362 0.824341 0.935348 0.963146 0.963075 0.762220 0.982513 1.106370 1.106370 1.106370
1.008205 0.818677 0.928431 0.951221 0.907784 0.744882 0.950742 1.093185 1.093185 1.093185
0.793806 0.644583 0.852003 0.883448 0.843106 0.691810 0.748563 0.998742 0.998742 0.998742
0.917032 0.743103 0.968374 1.018995 0.969959 0.788781 0.863177 1.146985 1.146985 1.146985
0.891001 0.720602 0.950817 0.993997 0.958209 0.775996 0.845600 1.110908 1.110908 1.110908
0.923507 0.745693 0.987170 1.028324 0.992297 0.800691 0.873367 1.153932 1.153932 1.153932
0.910091 0.737045 0.981584 0.998591 0.986878 0.798896 0.859281 1.148733 1.148733 1.148733
0.845249 0.721795 0.960621 0.947214 0.962928 0.768615 0.837371 1.108968 1.108968 1.108968
0.851368 0.732071 0.989521 0.966931 0.992676 0.767134 0.846367 1.134869 1.134869 1.134869
0.878639 0.756279 1.023679 0.998959 1.023864 0.792865 0.872796 1.167684 1.167684 1.167684
0.865469 0.746718 1.011757 0.971348 1.007951 0.782289 0.821605 1.154777 1.154777 1.154777
0.879108 0.753361 1.026801 0.983463 1.011377 0.792417 0.833829 1.166857 1.166857 1.166857
0.822597 0.676106 0.937806 0.831561 0.943627 0.723228 0.770112 1.080924 1.080924 1.080924
