0.976201 0.974567 0.976159 0.971062 0.974340 0.978272 0.975798 0.966154 0.966154 0.966154
0.992368 0.978654 0.988478 0.984650 0.986166 0.995265 0.990116 0.980205 0.980205 0.980205
0.949484 0.934537 0.955744 0.945835 0.959352 0.964190 0.955150 0.934884 0.934884 0.934884
0.982160 0.965332 0.988399 0.979287 0.975020 0.994058 0.978430 0.966099 0.966099 0.966099
0.990421 0.974038 0.998744 0.989005 0.984416 0.995546 0.987271 0.974353 0.974353 0.974353
0.991166 0.976328 0.990940 0.990001 0.986821 0.996329 0.988205 0.977010 0.977010 0.977010
0.971327 0.959055 0.972189 0.969292 0.977353 0.984646 0.978822 0.965224 0.965224 0.965224
0.954964 0.942954 0.954914 0.954569 0.967019 0.962723 0.969949 0.939470 0.939470 0.939470
0.992031 0.967525 0.991979 0.989819 1.004554 0.998028 1.005767 0.972591 0.972591 0.972591
0.990722 0.967217 0.993058 0.989558 1.002631 0.998169 1.003657 0.968373 0.968373 0.968373
0.992189 0.965249 0.997191 0.991995 1.003480 1.002241 1.000999 0.974198 0.974198 0.974198
0.990784 0.964087 0.996313 0.984282 1.000616 0.999876 0.999689 0.969552 0.969552 0.969552
0.978707 0.936305 0.982467 0.972463 0.981458 0.989041 0.976227 0.958509 0.958509 0.958509
0.982306 0.945126 0.990562 0.985377 0.991045 0.997368 0.987292 0.969621 0.969621 0.969621
0.977149 0.940049 0.982287 0.978600 0.987783 0.994682 0.984558 0.954790 0.954790 0.954790
0.963846 0.934947 0.963766 0.973855 0.975254 0.968497 0.959241 0.956126 0.956126 0.956126
0.974303 0.944012 0.973063 0.972927 0.985124 0.978868 0.959599 0.948917 0.948917 0.948917
0.990973 0.953608 0.988039 0.982582 1.004897 0.996361 0.980424 0.970913 0.970913 0.970913
0.921456 0.883049 0.922184 0.922894 0.949352 0.932128 0.898835 0.905578 0.905578 0.905578
0.985459 0.936928 0.986331 0.979449 1.017471 0.999111 0.964736 0.965122 0.965122 0.965122
0.991289 0.936104 0.991297 0.982056 1.011036 1.002239 0.969601 0.965768 0.965768 0.965768
0.949129 0.905285 0.953470 0.929257 0.982875 0.939332 0.928364 0.941679 0.941679 0.941679
0.978897 0.935902 0.986712 0.946092 1.013132 0.970414 0.915038 0.975093 0.975093 0.975093
0.957854 0.903485 0.959912 0.914873 0.980589 0.937693 0.876795 0.954891 0.954891 0.954891
0.998840 0.945244 1.005190 0.960473 1.022214 0.982794 0.918340 0.998237 0.998237 0.998237
0.964361 0.897115 0.955118 0.925315 0.973951 0.928526 0.882887 0.968694 0.968694 0.968694
1.004541 0.935290 0.992957 0.961014 1.015099 0.962758 0.918557 1.007954 1.007954 1.007954
1.001901 0.936049 0.990598 0.957170 1.012246 0.960859 0.918001 1.003099 1.003099 1.003099
0.967895 0.876727 0.958373 0.906200 0.980339 0.913987 0.874514 0.970924 0.970924 0.970924
0.984079 0.884181 0.972245 0.932743 0.975454 0.906691 0.896765 1.000542 1.000542 1.000542
1.009790 0.912796 0.999463 0.959461 1.002843 0.934004 0.922688 1.024023 1.024023 1.024023
1.010876 0.911529 0.999000 0.955921 1.001217 0.932093 0.917762 1.020679 1.020679 1.020679
1.011375 0.913387 1.002323 0.960362 1.007024 0.936289 0.921028 1.021717 1.021717 1.021717
1.015438 0.918263 1.007857 0.963431 1.007645 0.940327 0.921047 1.022147 1.022147 1.022147
0.990994 0.906085 0.997772 0.951909 0.990129 0.931522 0.912072 1.014509 1.014509 1.014509
1.000379 0.913198 1.008923 0.959118 0.998630 0.936117 0.917471 1.026336 1.026336 1.026336
1.001290 0.913968 1.009636 0.956776 0.997244 0.929526 0.920036 1.027485 1.027485 1.027485
0.997608 0.912144 1.006490 0.956879 0.993471 0.927859 0.917525 1.020339 1.020339 1.020339
0.942189 0.857184 0.937603 0.915347 0.926094 0.822440 0.871073 0.970088 0.970088 0.970088
1.005588 0.920293 1.005741 0.978701 0.990856 0.878513 0.928802 1.042214 1.042214 1.042214
0.990719 0.915903 1.003081 0.976524 0.989767 0.872962 0.925516 1.031548 1.031548 1.031548
0.980828 0.909454 1.002003 0.952661 0.988901 0.875021 0.914788 1.031636 1.031636 1.031636
0.963362 0.894086 0.968233 0.929275 0.965626 0.861664 0.876549 1.023051 1.023051 1.023051
0.994206 0.918223 0.996306 0.956136 0.991247 0.887899 0.902960 1.051753 1.051753 1.051753
0.886117 0.774300 0.817524 0.858273 0.832543 0.779472 0.830209 0.968264 0.968264 0.968264
0.988998 0.853922 0.915937 0.960664 0.932625 0.875167 0.927764 1.079012 1.079012 1.079012
0.769844 0.664700 0.830996 0.882089 0.856344 0.803585 0.722179 0.974603 0.974603 0.974603
0.897241 0.773303 0.967950 1.027409 0.993393 0.936382 0.842564 1.129354 1.129354 1.129354
0.898713 0.773300 0.970079 1.027258 0.995700 0.937363 0.843593 1.132879 1.132879 1.132879
0.892090 0.769986 0.969593 1.025292 0.995741 0.937707 0.839604 1.134513 1.134513 1.134513
0.845761 0.716380 0.915322 0.986011 0.945349 0.879075 0.797696 1.091779 1.091779 1.091779
0.867473 0.731736 0.939787 1.006554 0.967944 0.892988 0.816811 1.120163 1.120163 1.120163
0.875219 0.746477 0.948645 1.029693 0.990225 0.910897 0.829489 1.147172 1.147172 1.147172
0.864030 0.723080 0.939127 1.021282 0.979631 0.889295 0.813347 1.124686 1.124686 1.124686
0.854272 0.721795 0.941541 1.005764 0.984057 0.886119 0.797003 1.132244 1.132244 1.132244
0.873221 0.738092 0.957810 1.027893 1.008858 0.905504 0.816172 1.157982 1.157982 1.157982
0.871500 0.739474 0.954234 1.027102 1.010676 0.907556 0.817478 1.152561 1.152561 1.152561
0.700326 0.586454 0.765154 0.753098 0.799002 0.706574 0.637796 0.842122 0.842122 0.842122
0.857627 0.688809 0.914595 0.833375 0.975638 0.843979 0.770925 1.020953 1.020953 1.020953
0.948065 0.760060 1.010772 0.918398 1.075885 0.932078 0.850171 1.127509 1.127509 1.127509
0.869355 0.711990 0.940962 0.862014 1.002055 0.860169 0.779155 1.067512 1.067512 1.067512
0.903085 0.687032 0.968316 0.886284 1.033973 0.885432 0.808921 1.109561 1.109561 1.109561
0.922911 0.700545 0.979170 0.901984 1.050415 0.908257 0.820167 1.126176 1.126176 1.126176
0.926041 0.700677 0.979755 0.901699 1.034156 0.893006 0.813694 1.126143 1.126143 1.126143
0.924554 0.696424 0.991109 0.908307 1.048284 0.903811 0.815178 1.139342 1.139342 1.139342
0.932476 0.699124 0.997483 0.922230 1.064662 0.915168 0.827063 1.156430 1.156430 1.156430
0.927710 0.689852 0.995735 0.913079 1.057865 0.911426 0.823085 1.146782 1.146782 1.146782
0.857997 0.672743 0.970380 0.862467 1.027860 0.873200 0.798732 1.102439 1.102439 1.102439
0.885042 0.696808 1.004561 0.888362 1.010448 0.889977 0.806089 1.136071 1.136071 1.136071
0.903415 0.714130 1.027356 0.910879 1.018215 0.912102 0.826110 1.149793 1.149793 1.149793
0.904795 0.717920 1.031202 0.915983 1.014388 0.916908 0.830675 1.156854 1.156854 1.156854
0.907786 0.718027 1.009068 0.916410 1.018424 0.913372 0.833648 1.161741 1.161741 1.161741
0.874301 0.696346 0.993890 0.894504 1.003892 0.871676 0.805691 1.136792 1.136792 1.136792
0.891473 0.706890 1.010820 0.908678 1.023675 0.888406 0.816911 1.160263 1.160263 1.160263
0.887615 0.704343 1.007178 0.898009 1.019245 0.864020 0.813968 1.126213 1.126213 1.126213
0.908146 0.719866 1.032523 0.913790 1.046545 0.886254 0.834279 1.145627 1.145627 1.145627
0.844093 0.689114 0.988509 0.864176 0.994313 0.835161 0.777389 1.110180 1.110180 1.110180
0.872001 0.717235 1.027858 0.902212 1.028840 0.874014 0.809521 1.161398 1.161398 1.161398
0.872867 0.718176 1.031918 0.905375 1.031189 0.874200 0.811677 1.156140 1.156140 1.156140
0.876731 0.720117 1.039948 0.895967 1.031935 0.879305 0.818679 1.158436 1.158436 1.158436
0.881432 0.726371 1.046795 0.902729 1.025085 0.881119 0.824141 1.164012 1.164012 1.164012
0.883357 0.729578 1.038405 0.906318 1.024593 0.883088 0.824445 1.163060 1.163060 1.163060
0.876217 0.727834 1.016189 0.902518 1.024882 0.871968 0.820839 1.161457 1.161457 1.161457
0.894980 0.739239 1.036262 0.921691 1.046372 0.889974 0.837529 1.185368 1.185368 1.185368
0.868260 0.725479 1.014153 0.896300 1.028937 0.875781 0.822044 1.158276 1.158276 1.158276
0.871162 0.731891 1.018545 0.898347 1.028136 0.880349 0.828271 1.160271 1.160271 1.160271
0.872476 0.733571 1.023203 0.898810 1.023118 0.791311 0.830206 1.164312 1.164312 1.164312
0.876037 0.740624 1.029881 0.901796 1.033593 0.799553 0.841254 1.172217 1.172217 1.172217
0.874747 0.737869 1.026484 0.904409 1.026437 0.801012 0.840502 1.171807 1.171807 1.171807
0.892574 0.752906 1.047403 0.922840 1.047355 0.817336 0.857631 1.182572 1.182572 1.182572
0.886630 0.744716 1.039192 0.913916 1.026032 0.806774 0.844893 1.172373 1.172373 1.172373
0.885672 0.745711 1.045206 0.918327 1.030856 0.809583 0.843720 1.171374 1.171374 1.171374
0.890706 0.745363 1.050079 0.920554 1.031996 0.812686 0.848024 1.173485 1.173485 1.173485
0.893115 0.747195 1.053369 0.923870 1.033905 0.809564 0.851960 1.179411 1.179411 1.179411
0.892295 0.744999 1.053485 0.921321 1.028163 0.806044 0.849018 1.176456 1.176456 1.176456
0.894734 0.743816 1.053212 0.923204 1.032116 0.808226 0.849664 1.182492 1.182492 1.182492
0.892716 0.740187 1.048563 0.917603 1.024775 0.802740 0.847154 1.173610 1.173610 1.173610
0.838419 0.680375 0.961063 0.841032 0.954573 0.735754 0.776462 1.094847 1.094847 1.094847
0.891758 0.734470 1.033334 0.902885 1.027209 0.794392 0.836397 1.178746 1.178746 1.178746
0.892702 0.733726 1.017730 0.902429 1.024047 0.784864 0.835744 1.173044 1.173044 1.173044
