0.976255 0.977022 0.979243 0.975287 0.970027 0.876196 0.977062 0.978180 0.978180 0.978180
0.964045 0.964859 0.966088 0.964712 0.964006 0.860468 0.972478 0.956282 0.956282 0.956282
0.976568 0.959019 0.981366 0.981814 0.978593 0.861995 0.978451 0.962015 0.962015 0.962015
0.959002 0.939933 0.973885 0.967977 0.977085 0.857099 0.968784 0.941727 0.941727 0.941727
0.792725 0.766793 0.803290 0.730085 0.794581 0.686412 0.777504 0.707794 0.707794 0.707794
1.021919 0.995900 1.042298 0.951145 1.025960 0.896397 1.010321 0.923978 0.923978 0.923978
1.010257 0.995441 1.045254 0.951961 1.021203 0.899523 1.013455 0.928972 0.928972 0.928972
1.004224 0.993572 1.042742 0.944902 0.967414 0.883482 0.985614 0.922516 0.922516 0.922516
1.031326 1.020136 1.071341 0.971271 0.992676 0.901402 1.014170 0.949629 0.949629 0.949629
1.035564 1.022464 1.075457 0.972237 0.994320 0.904233 1.015888 0.952598 0.952598 0.952598
1.011655 1.013780 1.062065 0.958653 0.982755 0.896710 1.005097 0.941990 0.941990 0.941990
0.990323 0.993321 1.022845 0.931998 0.956422 0.880074 0.959868 0.931032 0.931032 0.931032
0.937920 0.991970 1.020759 0.901497 0.951631 0.863429 0.953857 0.916544 0.916544 0.916544
0.978413 1.038012 1.072196 0.945586 1.000127 0.907726 0.997685 0.964602 0.964602 0.964602
0.967272 1.026518 1.063118 0.937165 0.990013 0.896690 0.987970 0.948359 0.948359 0.948359
0.942513 0.986811 1.029910 0.902444 0.954198 0.862825 0.942713 0.924820 0.924820 0.924820
0.982948 1.031438 1.063164 0.942843 0.992490 0.899887 0.981376 0.961606 0.961606 0.961606
0.984561 1.034725 1.067923 0.948308 0.999390 0.904974 0.985996 0.963687 0.963687 0.963687
0.970274 1.031045 1.052942 0.947568 0.998641 0.901674 0.978035 0.963994 0.963994 0.963994
0.943426 1.012165 1.038165 0.917714 0.986537 0.883573 0.942507 0.954398 0.954398 0.954398
0.967151 1.034890 1.061968 0.937197 1.006421 0.901678 0.965531 0.973244 0.973244 0.973244
0.971968 1.038337 1.067853 0.940184 1.012122 0.905633 0.969934 0.979538 0.979538 0.979538
0.864199 0.873466 0.874110 0.841909 0.848017 0.793114 0.889627 0.899596 0.899596 0.899596
0.968886 0.984641 0.980963 0.942901 0.946840 0.890850 1.001602 1.006943 1.006943 1.006943
0.962366 0.980922 0.983130 0.922882 0.949120 0.895886 0.993245 1.010338 1.010338 1.010338
0.961427 0.977774 0.971844 0.918156 0.942579 0.898361 0.984459 1.002459 1.002459 1.002459
0.977277 0.993826 0.987664 0.930167 0.955917 0.905918 1.002572 1.019197 1.019197 1.019197
0.981562 0.993883 0.989034 0.933603 0.961174 0.909865 1.004988 1.026113 1.026113 1.026113
0.988267 1.000673 0.995791 0.939981 0.967740 0.916081 1.011854 1.021791 1.021791 1.021791
0.959896 0.967932 0.968200 0.908690 0.938336 0.881242 0.981168 0.992772 0.992772 0.992772
0.980795 0.987950 0.991247 0.923432 0.962190 0.902719 1.004316 1.008545 1.008545 1.008545
0.982820 0.983231 0.991615 0.918801 0.966984 0.905260 1.010934 1.016659 1.016659 1.016659
0.987372 0.988775 0.998609 0.924033 0.970885 0.910783 1.014824 1.018283 1.018283 1.018283
0.956842 0.950455 0.965592 0.906531 0.920779 0.861175 0.991882 1.000176 1.000176 1.000176
0.985745 0.979755 0.996787 0.935315 0.949746 0.881105 1.022477 1.030523 1.030523 1.030523
0.987929 0.978479 1.001670 0.938305 0.951247 0.885348 1.020517 1.037481 1.037481 1.037481
0.985991 0.977844 1.001203 0.935699 0.946166 0.883871 1.014461 1.031737 1.031737 1.031737
0.988155 0.980198 1.003937 0.931780 0.946875 0.884973 1.016796 1.030529 1.030529 1.030529
0.980210 0.970305 0.979789 0.922845 0.935381 0.866411 1.006768 1.016223 1.016223 1.016223
0.991327 0.977142 0.989726 0.930483 0.932943 0.870713 1.009789 1.025716 1.025716 1.025716
0.991020 0.980525 0.991608 0.933980 0.927733 0.873696 1.013506 1.030122 1.030122 1.030122
0.989990 0.974950 0.988477 0.939263 0.933251 0.876246 1.018486 1.035611 1.035611 1.035611
0.967132 0.884727 0.956611 0.908175 0.905607 0.848246 0.994400 1.012276 1.012276 1.012276
0.987364 0.908417 0.963515 0.930809 0.932349 0.862053 1.018997 1.040437 1.040437 1.040437
0.992767 0.905904 0.972059 0.931377 0.936251 0.867661 1.024884 1.042732 1.042732 1.042732
1.001230 0.911778 0.981354 0.937585 0.939850 0.872053 1.030996 1.049950 1.049950 1.049950
0.991311 0.907911 0.976049 0.937177 0.936186 0.867494 1.028570 1.047748 1.047748 1.047748
0.994778 0.904932 0.978604 0.937413 0.928029 0.868118 1.031271 1.045928 1.045928 1.045928
1.000040 0.905293 0.980899 0.939531 0.927981 0.871384 1.034832 1.047425 1.047425 1.047425
0.993597 0.899350 0.971538 0.931950 0.923818 0.867995 1.030729 1.030167 1.030167 1.030167
0.999686 0.907052 0.984213 0.943206 0.934860 0.877303 1.036726 1.036717 1.036717 1.036717
1.009087 0.904442 0.989616 0.949670 0.939545 0.886258 1.044531 1.044387 1.044387 1.044387
1.008500 0.902290 0.988467 0.948517 0.934613 0.885570 1.045010 1.037780 1.037780 1.037780
0.775993 0.694269 0.886481 0.860915 0.848295 0.803781 0.804085 0.926576 0.926576 0.926576
0.899978 0.810090 1.029992 1.000918 0.985703 0.935838 0.935086 1.071836 1.071836 1.071836
0.901233 0.811911 1.029401 0.999345 0.987631 0.932826 0.935253 1.072160 1.072160 1.072160
0.889800 0.792080 1.020236 0.989493 0.978692 0.926493 0.924550 1.056923 1.056923 1.056923
0.831781 0.756402 0.968228 0.946791 0.929243 0.871629 0.863785 1.020125 1.020125 1.020125
0.874783 0.797403 1.021741 0.982951 0.976736 0.918226 0.868174 1.077151 1.077151 1.077151
0.887794 0.807965 1.038689 0.995696 0.990394 0.927694 0.877988 1.095541 1.095541 1.095541
0.828427 0.723105 0.946040 0.839576 0.921494 0.844352 0.808654 1.012054 1.012054 1.012054
0.899937 0.772300 1.025925 0.912216 0.993988 0.918491 0.868426 1.100304 1.100304 1.100304
0.909765 0.783303 1.041486 0.928416 1.004515 0.933250 0.881777 1.115098 1.115098 1.115098
0.877869 0.743003 0.989050 0.893930 0.956551 0.881223 0.847261 1.081490 1.081490 1.081490
0.914241 0.771884 1.028446 0.926537 0.993500 0.914873 0.876712 1.121414 1.121414 1.121414
0.927577 0.778740 1.041751 0.939896 1.007552 0.927524 0.888559 1.136852 1.136852 1.136852
0.902322 0.759334 1.014518 0.913464 0.990543 0.909904 0.873647 1.114874 1.114874 1.114874
0.910749 0.770975 1.029158 0.923657 1.002269 0.919167 0.880966 1.132731 1.132731 1.132731
0.863445 0.717294 0.971545 0.888263 0.951539 0.861688 0.836988 1.090055 1.090055 1.090055
0.912599 0.748818 1.026853 0.937125 1.005707 0.908863 0.883029 1.148161 1.148161 1.148161
0.890262 0.738954 1.010517 0.916361 0.994433 0.899329 0.871508 1.128140 1.128140 1.128140
0.890157 0.742939 1.012860 0.915561 1.000413 0.904896 0.879414 1.131050 1.131050 1.131050
0.874621 0.736031 0.989894 0.907576 0.983879 0.877645 0.853465 1.128224 1.128224 1.128224
0.882452 0.740249 0.995975 0.912319 0.974019 0.867690 0.851422 1.134444 1.134444 1.134444
0.901413 0.753777 0.992259 0.929286 0.995616 0.880008 0.869955 1.159882 1.159882 1.159882
0.900268 0.755308 0.992204 0.930123 0.982483 0.876006 0.869983 1.157778 1.157778 1.157778
0.906660 0.761886 0.990696 0.936965 0.991130 0.882256 0.876329 1.168299 1.168299 1.168299
0.860914 0.730702 0.945004 0.879251 0.955547 0.820035 0.832113 1.129727 1.129727 1.129727
0.893371 0.756981 0.980589 0.907596 0.989681 0.852756 0.863128 1.160253 1.160253 1.160253
0.898657 0.764393 0.984650 0.914066 0.999302 0.861444 0.871342 1.163950 1.163950 1.163950
0.847006 0.716873 0.915390 0.872612 0.929633 0.762016 0.825545 1.104373 1.104373 1.104373
0.893953 0.764298 0.978032 0.932721 0.994790 0.811164 0.881249 1.170970 1.170970 1.170970
0.892858 0.762052 0.980097 0.917835 0.989908 0.811309 0.883850 1.166693 1.166693 1.166693
0.897965 0.765327 0.985467 0.923936 0.978166 0.813238 0.880276 1.172203 1.172203 1.172203
0.868880 0.717976 0.954940 0.876141 0.948855 0.774810 0.839923 1.136427 1.136427 1.136427
0.905154 0.742045 0.994903 0.905739 0.990589 0.808970 0.878146 1.179769 1.179769 1.179769
0.845323 0.690133 0.932635 0.854424 0.939911 0.760114 0.808575 1.105173 1.105173 1.105173
0.905700 0.739713 0.994455 0.915290 1.010020 0.814163 0.867913 1.184747 1.184747 1.184747
0.839646 0.706285 0.949605 0.863360 0.957134 0.765245 0.806641 1.145125 1.145125 1.145125
0.875798 0.735036 0.988679 0.904473 0.992894 0.800828 0.841859 1.195772 1.195772 1.195772
0.886791 0.739711 1.000072 0.912859 1.000781 0.809389 0.851933 1.206109 1.206109 1.206109
0.879423 0.730329 0.989227 0.901905 0.992529 0.802310 0.840119 1.197267 1.197267 1.197267
0.868962 0.718413 0.990377 0.899150 0.995718 0.803650 0.832977 1.198815 1.198815 1.198815
0.844976 0.703437 0.984883 0.886116 0.990972 0.774355 0.812802 1.184378 1.184378 1.184378
0.860169 0.715267 1.001399 0.891517 1.008063 0.788169 0.818842 1.183740 1.183740 1.183740
0.874034 0.729715 1.019465 0.909957 1.011192 0.804089 0.835364 1.192590 1.192590 1.192590
0.876616 0.734395 1.022737 0.911391 1.013994 0.806995 0.839531 1.193488 1.193488 1.193488
0.875823 0.734969 1.022388 0.914026 1.012969 0.807789 0.839570 1.188486 1.188486 1.188486
0.867961 0.728901 1.013948 0.899076 1.003876 0.781948 0.832639 1.148222 1.148222 1.148222
0.834035 0.685507 0.950845 0.843123 0.956747 0.733283 0.780820 1.095953 1.095953 1.095953
