0.970215 0.962136 0.969120 0.969774 0.955969 0.969807 0.967349 0.970671 0.970671 0.970671
0.951722 0.937901 0.953552 0.930491 0.945892 0.913559 0.933476 0.959720 0.959720 0.959720
0.938389 0.937649 0.944966 0.911332 0.945020 0.910489 0.941069 0.952169 0.952169 0.952169
0.948193 0.939163 0.962615 0.934570 0.921514 0.904368 0.962337 0.980719 0.980720 0.980720
0.965429 0.960768 0.988547 0.961161 0.941098 0.925798 0.972358 0.996642 0.996643 0.996643
0.962227 0.957937 0.976457 0.963306 0.943688 0.897953 0.958259 0.998785 0.998785 0.998785
0.957003 0.955889 0.983981 0.977125 0.952351 0.902014 0.952749 1.013024 1.013024 1.013024
0.892857 0.889313 0.921835 0.916058 0.885975 0.855672 0.880482 0.948006 0.948006 0.948006
0.949127 0.953256 0.983341 0.920382 0.946966 0.917330 0.923584 1.011244 1.011244 1.011244
0.875808 0.879618 0.907378 0.849283 0.570798 0.552935 0.852237 0.921737 0.921737 0.921737
0.942633 0.916579 0.953306 0.938654 0.626241 0.595125 0.917264 1.023449 1.023450 1.023450
1.020594 0.992386 1.032151 1.016286 0.678035 0.644345 0.993127 1.059710 1.059710 1.059710
0.982074 0.975380 1.010663 0.983476 0.655846 0.633549 0.970329 1.029219 1.029220 1.029220
0.987901 0.976194 1.038759 1.011615 0.669758 0.649852 0.971992 1.051358 1.051358 1.051358
0.980154 0.970926 1.032390 1.010005 0.659777 0.638441 0.949960 1.015575 1.015575 1.015575
0.969413 0.951298 1.007039 1.017838 0.634774 0.648281 0.940576 1.041812 1.041812 1.041812
0.927730 0.910394 0.904546 0.949048 0.576298 0.567860 0.882633 0.983932 0.983932 0.983932
0.997270 1.018372 1.007998 1.050347 0.643682 0.630256 0.944748 1.086962 1.086962 1.086962
0.989294 0.999897 1.019853 1.054785 0.631027 0.631078 0.943092 1.100128 1.100128 1.100128
1.023357 1.032710 1.048136 1.089633 0.651699 0.650775 0.974338 1.139050 1.139050 1.139050
1.017257 1.027594 1.042741 1.066636 0.647185 0.645603 0.968069 1.132435 1.132435 1.132435
1.006666 1.026686 1.040091 1.065389 0.646760 0.643351 0.964228 1.131255 1.131255 1.131255
0.955527 0.971808 0.967142 1.023632 0.623367 0.619842 0.923396 1.101254 1.101254 1.101254
0.949689 0.940182 0.964230 1.018150 0.629211 0.627299 0.841524 1.117814 1.117814 1.117814
0.978604 0.957134 0.993354 1.040342 0.644874 0.631141 0.853991 1.154824 1.154824 1.154824
0.990704 0.959558 0.958650 1.052897 0.652789 0.636477 0.830579 1.160697 1.160698 1.160698
0.959912 0.879325 0.928834 1.000978 0.636241 0.611415 0.761130 1.122966 1.122966 1.122966
0.988420 0.922786 0.980906 1.056155 0.670434 0.626623 0.802716 1.174583 1.174584 1.174584
0.948741 0.859260 0.948881 1.005069 0.631627 0.581398 0.747299 1.136290 1.136290 1.136290
1.021759 0.923680 1.021593 1.079175 0.680016 0.625460 0.803198 1.226170 1.226170 1.226170
1.010568 0.916108 1.011213 1.069577 0.673894 0.609514 0.795517 1.206266 1.206266 1.206266
1.020547 0.927317 1.017174 1.081240 0.679962 0.617102 0.800579 1.221604 1.221605 1.221605
1.002115 0.896752 0.998803 1.064274 0.640862 0.581106 0.786119 1.201065 1.201066 1.201066
0.960072 0.890827 0.983741 1.050701 0.639652 0.573332 0.779747 1.201529 1.201529 1.201529
0.980139 0.913889 1.004164 1.076772 0.650053 0.583744 0.799040 1.211452 1.211452 1.211452
0.937321 0.874746 0.971170 1.063291 0.621655 0.567597 0.790862 1.194661 1.194661 1.194661
0.967424 0.902839 0.809477 1.097439 0.641620 0.585825 0.816261 1.215354 1.215354 1.215354
0.990280 0.937002 0.831548 1.142167 0.666549 0.608487 0.847413 1.261942 1.261942 1.261942
0.968180 0.927761 0.819496 1.127006 0.656494 0.587775 0.838189 1.242999 1.242999 1.242999
0.960541 0.928918 0.818698 1.092923 0.651315 0.580706 0.833971 1.225103 1.225103 1.225103
0.920292 0.900652 0.801122 1.064994 0.582455 0.545943 0.816067 1.175114 1.175114 1.175114
0.985263 0.959273 0.853849 1.137646 0.624002 0.584191 0.874025 1.261839 1.261839 1.261839
0.916829 0.925115 0.816189 1.094020 0.601554 0.556951 0.823371 1.218478 1.218478 1.218478
0.909153 0.913674 0.806095 1.056510 0.574320 0.540597 0.789533 1.187582 1.187582 1.187582
0.934999 0.930865 0.828300 1.085854 0.590462 0.558869 0.753499 1.221372 1.221372 1.221372
0.899117 0.930183 0.827692 1.085058 0.590029 0.558460 0.752946 1.167557 1.167556 1.167556
0.958053 0.991155 0.881947 1.169768 0.636092 0.602058 0.811728 1.255101 1.255101 1.255101
0.943949 0.981698 0.872723 1.149607 0.627478 0.596233 0.797451 1.234432 1.234432 1.234432
0.957776 0.993210 0.884093 1.169588 0.638201 0.605806 0.811934 1.252177 1.252177 1.252177
0.850105 0.950805 0.810105 1.122130 0.611273 0.576604 0.771106 1.184704 1.184703 1.184703
0.853325 0.919524 0.797975 1.097485 0.602809 0.577554 0.751638 1.197495 1.197495 1.197495
0.875364 0.938159 0.817476 1.114230 0.617115 0.590069 0.775917 1.206179 1.206179 1.206179
0.874310 0.940738 0.820829 1.115241 0.615558 0.594095 0.769029 1.216636 1.216636 1.216636
0.853602 0.929852 0.813974 1.088827 0.600979 0.580024 0.762606 1.166825 1.166825 1.166825
0.849889 0.849427 0.808436 1.081873 0.611666 0.576320 0.696647 1.190067 1.190067 1.190067
0.911358 0.720623 0.866907 1.158440 0.655905 0.618002 0.747032 1.273366 1.273367 1.273367
0.849295 0.671521 0.789484 1.054982 0.597327 0.446648 0.561319 1.190593 1.190594 1.190594
0.947769 0.748705 0.879673 1.182784 0.662211 0.497046 0.623073 1.334324 1.334325 1.334325
0.967118 0.761913 0.897721 1.201167 0.672099 0.505712 0.635546 1.364304 1.364304 1.364304
0.909422 0.718336 0.843890 1.101975 0.632004 0.475198 0.599473 1.308229 1.308230 1.308230
0.970100 0.758847 0.900195 1.175501 0.653741 0.503553 0.639471 1.370250 1.370251 1.370251
0.958171 0.725805 0.842804 1.124317 0.625276 0.497361 0.631608 1.345348 1.345348 1.345348
0.987683 0.749214 0.875299 1.163483 0.649027 0.512316 0.656171 1.400954 1.400954 1.400954
0.947288 0.703507 0.842171 1.110660 0.600973 0.464575 0.620700 1.344448 1.344449 1.344449
0.984531 0.729197 0.879010 1.161131 0.626089 0.482477 0.649563 1.407794 1.407794 1.407794
0.987113 0.734026 0.881658 1.169418 0.632144 0.482850 0.650756 1.418289 1.418289 1.418289
0.981639 0.731898 0.879365 1.130084 0.626976 0.479965 0.648744 1.413390 1.413391 1.413391
0.936118 0.696900 0.858322 1.092218 0.608894 0.458607 0.617108 1.375358 1.375358 1.375358
0.352935 0.657003 0.811199 1.026161 0.544710 0.432483 0.582227 1.299485 1.299486 1.299486
0.408986 0.763993 0.937751 1.190403 0.632886 0.465556 0.677178 1.500713 1.500714 1.500714
0.406244 0.761346 0.934481 1.165498 0.636971 0.469023 0.681530 1.502598 1.502598 1.502598
0.411390 0.772651 0.952432 1.180952 0.647267 0.478033 0.692127 1.512635 1.512636 1.512636
0.400796 0.758467 0.838243 1.149414 0.633238 0.461370 0.649363 1.472807 1.472808 1.472808
0.428816 0.811491 0.896844 1.229769 0.677507 0.493624 0.694760 1.564781 1.564782 1.564782
0.387424 0.628686 0.784683 1.122416 0.618737 0.452511 0.538251 1.424238 1.424239 1.424239
0.406343 0.658916 0.815466 1.155150 0.601043 0.474171 0.561937 1.490961 1.490962 1.490962
0.429375 0.696114 0.840697 1.229913 0.637774 0.496436 0.597230 1.573657 1.573658 1.573658
0.429903 0.698087 0.846883 1.238385 0.642792 0.497044 0.599742 1.576518 1.576519 1.576519
0.422357 0.684527 0.828285 1.221297 0.627369 0.490103 0.588718 1.530814 1.530815 1.530815
0.429765 0.691112 0.838139 1.244968 0.632643 0.494674 0.599239 1.547398 1.547398 1.547398
0.422061 0.672996 0.807963 1.204237 0.559311 0.478872 0.570958 1.502913 1.502914 1.502914
0.443467 0.703750 0.843362 1.264977 0.585392 0.493939 0.594933 1.580627 1.580628 1.580628
0.441136 0.705777 0.837449 1.251327 0.580605 0.486579 0.594530 1.586704 1.586706 1.586706
0.445794 0.703192 0.825230 1.258529 0.583157 0.491410 0.599330 1.609519 1.609520 1.609520
0.446367 0.701443 0.825771 1.262601 0.585510 0.492449 0.602682 1.618604 1.618605 1.618605
0.437047 0.669547 0.813164 1.245322 0.575605 0.470686 0.593266 1.592601 1.592602 1.592602
0.444385 0.682598 0.824321 1.272343 0.588132 0.479125 0.605218 1.621338 1.621339 1.621339
0.444218 0.684461 0.826030 1.284044 0.591145 0.482505 0.608465 1.636031 1.636032 1.636032
0.429544 0.661653 0.800959 1.247890 0.577938 0.462895 0.593111 1.571229 1.571230 1.571230
0.441476 0.681484 0.830192 1.294340 0.598209 0.478449 0.613444 1.629000 1.629000 1.629000
0.441294 0.680549 0.825043 1.295507 0.596147 0.476237 0.613465 1.629159 1.629160 1.629160
0.420150 0.612705 0.786036 1.236396 0.571318 0.427344 0.569384 1.537886 1.537887 1.537887
0.434271 0.634829 0.814984 1.284974 0.593379 0.442552 0.580446 1.581768 1.581769 1.581769
0.433384 0.636403 0.824267 1.260088 0.574115 0.443566 0.581586 1.606376 1.606377 1.606377
0.341888 0.592442 0.771382 1.187535 0.508030 0.413567 0.542078 1.467358 1.467360 1.467360
0.374261 0.656771 0.851645 1.317341 0.563658 0.455262 0.599825 1.627713 1.627715 1.627715
0.366759 0.637750 0.829474 1.267005 0.548175 0.436055 0.553846 1.574206 1.574208 1.574208
0.378736 0.660395 0.860429 1.312408 0.566097 0.451868 0.567670 1.609818 1.609820 1.609820
0.371482 0.580533 0.831909 1.279572 0.551047 0.437391 0.553515 1.548154 1.548156 1.548156
0.381109 0.608961 0.856901 1.303604 0.573505 0.449786 0.574433 1.617154 1.617156 1.617156
