0.973769 0.969981 0.979819 0.974509 0.976825 0.974892 0.976788 0.972389 0.972389 0.972389
0.980225 0.977340 0.989641 0.976493 0.983562 0.978838 0.983080 0.977656 0.977656 0.977656
0.911003 0.905208 0.946938 0.941125 0.926992 0.906596 0.943205 0.923747 0.923747 0.923747
0.975839 0.969758 1.010604 1.005395 0.993097 0.970511 1.009824 0.986782 0.986782 0.986782
0.965607 0.960742 0.959755 0.990053 0.983471 0.962234 0.992170 0.973337 0.973337 0.973337
0.990120 0.985132 0.984120 1.015187 1.008438 0.986662 1.017358 0.995535 0.995534 0.995534
0.982047 0.977099 0.974651 1.006909 0.999575 0.975817 1.009062 0.975833 0.975832 0.975832
0.971818 0.962244 0.959833 0.990830 0.987382 0.961516 0.983942 0.963134 0.963133 0.963133
0.928909 0.945400 0.924515 0.961857 0.969379 0.939402 0.970256 0.929541 0.929541 0.929541
0.954395 0.977268 0.949883 0.990142 0.999237 0.964362 1.002882 0.944631 0.944631 0.944631
0.949928 0.984076 0.954332 0.996067 1.001585 0.961107 0.993597 0.941608 0.941608 0.941608
0.952379 0.994968 0.963464 1.004597 1.008689 0.971642 1.006520 0.950949 0.950948 0.950948
0.943514 0.996943 0.964339 1.007844 1.015292 0.970647 0.988661 0.960342 0.960341 0.960341
0.940014 0.999315 0.964085 1.006748 1.016055 0.966468 0.990774 0.960040 0.960039 0.960039
0.941758 0.999427 0.957584 0.987044 1.016615 0.963426 0.983368 0.948863 0.948862 0.948862
0.944512 1.000704 0.960782 0.990468 1.010753 0.970709 0.991150 0.957314 0.957313 0.957313
0.945816 1.004980 0.967175 0.998208 1.016548 0.938494 0.998524 0.966196 0.966195 0.966195
0.947950 1.005093 0.964037 1.004768 1.019588 0.939977 1.002510 0.965886 0.965885 0.965885
0.947861 0.991560 0.956695 0.990574 1.015150 0.940170 0.998880 0.963606 0.963606 0.963606
0.959061 1.002324 0.967704 1.000791 1.026425 0.951694 1.005985 0.972977 0.972975 0.972975
0.956036 1.001484 0.968869 1.002450 1.027250 0.954891 1.007388 0.974696 0.974695 0.974695
0.957844 1.003456 0.965803 0.996240 1.025806 0.951908 1.003283 0.973636 0.973635 0.973635
0.954303 0.998742 0.962515 0.993484 1.019005 0.949475 1.003582 0.969006 0.969005 0.969005
0.954761 0.988278 0.960440 0.992996 1.020892 0.951432 1.002957 0.967894 0.967893 0.967893
0.960656 0.994380 0.966370 0.999127 1.027196 0.957307 1.009150 0.952280 0.952279 0.952279
0.973289 1.008168 0.979361 1.007759 1.038075 0.970720 1.024424 0.966134 0.966133 0.966133
0.977781 1.014697 0.984880 1.014286 1.044835 0.976559 1.027358 0.971078 0.971076 0.971076
0.793649 0.835467 0.809223 0.809566 0.765841 0.791231 0.752285 0.751311 0.751310 0.751310
0.998116 1.041688 1.015637 1.018969 0.962556 0.994278 0.943881 0.944083 0.944082 0.944082
0.989769 1.030835 1.001142 1.005452 0.948429 0.981503 0.916578 0.931431 0.931430 0.931430
0.899897 0.946291 0.931547 0.923626 0.861801 0.906347 0.754514 0.831661 0.831661 0.831661
0.993969 1.008432 0.989233 1.014339 0.940220 0.995927 0.833388 0.912479 0.912478 0.912478
0.981444 1.025658 0.983532 1.023040 0.937318 1.014726 0.838385 0.927844 0.927843 0.927843
0.977932 1.006962 0.981709 1.010954 0.927315 1.014188 0.793640 0.914232 0.914232 0.914232
0.985493 1.007382 0.985498 0.995206 0.931755 1.023742 0.793269 0.917753 0.917753 0.917753
0.986209 1.002820 0.985603 1.000431 0.898741 1.022273 0.789713 0.925546 0.925545 0.925545
1.003004 1.006418 1.004920 1.016936 0.923644 1.047957 0.802247 0.944440 0.944439 0.944439
1.012299 1.019998 1.018262 1.026809 0.926210 1.057197 0.809080 0.952594 0.952594 0.952594
1.008292 1.015959 1.014231 1.012147 0.922543 1.053012 0.797526 0.929259 0.929259 0.929259
1.013590 0.988831 1.026371 1.022963 0.937033 1.048994 0.804121 0.942105 0.942104 0.942104
1.012841 0.992060 1.022989 1.028736 0.900363 1.056346 0.810142 0.947111 0.947110 0.947110
0.976346 0.955220 0.986129 1.012713 0.866929 1.037767 0.795687 0.926566 0.926565 0.926565
0.964588 0.838902 0.974253 1.000517 0.856488 1.016793 0.786105 0.846803 0.846802 0.846802
1.048288 0.908524 1.055823 1.086866 0.923397 1.097103 0.850888 0.907687 0.907686 0.907686
1.061817 0.919473 1.057871 1.089669 0.929811 1.106660 0.858253 0.906297 0.906297 0.906297
0.930137 0.823897 0.853833 0.879497 0.750472 1.005368 0.778903 0.805363 0.805363 0.805363
1.078122 0.957731 0.994878 1.018453 0.873026 1.165684 0.903116 0.934805 0.934804 0.934804
1.052377 0.929950 0.947429 0.993118 0.852396 1.136686 0.877218 0.877538 0.877538 0.877538
1.075402 0.958531 0.971519 1.021969 0.876108 1.152949 0.902805 0.906472 0.906472 0.906472
1.094543 0.973966 0.985157 1.038515 0.887133 1.165724 0.919423 0.916393 0.916392 0.916392
1.002573 0.933609 0.943226 1.006869 0.861793 1.110236 0.882359 0.887060 0.887060 0.887060
1.007872 0.941983 0.966585 0.996589 0.876874 1.109052 0.889366 0.904818 0.904817 0.904817
1.014436 0.933145 0.977426 1.004509 0.864209 1.112513 0.892734 0.920984 0.920984 0.920984
1.017325 0.876817 0.975521 1.005580 0.867147 1.009398 0.890238 0.924185 0.924185 0.924185
1.061715 0.911773 1.019644 1.029120 0.906128 1.045306 0.927602 0.960230 0.960229 0.960229
1.080425 0.927841 1.037612 1.047256 0.922096 1.063726 0.943948 0.971221 0.971220 0.971220
0.971129 0.874239 0.922173 0.993280 0.874571 1.008902 0.895297 0.888200 0.888199 0.888199
0.996389 0.931956 0.984568 1.043420 0.931537 1.070873 0.949054 0.946299 0.946297 0.946297
1.004038 0.941146 0.990259 1.053709 0.938688 1.079093 0.958413 0.936946 0.936945 0.936945
0.997265 0.930328 0.965372 1.040735 0.914022 1.027176 0.949038 0.930114 0.930113 0.930113
1.020146 0.952545 0.987108 1.065094 0.937070 1.054822 0.964022 0.952885 0.952884 0.952884
0.982502 0.929763 0.969595 1.027356 0.915778 1.030854 0.948079 0.931355 0.931355 0.931355
1.004656 0.950281 0.991543 1.053192 0.935828 1.056651 0.968686 0.952272 0.952271 0.952271
0.998574 0.946473 0.977882 1.048182 0.931752 1.048566 0.953318 0.937759 0.937758 0.937758
1.014381 0.961455 0.993361 1.064773 0.946501 1.065164 0.968408 0.936346 0.936345 0.936345
1.012310 0.959492 0.963400 1.062599 0.944569 1.062989 0.966431 0.914191 0.914190 0.914190
1.018247 0.966882 0.971579 1.026214 0.949195 1.049772 0.957328 0.921689 0.921689 0.921689
1.019188 0.968369 0.975622 1.029336 0.951281 1.051717 0.951812 0.922508 0.922508 0.922508
0.996116 0.902812 0.916128 0.997176 0.931513 1.023510 0.890872 0.896712 0.896711 0.896711
1.044027 0.935361 0.961742 1.047001 0.977258 1.071558 0.923517 0.941885 0.941884 0.941884
0.914238 0.918732 0.945767 1.031068 0.955883 1.053373 0.891494 0.917668 0.917667 0.917667
0.935586 0.939439 0.972431 1.055900 0.984078 1.081640 0.912693 0.943129 0.943128 0.943128
0.914204 0.923042 0.977965 1.057804 0.989482 1.087138 0.907754 0.936460 0.936459 0.936459
0.921550 0.907281 0.964818 1.054364 0.993301 1.093146 0.915345 0.935539 0.935538 0.935538
0.854544 0.878891 0.912245 0.994670 0.962182 1.066261 0.887596 0.904838 0.904837 0.904837
0.908431 0.937265 0.964017 1.059231 1.023068 1.130066 0.946361 0.965002 0.965001 0.965001
0.907032 0.935288 0.955749 1.050832 1.015771 1.119253 0.936962 0.960486 0.960485 0.960485
0.887770 0.926908 0.861439 1.041416 0.988252 1.099384 0.920330 0.945890 0.945890 0.945890
0.906237 0.952910 0.882640 1.069699 1.017363 1.126544 0.942773 0.972279 0.972278 0.972278
0.876797 0.903864 0.825772 1.038367 0.985445 1.082488 0.910040 0.938047 0.938046 0.938046
0.914413 0.910034 0.858809 1.082914 1.024869 1.125795 0.949845 0.977073 0.977072 0.977072
0.903267 0.898942 0.848341 1.021502 1.012378 1.061952 0.938268 0.948006 0.948005 0.948005
0.815312 0.838767 0.791553 0.953123 0.944609 0.958545 0.875460 0.845299 0.845298 0.845298
0.871429 0.919891 0.860424 1.034371 1.025900 1.038531 0.948474 0.925413 0.925413 0.925413
0.912114 0.962839 0.900595 1.082663 1.073797 1.087018 0.992756 0.957994 0.957993 0.957993
0.905985 0.960921 0.899271 1.081793 1.069001 1.083818 0.989006 0.954664 0.954664 0.954664
0.869739 0.931365 0.864378 1.042205 1.034209 1.037965 0.945129 0.928662 0.928661 0.928661
0.897284 0.959711 0.893830 1.068244 1.065908 1.070559 0.970067 0.956704 0.956704 0.956704
0.904872 0.966573 0.899803 1.076054 1.074864 1.075169 0.978307 0.964758 0.964757 0.964757
0.866719 0.934715 0.852382 1.049152 1.040353 1.050424 0.953848 0.946228 0.946227 0.946227
0.810964 0.877318 0.786646 1.037338 1.028041 1.037963 0.942533 0.936827 0.936827 0.936827
0.836528 0.895499 0.816174 1.076276 1.055897 1.070537 0.980914 0.961994 0.961993 0.961993
0.842568 0.908010 0.820029 1.088979 1.068381 1.083768 0.981934 0.970261 0.970261 0.970261
0.827042 0.892073 0.791630 1.045567 1.047951 1.055816 0.949168 0.945658 0.945657 0.945657
0.856359 0.930661 0.825458 1.088971 1.092070 1.099371 0.987629 0.984767 0.984766 0.984766
0.849651 0.924436 0.818974 1.078368 1.083417 1.091250 0.978085 0.977293 0.977293 0.977293
0.814677 0.879822 0.787349 1.044898 1.042719 1.049621 0.933763 0.944037 0.944037 0.944037
0.835539 0.916606 0.817083 1.086299 1.084922 1.088394 0.970610 0.984213 0.984213 0.984213
0.837487 0.913249 0.815228 1.084276 1.074948 1.089727 0.964261 0.991303 0.991302 0.991302
0.828944 0.872621 0.797912 1.038132 1.058633 1.074557 0.935331 0.981850 0.981850 0.981850
