0.938274 0.940586 0.939891 0.944185 0.931596 0.929083 0.924254 0.913503 0.913503 0.913503
0.953237 0.962840 0.862612 0.958304 0.950415 0.935079 0.904265 0.927521 0.927521 0.927521
1.000896 0.996751 0.883198 1.001433 0.991845 0.981215 0.947138 0.977574 0.977574 0.977574
0.942704 0.941261 0.831578 0.920219 0.934181 0.923499 0.894823 0.938908 0.938908 0.938908
0.945797 0.945192 0.843752 0.953326 0.937245 0.942053 0.929161 0.971366 0.971366 0.971366
0.921405 0.931843 0.839523 0.944588 0.852252 0.900554 0.924504 0.947400 0.947400 0.947400
0.980489 0.991597 0.893357 1.016970 0.917558 0.969562 0.995347 1.017075 1.017075 1.017075
0.948154 0.952904 0.866533 0.961930 0.895004 0.900369 0.946865 0.991331 0.991331 0.991331
0.965509 0.962792 0.877500 0.981309 0.903205 0.909447 0.964510 1.002822 1.002821 1.002821
0.982312 0.980927 0.899488 1.002295 0.925328 0.924618 0.988997 1.030698 1.030697 1.030697
0.986283 0.983072 0.902844 1.003329 0.928765 0.927341 0.991002 1.036918 1.036917 1.036917
0.945443 0.934412 0.849528 0.947297 0.801474 0.876251 0.921654 0.983027 0.983026 0.983026
0.983445 0.984355 0.890748 0.994489 0.839857 0.900545 0.969911 1.030183 1.030182 1.030182
0.985215 0.986493 0.884370 1.001825 0.846491 0.877944 0.960754 1.037697 1.037696 1.037696
0.987118 0.993227 0.885955 1.007605 0.844270 0.877276 0.966232 1.026825 1.026824 1.026824
0.965601 0.951207 0.869400 0.981014 0.797330 0.811368 0.932202 1.005034 1.005033 1.005033
0.950202 0.970571 0.879535 0.994793 0.817427 0.822245 0.949745 1.032714 1.032713 1.032713
0.921345 0.961249 0.867824 0.970053 0.796735 0.814663 0.935054 1.010686 1.010685 1.010685
0.885805 0.924132 0.815360 0.911410 0.748569 0.607436 0.724860 0.974929 0.974928 0.974928
0.966222 1.022076 0.893897 0.987516 0.827366 0.669737 0.808422 1.070062 1.070061 1.070061
0.958613 1.009944 0.883286 0.954136 0.790307 0.650398 0.775588 1.043453 1.043452 1.043452
1.029373 1.085591 0.949262 1.008956 0.847818 0.697011 0.832441 1.120647 1.120646 1.120646
1.017614 1.064253 0.937359 0.996977 0.825826 0.688759 0.820500 1.108366 1.108365 1.108365
1.015128 1.064584 0.939291 0.997602 0.823840 0.689477 0.812395 1.094915 1.094914 1.094914
1.006120 1.057688 0.933854 0.994184 0.820482 0.684666 0.794139 1.079869 1.079869 1.079869
0.985874 1.040506 0.919923 0.976237 0.802911 0.676280 0.772180 1.068599 1.068598 1.068598
1.009098 1.068542 0.954029 1.019103 0.833897 0.699138 0.790115 1.115421 1.115420 1.115420
1.004550 1.053395 0.905354 1.014212 0.830063 0.693298 0.755647 1.102410 1.102409 1.102409
0.947925 0.852369 0.827336 0.966820 0.791753 0.663803 0.611442 1.047993 1.047992 1.047992
1.030748 0.935378 0.905894 1.027607 0.860931 0.718791 0.666781 1.132084 1.132083 1.132083
1.026071 0.952058 0.905411 1.015831 0.869422 0.717221 0.671439 1.147438 1.147437 1.147437
1.043895 0.971605 0.923396 1.043374 0.889391 0.735103 0.687026 1.178392 1.178391 1.178391
1.027562 0.958462 0.914820 1.027650 0.878499 0.728276 0.678200 1.153097 1.153096 1.153096
1.029624 0.973720 0.919915 1.046944 0.893356 0.740471 0.689212 1.172011 1.172010 1.172010
0.993961 0.931776 0.895285 1.025736 0.832267 0.702677 0.673342 1.153292 1.153291 1.153291
1.019842 0.959853 0.918954 1.057184 0.859942 0.719645 0.690332 1.189026 1.189025 1.189025
1.006629 0.947212 0.884953 1.051427 0.852361 0.703785 0.685338 1.172270 1.172269 1.172269
1.023889 0.960678 0.898688 1.072335 0.869060 0.716844 0.699502 1.192048 1.192047 1.192047
0.970187 0.886081 0.854207 1.016862 0.836307 0.691644 0.607759 1.153559 1.153559 1.153559
0.962737 0.831603 0.847630 0.990070 0.834795 0.680457 0.570393 1.143016 1.143015 1.143015
0.963965 0.842994 0.862040 0.991332 0.835859 0.681324 0.580090 1.124244 1.124244 1.124244
1.029719 0.897104 0.920263 1.061016 0.895327 0.728402 0.622326 1.206160 1.206160 1.206160
0.937653 0.816895 0.786515 0.941330 0.773429 0.607099 0.555667 1.083906 1.083906 1.083906
1.048974 0.909513 0.874110 1.052809 0.861887 0.666731 0.616475 1.213735 1.213735 1.213735
0.960839 0.806561 0.781560 0.990272 0.804750 0.610712 0.564678 1.146926 1.146926 1.146926
0.971677 0.748366 0.788428 0.999393 0.831918 0.616337 0.523936 1.188134 1.188135 1.188135
1.045078 0.807141 0.848666 1.077126 0.896527 0.653149 0.564307 1.271065 1.271066 1.271066
0.945627 0.730332 0.767905 0.974625 0.529906 0.386053 0.510606 1.136071 1.136072 1.136072
1.070984 0.782167 0.870283 1.106476 0.604102 0.412087 0.563753 1.275713 1.275714 1.275714
1.110081 0.790358 0.907226 1.155297 0.628689 0.416960 0.587471 1.328787 1.328787 1.328787
1.111418 0.766278 0.860997 1.120098 0.609535 0.417463 0.588179 1.322472 1.322472 1.322472
1.153539 0.797177 0.890105 1.163732 0.632089 0.434388 0.608346 1.376453 1.376452 1.376452
1.104934 0.756450 0.851868 1.113988 0.605266 0.418258 0.540745 1.318486 1.318486 1.318486
1.115885 0.684675 0.848035 1.118298 0.606631 0.416853 0.542883 1.305551 1.305551 1.305551
1.174532 0.720660 0.892606 1.177073 0.638513 0.438762 0.571416 1.314164 1.314164 1.314164
0.938231 0.679326 0.845854 1.123267 0.572129 0.414239 0.539305 1.215549 1.215550 1.215550
1.037826 0.755000 0.943693 1.255041 0.634773 0.460694 0.592004 1.342018 1.342019 1.342019
1.058292 0.768685 0.956070 1.278065 0.646243 0.468316 0.602919 1.369735 1.369736 1.369736
1.044294 0.760137 0.951427 1.272748 0.642222 0.464740 0.598709 1.363439 1.363440 1.363440
1.009581 0.734651 0.922353 1.236649 0.627741 0.445757 0.583477 1.309156 1.309157 1.309157
1.036339 0.752071 0.946892 1.263361 0.640915 0.456235 0.598708 1.346556 1.346556 1.346556
1.029898 0.753639 0.944280 1.186648 0.640417 0.457253 0.587111 1.342824 1.342824 1.342824
0.975410 0.739730 0.918685 1.161440 0.628359 0.443685 0.562923 1.319743 1.319744 1.319744
0.970388 0.732192 0.933824 1.181511 0.634619 0.450089 0.557676 1.333282 1.333282 1.333282
0.894640 0.728064 0.888797 1.177450 0.631372 0.444976 0.550136 1.310268 1.310268 1.310268
0.919783 0.747100 0.909678 1.215170 0.644861 0.459153 0.565121 1.331411 1.331411 1.331411
0.939713 0.764513 0.935079 1.248518 0.663203 0.469100 0.579082 1.361061 1.361061 1.361061
0.933686 0.762254 0.926832 1.241840 0.660692 0.432974 0.577488 1.347710 1.347710 1.347710
0.892177 0.721548 0.873451 1.209083 0.614125 0.424756 0.552417 1.335700 1.335700 1.335700
0.893626 0.752067 0.906946 1.246851 0.639138 0.439268 0.550955 1.374903 1.374903 1.374903
0.890527 0.751903 0.906728 1.224742 0.645360 0.443981 0.556303 1.381115 1.381115 1.381115
0.903998 0.770625 0.927764 1.254881 0.661580 0.453850 0.568396 1.415281 1.415281 1.415281
0.873889 0.737340 0.914726 1.228031 0.632025 0.442848 0.552923 1.395877 1.395877 1.395877
0.876245 0.748711 0.925036 1.247784 0.642303 0.446528 0.560410 1.418297 1.418297 1.418297
0.869293 0.748845 0.916078 1.230997 0.635337 0.438691 0.558523 1.419918 1.419919 1.419919
0.882229 0.756077 0.925558 1.246537 0.645232 0.444995 0.567058 1.445359 1.445360 1.445360
0.896096 0.767962 0.940107 1.266131 0.655374 0.451990 0.575972 1.457841 1.457841 1.457841
0.836270 0.690496 0.860945 1.151288 0.600875 0.420915 0.521971 1.370011 1.370012 1.370012
0.880048 0.730463 0.909936 1.208465 0.633087 0.445218 0.547697 1.439174 1.439175 1.439175
0.865985 0.722048 0.907447 1.168510 0.603979 0.440006 0.541108 1.441152 1.441153 1.441153
0.854052 0.708237 0.893730 1.140534 0.594439 0.432184 0.537019 1.395557 1.395558 1.395558
0.321900 0.667494 0.844415 1.071240 0.531622 0.407445 0.506516 1.318181 1.318182 1.318182
0.380686 0.788635 0.992839 1.268537 0.626799 0.479823 0.599284 1.559706 1.559707 1.559707
0.377749 0.784635 0.988098 1.223197 0.620319 0.475916 0.596129 1.550932 1.550933 1.550933
0.373916 0.764888 0.978072 1.213708 0.589361 0.451768 0.590080 1.537145 1.537146 1.537146
0.354073 0.722263 0.930010 1.154881 0.556488 0.434971 0.553482 1.460013 1.460014 1.460014
0.371340 0.756801 0.973869 1.216838 0.579796 0.454910 0.577387 1.537763 1.537764 1.537764
0.356481 0.704796 0.942200 1.158136 0.546309 0.422135 0.537598 1.487829 1.487830 1.487830
0.371040 0.726906 0.974689 1.183091 0.564312 0.429446 0.527230 1.528323 1.528324 1.528324
0.366795 0.717501 0.986214 1.185334 0.568112 0.425367 0.519891 1.541675 1.541676 1.541676
0.379992 0.743316 0.825092 1.227980 0.588551 0.440671 0.538596 1.574249 1.574250 1.574250
0.388111 0.600635 0.842722 1.252403 0.601127 0.450087 0.550104 1.604391 1.604393 1.604393
0.395697 0.610725 0.862854 1.284409 0.614337 0.458539 0.564733 1.648027 1.648029 1.648029
0.382391 0.601495 0.855187 1.271865 0.607541 0.441043 0.558961 1.617769 1.617770 1.617770
0.389246 0.613906 0.867890 1.300916 0.621457 0.449452 0.570860 1.648803 1.648804 1.648804
0.368186 0.580275 0.813414 1.207450 0.544435 0.424742 0.537487 1.556640 1.556641 1.556641
0.372429 0.585324 0.806028 1.236301 0.559199 0.436091 0.548524 1.614859 1.614860 1.614860
0.380472 0.590759 0.823240 1.252397 0.568197 0.434993 0.551868 1.653994 1.653996 1.653996
0.391099 0.601381 0.846234 1.287377 0.566366 0.444187 0.567282 1.669409 1.669412 1.669412
0.363101 0.580186 0.816410 1.242006 0.546405 0.428532 0.547289 1.540739 1.540741 1.540741
