0.931255 0.955556 0.947093 0.945558 0.946266 0.943990 0.943952 0.953863 0.953864 0.953864
0.962258 0.985257 0.973253 0.981244 0.978487 0.974760 0.977067 0.983085 0.983085 0.983085
0.930476 0.961892 0.942289 0.952208 0.953521 0.940306 0.940506 0.963259 0.963259 0.963259
0.878495 0.950385 0.929919 0.951576 0.954763 0.923081 0.930342 0.961094 0.961094 0.961094
0.904896 0.978169 0.962399 0.980876 0.989361 0.954060 0.958702 0.994229 0.994229 0.994229
0.900293 0.977094 0.955055 0.982120 0.946508 0.956567 0.961678 0.995165 0.995164 0.995164
0.896411 0.960023 0.953340 0.977374 0.952322 0.960023 0.956441 0.994170 0.994170 0.994170
0.906772 0.966421 0.959694 0.983123 0.961594 0.966959 0.953340 1.003021 1.003021 1.003021
0.916543 0.975664 0.972294 0.987276 0.970995 0.977124 0.958677 1.012380 1.012380 1.012380
0.919105 0.969993 0.973034 0.990850 0.973115 0.979071 0.959108 1.014365 1.014365 1.014365
0.915178 0.967612 0.971405 0.947276 0.968026 0.957152 0.940498 1.012378 1.012378 1.012378
0.877713 0.824931 0.931637 0.908497 0.928397 0.910379 0.901996 0.898168 0.898168 0.898168
0.947370 0.897937 1.012583 0.986449 1.006585 0.990842 0.983704 0.976544 0.976544 0.976544
0.953627 0.908170 1.024658 0.998878 1.015532 1.001178 0.993133 0.986204 0.986204 0.986204
0.941004 0.894678 1.011514 0.986192 0.993406 0.992493 0.984863 0.978956 0.978956 0.978956
0.930014 0.894577 1.009106 0.985118 0.988741 0.982188 0.968885 0.968963 0.968963 0.968963
0.932552 0.897018 1.011860 0.977570 0.991439 0.984868 0.961462 0.951573 0.951573 0.951573
0.931540 0.907283 0.930789 0.988757 0.984438 0.987302 0.963838 0.956407 0.956407 0.956407
0.928168 0.897438 0.923857 0.962391 0.978009 0.985377 0.952535 0.949276 0.949276 0.949276
0.962208 0.932367 0.955936 0.999849 1.013876 1.021515 0.989609 0.966941 0.966941 0.966941
0.969619 0.937982 0.959739 1.005958 1.016451 1.022587 0.997827 0.967825 0.967826 0.967826
0.969125 0.938396 0.962486 1.000857 1.016204 1.019445 0.997132 0.966167 0.966167 0.966167
0.976120 0.945169 0.969433 1.008081 1.023539 1.026804 1.004330 0.956534 0.956534 0.956534
0.938809 0.912372 0.950445 0.954603 0.996376 0.981315 0.968493 0.933454 0.933453 0.933453
0.920318 0.893379 0.931725 0.955660 0.975634 0.980394 0.967333 0.928681 0.928681 0.928681
0.790201 0.778111 0.809814 0.806878 0.756468 0.840268 0.749288 0.760055 0.760055 0.760055
0.958558 0.956616 1.001891 0.980281 0.931147 1.034298 0.928146 0.935685 0.935685 0.935685
0.974592 0.969234 1.015794 0.996249 0.939184 1.044062 0.939884 0.938316 0.938316 0.938316
0.856882 0.871693 0.822899 0.807065 0.760837 0.952001 0.856136 0.836895 0.836895 0.836895
0.964735 0.962154 0.895886 0.911649 0.857585 1.064492 0.961670 0.939582 0.939581 0.939581
0.986796 0.950065 0.906152 0.902013 0.872786 1.084743 0.963982 0.961714 0.961714 0.961714
1.018124 0.983323 0.929374 0.932267 0.900681 1.115792 0.997532 0.995450 0.995450 0.995450
1.022981 0.988142 0.930376 0.934196 0.905098 1.120413 1.001786 0.997461 0.997461 0.997461
1.011933 0.976489 0.920599 0.924970 0.892687 1.109583 0.994940 0.985640 0.985640 0.985640
0.988969 0.949316 0.877758 0.903058 0.872652 1.083296 0.967583 0.926384 0.926384 0.926384
0.996480 0.961812 0.910261 0.932876 0.904786 1.122730 0.992334 0.948496 0.948496 0.948496
1.010135 0.963788 0.924224 0.947346 0.918069 1.136863 0.994940 0.963585 0.963584 0.963584
0.921148 0.921310 0.833341 0.911582 0.883409 1.093943 0.957378 0.894027 0.894026 0.894026
0.956711 0.942810 0.867012 0.938951 0.910985 1.139653 0.944653 0.918207 0.918206 0.918206
0.984815 0.976437 0.895567 0.969077 0.941944 1.172430 0.978109 0.948400 0.948399 0.948399
0.935736 0.953640 0.857485 0.935147 0.919272 1.138655 0.958770 0.909879 0.909879 0.909879
0.978693 0.997496 0.892324 0.970183 0.958309 1.184965 0.996813 0.948821 0.948820 0.948820
0.894220 0.914248 0.804160 0.936721 0.924719 1.143398 0.961846 0.917323 0.917323 0.917323
0.930792 0.947089 0.821554 0.969566 0.943611 1.140594 0.998124 0.954316 0.954316 0.954316
0.944738 0.963258 0.827382 0.985376 0.959386 1.155821 1.003078 0.959661 0.959661 0.959661
0.940624 0.959064 0.823779 0.936868 0.955209 1.098922 0.998710 0.938496 0.938496 0.938496
0.961663 0.956089 0.824258 0.947096 0.972527 1.120704 1.021378 0.950901 0.950901 0.950901
0.973815 0.955224 0.828395 0.945604 0.980621 1.135205 1.030636 0.960735 0.960736 0.960736
0.939537 0.949306 0.804771 0.931887 0.955220 1.130161 1.013086 0.954555 0.954555 0.954555
0.975499 0.985641 0.835574 0.967556 0.991782 1.173419 1.051863 0.985077 0.985077 0.985077
0.960529 0.971682 0.789634 0.948111 0.977345 1.157698 1.028397 0.966882 0.966882 0.966882
0.955931 0.972934 0.785856 0.945382 0.975851 1.151185 1.029640 0.951761 0.951761 0.951761
0.964380 0.982665 0.792784 0.951908 0.984386 1.161883 1.036824 0.960410 0.960410 0.960410
0.970156 0.988087 0.797602 0.960044 0.989648 1.171674 1.042206 0.966078 0.966078 0.966078
0.973121 0.990541 0.794401 0.956816 0.987112 1.165803 1.036604 0.965982 0.965982 0.965982
0.888364 0.944658 0.739459 0.888639 0.941351 1.119488 0.989583 0.919786 0.919786 0.919786
0.919451 0.916088 0.761675 0.918101 0.974828 1.048284 1.018448 0.952568 0.952569 0.952569
0.940092 0.926847 0.783315 0.944185 0.992435 1.071672 1.050597 0.969554 0.969554 0.969554
0.890692 0.875133 0.764088 0.927680 0.953541 1.011878 1.027583 0.933904 0.933904 0.933904
0.939349 0.925606 0.810072 0.984644 1.010002 1.030316 1.090275 0.992689 0.992689 0.992689
0.915887 0.903291 0.776799 0.939082 0.984076 0.997044 1.046861 0.961060 0.961060 0.961060
0.946529 0.940143 0.805784 0.976543 1.025623 1.034341 1.085685 1.000118 1.000118 1.000118
0.956560 0.950106 0.814323 0.986893 1.036493 1.045303 1.097191 0.999631 0.999630 0.999630
0.948409 0.942010 0.784635 0.978483 1.027660 1.036396 1.087841 0.969641 0.969641 0.969641
0.860256 0.862708 0.728366 0.896729 0.931590 0.954776 0.893380 0.863734 0.863734 0.863734
0.966111 0.958254 0.815837 1.006094 1.047658 1.073956 1.002205 0.968440 0.968440 0.968440
0.937463 0.924956 0.791154 0.980672 0.979859 1.039859 0.967424 0.947013 0.947013 0.947013
0.953511 0.948942 0.807491 1.004460 1.002425 1.049823 0.991005 0.973681 0.973681 0.973681
0.979835 0.976945 0.830626 1.034102 1.032043 1.080308 1.016588 1.001060 1.001060 1.001060
0.950812 0.917871 0.811406 1.008894 1.011886 1.038850 0.989434 0.979688 0.979688 0.979688
0.967442 0.933925 0.825599 1.026540 1.029585 1.057021 1.006741 0.974724 0.974724 0.974724
0.974412 0.908116 0.829240 1.033936 1.034125 1.061682 1.014809 0.980524 0.980525 0.980525
0.966069 0.900894 0.824799 1.027253 1.026576 1.053570 0.999401 0.972095 0.972095 0.972095
0.972640 0.909635 0.834772 1.033253 1.037305 1.061065 1.006520 0.980078 0.980078 0.980078
0.966121 0.907322 0.832472 1.026778 1.023730 1.053484 0.999032 0.972899 0.972900 0.972900
0.950017 0.878107 0.822419 1.011101 0.985706 1.032433 0.979718 0.967474 0.967474 0.967474
0.966391 0.891390 0.831608 1.023442 0.996311 1.045476 0.975937 0.979147 0.979148 0.979148
0.982172 0.902677 0.846480 1.019997 1.013860 1.054341 0.990292 0.990718 0.990719 0.990719
1.002181 0.921066 0.863724 1.040777 1.034514 1.075821 1.010467 1.008357 1.008357 1.008357
0.982954 0.901824 0.839883 0.998977 1.013347 1.049912 0.981851 0.975688 0.975687 0.975687
0.975197 0.863223 0.801110 0.985421 0.993024 1.036251 0.974103 0.961538 0.961537 0.961537
0.998269 0.880209 0.825159 1.009502 1.019708 1.061990 1.000241 0.982892 0.982891 0.982891
0.958451 0.838843 0.794350 0.979469 0.982708 1.022835 0.956184 0.950707 0.950706 0.950706
0.878728 0.795000 0.752832 0.928276 0.931346 0.937757 0.906209 0.861039 0.861039 0.861039
0.974651 0.891834 0.843624 1.042640 1.049544 1.048820 0.996573 0.973526 0.973526 0.973526
0.981277 0.898720 0.849004 1.050202 1.059025 1.060049 0.996330 0.981618 0.981618 0.981618
0.986555 0.903554 0.852308 1.055851 1.064040 1.062701 1.001689 0.975320 0.975320 0.975320
0.989123 0.904733 0.853024 1.057398 1.066753 1.061083 1.004334 0.977822 0.977822 0.977822
0.992117 0.908113 0.855853 1.055878 1.067280 1.065200 1.009349 0.982136 0.982136 0.982136
0.984033 0.899953 0.839689 1.036596 1.052355 1.052145 0.996924 0.960250 0.960249 0.960249
0.994550 0.908709 0.848405 1.046121 1.062858 1.063855 1.002896 0.968506 0.968506 0.968506
0.973756 0.903764 0.840513 1.038245 1.055719 1.053121 0.995191 0.963928 0.963928 0.963928
0.855248 0.890347 0.829019 1.025497 1.035712 1.038340 0.963551 0.941948 0.941947 0.941947
0.883399 0.914154 0.852375 1.054820 1.057503 1.071333 0.986457 0.977682 0.977681 0.977681
0.877459 0.914093 0.844545 1.052494 1.055193 1.069558 0.973811 0.972432 0.972432 0.972432
0.853444 0.923744 0.854775 1.048100 1.065449 1.076191 0.978576 0.982138 0.982138 0.982138
0.830955 0.857935 0.799601 1.011496 1.039344 1.043349 0.912442 0.951047 0.951047 0.951047
0.871196 0.901573 0.841988 1.065600 1.094004 1.101023 0.960994 1.002026 1.002026 1.002026
0.836515 0.874001 0.799575 1.041513 1.061481 1.078327 0.939272 0.985197 0.985197 0.985197
0.853516 0.898488 0.821564 1.068905 1.090014 1.106410 0.963057 1.010955 1.010955 1.010955
