0.962699 0.977907 0.974111 0.975855 0.976653 0.973336 0.975703 0.978609 0.978609 0.978609
0.947288 0.974322 0.882679 0.972277 0.955270 0.961166 0.963502 0.968887 0.968887 0.968887
0.972693 1.005214 0.911142 1.004298 0.983114 0.990695 0.992272 0.998120 0.998120 0.998120
0.950324 0.993590 0.898564 0.991716 0.967291 0.969182 0.964995 0.976618 0.976618 0.976618
0.837353 0.895531 0.729505 0.805131 0.785302 0.885636 0.880912 0.872942 0.872942 0.872942
0.969047 1.038268 0.846441 0.894605 0.907936 1.006278 1.003966 1.012581 1.012581 1.012581
0.930201 0.885954 0.812509 0.858743 0.871540 0.957953 0.963720 0.899144 0.899145 0.899145
0.930141 0.888665 0.801350 0.907390 0.920377 1.011603 1.017693 0.951354 0.951354 0.951354
0.946195 0.862324 0.783201 0.914923 0.938041 1.024659 0.991419 0.962500 0.962500 0.962500
0.989663 0.889878 0.813018 0.943524 0.976955 1.072053 1.033306 1.004436 1.004436 1.004436
1.007832 0.906332 0.824902 0.958263 0.995022 1.091051 1.051746 1.020076 1.020076 1.020076
1.002886 0.901028 0.820604 0.952145 0.989445 1.086171 1.041720 1.012971 1.012971 1.012971
0.962985 0.898917 0.819941 0.936066 0.986308 1.078954 1.033454 1.010021 1.010021 1.010021
0.934546 0.880774 0.796726 0.911651 0.964619 1.044581 0.998381 0.993232 0.993232 0.993232
0.964117 0.907555 0.823849 0.934402 0.994157 1.077353 1.024695 1.023195 1.023195 1.023195
0.941073 0.872839 0.805551 0.904531 0.963489 1.054821 0.950224 0.987622 0.987622 0.987622
0.961124 0.863098 0.828209 0.928795 0.994248 1.067575 0.973380 1.017262 1.017262 1.017262
0.851552 0.857736 0.824043 0.925431 0.983954 1.061815 0.950693 1.002777 1.002777 1.002777
0.882662 0.889918 0.857028 0.954863 1.020173 1.097785 0.985240 1.038160 1.038159 1.038159
0.866232 0.842620 0.808628 0.931725 0.988908 1.071791 0.966901 1.012046 1.012046 1.012046
0.881790 0.857074 0.827048 0.949141 1.012716 1.094757 0.984680 1.034649 1.034649 1.034649
0.894664 0.868136 0.836021 0.961475 1.022236 1.103406 0.999652 1.042683 1.042683 1.042683
0.892608 0.856655 0.831903 0.958334 1.021286 1.102611 0.996255 1.038595 1.038595 1.038595
0.908183 0.873218 0.847278 0.976862 1.041068 1.123413 1.011872 1.057244 1.057244 1.057244
0.890370 0.858562 0.835033 0.963854 1.025084 1.063358 0.998027 1.044681 1.044681 1.044681
0.909816 0.877314 0.853271 0.984906 1.047473 1.086582 1.019825 1.064812 1.064811 1.064811
0.886862 0.853775 0.832088 0.960578 1.012197 1.064064 0.999040 1.044138 1.044138 1.044138
0.886835 0.832481 0.814332 0.949793 1.007973 1.061382 0.999333 1.034764 1.034763 1.034763
0.897498 0.837453 0.820339 0.957191 1.008364 1.072958 1.002396 1.052295 1.052295 1.052295
0.900052 0.842256 0.826996 0.958999 1.014900 1.076345 1.005571 1.056769 1.056768 1.056768
0.905416 0.849952 0.826990 0.966391 1.021160 1.079481 1.014560 1.066499 1.066498 1.066498
0.874284 0.821459 0.785371 0.912782 0.985349 1.034544 0.964762 1.022557 1.022556 1.022556
0.909340 0.851314 0.818111 0.930985 1.026154 1.067715 1.001847 1.058837 1.058836 1.058836
0.865586 0.809425 0.778746 0.904995 0.975662 1.035787 0.971637 1.022883 1.022882 1.022882
0.860389 0.798608 0.776126 0.909059 0.973442 1.032804 0.961619 1.024305 1.024304 1.024304
0.870262 0.791923 0.759114 0.922527 0.985744 1.037506 0.970408 1.033144 1.033143 1.033143
0.893602 0.820046 0.784907 0.952923 1.016737 1.074237 1.006795 1.068619 1.068618 1.068618
0.912044 0.836970 0.801105 0.972589 1.037720 1.096407 1.027573 1.084054 1.084052 1.084052
0.870318 0.794484 0.763980 0.932287 0.954464 1.043986 0.975457 1.042484 1.042483 1.042483
0.904530 0.826471 0.793680 0.969373 0.994186 1.089236 1.006710 1.085093 1.085091 1.085091
0.894213 0.815351 0.779951 0.953577 0.976588 1.071941 0.974589 1.067264 1.067262 1.067262
0.905511 0.823887 0.785471 0.969784 0.989653 1.084753 0.988613 1.077970 1.077968 1.077968
0.886375 0.755642 0.765194 0.947602 0.969271 0.960675 0.962274 1.055850 1.055848 1.055848
0.908088 0.747336 0.775196 0.939079 0.988022 0.980511 0.966125 1.082442 1.082441 1.082441
0.933723 0.761837 0.795462 0.966383 1.015294 1.007383 0.991074 1.112072 1.112071 1.112071
0.944712 0.770803 0.804824 0.977755 1.027242 1.019239 1.002737 1.112817 1.112816 1.112816
0.906976 0.744103 0.795247 0.962387 1.014818 1.006502 0.979868 1.085623 1.085622 1.085622
0.925254 0.759158 0.807180 0.973857 1.031862 1.021646 0.993663 1.104209 1.104208 1.104208
0.916543 0.756606 0.802347 0.967228 1.026725 1.011423 0.990085 1.097541 1.097540 1.097540
0.897351 0.729065 0.789215 0.948324 0.984297 0.986907 0.966726 1.086681 1.086679 1.086679
0.916100 0.749584 0.808712 0.974166 1.013383 1.011378 0.990391 1.117097 1.117095 1.117095
0.833132 0.714604 0.727210 0.934847 0.972481 0.970558 0.950417 1.033648 1.033646 1.033646
0.883242 0.758458 0.770931 0.989173 1.030877 1.029397 1.005722 1.096087 1.096086 1.096086
0.874626 0.754070 0.761459 0.985781 0.981598 1.027259 1.004110 1.091970 1.091968 1.091968
0.733038 0.641093 0.646024 0.812436 0.742919 0.859413 0.759205 0.872356 0.872355 0.872355
0.913918 0.796176 0.810437 1.013678 0.929143 1.072711 0.949476 1.086072 1.086070 1.086070
0.917835 0.798199 0.806926 0.996250 0.931912 1.071930 0.944666 1.076033 1.076030 1.076030
0.862354 0.747379 0.780556 0.970674 0.887923 1.003682 0.916268 1.027826 1.027824 1.027824
0.900384 0.789233 0.823383 1.026308 0.941917 1.056707 0.948530 1.093935 1.093933 1.093933
0.882584 0.769567 0.787415 1.004992 0.923531 1.034759 0.925209 1.031244 1.031242 1.031242
0.917630 0.790929 0.820004 1.046762 0.961129 1.074663 0.951434 1.074524 1.074522 1.074522
0.928238 0.800638 0.829723 1.054149 0.969785 1.088011 0.964320 1.088447 1.088444 1.088444
0.920188 0.793322 0.822598 1.047664 0.960759 1.081188 0.955197 1.078912 1.078910 1.078910
0.910451 0.785410 0.816526 1.038772 0.951803 1.070740 0.938777 1.067458 1.067456 1.067456
0.807124 0.719750 0.748266 0.951931 0.872233 0.949222 0.860296 0.934816 0.934814 0.934814
0.877724 0.793260 0.829905 1.036777 0.962493 1.047448 0.955328 1.031686 1.031685 1.031685
0.900589 0.813460 0.845523 1.056978 0.982034 1.066092 0.971976 1.055232 1.055231 1.055231
0.895739 0.805165 0.836901 1.045387 0.974986 1.055809 0.952597 1.046795 1.046793 1.046793
0.879296 0.784648 0.818381 1.002461 0.954292 1.038164 0.927501 1.023621 1.023620 1.023620
0.913271 0.814967 0.850003 1.041195 0.991165 1.078278 0.963339 1.039603 1.039602 1.039602
0.836595 0.779890 0.793938 0.970333 0.948467 1.039001 0.922805 0.993291 0.993290 0.993290
0.892917 0.832395 0.846135 1.035658 1.011673 1.105777 0.984931 1.047725 1.047724 1.047724
0.797812 0.750923 0.773712 0.934936 0.903385 1.003462 0.796772 0.919336 0.919334 0.919334
0.899098 0.848090 0.870297 1.055915 1.018074 1.130855 0.899873 1.017995 1.017994 1.017994
0.901777 0.850617 0.848295 1.059061 1.021107 1.134225 0.902554 0.998909 0.998908 0.998908
0.901528 0.846317 0.832362 1.052834 1.000752 1.086687 0.899546 0.998084 0.998083 0.998083
0.912362 0.860073 0.845711 1.065952 1.006268 1.099256 0.909680 1.009445 1.009445 1.009445
0.902274 0.839322 0.838474 1.053616 1.005591 1.095754 0.898598 1.001606 1.001605 1.001605
0.900963 0.845365 0.840163 1.059469 1.009966 1.086055 0.903694 1.011008 1.011007 1.011007
0.910912 0.855728 0.815249 1.066000 1.021937 1.100221 0.907212 1.018928 1.018928 1.018928
0.919097 0.862688 0.813668 1.064613 1.025052 1.105509 0.911523 1.013431 1.013431 1.013431
0.908107 0.843448 0.808625 1.058014 1.008448 1.092141 0.908654 0.996790 0.996789 0.996789
0.886415 0.848050 0.794775 1.054892 0.993844 1.100037 0.903653 1.001989 1.001989 1.001989
0.906134 0.868930 0.816007 1.083564 1.019987 1.131856 0.927970 1.029335 1.029335 1.029335
0.909455 0.870986 0.817557 1.086302 1.023671 1.131330 0.931407 1.033070 1.033069 1.033069
0.893318 0.855532 0.803051 1.055971 1.005508 1.111256 0.905401 0.993817 0.993816 0.993816
0.862306 0.848854 0.781139 1.035214 0.996921 1.096417 0.901622 0.968624 0.968623 0.968623
0.864256 0.858948 0.774292 1.056147 1.009665 1.120865 0.919853 0.994082 0.994082 0.994082
0.882529 0.876228 0.790895 1.079484 1.027978 1.145875 0.943068 1.014021 1.014021 1.014021
0.839580 0.855338 0.765202 1.042723 0.993715 1.105018 0.909405 0.988093 0.988093 0.988093
0.857847 0.873948 0.781850 1.017391 1.015335 1.078173 0.929191 0.991644 0.991644 0.991644
0.872325 0.894123 0.795049 1.036546 1.035852 1.095445 0.950566 0.997385 0.997385 0.997385
0.852234 0.876731 0.791789 0.997063 1.024290 1.063454 0.931127 0.988695 0.988695 0.988695
0.868776 0.899740 0.805158 1.021041 1.048946 1.089628 0.943377 1.009261 1.009262 1.009262
0.875649 0.913696 0.817237 1.035146 1.064037 1.104404 0.955499 1.023050 1.023050 1.023050
0.799056 0.872543 0.779510 0.999829 1.029757 1.047879 0.913532 0.986579 0.986579 0.986579
0.829391 0.907532 0.802815 1.039140 1.070676 1.085912 0.938852 1.014568 1.014568 1.014568
0.842862 0.922273 0.815854 1.056018 1.088067 1.103549 0.954102 1.013451 1.013451 1.013451
0.837578 0.913302 0.808466 1.048945 1.072635 1.088770 0.944313 0.993313 0.993313 0.993313
0.850311 0.895115 0.818480 1.064892 1.085921 1.102256 0.959441 1.007159 1.007159 1.007159
