0.966749 0.966540 0.943199 0.974105 0.970804 0.957852 0.972352 0.965637 0.965637 0.965637
0.961237 0.936891 0.943198 0.975669 0.969175 0.929714 0.972000 0.964852 0.964852 0.964852
0.985946 0.961948 0.968236 0.985502 0.993122 0.951708 0.996511 0.989806 0.989806 0.989806
0.956092 0.924335 0.933183 0.937948 0.955756 0.902036 0.910517 0.947273 0.947273 0.947273
0.970438 0.959286 0.950994 0.945402 0.984129 0.917734 0.934877 0.978969 0.978968 0.978968
0.964644 0.957881 0.958041 0.923444 0.948432 0.916217 0.933025 0.990286 0.990286 0.990286
0.985063 0.964391 0.953972 0.938508 0.962600 0.935026 0.950430 1.015069 1.015069 1.015069
0.986990 0.962637 0.955237 0.942176 0.967131 0.937632 0.956387 1.021483 1.021483 1.021483
0.900610 0.878388 0.818101 0.837631 0.837191 0.783107 0.855719 0.919853 0.919853 0.919853
0.971505 0.942731 0.901685 0.923940 0.916811 0.861380 0.919209 1.007629 1.007628 1.007628
0.992888 0.968547 0.925520 0.941867 0.938112 0.884848 0.936708 1.027982 1.027982 1.027982
0.943847 0.940426 0.895281 0.900425 0.896428 0.859491 0.904125 0.986318 0.986318 0.986318
0.957594 0.934119 0.911209 0.909250 0.878057 0.824468 0.904708 1.001272 1.001272 1.001272
0.953729 0.928938 0.928889 0.917797 0.890589 0.822753 0.898796 1.017584 1.017583 1.017583
0.959255 0.837369 0.920940 0.917592 0.888959 0.816647 0.898672 1.003494 1.003493 1.003493
0.943651 0.755788 0.903728 0.900819 0.893938 0.801719 0.811118 1.011233 1.011233 1.011233
1.012658 0.807183 0.963441 0.966438 0.955578 0.844583 0.863204 1.086206 1.086206 1.086206
1.004740 0.775537 0.906107 0.928548 0.918114 0.837979 0.856455 1.071301 1.071301 1.071301
0.991465 0.775955 0.898674 0.910164 0.918009 0.835838 0.864119 1.063732 1.063732 1.063732
1.027602 0.806477 0.932174 0.945301 0.953345 0.853565 0.896874 1.096617 1.096617 1.096617
1.028167 0.814690 0.940105 0.954655 0.963273 0.860010 0.903211 1.107608 1.107609 1.107609
1.019041 0.800734 0.930708 0.945751 0.940704 0.852017 0.892549 1.098293 1.098293 1.098293
0.981040 0.750372 0.898795 0.911174 0.919732 0.835216 0.787893 1.079834 1.079834 1.079834
0.973216 0.743856 0.883462 0.886954 0.845039 0.827791 0.778012 1.069194 1.069194 1.069194
0.927931 0.764957 0.869619 0.914134 0.869465 0.846375 0.793739 1.086672 1.086673 1.086673
0.963461 0.804326 0.910637 0.961809 0.914969 0.883703 0.833043 1.143319 1.143320 1.143320
0.963856 0.804656 0.911011 0.962203 0.915344 0.884065 0.833385 1.093844 1.093845 1.093845
0.925886 0.765722 0.863091 0.941786 0.855337 0.871882 0.801428 1.089841 1.089842 1.089842
0.950582 0.788047 0.888871 0.972221 0.882403 0.896851 0.811516 1.113416 1.113417 1.113417
0.960960 0.803166 0.896991 0.977367 0.889419 0.897852 0.824152 1.135870 1.135871 1.135871
0.911484 0.763811 0.850530 0.904448 0.843628 0.851008 0.784130 1.098649 1.098650 1.098650
0.933236 0.787974 0.786681 0.925126 0.867375 0.863174 0.773148 1.124200 1.124200 1.124200
0.968055 0.824200 0.818871 0.907009 0.904661 0.902989 0.791379 1.170184 1.170185 1.170185
0.947602 0.822243 0.822092 0.909768 0.906225 0.879769 0.793421 1.163557 1.163558 1.163558
0.753478 0.771522 0.775454 0.864193 0.808277 0.826781 0.745395 1.071299 1.071301 1.071301
0.830577 0.852814 0.858661 0.955551 0.891016 0.914564 0.815542 1.169444 1.169445 1.169445
0.829280 0.841223 0.857119 0.946051 0.884831 0.891584 0.801916 1.170635 1.170636 1.170636
0.844197 0.857562 0.879101 0.966839 0.907026 0.906978 0.822747 1.203868 1.203869 1.203869
0.826914 0.842785 0.872475 0.965874 0.901507 0.897299 0.805643 1.202561 1.202562 1.202562
0.830671 0.849244 0.878587 0.979554 0.910585 0.908076 0.813951 1.219431 1.219432 1.219432
0.796370 0.807305 0.826803 0.924961 0.785881 0.858151 0.757084 1.156193 1.156195 1.156195
0.796051 0.807702 0.835829 0.954722 0.785565 0.872181 0.783251 1.191774 1.191775 1.191775
0.825891 0.841322 0.867497 0.994970 0.820743 0.903207 0.811974 1.242407 1.242409 1.242409
0.775421 0.766293 0.820845 0.926162 0.756346 0.819717 0.739406 1.175650 1.175651 1.175651
0.819145 0.797219 0.867130 0.980747 0.766900 0.830427 0.781099 1.243520 1.243521 1.243521
0.813705 0.794508 0.864162 0.960290 0.771900 0.836665 0.786170 1.245162 1.245163 1.245163
0.797225 0.736085 0.847226 0.943100 0.761243 0.772580 0.750879 1.209550 1.209551 1.209551
0.767595 0.708699 0.797172 0.887383 0.716270 0.576901 0.582938 1.168465 1.168467 1.168467
0.870889 0.801901 0.908300 1.012732 0.814594 0.654041 0.665955 1.335654 1.335656 1.335656
0.840775 0.766936 0.876139 0.977091 0.786179 0.634723 0.596623 1.289499 1.289501 1.289501
0.837146 0.794633 0.904341 1.001637 0.813348 0.652515 0.591515 1.319474 1.319475 1.319475
0.848173 0.806834 0.922172 1.015424 0.826908 0.665381 0.601012 1.328951 1.328952 1.328952
0.830206 0.781667 0.920616 1.006161 0.799875 0.657393 0.591984 1.327169 1.327171 1.327171
0.852258 0.801658 0.939594 1.034243 0.818628 0.672011 0.607978 1.363116 1.363118 1.363118
0.804993 0.755084 0.869406 0.988830 0.785146 0.644276 0.579374 1.320454 1.320456 1.320456
0.785461 0.763946 0.872109 0.994246 0.798135 0.647396 0.585290 1.345357 1.345359 1.345359
0.824728 0.802137 0.915707 1.043950 0.838035 0.679760 0.614550 1.402763 1.402764 1.402764
0.789819 0.766722 0.873015 1.003584 0.797302 0.653366 0.588042 1.327749 1.327750 1.327750
0.813580 0.787640 0.899368 1.028838 0.816874 0.671057 0.605497 1.370445 1.370445 1.370445
0.788588 0.759306 0.870560 0.986959 0.790164 0.647806 0.590601 1.304294 1.304295 1.304295
0.296242 0.713258 0.819801 0.923927 0.704325 0.608704 0.555211 1.227902 1.227903 1.227903
0.343764 0.830554 0.949004 1.073286 0.819470 0.656158 0.646648 1.420003 1.420004 1.420004
0.351645 0.851582 0.966936 1.099012 0.837535 0.672913 0.659172 1.456645 1.456647 1.456647
0.346127 0.838530 0.943250 1.087788 0.829411 0.644570 0.641548 1.441651 1.441652 1.441652
0.352435 0.852233 0.960143 1.104290 0.844250 0.655599 0.651929 1.470836 1.470838 1.470838
0.328189 0.803108 0.913159 1.045868 0.733801 0.599052 0.620027 1.371220 1.371222 1.371222
0.321695 0.675038 0.866818 1.035646 0.727067 0.595802 0.521153 1.354067 1.354069 1.354069
0.353078 0.586152 0.951381 1.135033 0.797997 0.653925 0.571994 1.482934 1.482936 1.482936
0.334438 0.576941 0.936431 1.117198 0.785458 0.643650 0.563006 1.396343 1.396344 1.396344
0.358838 0.617251 1.003146 1.201934 0.844789 0.691566 0.606173 1.497812 1.497814 1.497814
0.331263 0.568218 0.929901 1.114960 0.777640 0.649134 0.554299 1.386930 1.386932 1.386932
0.350817 0.597074 0.979328 1.182910 0.816149 0.681900 0.587209 1.459115 1.459116 1.459116
0.360227 0.607153 1.005596 1.214639 0.812643 0.695562 0.602960 1.471126 1.471128 1.471128
0.359335 0.608522 1.011739 1.223860 0.813080 0.697601 0.596881 1.464687 1.464690 1.464690
0.358212 0.600729 0.961453 1.219678 0.810465 0.692735 0.571636 1.449612 1.449614 1.449614
0.365234 0.613811 0.988615 1.255011 0.832217 0.710315 0.586529 1.490953 1.490955 1.490955
0.344374 0.557602 0.914730 1.152977 0.770903 0.668320 0.537034 1.415616 1.415619 1.415619
0.363138 0.590856 0.964437 1.220456 0.809211 0.702841 0.568426 1.474262 1.474264 1.474264
0.365990 0.595497 0.784969 1.230041 0.815567 0.708361 0.572890 1.464542 1.464545 1.464545
0.376388 0.612415 0.807270 1.279851 0.848593 0.737046 0.596089 1.519482 1.519485 1.519485
0.365484 0.594136 0.782682 1.248559 0.818601 0.713697 0.575743 1.481775 1.481778 1.481778
0.336708 0.547357 0.721058 1.150255 0.492630 0.429500 0.530412 1.348448 1.348450 1.348450
0.380282 0.615702 0.811092 1.265162 0.535679 0.474813 0.579285 1.496869 1.496872 1.496872
0.398520 0.651172 0.855916 1.295966 0.561370 0.495510 0.608815 1.558368 1.558371 1.558371
0.413260 0.674201 0.881824 1.342086 0.581191 0.512237 0.630538 1.617485 1.617488 1.617488
0.403750 0.659743 0.866806 1.318614 0.571582 0.500447 0.617860 1.581194 1.581198 1.581198
0.382799 0.633269 0.834734 1.250190 0.541922 0.474478 0.594999 1.472647 1.472651 1.472651
0.398416 0.658908 0.871198 1.307757 0.570268 0.489949 0.624268 1.522303 1.522307 1.522307
0.382053 0.654831 0.858177 1.295974 0.566524 0.481354 0.606030 1.514838 1.514841 1.514841
0.393964 0.684621 0.888079 1.358742 0.592876 0.503662 0.633799 1.584508 1.584511 1.584511
0.378145 0.658752 0.853889 1.312400 0.565021 0.478703 0.599260 1.480734 1.480737 1.480737
0.383816 0.662786 0.873754 1.351925 0.553447 0.477625 0.615562 1.531999 1.532002 1.532002
0.381778 0.655148 0.871769 1.315347 0.555290 0.456231 0.602335 1.535949 1.535952 1.535952
0.393804 0.677580 0.896513 1.363326 0.575582 0.471128 0.623358 1.586281 1.586284 1.586284
0.376310 0.650043 0.861238 1.305519 0.549287 0.453818 0.591090 1.530799 1.530801 1.530801
0.384559 0.672756 0.887161 1.346478 0.565481 0.458206 0.611111 1.576047 1.576049 1.576049
0.368267 0.609322 0.849557 1.265173 0.544726 0.435036 0.553490 1.507052 1.507055 1.507055
0.355014 0.568687 0.799441 1.252428 0.535287 0.419381 0.533572 1.498778 1.498781 1.498781
0.388243 0.618713 0.870363 1.366607 0.585789 0.458403 0.583744 1.643965 1.643968 1.643968
0.385837 0.616515 0.867530 1.319774 0.580619 0.455365 0.581558 1.637213 1.637215 1.637215
