0.989240 0.989240 0.987777 0.989240 0.988607 0.986409 0.989240 0.977635 0.977635 0.977635
0.987469 0.988373 0.985596 0.987915 0.989028 0.988465 0.980561 0.977351 0.977351 0.977351
0.989014 0.993046 0.981282 0.991180 0.990781 0.987014 0.985004 0.982041 0.982041 0.982041
0.984932 0.991092 0.975394 0.989230 0.986692 0.982940 0.983066 0.960946 0.960946 0.960946
0.981048 0.983343 0.977583 0.986077 0.985884 0.980192 0.982225 0.955799 0.955799 0.955799
0.986589 0.977532 0.984692 0.993415 0.992408 0.984643 0.976978 0.963287 0.963287 0.963287
0.974629 0.965682 0.972755 0.937142 0.980378 0.928867 0.965134 0.934693 0.934693 0.934693
0.978337 0.964264 0.952634 0.939747 0.984358 0.931448 0.964044 0.902318 0.902318 0.902318
0.986172 0.927173 0.922591 0.938932 0.994126 0.934890 0.930614 0.904588 0.904588 0.904588
1.028496 0.962287 0.957531 0.973733 1.034925 0.970837 0.956354 0.940934 0.940934 0.940934
1.019849 0.944206 0.955016 0.971176 1.021819 0.962544 0.956769 0.928808 0.928809 0.928809
1.045624 0.968143 0.974211 0.987683 1.044195 0.981929 0.975108 0.949451 0.949451 0.949451
1.010199 0.940512 0.968700 0.978300 1.038083 0.975784 0.958889 0.932100 0.932100 0.932100
0.998822 0.916249 0.959450 0.959289 1.019087 0.967748 0.900714 0.911345 0.911345 0.911345
0.980210 0.924242 0.948818 0.956100 1.027217 0.970733 0.911898 0.903041 0.903041 0.903041
0.893747 0.871131 0.894294 0.901158 0.968188 0.885105 0.859496 0.813382 0.813382 0.813382
1.000872 0.976670 1.001463 1.007236 1.084137 0.991642 0.960741 0.911099 0.911100 0.911100
1.004444 0.981334 0.964582 1.005953 1.088878 0.997150 0.957352 0.911449 0.911450 0.911450
1.021564 0.998766 0.981306 1.018545 1.104640 1.015008 0.975578 0.928264 0.928265 0.928265
1.007367 0.991881 0.971279 1.010643 1.098525 1.004728 0.965398 0.921726 0.921727 0.921727
0.902518 0.897230 0.890558 0.914833 0.983607 0.914241 0.783093 0.810975 0.810975 0.810975
1.005351 1.000075 0.995237 1.021226 1.097073 1.019355 0.866493 0.903345 0.903346 0.903346
1.006504 0.999578 0.996791 1.022953 1.088814 1.025242 0.871803 0.909777 0.909778 0.909778
0.984519 0.970648 0.971271 0.977464 1.061919 1.004528 0.845821 0.886478 0.886478 0.886478
1.017427 0.992106 1.001093 1.009156 1.098920 1.039746 0.873129 0.914619 0.914620 0.914620
1.028165 1.001279 1.009879 1.018648 1.110458 1.046395 0.882377 0.924237 0.924238 0.924238
1.009126 0.989325 0.988722 1.004335 1.094878 1.032259 0.860724 0.908360 0.908361 0.908361
1.015622 0.997512 0.997683 0.970496 1.100866 1.020003 0.853102 0.916332 0.916333 0.916333
1.010269 0.957883 0.981356 0.933822 1.089558 1.010815 0.831629 0.912115 0.912117 0.912117
1.038960 0.976630 1.007179 0.961132 1.119818 1.038690 0.853246 0.937238 0.937239 0.937239
1.039040 0.977633 1.010653 0.956819 1.120202 1.036105 0.853151 0.936180 0.936182 0.936182
0.946327 0.933382 0.910135 0.919550 1.076569 0.995748 0.819921 0.867519 0.867520 0.867520
0.972539 0.968452 0.925054 0.961954 1.118005 1.043787 0.857730 0.912916 0.912918 0.912918
0.998673 0.960078 0.947277 0.987804 1.144863 1.068863 0.881488 0.936282 0.936284 0.936284
0.949353 0.936479 0.915811 0.953442 1.105867 1.029972 0.849380 0.911651 0.911653 0.911653
0.980840 0.966567 0.946463 0.985985 1.139181 1.065351 0.881070 0.940887 0.940888 0.940888
0.993078 0.978754 0.954751 0.995604 1.153547 1.077969 0.891614 0.950019 0.950020 0.950020
0.982523 0.966280 0.939418 0.989263 1.142123 1.065792 0.883664 0.937504 0.937505 0.937505
0.899371 0.924012 0.876811 0.921258 1.092120 1.026216 0.845860 0.895083 0.895084 0.895084
0.955753 0.980302 0.928335 0.977465 1.154640 1.083350 0.899424 0.944789 0.944790 0.944790
0.943384 0.973521 0.916324 0.966664 1.143428 1.068428 0.893132 0.922392 0.922394 0.922394
0.928782 0.959308 0.887247 0.930916 1.124931 1.043999 0.865923 0.901704 0.901705 0.901705
0.950686 0.985867 0.905850 0.958957 1.107218 1.076906 0.893641 0.928560 0.928562 0.928562
0.930445 0.974173 0.887677 0.941877 1.092066 1.051452 0.870645 0.920879 0.920881 0.920881
0.834013 0.893213 0.733128 0.777892 0.901932 0.977429 0.808526 0.837354 0.837355 0.837355
0.975850 1.045117 0.857807 0.910184 1.055319 1.143655 0.946028 0.963038 0.963039 0.963039
0.959984 1.039845 0.852563 0.906719 1.054775 1.134469 0.922724 0.965728 0.965728 0.965728
0.966611 1.047024 0.858449 0.912978 1.062057 1.142301 0.929094 0.950836 0.950837 0.950837
0.952102 0.995016 0.812943 0.894127 1.033289 1.119348 0.915147 0.930323 0.930324 0.930324
0.944837 1.025928 0.839488 0.908464 1.064506 1.149146 0.938288 0.958677 0.958678 0.958678
0.932726 0.999391 0.830822 0.896350 1.061894 1.143444 0.925206 0.949537 0.949538 0.949538
0.901465 0.964791 0.802976 0.884692 1.025131 1.126266 0.911070 0.931364 0.931366 0.931366
0.896299 0.952161 0.800496 0.888910 1.023082 1.123332 0.901926 0.932917 0.932918 0.932918
0.937021 0.994229 0.838814 0.923274 1.068507 1.174064 0.938074 0.973909 0.973911 0.973911
0.906289 0.974584 0.827442 0.894355 1.048676 1.152275 0.926491 0.955959 0.955961 0.955961
0.914999 0.983950 0.835394 0.893594 1.058755 1.163349 0.925703 0.945247 0.945248 0.945248
0.928882 1.000936 0.841478 0.908336 1.076656 1.179102 0.930472 0.950719 0.950720 0.950720
0.772166 0.844038 0.708094 0.742508 0.808222 0.978405 0.697793 0.753322 0.753324 0.753324
0.973288 1.062870 0.892255 0.934516 1.018021 1.233784 0.875456 0.947573 0.947575 0.947575
0.889170 1.016160 0.852039 0.903665 0.986351 1.171977 0.837962 0.914839 0.914840 0.914840
0.943939 1.078751 0.904521 0.959327 1.047105 1.244165 0.889577 0.968745 0.968745 0.968745
0.809960 1.038253 0.871598 0.925718 1.003595 1.198441 0.841452 0.924846 0.924846 0.924846
0.839974 1.076221 0.903974 0.962462 1.040119 1.245862 0.871939 0.959033 0.959033 0.959033
0.832372 1.070946 0.899352 0.954169 1.024080 1.234037 0.863406 0.949758 0.949758 0.949758
0.823640 1.076451 0.900466 0.957061 1.028025 1.234583 0.865888 0.955325 0.955326 0.955326
0.812952 1.074918 0.897144 0.954765 1.021854 1.220162 0.850722 0.944333 0.944333 0.944333
0.826430 1.088796 0.913413 0.951786 1.040108 1.230811 0.863449 0.955727 0.955728 0.955728
0.821595 1.080181 0.902656 0.941537 1.027438 1.218074 0.840596 0.945306 0.945307 0.945307
0.830661 1.085570 0.908426 0.947944 1.026832 1.230155 0.842348 0.960382 0.960383 0.960383
0.847808 1.107979 0.927178 0.967512 1.048028 1.255548 0.859736 0.974259 0.974259 0.974259
0.831565 1.059680 0.890037 0.938349 1.023691 1.228428 0.843539 0.947043 0.947043 0.947043
0.838146 1.074592 0.900182 0.948264 1.036412 1.237409 0.855203 0.957790 0.957790 0.957790
0.837880 1.070514 0.897374 0.947554 1.027833 1.228150 0.851500 0.944381 0.944381 0.944381
0.832034 1.072257 0.894208 0.947548 1.026595 1.210546 0.851592 0.947973 0.947973 0.947973
0.846561 1.090357 0.903408 0.957922 1.038668 1.221777 0.859178 0.961491 0.961491 0.961491
0.834681 1.040879 0.896679 0.949583 1.034739 1.193762 0.849660 0.956078 0.956077 0.956077
0.836048 1.041758 0.902399 0.951820 1.042657 1.199789 0.851409 0.961757 0.961757 0.961757
0.845345 1.058356 0.917256 0.968136 1.056643 1.217742 0.863426 0.975628 0.975627 0.975627
0.839015 1.053458 0.915172 0.959971 1.052534 1.209000 0.857236 0.969680 0.969679 0.969679
0.797079 0.889649 0.869429 0.911989 0.999926 1.139075 0.814389 0.852173 0.852173 0.852173
0.842342 0.935231 0.918231 0.968133 1.018525 1.201158 0.856154 0.907551 0.907551 0.907551
0.874102 0.969673 0.942535 0.994392 1.050709 1.241284 0.884707 0.928347 0.928347 0.928347
0.879425 0.975579 0.921556 1.000449 1.057108 1.248844 0.890095 0.913767 0.913767 0.913767
0.866284 0.945824 0.912026 0.986903 1.019631 1.226037 0.874419 0.910266 0.910267 0.910267
0.884724 0.968747 0.936345 1.014387 1.045861 1.208910 0.898436 0.936974 0.936974 0.936974
0.812853 0.892831 0.848519 0.984841 1.014810 1.172984 0.871736 0.910903 0.910903 0.910903
0.817753 0.925215 0.859545 1.012028 1.030764 1.217672 0.893507 0.943716 0.943717 0.943717
0.818611 0.867805 0.856331 1.011289 1.032412 1.102828 0.889411 0.945297 0.945298 0.945298
0.792171 0.836899 0.853165 1.014848 1.013152 1.063551 0.888520 0.930000 0.930001 0.930001
0.821109 0.878350 0.814362 1.065114 1.043880 1.106327 0.924257 0.969922 0.969923 0.969923
0.840051 0.897050 0.825998 1.066380 1.066572 1.126197 0.936773 0.978929 0.978929 0.978929
0.839546 0.904100 0.831256 1.072099 1.070726 1.134928 0.945944 0.985501 0.985502 0.985502
0.835871 0.895839 0.812296 1.061423 1.045077 1.082900 0.938924 0.980648 0.980649 0.980649
0.852094 0.915348 0.831681 1.087247 1.069590 1.111130 0.961514 1.004616 1.004617 1.004617
0.821903 0.865592 0.775728 1.052188 1.032880 1.064427 0.925305 0.966296 0.966296 0.966296
0.866209 0.913942 0.818374 1.110961 1.090612 1.123368 0.973483 1.018892 1.018893 1.018893
0.851055 0.885946 0.798009 1.076206 1.066968 1.104046 0.953079 0.998799 0.998800 0.998800
0.867457 0.903020 0.813388 1.096947 1.087531 1.125324 0.971447 1.006882 1.006882 1.006882
0.858277 0.900201 0.810443 1.091695 1.082937 1.119656 0.965876 1.001911 1.001911 1.001911
0.824699 0.868153 0.793827 1.032816 1.053212 1.069055 0.930542 0.976823 0.976823 0.976823
