0.977423 0.971578 0.972934 0.973333 0.966184 0.976343 0.968770 0.982173 0.982173 0.982173
0.996749 0.992623 0.993179 0.994416 0.987148 0.997034 0.986202 1.002092 1.002092 1.002092
0.950557 0.951853 0.974821 0.972262 0.968709 0.978013 0.957287 0.971088 0.971088 0.971088
0.970921 0.972245 0.995704 0.993091 0.989462 0.998965 0.977795 0.974965 0.974965 0.974965
0.974681 0.976086 0.994517 0.988891 0.990025 0.997814 0.975737 0.975832 0.975831 0.975831
0.963585 0.965566 0.986375 0.979702 0.979999 0.987370 0.958186 0.964688 0.964688 0.964688
0.970927 0.971947 0.994183 0.988089 0.984561 0.996034 0.969359 0.971007 0.971006 0.971006
0.968753 0.971542 0.994545 0.946566 0.981411 0.975723 0.952492 0.971084 0.971083 0.971083
0.989360 0.992336 1.011968 0.964102 1.002419 0.995855 0.972262 0.989025 0.989024 0.989024
0.977792 0.967619 0.992612 0.939457 0.986479 0.984505 0.957505 0.975246 0.975246 0.975246
0.980380 0.971299 0.995217 0.940136 0.988999 0.987556 0.958268 0.978068 0.978068 0.978068
0.967095 0.966440 0.985140 0.933906 0.981267 0.966956 0.952027 0.975289 0.975289 0.975289
0.979403 0.981015 1.002040 0.950358 0.997702 0.985661 0.968542 0.992578 0.992577 0.992577
0.986988 0.988612 1.009800 0.957718 1.005429 0.993295 0.976043 0.989293 0.989292 0.989292
0.928332 0.826584 0.949788 0.900802 0.945677 0.926540 0.918038 0.860764 0.860764 0.860764
0.999546 0.889992 1.022648 0.926189 1.018221 0.952653 0.988462 0.910319 0.910319 0.910319
0.992383 0.892105 1.004149 0.936029 1.021538 0.964735 0.998963 0.925457 0.925457 0.925457
1.012433 0.912751 1.029819 0.954029 1.045955 0.984531 1.019472 0.945477 0.945478 0.945478
0.998986 0.910895 1.026621 0.953274 1.048580 0.979578 0.997367 0.950987 0.950987 0.950987
1.002031 0.903171 1.031412 0.957884 1.052789 0.981482 0.989474 0.955959 0.955959 0.955959
1.004279 0.906058 1.037211 0.955651 1.055432 0.981161 0.991508 0.956949 0.956949 0.956949
0.989260 0.864135 1.028524 0.946446 1.050457 0.957767 0.979609 0.950672 0.950672 0.950672
0.998566 0.874059 1.030131 0.956595 1.062150 0.965222 0.979063 0.950745 0.950745 0.950745
0.978982 0.850698 1.006047 0.916142 1.038277 0.947878 0.952051 0.928510 0.928509 0.928509
0.997005 0.836349 1.013141 0.902508 1.052075 0.961701 0.950182 0.946240 0.946240 0.946240
0.998376 0.824272 1.019274 0.905037 1.031587 0.959778 0.948911 0.958230 0.958230 0.958230
0.998959 0.772768 1.014992 0.903957 1.032758 0.868854 0.944122 0.959390 0.959390 0.959390
0.984885 0.783121 1.008394 0.905126 1.045819 0.875571 0.960273 0.955051 0.955051 0.955051
1.042643 0.829046 1.067530 0.958206 1.107150 0.926917 1.016587 1.008515 1.008514 1.008514
1.004071 0.808389 0.946698 0.934331 1.059813 0.895805 0.982464 0.977199 0.977199 0.977199
1.030517 0.829292 0.971717 0.961378 1.087031 0.921627 1.007540 1.002849 1.002849 1.002849
1.044942 0.840900 0.985319 0.974836 1.102248 0.934528 1.021644 1.010717 1.010716 1.010716
1.005319 0.797120 0.949598 0.930120 1.052904 0.901842 0.933789 0.961567 0.961567 0.961567
1.030503 0.817088 0.973386 0.943541 1.079280 0.924434 0.947262 0.965332 0.965331 0.965331
1.031637 0.789203 0.936865 0.939173 1.067221 0.920676 0.948305 0.959955 0.959954 0.959954
1.072818 0.820706 0.972822 0.976663 1.109112 0.954688 0.986160 0.986563 0.986562 0.986562
1.073085 0.823503 0.967291 0.978604 1.109618 0.952034 0.989326 0.989995 0.989994 0.989994
0.974561 0.781302 0.895742 0.904181 1.052712 0.909489 0.939571 0.937781 0.937780 0.937780
1.032591 0.824836 0.950529 0.939455 1.116805 0.956201 0.993931 0.989210 0.989209 0.989209
0.942494 0.789209 0.857849 0.904822 1.075633 0.920950 0.957289 0.918648 0.918647 0.918647
1.007088 0.844070 0.916258 0.967269 1.151903 0.987886 1.015741 0.983083 0.983082 0.983082
0.995317 0.832835 0.905924 0.956484 1.128575 0.980854 1.008864 0.977389 0.977388 0.977388
0.994906 0.829253 0.911176 0.956815 1.131649 0.981578 1.011574 0.975601 0.975600 0.975600
0.987120 0.826060 0.901733 0.955391 1.079651 0.981448 1.011920 0.973829 0.973828 0.973828
0.991478 0.825741 0.888949 0.954231 1.063095 0.944727 1.013281 0.977592 0.977591 0.977591
1.011116 0.842096 0.881012 0.973130 1.084150 0.963438 1.033350 0.975356 0.975356 0.975356
0.887099 0.755735 0.712190 0.786656 0.876402 0.876614 0.939268 0.868077 0.868077 0.868077
0.957853 0.813214 0.791721 0.880837 0.959644 0.943287 1.046983 0.952924 0.952923 0.952923
0.887360 0.845023 0.823666 0.917676 0.993024 0.980989 1.069220 0.982199 0.982198 0.982198
0.908579 0.872554 0.849241 0.945228 1.021345 1.012844 1.106172 1.013048 1.013047 1.013047
0.820985 0.796051 0.785332 0.862948 0.922334 0.929519 0.904969 0.898957 0.898956 0.898956
0.919099 0.888085 0.876720 0.965661 1.024338 1.033146 1.009053 0.992616 0.992615 0.992615
0.923617 0.870217 0.862256 0.959540 1.025108 1.035639 1.014340 0.988568 0.988567 0.988567
0.939305 0.884252 0.867408 0.965890 1.036386 1.048868 1.027242 0.991032 0.991031 0.991031
0.928338 0.884155 0.865346 0.964841 1.031522 1.037982 1.010579 0.980918 0.980917 0.980917
0.950790 0.906178 0.886531 0.983777 1.053802 1.063990 1.037049 1.006029 1.006028 1.006028
0.776791 0.750999 0.733182 0.790353 0.777468 0.867711 0.764351 0.783446 0.783446 0.783446
0.972756 0.938821 0.910265 0.968571 0.972336 1.081186 0.948262 0.967872 0.967870 0.967870
0.952866 0.901581 0.862214 0.951901 0.953549 1.051831 0.926728 0.945415 0.945414 0.945414
0.972091 0.934302 0.890037 0.984377 0.986889 1.084910 0.958197 0.980430 0.980429 0.980429
0.928328 0.915522 0.864424 0.954499 0.957652 1.050237 0.927535 0.959022 0.959021 0.959021
0.962452 0.951234 0.894513 0.991730 0.992854 1.088842 0.963715 0.976949 0.976947 0.976947
0.941592 0.925728 0.853776 0.969245 0.971582 1.064155 0.938194 0.919172 0.919171 0.919171
0.968158 0.958226 0.875688 1.001126 1.003561 1.099762 0.958745 0.946395 0.946394 0.946394
0.966191 0.955521 0.878045 0.999809 1.007536 1.101265 0.957198 0.948529 0.948528 0.948528
0.963805 0.958979 0.875879 0.999251 1.008338 1.097619 0.960586 0.935869 0.935868 0.935868
0.981168 0.975329 0.891386 1.015743 1.025785 1.117880 0.973346 0.950759 0.950758 0.950758
0.979053 0.972061 0.891536 1.006985 1.022562 1.115181 0.966273 0.947354 0.947353 0.947353
0.947062 0.952974 0.879561 0.975567 1.003711 1.094623 0.954462 0.930011 0.930011 0.930011
0.926597 0.960411 0.866514 0.974959 0.991485 1.105110 0.951425 0.937045 0.937044 0.937044
0.920425 0.954865 0.846532 0.947313 0.984181 1.089512 0.930701 0.924231 0.924230 0.924230
0.924870 0.915240 0.817249 0.943507 0.990813 1.090090 0.895593 0.923634 0.923633 0.923633
0.965840 0.962571 0.856637 0.991437 1.043477 1.142730 0.938551 0.971254 0.971253 0.971253
0.957038 0.951822 0.843771 0.977544 1.027384 1.127194 0.910712 0.957511 0.957510 0.957510
0.888262 0.886181 0.772429 0.958753 1.007051 1.104853 0.892662 0.940365 0.940364 0.940364
0.929201 0.929702 0.812284 1.009385 1.058043 1.115877 0.939454 0.991463 0.991462 0.991462
0.854018 0.894209 0.780355 0.981954 1.031316 1.066375 0.904647 0.962990 0.962990 0.962990
0.893640 0.935696 0.816560 1.027512 1.079164 1.115850 0.946618 0.985329 0.985328 0.985328
0.865038 0.914474 0.791417 0.998161 1.052742 1.077547 0.912161 0.966479 0.966478 0.966478
0.885197 0.941503 0.812661 1.024110 1.082099 1.101999 0.938896 0.992372 0.992371 0.992371
0.856663 0.914494 0.801706 0.975822 1.059942 1.059739 0.911033 0.974459 0.974458 0.974458
0.877152 0.940286 0.824141 0.999597 1.078315 1.084601 0.932129 0.997139 0.997138 0.997138
0.885442 0.953691 0.836328 1.015055 1.090977 1.099014 0.943726 1.009852 1.009850 1.009850
0.852364 0.913242 0.804585 0.981550 1.012272 1.055672 0.903741 0.979667 0.979666 0.979666
0.867172 0.919380 0.823335 1.004424 1.025438 1.073866 0.927640 0.992184 0.992183 0.992183
0.843430 0.887588 0.802920 0.987239 1.001106 1.047748 0.898334 0.972199 0.972198 0.972198
0.887781 0.933052 0.843655 1.037973 1.053692 1.098305 0.945608 1.023284 1.023282 1.023282
0.883513 0.920595 0.837895 1.033831 1.047986 1.092149 0.938860 1.017515 1.017514 1.017514
0.886559 0.891816 0.838452 1.037396 1.048683 1.092875 0.942855 1.019753 1.019752 1.019752
0.891519 0.895310 0.840027 1.041551 1.049147 1.091734 0.948696 1.018552 1.018551 1.018551
0.888923 0.893776 0.803867 1.033507 1.046930 1.090708 0.939245 1.012363 1.012362 1.012362
0.850335 0.854000 0.768971 1.009623 1.000338 1.063325 0.915427 0.982823 0.982822 0.982822
0.852889 0.889965 0.802589 1.036803 1.041602 1.103328 0.948631 1.023628 1.023628 1.023628
0.855904 0.899846 0.811093 1.046563 1.052001 1.113436 0.956649 1.033109 1.033108 1.033108
0.748927 0.813926 0.733647 0.946634 0.951552 0.974271 0.865305 0.893001 0.893001 0.893001
0.841432 0.912503 0.819740 1.068137 1.069868 1.093870 0.973867 1.000721 1.000721 1.000721
0.827573 0.885612 0.808276 1.049996 1.063295 1.084416 0.956736 0.987514 0.987513 0.987513
0.840691 0.889797 0.818926 1.065604 1.081632 1.103347 0.970831 1.001536 1.001536 1.001536
0.838492 0.883177 0.812832 1.056853 1.076859 1.095747 0.954125 0.996294 0.996294 0.996294
0.850698 0.895521 0.818852 1.065375 1.086414 1.102757 0.959877 1.007617 1.007617 1.007617
