0.982300 0.984429 0.980451 0.984429 0.982300 0.982300 0.984429 0.965182 0.965182 0.965182
0.932284 0.960352 0.937692 0.948882 0.957566 0.952917 0.963868 0.924927 0.924927 0.924927
0.970499 0.999248 0.976212 0.990288 0.996179 0.994380 1.002579 0.962755 0.962755 0.962755
0.951532 0.945243 0.920209 0.965377 0.964735 0.969915 0.982985 0.937649 0.937649 0.937649
0.911227 0.902102 0.907277 0.958704 0.936896 0.925648 0.971794 0.912887 0.912887 0.912887
0.930429 0.924487 0.944347 0.963817 0.968262 0.939182 0.994894 0.945785 0.945785 0.945785
0.969254 0.963745 0.984037 0.999566 1.006118 0.979205 1.038441 0.986611 0.986611 0.986611
0.919525 0.941785 0.940015 0.968621 0.963695 0.958579 1.003717 0.963899 0.963899 0.963899
0.954738 0.977850 0.976012 1.005714 1.000599 0.995287 1.042153 0.994737 0.994737 0.994737
0.946186 0.968539 0.960452 0.990328 0.986082 0.978440 1.024137 0.982727 0.982727 0.982727
0.944017 0.953397 0.951042 0.974190 0.979631 0.976489 1.018185 0.978252 0.978252 0.978252
0.868494 0.916302 0.892149 0.911809 0.941478 0.944984 0.979555 0.938710 0.938710 0.938710
0.920229 0.962551 0.943375 0.966918 0.996952 1.000474 1.035477 0.993799 0.993799 0.993799
0.877893 0.911470 0.902365 0.932173 0.954656 0.957446 0.983561 0.955132 0.955132 0.955132
0.906307 0.947277 0.929263 0.966723 0.990060 0.993479 1.009165 0.987392 0.987392 0.987392
0.916037 0.958357 0.942406 0.972643 1.000956 1.001570 1.019808 0.996789 0.996790 0.996790
0.907146 0.944518 0.915983 0.957803 0.971748 0.950540 1.006822 0.986572 0.986572 0.986572
0.807777 0.943380 0.915967 0.959142 0.966533 0.950175 0.988310 0.977424 0.977424 0.977424
0.751476 0.886108 0.872074 0.901534 0.898635 0.897782 0.832445 0.892984 0.892984 0.892984
0.846285 1.002653 0.987289 1.021322 1.014306 1.014894 0.940246 1.008931 1.008931 1.008931
0.829803 0.987065 0.965586 1.007828 0.956338 1.002845 0.929524 0.995274 0.995274 0.995274
0.818160 0.966152 0.948379 0.970703 0.940164 0.990431 0.909024 0.977530 0.977530 0.977530
0.830879 0.989675 0.966468 0.992713 0.960330 0.998376 0.929743 1.003505 1.003504 1.003504
0.837994 1.005240 0.978381 1.007448 0.976766 1.010775 0.940997 1.019134 1.019133 1.019133
0.840477 0.973343 0.978557 1.010433 0.976942 1.010957 0.944544 1.020881 1.020880 1.020880
0.853157 0.989857 0.994329 1.027576 0.993552 1.027638 0.957122 1.036799 1.036798 1.036798
0.843348 0.978477 0.982897 1.015762 0.982129 1.015823 0.946118 1.002157 1.002157 1.002157
0.848041 0.980370 0.989876 1.001620 0.988842 1.013586 0.949866 1.003259 1.003259 1.003259
0.846185 0.974821 0.984941 0.998997 0.978821 1.004118 0.943982 0.987362 0.987361 0.987361
0.812055 0.831601 0.945215 0.958704 0.939342 0.955652 0.905908 0.876526 0.876526 0.876526
0.873378 0.865966 1.023383 1.036672 1.020780 1.018544 0.977239 0.950752 0.950751 0.950751
0.883041 0.870312 1.029955 1.043757 1.020208 1.028676 0.979306 0.965943 0.965943 0.965943
0.886522 0.864173 1.031290 1.046853 1.025633 1.034363 0.982082 0.968173 0.968173 0.968173
0.875399 0.823772 1.006994 0.999926 1.007673 1.017547 0.950360 0.956669 0.956669 0.956669
0.892969 0.819372 1.005317 1.008573 1.023639 1.035386 0.969748 0.967138 0.967138 0.967138
0.830159 0.797158 0.976910 0.992451 1.009259 1.000837 0.944561 0.950170 0.950170 0.950170
0.835219 0.809743 0.984098 1.002050 1.023301 1.004524 0.946005 0.968678 0.968678 0.968678
0.856203 0.826072 1.003943 1.021462 1.047122 1.025351 0.955584 0.990409 0.990409 0.990409
0.880402 0.849419 1.032317 1.050332 1.076717 1.054330 0.982592 1.015838 1.015837 1.015837
0.759154 0.757134 0.920162 0.936219 0.959737 0.909130 0.875839 0.865297 0.865296 0.865296
0.823862 0.829565 0.987606 1.034224 1.052477 1.006344 0.967523 0.961558 0.961558 0.961558
0.834772 0.841067 1.003922 1.050138 1.067772 1.020618 0.973788 0.974257 0.974257 0.974257
0.827187 0.843178 1.004159 1.051746 1.065545 1.012671 0.960503 0.966842 0.966842 0.966842
0.796907 0.833510 0.983855 1.028808 1.043087 0.988944 0.937959 0.954063 0.954063 0.954063
0.828870 0.869680 1.017246 1.071933 1.085150 1.025495 0.978469 0.995534 0.995534 0.995534
0.796093 0.846549 0.996455 1.031114 1.057582 0.999442 0.959646 0.970370 0.970370 0.970370
0.812224 0.864740 0.975723 1.046931 1.079875 1.021711 0.972167 0.986890 0.986890 0.986890
0.818285 0.871193 0.955306 1.054743 1.087933 1.029335 0.979421 0.972714 0.972715 0.972715
0.802475 0.855123 0.921382 1.011774 1.066157 1.001874 0.945877 0.947185 0.947186 0.947186
0.830839 0.887899 0.958961 1.046536 1.107842 1.037607 0.979624 0.982038 0.982038 0.982038
0.829597 0.893257 0.964265 1.051093 1.113294 1.041864 0.982952 0.986165 0.986166 0.986166
0.815962 0.878576 0.948416 0.987223 1.094997 0.978555 0.966796 0.952714 0.952714 0.952714
0.812387 0.879561 0.971846 1.007700 1.121824 1.002122 0.979743 0.963861 0.963862 0.963862
0.831358 0.900101 0.993070 1.031232 1.147287 1.022590 1.002622 0.974798 0.974799 0.974799
0.833527 0.901281 0.993909 1.032749 1.150219 1.021039 1.005276 0.977305 0.977305 0.977305
0.796869 0.895242 0.988769 1.010874 1.141564 1.009825 0.992942 0.970202 0.970202 0.970202
0.797773 0.897291 0.989869 1.010079 1.142755 1.011427 0.992235 0.971543 0.971543 0.971543
0.810428 0.911642 1.001876 1.023343 1.161035 1.026827 1.007467 0.984252 0.984252 0.984252
0.801815 0.900026 0.985789 1.016828 1.149539 1.015230 0.998486 0.971288 0.971289 0.971289
0.806168 0.905740 0.990725 1.022810 1.158346 1.024703 0.996884 0.978028 0.978029 0.978029
0.803900 0.902111 0.990239 1.013322 1.153946 1.021555 0.988988 0.973884 0.973884 0.973884
0.784537 0.867438 0.968061 0.980743 1.118136 1.000000 0.916937 0.939847 0.939848 0.939848
0.817490 0.902367 1.004995 1.020322 1.159133 1.035124 0.956022 0.972728 0.972728 0.972728
0.821521 0.906886 1.004854 1.017077 1.161014 1.035020 0.955016 0.974618 0.974619 0.974619
0.778872 0.858822 0.952687 0.984738 1.099481 1.000063 0.922522 0.937766 0.937767 0.937767
0.799591 0.891718 0.988116 1.023729 1.146792 1.035250 0.938998 0.981356 0.981356 0.981356
0.799591 0.893346 0.990694 0.982909 1.145689 1.016416 0.924729 0.983636 0.983637 0.983637
0.666472 0.755335 0.835895 0.805624 0.862352 0.845675 0.695348 0.781497 0.781498 0.781498
0.728294 0.844308 0.841626 0.811147 0.868264 0.958388 0.787223 0.866315 0.866316 0.866316
0.839999 0.979759 0.974071 0.938023 1.005922 1.104724 0.913295 1.002595 1.002595 1.002595
0.767691 0.938645 0.880224 0.904603 0.970083 1.065365 0.880756 0.932274 0.932275 0.932275
0.802931 0.971454 0.925998 0.951644 1.010260 1.114119 0.929402 0.970665 0.970666 0.970666
0.808809 0.984539 0.932779 0.960447 1.020987 1.121327 0.941845 0.967109 0.967110 0.967110
0.804883 0.995238 0.939255 0.968847 1.030759 1.128215 0.949933 0.978320 0.978321 0.978321
0.802976 0.997037 0.940752 0.966974 1.021706 1.125040 0.946978 0.975391 0.975392 0.975392
0.791717 0.921092 0.923125 0.951722 1.007935 1.003593 0.928446 0.962316 0.962317 0.962317
0.806859 0.950482 0.866345 0.982089 1.021067 1.026429 0.949572 0.986774 0.986775 0.986775
0.817868 0.963451 0.878166 0.985174 1.034998 1.040434 0.952554 0.979613 0.979615 0.979615
0.763250 0.901920 0.808317 0.971527 1.020069 1.025396 0.938787 0.967339 0.967340 0.967340
0.800694 0.945217 0.848222 1.020142 1.066963 1.076934 0.988793 1.013718 1.013719 1.013719
0.803410 0.947623 0.841884 1.013166 1.064283 1.076112 0.987984 1.002660 1.002661 1.002661
0.806771 0.949932 0.838151 0.995645 1.067344 1.075218 0.982878 0.993289 0.993290 0.993290
0.810286 0.950359 0.847032 1.000742 1.075358 1.081146 0.990220 0.996202 0.996203 0.996203
0.789645 0.907978 0.798202 0.978471 1.049169 1.046395 0.962767 0.968095 0.968096 0.968096
0.816567 0.940868 0.819001 1.013151 1.086793 1.080331 0.985764 0.991848 0.991849 0.991849
0.823317 0.937743 0.827104 1.023347 1.096833 1.088062 0.983051 1.002220 1.002221 1.002221
0.814719 0.927213 0.822339 1.013386 1.091896 1.080365 0.973191 0.996013 0.996014 0.996014
0.828459 0.942851 0.836208 1.030476 1.110311 1.098585 0.989604 0.995527 0.995528 0.995528
0.836535 0.952043 0.844360 1.040522 1.121135 1.109295 0.999252 0.994206 0.994206 0.994206
0.809278 0.916183 0.796920 1.005591 1.084881 1.072055 0.961942 0.924978 0.924978 0.924978
0.838269 0.951745 0.829815 1.048307 1.128629 1.072126 1.002431 0.965670 0.965670 0.965670
0.814422 0.882038 0.774580 1.009517 1.098605 1.037169 0.932672 0.933086 0.933086 0.933086
0.853867 0.926905 0.815645 1.063520 1.156386 1.094507 0.982304 0.983107 0.983107 0.983107
0.823152 0.888870 0.785817 1.029896 1.074508 1.052856 0.942040 0.955095 0.955096 0.955096
0.845888 0.911923 0.807857 1.058919 1.094620 1.086939 0.972876 0.987332 0.987332 0.987332
0.855064 0.920940 0.816371 1.068817 1.105718 1.099209 0.978859 0.995978 0.995978 0.995978
0.836578 0.889120 0.800740 1.045163 1.093172 1.084003 0.956606 0.977688 0.977688 0.977688
0.841054 0.901445 0.810636 1.057026 1.103966 1.098913 0.971724 0.990114 0.990114 0.990114
0.824801 0.870063 0.798684 1.038076 1.060092 1.074045 0.950364 0.981933 0.981933 0.981933
0.839038 0.883248 0.807629 1.050774 1.071524 1.087643 0.946721 0.993807 0.993807 0.993807
