0.960155 0.972339 0.968365 0.972975 0.973144 0.965531 0.970538 0.972953 0.972953 0.972953
0.958310 0.970471 0.966504 0.971105 0.971274 0.963676 0.968673 0.928680 0.928681 0.928681
0.951520 0.963309 0.962320 0.969090 0.975058 0.949320 0.969569 0.915831 0.915832 0.915832
0.954315 0.957349 0.959250 0.953921 0.970514 0.930593 0.916245 0.906499 0.906499 0.906499
0.990168 0.785855 0.995288 0.988326 1.006974 0.965554 0.950667 0.938511 0.938512 0.938512
1.015696 0.808258 1.017865 1.018699 1.037987 0.991556 0.978395 0.963894 0.963895 0.963895
1.021076 0.810200 1.021622 1.026854 1.045995 0.998190 0.986983 0.968739 0.968739 0.968739
1.005575 0.802095 1.010466 1.008684 1.031349 0.988072 0.969171 0.952341 0.952342 0.952342
0.955963 0.778852 0.977510 0.964359 0.985579 0.959812 0.935514 0.913796 0.913796 0.913796
1.010212 0.822259 1.026997 1.020424 1.038346 1.010005 0.989043 0.966145 0.966145 0.966145
0.956252 0.749890 0.953971 0.941138 0.965616 0.954019 0.909134 0.920924 0.920925 0.920925
0.965886 0.756297 0.986259 0.963445 0.993275 0.965523 0.915989 0.949188 0.949189 0.949189
1.001836 0.782313 1.023068 0.994529 1.024707 0.998534 0.949712 0.986496 0.986497 0.986497
0.927327 0.620942 0.917070 0.929969 0.958765 0.937813 0.753811 0.919908 0.919909 0.919909
0.993986 0.651623 0.986118 0.992138 0.992173 0.950423 0.796911 0.986615 0.986616 0.986616
0.993454 0.660350 0.990593 0.984988 1.004805 0.960173 0.814372 0.992229 0.992230 0.992230
0.982955 0.651547 0.960159 0.986495 1.009511 0.964296 0.812941 1.006856 1.006857 1.006857
1.026299 0.681867 0.998547 1.031045 1.053117 1.009384 0.845836 1.054212 1.054213 1.054213
1.022413 0.669726 0.970009 1.022259 1.042730 1.004933 0.840560 1.054189 1.054190 1.054190
1.030792 0.668678 0.977958 1.030637 1.019415 1.006471 0.847449 1.043586 1.043587 1.043587
0.988611 0.667355 0.972327 1.017686 1.015871 0.996644 0.809305 1.028586 1.028587 1.028587
0.999723 0.680492 0.986676 0.972680 1.032911 1.016412 0.807569 1.043751 1.043752 1.043752
1.002929 0.683770 0.995900 0.981315 1.043094 1.019667 0.812567 1.047715 1.047716 1.047716
1.010232 0.686154 1.002521 0.990386 1.053574 1.027944 0.822006 1.059939 1.059941 1.059941
0.982552 0.682350 0.978974 0.956552 1.039530 1.002141 0.808738 1.049642 1.049643 1.049643
0.992408 0.687339 0.993008 0.971844 1.052461 1.011432 0.822498 1.068129 1.068130 1.068130
0.972725 0.673097 0.971820 0.957002 1.024816 0.988605 0.801899 1.051422 1.051424 1.051424
0.954492 0.624563 0.954242 0.941320 1.012225 0.914289 0.767082 1.022926 1.022927 1.022927
1.016237 0.663735 1.015655 0.999206 1.077351 0.972368 0.815063 1.091257 1.091259 1.091259
0.975040 0.641662 0.880321 0.957762 1.038003 0.924231 0.753098 1.046398 1.046400 1.046400
0.963473 0.615093 0.876670 0.938289 1.006732 0.882793 0.721763 1.042109 1.042110 1.042110
0.994327 0.646952 0.927908 0.992245 1.063231 0.906794 0.762917 1.092471 1.092472 1.092472
0.986746 0.640797 0.916704 0.988444 1.048209 0.903169 0.756464 1.071521 1.071523 1.071523
1.009410 0.656927 0.943816 1.011739 1.075988 0.929881 0.776039 1.089652 1.089653 1.089653
1.023027 0.662362 0.952277 1.023108 1.091248 0.941952 0.786819 1.107656 1.107657 1.107657
1.011705 0.655032 0.760521 1.011785 1.079172 0.931527 0.778112 1.079697 1.079698 1.079698
1.006820 0.648335 0.755823 0.996525 1.071766 0.923271 0.779242 1.055027 1.055029 1.055029
0.938646 0.651915 0.727454 1.004247 1.078250 0.923028 0.777333 1.048454 1.048455 1.048455
0.361079 0.627081 0.701485 0.962681 0.984189 0.888135 0.748297 1.010743 1.010744 1.010744
0.414885 0.723791 0.816866 1.086933 1.096375 1.024913 0.863255 1.181840 1.181842 1.181842
0.404560 0.702935 0.793328 1.032184 1.029307 0.978249 0.813992 1.132690 1.132692 1.132692
0.439934 0.764399 0.862696 1.122438 1.119309 1.063787 0.885167 1.223141 1.223143 1.223143
0.427886 0.745518 0.842859 1.095059 1.088697 1.038270 0.854510 1.178086 1.178087 1.178087
0.393405 0.663608 0.756443 1.033874 1.020335 0.954599 0.785648 1.117412 1.117413 1.117413
0.406688 0.685525 0.774823 1.048738 0.976916 0.985921 0.808436 1.152954 1.152956 1.152956
0.411607 0.656199 0.784179 1.041455 0.994583 0.989304 0.773853 1.165183 1.165185 1.165185
0.427749 0.684157 0.817571 1.066805 1.047279 1.042748 0.814832 1.220581 1.220583 1.220583
0.428752 0.668537 0.824187 1.077164 1.053984 1.020307 0.821128 1.229460 1.229462 1.229462
0.430166 0.662661 0.826711 1.071646 1.051763 0.999511 0.811339 1.236703 1.236705 1.236705
0.401796 0.618957 0.724761 0.975253 0.931972 0.854519 0.743097 1.139982 1.139984 1.139984
0.420049 0.645258 0.760828 1.024508 0.971521 0.908325 0.769507 1.195403 1.195405 1.195405
0.423399 0.644317 0.756354 1.052220 0.952599 0.939984 0.776492 1.249763 1.249765 1.249765
0.439841 0.659181 0.785725 1.095718 0.949841 0.936440 0.806645 1.299944 1.299946 1.299946
0.447307 0.670370 0.799062 1.127411 0.977314 0.963526 0.829976 1.333711 1.333714 1.333714
0.428687 0.644049 0.767120 1.087287 0.929967 0.914373 0.783542 1.244450 1.244452 1.244452
0.423323 0.643605 0.773677 1.092003 0.857157 0.886004 0.790239 1.230286 1.230288 1.230288
0.443538 0.682931 0.817110 1.154733 0.904733 0.917184 0.837658 1.298669 1.298671 1.298671
0.418469 0.667769 0.791928 1.125891 0.884311 0.886574 0.800083 1.271478 1.271480 1.271480
0.430679 0.687509 0.807746 1.165192 0.915655 0.887944 0.814188 1.315754 1.315756 1.315756
0.421891 0.667592 0.797708 1.158419 0.865615 0.855045 0.807166 1.313826 1.313828 1.313828
0.401556 0.582992 0.757388 1.100327 0.842207 0.812166 0.704878 1.280980 1.280983 1.280983
0.429061 0.622791 0.789554 1.184643 0.903671 0.859812 0.757526 1.367150 1.367152 1.367152
0.431442 0.623254 0.788716 1.190899 0.905149 0.848740 0.755403 1.376031 1.376034 1.376034
0.422088 0.603507 0.786986 1.179436 0.875115 0.838126 0.743678 1.373490 1.373493 1.373493
0.411628 0.585569 0.784167 1.176141 0.866392 0.833445 0.722208 1.360197 1.360199 1.360199
0.410158 0.578553 0.766982 1.154288 0.777159 0.818612 0.698180 1.340401 1.340404 1.340404
0.433959 0.614568 0.811805 1.226768 0.828038 0.864519 0.738114 1.425018 1.425021 1.425021
0.427519 0.607555 0.797821 1.209858 0.817907 0.791173 0.729840 1.399072 1.399075 1.399075
0.422932 0.597282 0.791672 1.170710 0.816159 0.751616 0.710266 1.395036 1.395039 1.395039
0.394370 0.556945 0.738207 1.091648 0.497133 0.457818 0.662299 1.284948 1.284951 1.284951
0.437072 0.618868 0.817872 1.180360 0.550963 0.507023 0.736275 1.452183 1.452186 1.452186
0.460199 0.654704 0.868559 1.255358 0.581868 0.536745 0.769323 1.526108 1.526111 1.526111
0.459583 0.657022 0.867276 1.258480 0.578448 0.534586 0.771183 1.505190 1.505194 1.505194
0.471672 0.673251 0.884324 1.289841 0.592703 0.546939 0.790473 1.546197 1.546200 1.546200
0.421272 0.601286 0.771855 1.125799 0.517322 0.378850 0.569260 1.385568 1.385572 1.385572
0.477973 0.676536 0.874755 1.276746 0.578333 0.429661 0.643972 1.572799 1.572804 1.572804
0.471608 0.669141 0.865793 1.266667 0.573395 0.424750 0.626678 1.544233 1.544238 1.544238
0.476065 0.680989 0.872434 1.271523 0.577114 0.424607 0.635513 1.573089 1.573093 1.573093
0.479615 0.687978 0.879642 1.283671 0.582565 0.421484 0.641152 1.576359 1.576363 1.576363
0.477995 0.678995 0.835711 1.278961 0.580544 0.418438 0.613878 1.559739 1.559744 1.559744
0.450304 0.664700 0.818116 1.252035 0.568322 0.409628 0.600954 1.460695 1.460699 1.460699
0.451843 0.675247 0.833806 1.256315 0.570265 0.411029 0.612479 1.439783 1.439786 1.439786
0.479215 0.726096 0.887460 1.354717 0.613807 0.442340 0.658807 1.548941 1.548944 1.548944
0.476691 0.724515 0.884950 1.360488 0.613934 0.443282 0.659101 1.555332 1.555335 1.555335
0.471745 0.718007 0.882356 1.351640 0.611798 0.438371 0.657381 1.554917 1.554921 1.554921
0.469177 0.715999 0.880152 1.306312 0.606859 0.435796 0.655416 1.549707 1.549711 1.549711
0.455905 0.623551 0.843051 1.261765 0.585222 0.417904 0.633120 1.476463 1.476467 1.476467
0.372282 0.600859 0.816663 1.230867 0.536040 0.403321 0.610831 1.396043 1.396047 1.396047
0.399510 0.638777 0.875639 1.320050 0.575064 0.435080 0.608295 1.498181 1.498185 1.498185
0.416776 0.667805 0.921230 1.389752 0.604176 0.456455 0.638600 1.576598 1.576602 1.576602
0.417142 0.669069 0.922794 1.369781 0.604119 0.455943 0.638857 1.578226 1.578230 1.578230
0.412499 0.667992 0.919780 1.367187 0.603283 0.454023 0.635860 1.575435 1.575439 1.575439
0.390916 0.616204 0.874372 1.296634 0.580624 0.438120 0.552538 1.524770 1.524774 1.524774
0.383360 0.626589 0.881527 1.310331 0.593215 0.442468 0.561003 1.561385 1.561389 1.561389
0.371578 0.607874 0.864108 1.311449 0.574983 0.436056 0.562781 1.560596 1.560600 1.560600
0.378746 0.625306 0.886917 1.306630 0.586075 0.442614 0.575289 1.580266 1.580270 1.580270
0.381845 0.625514 0.889213 1.319702 0.585565 0.442632 0.580184 1.582691 1.582695 1.582695
0.381867 0.627621 0.901009 1.346021 0.594202 0.447087 0.580032 1.614112 1.614116 1.614116
0.366368 0.604530 0.869031 1.294119 0.569332 0.432388 0.552214 1.563906 1.563909 1.563909
0.374822 0.598914 0.842763 1.282097 0.564043 0.442365 0.564955 1.590473 1.590475 1.590475
