0.974398 0.971748 0.974494 0.969743 0.969161 0.971552 0.974019 0.976358 0.976358 0.976358
0.984584 0.980091 0.984376 0.976942 0.978972 0.980635 0.982225 0.988522 0.988522 0.988522
0.929942 0.924295 0.951626 0.935171 0.941639 0.928031 0.925386 0.952717 0.952717 0.952717
0.967705 0.948293 0.965624 0.968521 0.973899 0.965112 0.960594 0.995151 0.995151 0.995151
0.915633 0.870440 0.920799 0.908552 0.904463 0.882710 0.881545 0.949001 0.949001 0.949001
0.978105 0.926324 0.983005 0.972430 0.968826 0.943716 0.945743 1.018163 1.018163 1.018163
0.960949 0.921626 0.974021 0.968130 0.964709 0.932356 0.939203 1.013638 1.013638 1.013638
0.916257 0.878136 0.920217 0.905793 0.851935 0.888174 0.891401 0.964666 0.964667 0.964667
0.971863 0.736894 0.976063 0.959373 0.903637 0.942076 0.945498 1.020987 1.020987 1.020987
0.990645 0.743840 0.948440 0.977627 0.921017 0.956573 0.925900 1.033235 1.033236 1.033236
1.001554 0.755985 0.963034 0.985871 0.932274 0.972060 0.933373 1.042762 1.042762 1.042762
0.995965 0.745914 0.952348 0.982142 0.918749 0.958831 0.928466 1.030107 1.030107 1.030107
0.963378 0.682388 0.921168 0.932134 0.893945 0.919518 0.849394 0.994936 0.994936 0.994936
1.021213 0.721407 0.980629 0.993919 0.949870 0.973986 0.906611 1.062581 1.062582 1.062582
1.014460 0.718179 0.980437 0.987923 0.946847 0.973795 0.903176 1.049313 1.049314 1.049314
0.977310 0.689093 0.940730 0.926875 0.878231 0.918276 0.841389 0.993575 0.993575 0.993575
1.023679 0.703659 0.991012 0.977985 0.923623 0.938943 0.886041 1.045833 1.045834 1.045834
1.032904 0.709846 0.975584 0.994306 0.935854 0.938685 0.899207 1.054043 1.054043 1.054043
1.041426 0.717696 0.984420 1.004597 0.945437 0.932514 0.907901 1.057066 1.057066 1.057066
1.040803 0.711294 0.982721 1.003539 0.930997 0.931564 0.904677 1.056930 1.056930 1.056930
1.038156 0.711443 0.984647 1.004067 0.928664 0.932441 0.895650 1.043997 1.043998 1.043998
1.021841 0.694141 0.977066 1.003009 0.882117 0.902192 0.892176 1.047459 1.047459 1.047459
1.041274 0.707342 0.995648 1.022084 0.898893 0.919350 0.909144 1.020772 1.020773 1.020773
1.034156 0.702298 0.991586 1.020219 0.902621 0.905881 0.910213 1.006901 1.006902 1.006902
1.045942 0.687832 0.950637 0.999203 0.884028 0.916205 0.920586 1.012317 1.012317 1.012317
1.079384 0.709824 0.981032 1.043267 0.923013 0.956609 0.961183 1.053931 1.053931 1.053931
1.071416 0.706457 0.970850 1.040565 0.920681 0.950610 0.957236 1.047441 1.047442 1.047442
1.035913 0.688231 0.847976 1.005099 0.893897 0.910520 0.891285 1.012131 1.012131 1.012131
1.040139 0.687537 0.869945 1.031953 0.911177 0.932230 0.891169 1.031998 1.031998 1.031998
0.988571 0.560333 0.800699 0.990811 0.875378 0.898993 0.726290 0.988116 0.988117 0.988117
1.089702 0.614705 0.876810 1.091881 0.961175 0.972802 0.793941 1.090228 1.090229 1.090229
1.049727 0.616199 0.875612 1.082924 0.962065 0.967560 0.761555 1.079306 1.079306 1.079306
1.008010 0.598798 0.858748 1.057633 0.862293 0.911691 0.746888 1.037602 1.037603 1.037603
1.021112 0.584411 0.853651 1.043894 0.858156 0.921573 0.734711 1.058428 1.058429 1.058429
1.105346 0.632620 0.924070 1.130007 0.928947 0.997596 0.795319 1.137750 1.137750 1.137750
1.021758 0.606356 0.878153 1.076392 0.894610 0.949662 0.761150 1.098192 1.098192 1.098192
0.962514 0.571174 0.808409 0.990903 0.823559 0.693800 0.578137 1.037953 1.037954 1.037954
0.982866 0.629068 0.852223 1.093757 0.907510 0.759727 0.631689 1.129798 1.129799 1.129799
1.002033 0.637859 0.867665 1.103597 0.923317 0.771402 0.648071 1.130974 1.130975 1.130975
1.010367 0.637736 0.858777 1.096015 0.838104 0.766715 0.633986 1.127813 1.127814 1.127814
1.074726 0.676406 0.912021 1.168970 0.893634 0.816684 0.676705 1.199329 1.199331 1.199331
1.023953 0.609404 0.869515 1.116419 0.857019 0.733355 0.628522 1.132935 1.132936 1.132936
1.015723 0.606090 0.862244 1.080451 0.850132 0.726934 0.625393 1.146006 1.146007 1.146007
1.052168 0.630683 0.905205 1.099789 0.853790 0.756288 0.650433 1.208062 1.208063 1.208063
1.064881 0.641329 0.924025 1.124309 0.866715 0.769573 0.653272 1.220326 1.220328 1.220328
1.062529 0.643038 0.921856 1.126122 0.860869 0.765810 0.654281 1.202550 1.202552 1.202552
0.975379 0.571494 0.826050 1.061543 0.805555 0.702998 0.600616 1.138837 1.138839 1.138839
1.038112 0.607700 0.877831 1.135076 0.851738 0.746124 0.635846 1.217268 1.217269 1.217269
1.058889 0.620736 0.902136 1.162326 0.874839 0.760517 0.653662 1.254316 1.254317 1.254317
0.990405 0.587793 0.857042 1.087152 0.818259 0.711330 0.620988 1.152456 1.152457 1.152457
1.051621 0.624124 0.734902 1.154348 0.868835 0.755297 0.659371 1.206148 1.206150 1.206150
1.082135 0.643943 0.758466 1.154290 0.891680 0.776877 0.680178 1.243757 1.243758 1.243758
1.068519 0.643941 0.754916 1.150310 0.886974 0.757905 0.679474 1.237285 1.237287 1.237287
1.072583 0.655366 0.760483 1.174009 0.903593 0.771979 0.691746 1.259837 1.259838 1.259838
1.001716 0.606335 0.700471 1.117185 0.820907 0.740197 0.646746 1.220366 1.220367 1.220367
0.976964 0.589693 0.685998 1.094873 0.798332 0.734018 0.624800 1.193843 1.193844 1.193844
0.819426 0.583660 0.682566 1.097058 0.751094 0.727637 0.619170 1.159462 1.159464 1.159464
0.832804 0.593189 0.651102 1.086324 0.724173 0.676882 0.617044 1.162928 1.162929 1.162929
0.863608 0.639210 0.701616 1.170604 0.780357 0.729396 0.664916 1.198814 1.198815 1.198815
0.901050 0.668535 0.734314 1.228068 0.818131 0.762475 0.684226 1.244646 1.244648 1.244648
0.862112 0.662912 0.721722 1.214281 0.810943 0.747422 0.662750 1.235773 1.235774 1.235774
0.324013 0.622999 0.679957 1.137261 0.723182 0.702633 0.623326 1.163934 1.163935 1.163935
0.344249 0.661907 0.722422 1.208286 0.501905 0.487644 0.662255 1.221533 1.221534 1.221534
0.386314 0.740714 0.794183 1.372511 0.571917 0.555451 0.749797 1.405862 1.405863 1.405863
0.386814 0.726122 0.797739 1.367834 0.552869 0.525848 0.740466 1.408509 1.408510 1.408510
0.381614 0.731702 0.800858 1.357102 0.548281 0.530094 0.741738 1.402529 1.402529 1.402529
0.388757 0.740741 0.818340 1.352277 0.563395 0.518581 0.743332 1.440110 1.440110 1.440110
0.398461 0.765572 0.841686 1.310014 0.580618 0.536043 0.751802 1.481173 1.481174 1.481174
0.385858 0.751689 0.819201 1.260112 0.569717 0.524695 0.744373 1.443259 1.443260 1.443260
0.391177 0.755119 0.825421 1.253805 0.573196 0.519908 0.711043 1.444005 1.444006 1.444006
0.407725 0.789506 0.862446 1.319356 0.600729 0.545929 0.745377 1.519299 1.519299 1.519299
0.404824 0.787017 0.856643 1.315869 0.600650 0.541046 0.739494 1.515762 1.515762 1.515762
0.395995 0.772400 0.849026 1.312762 0.596180 0.534541 0.723132 1.512049 1.512049 1.512049
0.393539 0.768841 0.848926 1.311996 0.596411 0.531223 0.720784 1.503557 1.503557 1.503557
0.399179 0.779110 0.856105 1.332548 0.603122 0.536566 0.731439 1.525884 1.525884 1.525884
0.399863 0.781236 0.858274 1.314495 0.603568 0.536412 0.732344 1.528733 1.528733 1.528733
0.399374 0.776264 0.853396 1.309968 0.603242 0.535486 0.731737 1.531432 1.531433 1.531433
0.391025 0.750880 0.835361 1.271819 0.587450 0.511918 0.705573 1.503295 1.503296 1.503296
0.384437 0.731328 0.820581 1.249596 0.577371 0.505922 0.643725 1.478001 1.478002 1.478002
0.388614 0.662563 0.817662 1.255616 0.579220 0.504700 0.646882 1.464886 1.464886 1.464886
0.379722 0.593990 0.796983 1.224375 0.578547 0.492142 0.579932 1.466255 1.466256 1.466256
0.389250 0.592701 0.819529 1.256049 0.602304 0.513699 0.545106 1.535028 1.535029 1.535029
0.401708 0.616672 0.844265 1.289035 0.619755 0.524999 0.565140 1.598648 1.598649 1.598649
0.401257 0.616210 0.835777 1.294758 0.622830 0.510331 0.558173 1.605614 1.605615 1.605615
0.403199 0.625153 0.846500 1.313176 0.632013 0.516389 0.564526 1.628659 1.628661 1.628661
0.389201 0.597278 0.833386 1.283202 0.602898 0.503135 0.548357 1.603985 1.603986 1.603986
0.379262 0.584328 0.816417 1.253076 0.586726 0.494226 0.530248 1.578473 1.578475 1.578475
0.380897 0.588295 0.821351 1.266408 0.585063 0.491496 0.524578 1.543429 1.543430 1.543430
0.389158 0.614560 0.842540 1.284877 0.606399 0.503342 0.542159 1.605575 1.605577 1.605577
0.398482 0.623193 0.862727 1.315663 0.602110 0.511995 0.555149 1.614279 1.614281 1.614281
0.377093 0.590269 0.825663 1.285620 0.569791 0.492632 0.543727 1.575274 1.575277 1.575277
0.384385 0.607224 0.847496 1.280953 0.580809 0.500064 0.555838 1.595202 1.595205 1.595205
0.383207 0.604211 0.841110 1.281910 0.575234 0.500353 0.553668 1.571801 1.571803 1.571803
0.385691 0.610111 0.849303 1.271751 0.586633 0.510771 0.564624 1.594667 1.594669 1.594669
0.399089 0.630318 0.873114 1.314154 0.606029 0.526868 0.583502 1.651573 1.651575 1.651575
0.388200 0.603817 0.849292 1.281384 0.565815 0.491476 0.567582 1.608553 1.608555 1.608555
0.381532 0.604815 0.856075 1.290470 0.569082 0.480771 0.571344 1.605899 1.605901 1.605901
0.390501 0.620480 0.872747 1.322152 0.581957 0.493327 0.582741 1.648274 1.648277 1.648277
0.383180 0.610965 0.854309 1.298753 0.572556 0.449681 0.573921 1.611841 1.611844 1.611844
0.390035 0.623223 0.876970 1.334135 0.586937 0.460320 0.587886 1.655028 1.655031 1.655031
