0.982838 0.976583 0.977636 0.984378 0.974667 0.976643 0.983098 0.983098 0.983098 0.983098
0.994680 0.989786 0.989613 0.996841 0.985696 0.989366 0.994402 0.994402 0.994403 0.994403
0.990053 0.983817 0.984958 0.989904 0.976185 0.981895 0.993123 0.993123 0.993123 0.993123
0.977180 0.972279 0.978298 0.985722 0.955918 0.972490 0.990534 0.990534 0.990534 0.990534
0.978988 0.978791 0.980066 0.995010 0.956905 0.981269 0.997987 0.997987 0.997987 0.997987
0.975153 0.974306 0.971950 0.992117 0.944582 0.976354 0.993868 0.993868 0.993868 0.993868
0.982348 0.982541 0.977497 0.996284 0.951587 0.983591 1.002760 1.002760 1.002760 1.002760
0.960626 0.975400 0.965068 0.986501 0.921820 0.974694 0.996100 0.996100 0.996100 0.996100
0.970970 0.989352 0.969709 0.998990 0.931568 0.988074 1.010160 1.010160 1.010160 1.010160
0.967503 0.986317 0.969082 0.998183 0.929768 0.980325 1.010972 1.010972 1.010972 1.010972
0.955953 0.970360 0.957546 0.986291 0.906933 0.953521 0.996364 0.996364 0.996364 0.996364
0.948986 0.980920 0.955166 0.980936 0.916476 0.960981 1.006220 1.006220 1.006220 1.006220
0.953068 0.987137 0.959785 0.989850 0.923084 0.968371 1.014866 1.014866 1.014866 1.014866
0.942045 0.968737 0.934874 0.978229 0.905553 0.944854 0.992224 0.992224 0.992224 0.992224
0.968239 0.998293 0.961393 1.005851 0.931825 0.966005 1.020805 1.020805 1.020805 1.020805
0.955455 0.985924 0.953659 0.997112 0.924339 0.959353 1.012909 1.012909 1.012908 1.012908
0.922450 0.947327 0.916711 0.960882 0.884760 0.925450 0.958163 0.958163 0.958162 0.958162
0.953849 0.975142 0.955984 0.993103 0.908345 0.962335 1.003836 1.003836 1.003835 1.003835
0.965125 0.982759 0.966562 0.999054 0.914427 0.971739 1.015716 1.015716 1.015715 1.015715
0.969020 0.980791 0.967209 1.003540 0.917461 0.975320 1.021632 1.021632 1.021632 1.021632
0.964593 0.966275 0.964179 0.991449 0.904072 0.971728 1.018027 1.018027 1.018026 1.018026
0.971439 0.968809 0.970664 0.996810 0.909610 0.977082 1.024026 1.024026 1.024025 1.024025
0.965738 0.965700 0.970835 0.995777 0.908240 0.977008 1.022628 1.022628 1.022627 1.022627
0.961112 0.968827 0.968685 0.996894 0.912423 0.981620 1.028134 1.028134 1.028133 1.028133
0.928578 0.935549 0.928665 0.967688 0.880585 0.940055 0.977742 0.977742 0.977741 0.977741
0.962660 0.967610 0.960827 0.992764 0.909454 0.969544 1.014905 1.014905 1.014904 1.014904
0.968790 0.975493 0.962130 0.998223 0.911744 0.974562 1.024004 1.024004 1.024004 1.024004
0.965411 0.974940 0.960981 0.987290 0.910614 0.973184 1.024305 1.024305 1.024304 1.024304
0.947992 0.947687 0.922246 0.957077 0.877611 0.941922 1.012118 1.012118 1.012118 1.012118
0.969841 0.968963 0.944568 0.976163 0.892176 0.962647 1.037366 1.037366 1.037365 1.037365
0.966364 0.968767 0.943431 0.972618 0.888891 0.963270 1.036323 1.036323 1.036322 1.036322
0.957827 0.962678 0.933740 0.963959 0.877240 0.951620 1.035596 1.035596 1.035595 1.035595
0.959774 0.965567 0.935657 0.966729 0.873188 0.950918 1.040386 1.040386 1.040384 1.040384
0.963832 0.968630 0.936193 0.963137 0.874827 0.952485 1.045143 1.045143 1.045142 1.045142
0.970267 0.975496 0.942457 0.968441 0.880968 0.956594 1.053121 1.053121 1.053120 1.053120
0.948465 0.931859 0.894840 0.926754 0.861688 0.934384 1.014930 1.014930 1.014929 1.014929
0.971450 0.956658 0.913406 0.946236 0.883709 0.953113 1.043320 1.043320 1.043319 1.043319
0.945226 0.923847 0.889233 0.925360 0.862516 0.927188 1.003363 1.003363 1.003362 1.003362
0.963704 0.943704 0.910893 0.946042 0.885405 0.950689 1.034058 1.034058 1.034057 1.034057
0.969657 0.956227 0.922092 0.953473 0.893643 0.961554 1.045897 1.045897 1.045896 1.045896
0.980617 0.967153 0.933038 0.964955 0.904120 0.972371 1.057959 1.057959 1.057957 1.057957
0.960961 0.947370 0.886303 0.947620 0.868193 0.957144 1.040139 1.040139 1.040137 1.040137
0.962502 0.948579 0.898139 0.947869 0.878628 0.968007 1.053698 1.053698 1.053696 1.053696
0.966599 0.952552 0.901655 0.954674 0.884287 0.973232 1.061072 1.061072 1.061071 1.061071
0.974786 0.955484 0.909373 0.962733 0.890485 0.979210 1.069968 1.069968 1.069966 1.069966
0.966857 0.942713 0.903614 0.949747 0.884456 0.972066 1.061836 1.061836 1.061834 1.061834
0.974259 0.951170 0.910838 0.956719 0.889045 0.980659 1.072328 1.072328 1.072326 1.072326
0.952872 0.939071 0.899609 0.939801 0.873682 0.961666 1.058235 1.058235 1.058233 1.058233
0.884525 0.884056 0.800181 0.886613 0.821732 0.904435 1.000054 1.000054 1.000053 1.000053
0.939810 0.943286 0.855523 0.928235 0.878256 0.953506 1.068609 1.068609 1.068608 1.068608
0.946375 0.948455 0.860144 0.935529 0.880890 0.958211 1.080025 1.080025 1.080023 1.080023
0.929629 0.944189 0.857461 0.936732 0.878585 0.954732 1.078139 1.078139 1.078137 1.078137
0.919322 0.951895 0.860627 0.942616 0.884649 0.959703 1.087654 1.087654 1.087652 1.087652
0.922097 0.955466 0.863161 0.944187 0.885260 0.963165 1.094021 1.094021 1.094019 1.094019
0.921911 0.954714 0.863752 0.944930 0.885509 0.964592 1.097404 1.097404 1.097402 1.097402
0.913707 0.942634 0.855676 0.937924 0.879153 0.952783 1.091292 1.091292 1.091291 1.091291
0.916880 0.945195 0.860062 0.944440 0.884092 0.950390 1.098377 1.098377 1.098375 1.098375
0.890476 0.930561 0.838342 0.928931 0.870439 0.906581 1.086257 1.086257 1.086255 1.086255
0.877525 0.916281 0.828073 0.919873 0.862306 0.897067 1.059037 1.059037 1.059036 1.059036
0.897688 0.927617 0.842098 0.937189 0.875782 0.897517 1.073244 1.073244 1.073243 1.073243
