0.981065 0.982014 0.981085 0.981888 0.974553 0.978353 0.983603 0.983603 0.983604 0.983604
0.992052 0.994453 0.992270 0.993485 0.984754 0.990265 0.994078 0.994078 0.994078 0.994078
0.984958 0.990236 0.987442 0.978993 0.979918 0.985230 0.990715 0.990715 0.990715 0.990715
0.973584 0.968655 0.970277 0.963760 0.961644 0.952457 0.970122 0.970122 0.970122 0.970122
0.994614 0.985656 0.990495 0.978905 0.977439 0.971059 0.991089 0.991089 0.991090 0.991090
0.975552 0.968608 0.976094 0.962780 0.965277 0.957863 0.982623 0.982623 0.982623 0.982623
0.990142 0.984142 0.989048 0.974097 0.979749 0.972222 0.998872 0.998872 0.998872 0.998872
0.976065 0.969832 0.986425 0.958962 0.975864 0.967725 0.995909 0.995909 0.995910 0.995910
0.989277 0.983080 1.000339 0.972653 0.989485 0.980772 1.009619 1.009619 1.009619 1.009619
0.965036 0.954655 0.984135 0.948356 0.958349 0.962123 0.997862 0.997862 0.997862 0.997862
0.961386 0.944237 0.966140 0.944602 0.947550 0.946149 0.983281 0.983281 0.983281 0.983281
0.984392 0.970215 0.983428 0.969017 0.970040 0.971628 1.010146 1.010146 1.010145 1.010145
0.978287 0.958063 0.972157 0.964516 0.956010 0.959517 1.004147 1.004147 1.004146 1.004146
0.965418 0.958163 0.973604 0.970220 0.957916 0.960452 1.007027 1.007027 1.007027 1.007027
0.963750 0.963249 0.977830 0.970159 0.959232 0.963797 1.010554 1.010554 1.010554 1.010554
0.965744 0.965179 0.979522 0.974997 0.963309 0.966890 1.015411 1.015411 1.015411 1.015411
0.956601 0.956829 0.975321 0.970185 0.959188 0.963867 1.011371 1.011371 1.011371 1.011371
0.947486 0.956658 0.975533 0.965135 0.954587 0.957207 1.010758 1.010758 1.010758 1.010758
0.943253 0.956414 0.977263 0.946755 0.955944 0.945535 1.011972 1.011972 1.011972 1.011972
0.942236 0.957840 0.974794 0.945669 0.950797 0.941410 1.019175 1.019175 1.019175 1.019175
0.953957 0.972306 0.987459 0.957835 0.963753 0.948094 1.032856 1.032856 1.032856 1.032856
0.949734 0.962895 0.984872 0.948447 0.960806 0.944694 1.028836 1.028836 1.028836 1.028836
0.945430 0.963170 0.980368 0.951286 0.955671 0.947150 1.029975 1.029975 1.029975 1.029975
0.947551 0.967037 0.977673 0.952595 0.954151 0.948150 1.034950 1.034950 1.034950 1.034950
0.949199 0.964416 0.979013 0.952652 0.954889 0.948302 1.035511 1.035511 1.035510 1.035510
0.918198 0.932436 0.939723 0.925881 0.922704 0.909266 0.985970 0.985970 0.985969 0.985969
0.950339 0.964431 0.968357 0.959262 0.946412 0.940063 1.020268 1.020268 1.020267 1.020267
0.919232 0.928412 0.932584 0.926141 0.907587 0.908542 0.966934 0.966934 0.966933 0.966933
0.948827 0.948631 0.940784 0.943732 0.919444 0.924346 1.004311 1.004311 1.004310 1.004310
0.960037 0.959438 0.922714 0.956909 0.911612 0.939452 1.019496 1.019496 1.019495 1.019495
0.981207 0.981874 0.943378 0.977704 0.929433 0.961296 1.044277 1.044277 1.044276 1.044276
0.939852 0.933433 0.904111 0.941245 0.893017 0.920586 0.988644 0.988644 0.988643 0.988643
0.977367 0.970126 0.941262 0.975845 0.922807 0.956356 1.030015 1.030015 1.030013 1.030013
0.974759 0.963872 0.938323 0.974698 0.921941 0.950585 1.030717 1.030717 1.030716 1.030716
0.980799 0.969276 0.944973 0.981706 0.928102 0.958084 1.040520 1.040520 1.040519 1.040519
0.969459 0.960013 0.934544 0.974980 0.920027 0.950202 1.032884 1.032884 1.032883 1.032883
0.950121 0.958085 0.920335 0.957322 0.917854 0.945426 1.029801 1.029801 1.029800 1.029800
0.955733 0.971519 0.928166 0.968696 0.931992 0.960098 1.046473 1.046473 1.046472 1.046472
0.949943 0.964189 0.921091 0.963661 0.922678 0.952338 1.043951 1.043951 1.043950 1.043950
0.953013 0.966576 0.925590 0.970124 0.927639 0.949718 1.050476 1.050476 1.050475 1.050475
0.876265 0.901318 0.815481 0.906539 0.864205 0.884726 0.983306 0.983306 0.983305 0.983305
0.950638 0.972589 0.884773 0.983453 0.936195 0.957601 1.066673 1.066673 1.066671 1.066671
0.913838 0.934178 0.852503 0.949980 0.904703 0.924314 1.014440 1.014440 1.014438 1.014438
0.944131 0.965632 0.883348 0.984193 0.936230 0.950860 1.052669 1.052669 1.052667 1.052667
0.939682 0.964345 0.881286 0.979510 0.931728 0.950398 1.050421 1.050421 1.050420 1.050420
0.923869 0.926524 0.841590 0.942757 0.916597 0.933691 1.018171 1.018171 1.018170 1.018170
0.952584 0.954317 0.864589 0.964369 0.942873 0.960237 1.050177 1.050177 1.050175 1.050175
0.930492 0.944966 0.847620 0.954008 0.933670 0.921262 1.044584 1.044584 1.044583 1.044583
0.938007 0.954810 0.851556 0.958696 0.942426 0.924902 1.056864 1.056864 1.056863 1.056863
0.933314 0.951261 0.852653 0.962382 0.930338 0.923467 1.062652 1.062652 1.062650 1.062650
0.942947 0.961472 0.861466 0.971187 0.940262 0.930810 1.074641 1.074641 1.074640 1.074640
0.919885 0.952195 0.848472 0.959344 0.908664 0.920178 1.064944 1.064944 1.064942 1.064942
0.929979 0.961309 0.857737 0.967622 0.914023 0.927565 1.080269 1.080269 1.080267 1.080267
0.927610 0.949004 0.856786 0.957904 0.902511 0.926025 1.078641 1.078641 1.078640 1.078640
0.933737 0.955971 0.862382 0.962932 0.906365 0.932689 1.088836 1.088836 1.088834 1.088834
0.919344 0.937195 0.849117 0.948112 0.880995 0.903995 1.069326 1.069326 1.069325 1.069325
0.936869 0.949316 0.862402 0.966622 0.897147 0.920906 1.091652 1.091652 1.091651 1.091651
0.930496 0.945381 0.861743 0.964713 0.894954 0.919971 1.089138 1.089138 1.089137 1.089137
0.927218 0.939839 0.856993 0.951310 0.888430 0.912014 1.086669 1.086669 1.086668 1.086668
0.916119 0.946662 0.859388 0.956431 0.893763 0.915944 1.095280 1.095280 1.095278 1.095278
