0.987983 0.984067 0.987244 0.982290 0.982977 0.985982 0.987995 0.987995 0.987995 0.987995
0.977274 0.963309 0.970777 0.967698 0.965337 0.953866 0.968151 0.968151 0.968151 0.968151
0.991394 0.978172 0.984824 0.982504 0.972785 0.964972 0.984680 0.984680 0.984681 0.984681
0.971310 0.971497 0.968395 0.974867 0.966184 0.928586 0.982378 0.982378 0.982379 0.982379
0.990331 0.991245 0.987286 0.992618 0.982819 0.947326 1.004447 1.004447 1.004448 1.004448
0.970096 0.989891 0.981566 0.989414 0.980250 0.943260 1.003736 1.003736 1.003736 1.003736
0.959201 0.978363 0.940785 0.980378 0.949763 0.936838 0.995704 0.995704 0.995704 0.995704
0.969025 0.982094 0.945391 0.991971 0.951513 0.940468 1.006168 1.006168 1.006168 1.006168
0.941969 0.947509 0.919496 0.969164 0.927811 0.914017 0.966713 0.966713 0.966713 0.966713
0.961482 0.945111 0.911609 0.968418 0.947597 0.932237 0.972814 0.972814 0.972814 0.972814
0.962255 0.945383 0.905295 0.973765 0.947334 0.924785 0.958316 0.958316 0.958317 0.958317
0.991857 0.975269 0.938023 1.008313 0.981593 0.959337 0.993271 0.993271 0.993271 0.993271
0.997703 0.982753 0.938853 1.013380 0.983602 0.963848 1.001704 1.001704 1.001705 1.001705
0.981465 0.959839 0.910128 0.996711 0.960324 0.935961 0.974690 0.974690 0.974690 0.974690
0.998490 0.978469 0.926408 1.018833 0.979812 0.955409 0.995834 0.995834 0.995834 0.995834
0.990031 0.966016 0.918591 1.010226 0.959101 0.932546 0.984887 0.984887 0.984888 0.984888
1.001921 0.980233 0.935275 1.027328 0.974879 0.949245 1.001231 1.001231 1.001232 1.001232
0.962670 0.937338 0.894725 0.985249 0.928658 0.911306 0.942571 0.942571 0.942572 0.942572
1.010126 0.986429 0.940992 1.026075 0.976637 0.958219 0.992790 0.992790 0.992790 0.992790
1.001997 0.980763 0.930241 1.014625 0.970028 0.946619 0.988395 0.988395 0.988395 0.988395
0.988635 0.982374 0.926656 1.013679 0.948118 0.946476 0.990643 0.990643 0.990643 0.990643
1.000102 0.993019 0.938949 1.028988 0.961166 0.951745 1.005148 1.005148 1.005148 1.005148
0.992761 0.990499 0.932017 1.029156 0.953332 0.951527 1.003421 1.003421 1.003421 1.003421
0.986140 0.990829 0.931429 1.023997 0.949917 0.950115 1.001952 1.001952 1.001951 1.001951
0.987672 0.991325 0.929481 1.017475 0.949165 0.949146 1.003852 1.003852 1.003852 1.003852
0.974695 0.973876 0.925077 1.003617 0.930008 0.941945 1.003721 1.003721 1.003720 1.003720
0.982527 0.980233 0.931042 1.012557 0.933768 0.947579 1.015499 1.015499 1.015499 1.015499
0.984700 0.977218 0.934795 1.009318 0.937119 0.950476 1.018292 1.018292 1.018291 1.018291
0.990344 0.984247 0.940341 1.015717 0.941808 0.956848 1.023572 1.023572 1.023572 1.023572
0.980658 0.982483 0.933554 1.011758 0.941403 0.956545 1.023924 1.023924 1.023924 1.023924
0.975865 0.978175 0.931718 1.009605 0.938343 0.947789 1.023393 1.023393 1.023393 1.023393
0.973881 0.966152 0.931165 0.999982 0.927003 0.946704 1.022378 1.022378 1.022379 1.022379
0.980583 0.966949 0.934429 1.007318 0.932715 0.952885 1.031247 1.031247 1.031248 1.031248
0.901230 0.901281 0.822916 0.940893 0.868562 0.887296 0.964894 0.964894 0.964895 0.964895
0.965573 0.961971 0.881268 1.009578 0.932189 0.947437 1.037256 1.037256 1.037257 1.037257
0.948444 0.946707 0.869717 0.994391 0.921927 0.935920 1.029890 1.029890 1.029890 1.029890
0.958517 0.954515 0.877198 0.994493 0.928197 0.940995 1.042140 1.042140 1.042141 1.042141
0.963767 0.958413 0.881956 0.997621 0.928594 0.943392 1.051390 1.051390 1.051390 1.051390
0.966554 0.960621 0.885290 1.001495 0.931729 0.947712 1.057904 1.057904 1.057904 1.057904
0.968263 0.963575 0.887154 1.002952 0.931091 0.950503 1.062115 1.062115 1.062115 1.062115
0.948019 0.943121 0.878796 0.980668 0.921105 0.939686 1.051779 1.051779 1.051779 1.051779
0.960853 0.956006 0.891194 0.994671 0.933964 0.952358 1.066260 1.066260 1.066260 1.066260
0.951786 0.946922 0.882485 0.988153 0.927164 0.944444 1.059083 1.059083 1.059083 1.059083
0.952221 0.948364 0.881423 0.985486 0.927621 0.944907 1.061216 1.061216 1.061216 1.061216
0.951048 0.950509 0.875147 0.986113 0.926302 0.946506 1.063419 1.063419 1.063419 1.063419
0.938701 0.940582 0.862534 0.973245 0.910335 0.931147 1.058226 1.058226 1.058226 1.058226
0.924684 0.943496 0.853765 0.960507 0.912830 0.931206 1.060465 1.060465 1.060464 1.060464
0.938201 0.959806 0.866718 0.974957 0.927260 0.939836 1.077012 1.077012 1.077012 1.077012
0.930030 0.954676 0.861221 0.966420 0.919095 0.935606 1.070396 1.070396 1.070395 1.070395
0.914809 0.929574 0.827919 0.938445 0.887296 0.907098 1.059467 1.059467 1.059466 1.059466
0.917853 0.945199 0.843001 0.959762 0.903914 0.923148 1.080252 1.080252 1.080251 1.080251
0.922631 0.949564 0.848346 0.961829 0.902889 0.927006 1.087889 1.087889 1.087888 1.087888
0.910400 0.945821 0.845337 0.953221 0.895176 0.917135 1.083138 1.083138 1.083137 1.083137
0.905556 0.942005 0.846157 0.956582 0.883414 0.915420 1.088722 1.088722 1.088721 1.088721
0.914815 0.947408 0.854493 0.964741 0.891585 0.923322 1.098538 1.098538 1.098537 1.098537
0.908589 0.940332 0.844960 0.959146 0.877551 0.916033 1.090832 1.090832 1.090830 1.090830
0.886252 0.916469 0.826107 0.940116 0.860495 0.897185 1.052662 1.052662 1.052661 1.052661
0.925613 0.952054 0.862873 0.981842 0.897409 0.934869 1.099320 1.099320 1.099319 1.099319
0.907321 0.937188 0.851122 0.948346 0.884877 0.909281 1.083730 1.083730 1.083728 1.083728
0.919580 0.950239 0.862634 0.960044 0.897139 0.919404 1.099417 1.099417 1.099416 1.099416
