0.975779 0.971591 0.975812 0.975802 0.963314 0.960566 0.973299 0.973299 0.973299 0.973299
0.968705 0.982202 0.973425 0.970543 0.973489 0.968120 0.982965 0.982965 0.982965 0.982965
0.982892 0.999208 0.988219 0.985169 0.988904 0.977117 0.998330 0.998330 0.998329 0.998329
0.959917 0.953628 0.937423 0.941889 0.966366 0.953548 0.961235 0.961235 0.961234 0.961234
0.991397 0.979706 0.969922 0.967526 0.999429 0.985650 0.993291 0.993291 0.993291 0.993291
0.987375 0.983603 0.968488 0.969325 1.004772 0.991033 0.999375 0.999375 0.999375 0.999375
0.973559 0.972334 0.953552 0.955697 0.986443 0.973953 0.993477 0.993477 0.993477 0.993477
0.947844 0.939547 0.928871 0.935171 0.963361 0.948028 0.955999 0.955999 0.955999 0.955999
0.984669 0.966017 0.966352 0.964204 0.990710 0.985736 0.994178 0.994178 0.994178 0.994178
0.991798 0.973409 0.973362 0.970057 0.998223 0.990543 1.002329 1.002329 1.002329 1.002329
0.967838 0.964313 0.958975 0.958523 0.964974 0.979530 0.993589 0.993589 0.993589 0.993589
0.965422 0.961590 0.967803 0.954849 0.972574 0.986592 1.002420 1.002420 1.002420 1.002420
0.956436 0.945822 0.944839 0.945795 0.956283 0.964832 0.982295 0.982295 0.982295 0.982295
0.967815 0.956674 0.926767 0.959079 0.948215 0.980679 0.997229 0.997229 0.997228 0.997228
0.984939 0.974312 0.943095 0.974733 0.962753 0.998617 1.017742 1.017742 1.017741 1.017741
0.973064 0.964800 0.928552 0.959960 0.952373 0.982540 1.009141 1.009141 1.009141 1.009141
0.981727 0.975110 0.932152 0.967669 0.957176 0.990113 1.020753 1.020753 1.020752 1.020752
0.980982 0.970508 0.930749 0.961363 0.951603 0.987358 1.019991 1.019991 1.019990 1.019990
0.990794 0.974974 0.940141 0.970952 0.959729 0.994932 1.030105 1.030105 1.030104 1.030104
0.983832 0.969155 0.931986 0.961087 0.953020 0.987974 1.024459 1.024459 1.024458 1.024458
0.966088 0.970200 0.928854 0.960330 0.952856 0.986141 1.026239 1.026239 1.026238 1.026238
0.964393 0.971336 0.929358 0.951464 0.953330 0.986458 1.028325 1.028325 1.028324 1.028324
0.965079 0.970680 0.929970 0.949933 0.949218 0.984284 1.032536 1.032536 1.032535 1.032535
0.963239 0.968765 0.927882 0.950882 0.949470 0.983524 1.033382 1.033382 1.033380 1.033380
0.956701 0.964141 0.922075 0.948929 0.945757 0.980144 1.030754 1.030754 1.030752 1.030752
0.955080 0.961865 0.916480 0.948280 0.935661 0.977411 1.028790 1.028790 1.028788 1.028788
0.955076 0.962791 0.916495 0.949072 0.929447 0.974705 1.031447 1.031447 1.031446 1.031446
0.964285 0.971504 0.926151 0.959170 0.938861 0.985759 1.044823 1.044823 1.044822 1.044822
0.943238 0.946002 0.913649 0.937776 0.911813 0.969668 1.035489 1.035489 1.035488 1.035488
0.949449 0.955464 0.921862 0.943907 0.917728 0.980198 1.045007 1.045007 1.045005 1.045005
0.948362 0.950755 0.920387 0.944238 0.918268 0.975771 1.047316 1.047316 1.047315 1.047315
0.938904 0.942490 0.916970 0.943135 0.901963 0.969391 1.047792 1.047792 1.047791 1.047791
0.943637 0.947720 0.924298 0.950518 0.908001 0.970101 1.057698 1.057698 1.057697 1.057697
0.943438 0.950835 0.918655 0.952096 0.907636 0.972737 1.060977 1.060977 1.060976 1.060976
0.928564 0.944678 0.913069 0.941176 0.897594 0.959932 1.053657 1.053657 1.053656 1.053656
0.931667 0.950371 0.921690 0.948912 0.904546 0.968753 1.061968 1.061968 1.061966 1.061966
0.926704 0.949882 0.916741 0.950991 0.898993 0.970495 1.062293 1.062293 1.062292 1.062292
0.926894 0.949523 0.917966 0.948299 0.893507 0.969704 1.064482 1.064482 1.064481 1.064481
0.924597 0.944946 0.913861 0.936104 0.887923 0.962324 1.063182 1.063182 1.063180 1.063180
0.934106 0.956050 0.923444 0.946303 0.896405 0.973160 1.073532 1.073532 1.073531 1.073531
0.926388 0.946733 0.914373 0.939297 0.885478 0.963154 1.068570 1.068570 1.068569 1.068569
0.931512 0.947741 0.919093 0.942909 0.889518 0.966955 1.073197 1.073197 1.073195 1.073195
0.936385 0.953943 0.924212 0.947546 0.891983 0.973156 1.081194 1.081194 1.081192 1.081192
0.909974 0.928804 0.902381 0.923349 0.872766 0.951085 1.062078 1.062078 1.062076 1.062076
0.850152 0.880029 0.807822 0.876709 0.826163 0.900251 1.010159 1.010159 1.010157 1.010157
0.912427 0.943499 0.863840 0.933487 0.884605 0.963713 1.084526 1.084526 1.084525 1.084525
0.887260 0.916728 0.841969 0.912153 0.864744 0.940982 1.043360 1.043360 1.043358 1.043358
0.919280 0.949095 0.873792 0.948344 0.897867 0.969127 1.084265 1.084265 1.084263 1.084263
0.906479 0.926177 0.856537 0.931342 0.879004 0.934636 1.059173 1.059173 1.059172 1.059172
0.917027 0.937727 0.871034 0.946490 0.893892 0.951565 1.077436 1.077436 1.077434 1.077434
0.923917 0.939089 0.874635 0.954032 0.899964 0.958378 1.087464 1.087464 1.087463 1.087463
0.928731 0.944098 0.879687 0.959704 0.905030 0.963321 1.093379 1.093379 1.093377 1.093377
0.892878 0.907183 0.839194 0.927004 0.869151 0.917991 1.034672 1.034672 1.034671 1.034671
0.910085 0.937090 0.868060 0.963127 0.899500 0.949080 1.071735 1.071735 1.071734 1.071734
0.891207 0.930233 0.853155 0.955167 0.892954 0.912840 1.068700 1.068700 1.068699 1.068699
0.871219 0.905033 0.830392 0.932013 0.865445 0.891632 1.023625 1.023625 1.023624 1.023624
0.898795 0.924256 0.837253 0.949215 0.876290 0.906664 1.062634 1.062634 1.062633 1.062633
0.915873 0.935824 0.848646 0.968766 0.885517 0.918068 1.083111 1.083111 1.083110 1.083110
0.915081 0.941605 0.853066 0.969543 0.887500 0.922062 1.087845 1.087845 1.087843 1.087843
0.907173 0.937419 0.850996 0.947091 0.885036 0.907000 1.084585 1.084585 1.084583 1.084583
