0.937654 0.973999 0.977479 0.979714 0.978910 0.977606 0.982326 0.982326 0.982326 0.982326
0.950745 0.981850 0.979353 0.987176 0.990456 0.989651 0.997255 0.997255 0.997255 0.997255
0.949055 0.979593 0.974763 0.984486 0.988245 0.987218 0.995905 0.995905 0.995905 0.995905
0.894212 0.950358 0.943326 0.926852 0.958411 0.922907 0.969343 0.969343 0.969343 0.969343
0.929118 0.987318 0.979401 0.942785 0.995378 0.956606 1.006387 1.006387 1.006387 1.006387
0.940793 1.001998 0.993355 0.955096 1.010132 0.963937 1.021846 1.021846 1.021846 1.021846
0.930505 0.989242 0.977818 0.939777 0.997176 0.952171 1.013379 1.013379 1.013379 1.013379
0.928686 0.982761 0.977936 0.940178 0.979799 0.949798 1.012299 1.012299 1.012299 1.012299
0.932160 0.984166 0.983269 0.944537 0.984282 0.956333 1.019540 1.019540 1.019540 1.019540
0.929431 0.975292 0.983726 0.941321 0.983971 0.950492 1.019178 1.019178 1.019178 1.019178
0.911447 0.962368 0.967571 0.902347 0.944652 0.934317 0.990882 0.990882 0.990882 0.990882
0.926283 0.981337 0.986397 0.911617 0.924715 0.943573 1.009630 1.009630 1.009630 1.009630
0.933156 0.989377 0.983692 0.912395 0.931369 0.950136 1.021147 1.021147 1.021147 1.021147
0.937639 0.996359 0.985643 0.913954 0.931436 0.952643 1.029075 1.029075 1.029075 1.029075
0.932279 0.990328 0.982897 0.909267 0.926327 0.947610 1.029107 1.029107 1.029107 1.029107
0.947835 1.003790 0.997295 0.923240 0.940075 0.962437 1.046682 1.046682 1.046682 1.046682
0.929117 0.983332 0.972393 0.897583 0.911054 0.939665 1.025692 1.025692 1.025692 1.025692
0.925704 0.978971 0.964163 0.903454 0.916010 0.946166 1.032713 1.032713 1.032713 1.032713
0.937920 0.988455 0.975426 0.912096 0.925689 0.951836 1.049407 1.049407 1.049407 1.049407
0.921051 0.965717 0.955673 0.902431 0.894601 0.939285 1.034427 1.034427 1.034427 1.034427
0.925532 0.973118 0.956277 0.911138 0.898223 0.949367 1.042549 1.042549 1.042549 1.042549
0.928602 0.975977 0.960768 0.916888 0.902806 0.950880 1.050609 1.050609 1.050609 1.050609
0.925581 0.976113 0.961747 0.920942 0.907434 0.953261 1.057484 1.057484 1.057484 1.057484
0.896326 0.951637 0.921670 0.899257 0.882627 0.933802 1.027944 1.027944 1.027944 1.027944
0.924129 0.970612 0.949465 0.925423 0.907427 0.960402 1.061640 1.061640 1.061640 1.061640
0.922391 0.971908 0.952801 0.924639 0.906763 0.963929 1.064605 1.064605 1.064605 1.064605
0.905843 0.957315 0.937703 0.911488 0.891130 0.914669 1.049797 1.049797 1.049797 1.049797
0.919247 0.972487 0.948411 0.925363 0.903494 0.928091 1.067331 1.067331 1.067331 1.067331
0.910355 0.971065 0.947370 0.922366 0.901517 0.924715 1.064529 1.064529 1.064529 1.064529
0.900650 0.959410 0.936632 0.901076 0.883954 0.907913 1.057072 1.057072 1.057072 1.057072
0.917083 0.975654 0.949319 0.912626 0.900507 0.922874 1.077300 1.077300 1.077300 1.077300
0.909060 0.967719 0.939306 0.904304 0.890293 0.888583 1.071655 1.071655 1.071655 1.071655
0.898039 0.969500 0.935200 0.898234 0.876209 0.888393 1.072057 1.072057 1.072057 1.072057
0.911202 0.980742 0.946751 0.908696 0.888544 0.897345 1.089645 1.089645 1.089645 1.089645
0.906665 0.976408 0.940261 0.906815 0.888056 0.893777 1.089906 1.089906 1.089906 1.089906
0.909082 0.980647 0.934823 0.905950 0.890527 0.894645 1.095487 1.095487 1.095487 1.095487
0.901340 0.980693 0.927813 0.905147 0.889831 0.887744 1.094354 1.094354 1.094354 1.094354
0.887716 0.972349 0.922254 0.896929 0.877763 0.884554 1.089859 1.089859 1.089859 1.089859
0.885621 0.967987 0.909276 0.894053 0.877513 0.885594 1.096228 1.096228 1.096228 1.096228
0.852857 0.969383 0.914662 0.891367 0.882279 0.884530 1.104066 1.104066 1.104066 1.104066
0.858940 0.974194 0.911997 0.895388 0.887778 0.885076 1.111535 1.111535 1.111535 1.111535
0.850998 0.968697 0.907502 0.889905 0.881034 0.878714 1.100043 1.100043 1.100043 1.100043
0.859225 0.969526 0.908682 0.893029 0.889967 0.884150 1.112010 1.112010 1.112010 1.112010
0.836277 0.957921 0.898336 0.881615 0.877899 0.860747 1.091269 1.091269 1.091269 1.091269
0.851114 0.973368 0.913402 0.896789 0.892775 0.875939 1.113196 1.113196 1.113196 1.113196
0.845569 0.967863 0.915587 0.889539 0.894554 0.868099 1.115273 1.115273 1.115273 1.115273
0.846971 0.967238 0.918178 0.892966 0.896191 0.870751 1.121994 1.121994 1.121994 1.121994
0.846713 0.957825 0.915348 0.888616 0.894100 0.869190 1.122195 1.122195 1.122195 1.122195
0.843536 0.954437 0.910981 0.883412 0.871282 0.866864 1.119354 1.119354 1.119354 1.119354
0.849533 0.957544 0.917007 0.890827 0.876364 0.873017 1.124686 1.124686 1.124686 1.124686
0.776518 0.941212 0.899282 0.869494 0.861657 0.810413 1.100975 1.100975 1.100975 1.100975
0.794645 0.967307 0.927315 0.892813 0.886114 0.836276 1.135807 1.135807 1.135807 1.135807
0.798387 0.969877 0.929651 0.895712 0.888003 0.837469 1.141328 1.141328 1.141328 1.141328
0.791429 0.947547 0.923300 0.887496 0.883777 0.833985 1.141738 1.141738 1.141738 1.141738
0.791647 0.947693 0.926077 0.886795 0.873753 0.831989 1.143427 1.143427 1.143427 1.143427
0.788694 0.945355 0.919161 0.883843 0.868385 0.830038 1.142815 1.142815 1.142815 1.142815
0.792395 0.950444 0.913957 0.887584 0.865241 0.833474 1.151018 1.151018 1.151018 1.151018
0.789268 0.947168 0.893214 0.882641 0.861521 0.829487 1.148450 1.148450 1.148450 1.148450
0.795118 0.957641 0.903029 0.892975 0.871975 0.839292 1.164527 1.164527 1.164527 1.164527
0.787294 0.945817 0.889497 0.883731 0.864642 0.830909 1.151978 1.151978 1.151978 1.151978
