0.986188 0.987210 0.982905 0.986600 0.985290 0.986068 0.988039 0.988039 0.988039 0.988039
0.979965 0.981589 0.974929 0.980008 0.976510 0.951764 0.985280 0.985280 0.985280 0.985280
0.986978 0.989292 0.971785 0.986568 0.975360 0.958047 0.994785 0.994785 0.994785 0.994785
0.991877 0.992920 0.972102 0.986181 0.980665 0.961131 1.000597 1.000597 1.000597 1.000597
0.989177 0.987940 0.970590 0.985651 0.978163 0.959852 1.002225 1.002225 1.002225 1.002225
0.972341 0.966163 0.951869 0.976166 0.946242 0.948126 0.988890 0.988890 0.988890 0.988890
0.965735 0.965567 0.948225 0.947732 0.920063 0.943925 0.973746 0.973746 0.973746 0.973746
0.996842 0.994634 0.976635 0.976836 0.947263 0.971147 1.005263 1.005263 1.005263 1.005263
0.992707 0.990370 0.971843 0.952333 0.942913 0.964772 1.000304 1.000304 1.000304 1.000304
0.981025 0.977966 0.955787 0.950773 0.940340 0.963554 0.998969 0.998969 0.998969 0.998969
0.986203 0.982757 0.962153 0.958644 0.946985 0.966977 1.008660 1.008660 1.008660 1.008660
0.990617 0.985029 0.956820 0.960429 0.950373 0.965022 1.012805 1.012805 1.012805 1.012805
0.982452 0.976579 0.951731 0.953076 0.942759 0.957485 1.010263 1.010263 1.010263 1.010263
0.981403 0.976380 0.959238 0.950555 0.949818 0.954119 1.017698 1.017698 1.017698 1.017698
0.978631 0.982032 0.957510 0.955165 0.954524 0.952194 1.022482 1.022482 1.022482 1.022482
0.981374 0.981813 0.958012 0.954999 0.956653 0.950552 1.027115 1.027115 1.027115 1.027115
0.975422 0.978047 0.949528 0.946284 0.946372 0.942751 1.023893 1.023893 1.023893 1.023893
0.975898 0.978407 0.952586 0.945738 0.935837 0.940696 1.025626 1.025626 1.025626 1.025626
0.976139 0.972672 0.956064 0.945518 0.938520 0.937927 1.028526 1.028526 1.028526 1.028526
0.979290 0.967296 0.951202 0.942787 0.941991 0.937711 1.033085 1.033085 1.033085 1.033085
0.978526 0.964315 0.952080 0.942891 0.942037 0.939909 1.035787 1.035787 1.035787 1.035787
0.969064 0.958464 0.946983 0.936716 0.934482 0.932754 1.024640 1.024640 1.024640 1.024640
0.981137 0.972026 0.950702 0.944962 0.946234 0.942778 1.039945 1.039945 1.039945 1.039945
0.979082 0.966278 0.948244 0.944185 0.943055 0.940793 1.035350 1.035350 1.035350 1.035350
0.969986 0.965239 0.947571 0.941492 0.941356 0.937734 1.033031 1.033031 1.033031 1.033031
0.970752 0.966545 0.946531 0.944990 0.946294 0.939419 1.039269 1.039269 1.039269 1.039269
0.961713 0.955503 0.926709 0.935397 0.939432 0.933969 1.038058 1.038058 1.038058 1.038058
0.953650 0.950314 0.920900 0.931066 0.932220 0.894865 1.033580 1.033580 1.033580 1.033580
0.968771 0.968876 0.938823 0.949863 0.951440 0.913032 1.056834 1.056834 1.056834 1.056834
0.936698 0.950985 0.922032 0.931557 0.932367 0.883021 1.030303 1.030303 1.030303 1.030303
0.950485 0.962539 0.930741 0.944779 0.947458 0.895884 1.044479 1.044479 1.044479 1.044479
0.951479 0.959107 0.933651 0.948025 0.933746 0.896337 1.046502 1.046502 1.046502 1.046502
0.951601 0.959711 0.916194 0.946602 0.933535 0.895699 1.048440 1.048440 1.048440 1.048440
0.961077 0.958851 0.924544 0.954245 0.940158 0.902395 1.060687 1.060687 1.060687 1.060687
0.966423 0.966378 0.931231 0.960019 0.947495 0.903022 1.069532 1.069532 1.069532 1.069532
0.957992 0.961035 0.928095 0.952630 0.940311 0.900124 1.065166 1.065166 1.065166 1.065166
0.913927 0.953425 0.924866 0.940889 0.936581 0.890639 1.062753 1.062753 1.062753 1.062753
0.921169 0.955389 0.921123 0.942412 0.941986 0.896245 1.072482 1.072482 1.072482 1.072482
0.913217 0.947868 0.903961 0.928187 0.933647 0.888099 1.067433 1.067433 1.067433 1.067433
0.918612 0.951737 0.904975 0.928853 0.937368 0.892198 1.076616 1.076616 1.076616 1.076616
0.874935 0.941621 0.898555 0.924372 0.932081 0.885984 1.074279 1.074279 1.074279 1.074279
0.894102 0.959322 0.916398 0.943397 0.950771 0.904467 1.098236 1.098236 1.098236 1.098236
0.858291 0.927111 0.870553 0.913151 0.916715 0.878278 1.058249 1.058249 1.058249 1.058249
0.876049 0.947493 0.885231 0.932420 0.933417 0.897696 1.083608 1.083608 1.083608 1.083608
0.879894 0.950141 0.888268 0.936024 0.936779 0.901554 1.090878 1.090878 1.090878 1.090878
0.805119 0.934921 0.872018 0.914573 0.922031 0.837787 1.069007 1.069007 1.069007 1.069007
0.822119 0.954047 0.885689 0.926223 0.930817 0.852063 1.091239 1.091239 1.091239 1.091239
0.827463 0.946386 0.893139 0.931812 0.940605 0.861541 1.108385 1.108385 1.108385 1.108385
0.823398 0.945769 0.895551 0.930383 0.940594 0.864487 1.111878 1.111878 1.111878 1.111878
0.827151 0.946788 0.898287 0.931273 0.942427 0.862253 1.120217 1.120217 1.120217 1.120217
0.823892 0.942566 0.892139 0.926723 0.938286 0.858269 1.116276 1.116276 1.116276 1.116276
0.808807 0.938388 0.882678 0.914740 0.917661 0.852713 1.109704 1.109704 1.109704 1.109704
0.812999 0.946463 0.891057 0.926561 0.930173 0.862084 1.126420 1.126420 1.126420 1.126420
0.801016 0.931247 0.877324 0.901442 0.908291 0.842931 1.113917 1.113917 1.113917 1.113917
0.814138 0.937577 0.889219 0.912024 0.921297 0.855464 1.132713 1.132713 1.132713 1.132713
0.811132 0.934316 0.885030 0.906737 0.897838 0.853225 1.129913 1.129913 1.129913 1.129913
0.805375 0.930818 0.881497 0.894982 0.858674 0.841858 1.124810 1.124810 1.124810 1.124810
0.809569 0.938270 0.882354 0.903924 0.862443 0.851184 1.134027 1.134027 1.134027 1.134027
0.804245 0.938354 0.884672 0.903483 0.858123 0.855480 1.139162 1.139162 1.139162 1.139162
0.760299 0.913386 0.858997 0.853429 0.834994 0.802418 1.112478 1.112478 1.112478 1.112478
