0.946861 0.950593 0.942921 0.947386 0.947457 0.937802 0.951377 0.909477 0.909477 0.909477
0.992099 0.967394 0.954883 0.990295 0.991827 0.983301 0.989141 0.953726 0.953726 0.953726
0.981744 0.955123 0.949561 0.974474 0.972787 0.969373 0.979347 0.934940 0.934940 0.934940
1.004199 0.975483 0.973218 0.998445 0.993992 0.991065 1.004922 0.950987 0.950987 0.950987
0.955938 0.950458 0.927936 0.961305 0.928664 0.941404 0.972748 0.928662 0.928662 0.928662
0.994013 0.979634 0.963088 0.990529 0.968362 0.980011 1.013652 0.969920 0.969920 0.969920
0.999134 0.984239 0.969953 0.998669 0.976081 0.984807 1.005590 0.979528 0.979528 0.979528
1.007501 0.992506 0.977286 1.007316 0.984361 0.991823 1.013237 0.986197 0.986197 0.986197
0.992474 0.978248 0.958965 0.999138 0.960273 0.983358 1.000863 0.977987 0.977987 0.977987
0.989503 0.987602 0.967322 1.011179 0.971776 0.991967 1.012255 0.990237 0.990237 0.990237
0.987773 0.983705 0.965544 1.008957 0.968883 0.989907 1.011637 0.988004 0.988004 0.988004
0.982461 0.973700 0.953683 1.000622 0.953617 0.953077 1.003342 0.979382 0.979382 0.979382
0.993798 0.977723 0.965819 1.009569 0.965509 0.957372 1.014218 0.990837 0.990837 0.990837
0.978823 0.961375 0.949690 0.941204 0.944237 0.941134 0.994931 0.965180 0.965180 0.965180
0.996672 0.980156 0.966956 0.953546 0.957713 0.954620 1.014552 0.974835 0.974835 0.974835
0.986290 0.965675 0.953912 0.941877 0.945741 0.940360 1.002426 0.950733 0.950733 0.950733
0.992307 0.968848 0.956301 0.947525 0.951966 0.907304 1.007979 0.935583 0.935584 0.935584
1.027684 1.001747 0.984520 0.975506 0.985633 0.937425 1.040192 0.962131 0.962132 0.962132
1.026830 0.999060 0.986624 0.974229 0.986229 0.938665 1.033947 0.960959 0.960960 0.960960
1.000109 0.987327 0.976613 0.952849 0.972514 0.923270 1.026091 0.955915 0.955915 0.955915
1.008166 0.996173 0.976217 0.949010 0.978723 0.930129 1.028390 0.962334 0.962335 0.962335
1.016153 0.999846 0.977551 0.953969 0.983209 0.929019 1.033665 0.969717 0.969718 0.969718
1.023614 1.006538 0.985921 0.963670 0.990075 0.936102 1.041106 0.974364 0.974365 0.974365
1.013125 0.997640 0.983973 0.962533 0.980164 0.933423 1.036766 0.970753 0.970754 0.970754
1.019681 1.004603 0.986173 0.969564 0.985760 0.940761 1.045294 0.977839 0.977840 0.977840
1.020879 1.005646 0.985119 0.968229 0.983533 0.942390 1.040568 0.977555 0.977556 0.977556
1.021619 0.997962 0.980510 0.967590 0.982500 0.943465 1.041660 0.976919 0.976919 0.976919
1.013937 0.991342 0.973613 0.957936 0.976708 0.933134 1.022744 0.966675 0.966676 0.966676
1.029758 1.004988 0.989367 0.971223 0.993046 0.948143 1.039969 0.983083 0.983084 0.983084
1.024002 0.994677 0.985078 0.965543 0.985756 0.942327 1.035213 0.980618 0.980618 0.980618
1.014246 0.986779 0.978873 0.961173 0.978222 0.933021 1.030507 0.977033 0.977033 0.977033
0.990418 0.967437 0.956089 0.940044 0.957983 0.898666 0.990432 0.956844 0.956845 0.956845
1.011468 0.981693 0.976543 0.958767 0.971684 0.899387 1.009292 0.977280 0.977280 0.977280
1.024046 0.993349 0.983661 0.967624 0.980733 0.911545 1.020507 0.987620 0.987621 0.987621
1.020035 0.986128 0.978913 0.961835 0.918440 0.907511 1.015011 0.982331 0.982332 0.982332
1.025998 0.992303 0.970344 0.965339 0.923848 0.915744 1.023143 0.988541 0.988542 0.988542
1.029171 0.994225 0.969817 0.966008 0.923525 0.918539 1.016331 0.991310 0.991310 0.991310
1.030207 0.990108 0.943525 0.967542 0.920767 0.912637 1.018548 0.992187 0.992187 0.992187
1.038173 0.994648 0.953890 0.972726 0.929743 0.920037 1.021804 1.002362 1.002362 1.002362
1.040073 0.994837 0.944324 0.975662 0.929601 0.916995 1.022547 1.005237 1.005237 1.005237
1.036944 0.992805 0.930759 0.976767 0.927896 0.914497 1.021878 1.003584 1.003584 1.003584
1.042213 0.999147 0.928898 0.980060 0.930213 0.920314 1.016253 1.011295 1.011295 1.011295
1.036872 0.992692 0.923401 0.972592 0.920309 0.917338 1.011423 1.000605 1.000606 1.000606
1.035690 0.997446 0.927158 0.965165 0.912190 0.921563 1.018950 1.005966 1.005967 1.005967
1.049472 1.009861 0.939276 0.977305 0.909733 0.933963 1.032770 1.019471 1.019472 1.019472
1.033024 0.998313 0.932792 0.967229 0.894659 0.924170 1.024659 1.008820 1.008820 1.008820
1.036267 0.998979 0.935279 0.966057 0.895695 0.917312 1.024775 0.999679 0.999679 0.999679
1.048946 1.013013 0.947118 0.978918 0.906799 0.929327 1.038666 1.014591 1.014591 1.014591
1.030448 0.988089 0.934273 0.954604 0.893400 0.917751 1.025541 0.990751 0.990751 0.990751
1.042836 1.000631 0.943916 0.967698 0.906622 0.928715 1.038401 1.001328 1.001328 1.001328
1.029486 0.996480 0.936572 0.962072 0.889259 0.923043 1.023513 0.995217 0.995217 0.995217
1.041315 1.006293 0.949940 0.973250 0.902375 0.936792 1.026641 1.008335 1.008335 1.008335
1.036063 1.002409 0.950815 0.974130 0.902508 0.939524 1.028730 1.005107 1.005106 1.005106
1.027074 0.998596 0.941404 0.957991 0.893036 0.934074 1.022593 0.987134 0.987134 0.987134
1.038063 1.006515 0.949315 0.963105 0.895960 0.944417 1.022275 0.999032 0.999032 0.999032
1.038457 0.998311 0.950860 0.963250 0.894088 0.946000 1.024036 1.000344 1.000344 1.000344
1.042894 1.002978 0.951563 0.968592 0.894545 0.950490 1.022167 1.006587 1.006587 1.006587
1.002575 0.976834 0.922166 0.942422 0.867546 0.926279 0.984500 0.949376 0.949375 0.949375
1.016673 1.002028 0.943830 0.966541 0.884940 0.948394 1.008825 0.953896 0.953896 0.953896
1.031051 1.015978 0.959027 0.972597 0.897736 0.961214 1.018844 0.957569 0.957569 0.957569
