0.981067 0.982018 0.969892 0.985141 0.982223 0.981347 0.983384 0.982409 0.982409 0.982409
0.992589 0.992707 0.981052 0.995994 0.978065 0.993018 0.995184 0.994062 0.994062 0.994062
0.987225 0.985740 0.978435 0.990737 0.975914 0.990976 0.981552 0.990343 0.990343 0.990343
0.984360 0.983529 0.973955 0.989515 0.975751 0.988026 0.979203 0.986155 0.986155 0.986155
0.988535 0.987064 0.979272 0.996502 0.979540 0.992495 0.983217 0.987831 0.987831 0.987831
0.978352 0.978285 0.977283 0.995271 0.969682 0.989600 0.979064 0.984116 0.984116 0.984116
0.972782 0.977496 0.970521 0.981727 0.962392 0.986821 0.976151 0.969427 0.969427 0.969427
0.974713 0.983653 0.981112 0.989034 0.963424 0.993990 0.985859 0.976507 0.976507 0.976507
0.984199 0.993091 0.988442 0.996115 0.969465 1.004223 0.989791 0.984568 0.984568 0.984568
0.975495 0.985186 0.980180 0.984860 0.962464 0.991901 0.970520 0.972944 0.972944 0.972944
0.984354 0.994531 0.985600 0.995064 0.967566 1.001380 0.973387 0.983703 0.983703 0.983703
0.986076 0.991593 0.988571 0.996547 0.967552 1.002584 0.976088 0.988479 0.988479 0.988479
0.945580 0.954617 0.944027 0.956150 0.928401 0.952211 0.940465 0.910459 0.910459 0.910459
0.975260 0.980245 0.970634 0.984346 0.955524 0.977612 0.968479 0.925460 0.925459 0.925459
1.005548 1.002239 0.995375 1.013512 0.983451 1.008392 0.998881 0.952889 0.952889 0.952889
1.006866 1.001910 0.990767 1.008842 0.984468 1.007321 0.996623 0.947435 0.947435 0.947435
1.003510 0.997053 0.989436 1.007177 0.980157 1.003479 0.996450 0.939007 0.939007 0.939007
1.007352 0.996664 0.986764 1.008327 0.980650 0.998210 0.997493 0.942368 0.942368 0.942368
1.015665 1.005396 0.990719 1.017490 0.987994 1.007837 1.007477 0.950926 0.950926 0.950926
1.019438 1.007304 0.994965 1.019527 0.992762 1.012060 1.012452 0.955746 0.955746 0.955746
1.011619 0.999130 0.989274 1.014793 0.987910 1.004039 0.991588 0.952901 0.952901 0.952901
1.015343 1.004605 0.993332 1.019614 0.991706 1.008595 0.996537 0.958943 0.958943 0.958943
0.981202 0.985058 0.975578 0.989454 0.970282 0.984310 0.981246 0.946463 0.946463 0.946463
0.983629 0.980489 0.982046 0.984629 0.975513 0.991946 0.988679 0.943143 0.943142 0.943142
0.998456 0.996561 0.989825 0.997770 0.987670 1.008180 0.993010 0.959837 0.959837 0.959837
0.993556 0.986571 0.957302 0.993451 0.978903 0.995784 0.989297 0.955011 0.955011 0.955011
1.006296 0.997022 0.969490 1.005736 0.990234 1.008221 1.003124 0.966765 0.966765 0.966765
0.996135 0.988536 0.962829 1.000608 0.982101 0.997691 0.997990 0.962677 0.962676 0.962676
0.992343 0.978487 0.959295 0.995494 0.971703 0.973988 0.992038 0.959109 0.959109 0.959109
0.998366 0.975781 0.963310 0.992454 0.980344 0.981013 1.000190 0.969197 0.969197 0.969197
0.976417 0.958131 0.942340 0.972136 0.961543 0.946350 0.962777 0.950636 0.950636 0.950636
0.990267 0.980241 0.960569 0.992905 0.968910 0.966282 0.974916 0.970662 0.970662 0.970662
0.998858 0.986912 0.971780 1.001039 0.978720 0.976764 0.978282 0.978703 0.978703 0.978703
0.995992 0.982759 0.968220 0.995664 0.970494 0.975814 0.975840 0.970554 0.970553 0.970553
0.988953 0.974177 0.959785 0.935781 0.956822 0.967055 0.965059 0.953101 0.953101 0.953101
0.974769 0.972785 0.953664 0.933529 0.951418 0.966262 0.953010 0.921671 0.921670 0.921670
1.010825 1.000166 0.990174 0.967839 0.984175 1.003303 0.989588 0.956655 0.956655 0.956655
1.010316 1.000852 0.995608 0.973134 0.988811 1.010820 0.996127 0.957943 0.957943 0.957943
1.012580 0.995750 0.999010 0.972811 0.991940 1.006043 0.997669 0.960239 0.960239 0.960239
1.006728 0.961553 0.959973 0.964895 0.985316 1.000935 0.984252 0.955489 0.955488 0.955488
0.998250 0.950788 0.948486 0.956669 0.977486 0.951810 0.975419 0.926691 0.926691 0.926691
1.026332 0.974245 0.974278 0.981542 0.944852 0.978086 1.001380 0.951384 0.951384 0.951384
1.034524 0.980889 0.978494 0.987009 0.949125 0.985852 0.999560 0.958698 0.958698 0.958698
1.033485 0.981155 0.977459 0.981059 0.944483 0.981085 1.000014 0.949993 0.949993 0.949993
1.042196 0.986986 0.985232 0.985036 0.950562 0.978939 1.005400 0.946349 0.946349 0.946349
1.041415 0.992100 0.989626 0.977896 0.942545 0.983831 1.013277 0.951790 0.951790 0.951790
1.045604 0.992980 0.996814 0.979516 0.948229 0.988158 1.012774 0.958011 0.958011 0.958011
1.020547 0.980394 0.981974 0.966914 0.930970 0.973810 0.998881 0.926477 0.926477 0.926477
1.034877 0.993944 0.997686 0.972875 0.944337 0.986876 1.008702 0.929952 0.929952 0.929952
1.040829 1.000218 0.999521 0.985220 0.940555 0.998980 1.017286 0.941557 0.941557 0.941557
1.046583 1.005190 0.999939 0.987539 0.942838 1.005578 1.021574 0.945029 0.945029 0.945029
1.056703 1.014935 1.008792 0.997369 0.952058 1.014043 1.030664 0.952686 0.952685 0.952685
1.048689 1.005588 0.989291 0.990979 0.942968 1.001193 1.021722 0.946441 0.946440 0.946440
1.048810 1.002949 0.987158 0.985837 0.936149 1.001679 1.010708 0.947819 0.947818 0.947818
1.045387 1.000571 0.975677 0.970839 0.931546 0.997788 1.001598 0.943469 0.943468 0.943468
1.031856 0.985378 0.967781 0.952910 0.911349 0.981163 0.989169 0.922542 0.922542 0.922542
1.053855 1.006803 0.974068 0.971095 0.930819 1.005297 1.012435 0.942657 0.942657 0.942657
1.058738 1.006594 0.971787 0.972767 0.925374 0.977636 1.014240 0.943838 0.943837 0.943837
1.011360 0.984179 0.929792 0.939838 0.867562 0.931876 0.985180 0.924884 0.924884 0.924884
1.049402 1.034060 0.976096 0.989907 0.913714 0.978322 1.036978 0.974612 0.974612 0.974612
