0.931563 0.948118 0.938836 0.935735 0.932948 0.784701 0.948830 0.948830 0.948830 0.948830
0.915482 0.925979 0.911988 0.921742 0.850152 0.710979 0.923125 0.923125 0.923125 0.923125
0.797161 0.986013 0.972713 0.981144 0.900007 0.757687 0.995263 0.995263 0.995263 0.995263
0.767563 0.966256 0.908181 0.900885 0.866531 0.693047 0.926430 0.926430 0.926431 0.926431
0.781614 0.934311 0.887358 0.931311 0.859246 0.665487 0.958217 0.958217 0.958217 0.958217
0.852064 1.024910 0.975041 1.023974 0.940741 0.725167 1.052742 1.052742 1.052742 1.052742
0.839495 1.008162 0.958759 1.010145 0.918390 0.716404 1.037660 1.037660 1.037661 1.037661
0.835463 1.010061 0.958223 1.018169 0.927588 0.722166 1.052643 1.052643 1.052643 1.052643
0.810566 0.978654 0.905331 0.767013 0.901078 0.698704 1.031207 1.031207 1.031208 1.031208
0.802999 0.969649 0.896178 0.751498 0.691390 0.695895 1.028785 1.028785 1.028786 1.028786
0.734451 0.899562 0.807114 0.653097 0.673514 0.633617 1.005582 1.005582 1.005583 1.005583
0.781613 0.964249 0.741108 0.680033 0.723397 0.532026 1.090767 1.090767 1.090768 1.090768
0.813546 1.000443 0.768069 0.620749 0.755344 0.442422 1.140066 1.140066 1.140067 1.140067
0.884613 1.078838 0.831607 0.661558 0.816206 0.476754 1.238614 1.238614 1.238615 1.238615
0.863672 1.054689 0.809026 0.635008 0.788732 0.466707 1.205267 1.205267 1.205268 1.205268
0.844270 1.049389 0.801385 0.601150 0.782624 0.434683 1.210421 1.210421 1.210422 1.210422
0.846356 1.031694 0.809313 0.605729 0.781884 0.437585 1.237504 1.237504 1.237506 1.237506
0.660784 0.816778 0.729014 0.524881 0.644635 0.385869 1.109897 1.109897 1.109897 1.109897
0.687840 0.835845 0.771162 0.553132 0.671065 0.402271 1.068346 1.068346 1.068347 1.068347
0.756683 0.853300 0.852977 0.608540 0.684449 0.414772 1.166696 1.166696 1.166697 1.166697
0.738202 0.882757 0.845381 0.603252 0.709698 0.406069 1.168990 1.168990 1.168991 1.168991
0.725901 0.890437 0.816635 0.582995 0.700656 0.385339 1.189290 1.189290 1.189291 1.189291
0.785437 0.958858 0.885014 0.634070 0.759332 0.416789 1.291145 1.291145 1.291146 1.291146
0.708734 0.873960 0.799528 0.221706 0.690709 0.379256 1.178770 1.178770 1.178772 1.178772
0.797506 0.991511 0.902353 0.249307 0.787279 0.426909 1.343640 1.343640 1.343642 1.343642
0.814044 1.010818 0.919527 0.254870 0.803254 0.424869 1.377722 1.377722 1.377723 1.377723
0.773900 0.948482 0.864166 0.185510 0.757778 0.402283 1.314676 1.314676 1.314677 1.314677
0.774883 0.943308 0.866828 0.136486 0.759586 0.403189 1.322772 1.322772 1.322774 1.322774
0.826778 0.935418 0.920204 0.145159 0.807479 0.428973 1.414612 1.414612 1.414614 1.414614
0.810165 0.914684 0.896473 0.143154 0.788570 0.423475 1.397294 1.397294 1.397296 1.397296
0.576336 0.573249 0.792323 0.125359 0.704341 0.364111 1.261509 1.261509 1.261511 1.261511
0.599353 0.614795 0.690671 0.129741 0.697614 0.340357 1.331744 1.331744 1.331747 1.331747
0.681175 0.702230 0.791483 0.147840 0.777197 0.389122 1.517026 1.517026 1.517029 1.517029
0.661100 0.606077 0.763210 0.140664 0.749499 0.338006 1.479344 1.479344 1.479347 1.479347
0.512177 0.501528 0.702615 0.131786 0.697453 0.252620 1.373060 1.373060 1.373062 1.373062
0.537321 0.519944 0.735220 0.111320 0.716847 0.219083 1.448674 1.448674 1.448678 1.448678
0.560869 0.470725 0.771550 0.116617 0.743866 0.208445 1.527087 1.527087 1.527091 1.527091
0.585476 0.490628 0.804488 0.119576 0.770257 0.217627 1.600091 1.600091 1.600094 1.600094
0.598208 0.495815 0.816037 0.120414 0.787461 0.219862 1.637284 1.637284 1.637287 1.637287
0.595674 0.495999 0.807073 0.118973 0.776452 0.217829 1.627915 1.627915 1.627919 1.627919
0.511999 0.409779 0.721373 0.099877 0.706732 0.179916 1.346089 1.346089 1.346093 1.346093
0.571618 0.454599 0.805760 0.090150 0.792326 0.165549 1.515124 1.515124 1.515128 1.515128
0.610453 0.494082 0.869488 0.096755 0.858167 0.179549 1.647419 1.647419 1.647424 1.647424
0.605668 0.488768 0.855810 0.096117 0.847749 0.178700 1.650530 1.650530 1.650534 1.650534
0.524631 0.444408 0.780275 0.085520 0.766826 0.156697 1.440958 1.440958 1.440962 1.440962
0.483105 0.486365 0.782100 0.093132 0.831954 0.171930 1.580810 1.580810 1.580814 1.580814
0.504882 0.511292 0.814958 0.097822 0.868184 0.181321 1.672506 1.672506 1.672510 1.672510
0.480848 0.472555 0.751402 0.090616 0.795509 0.174393 1.602239 1.602239 1.602244 1.602244
0.444515 0.468022 0.756738 0.088120 0.722400 0.173948 1.615188 1.615188 1.615192 1.615192
0.464197 0.489255 0.783599 0.092100 0.759349 0.181541 1.692934 1.692934 1.692938 1.692938
0.426592 0.445375 0.508647 0.084106 0.530312 0.166117 1.564788 1.564788 1.564792 1.564792
0.489344 0.507711 0.581302 0.096192 0.605636 0.189381 1.797669 1.797669 1.797673 1.797673
0.449539 0.459685 0.526690 0.086503 0.467048 0.134040 1.659461 1.659461 1.659465 1.659465
0.431384 0.429103 0.520986 0.085761 0.431487 0.126994 1.625977 1.625977 1.625981 1.625981
0.456096 0.415850 0.552513 0.076888 0.457077 0.133763 1.742215 1.742215 1.742219 1.742219
0.472872 0.438848 0.577827 0.080933 0.473460 0.141438 1.855202 1.855202 1.855207 1.855207
0.474550 0.441419 0.576185 0.081125 0.474295 0.140798 1.862914 1.862914 1.862919 1.862919
0.447993 0.435348 0.546783 0.079922 0.455036 0.138062 1.842085 1.842085 1.842089 1.842089
0.455996 0.428065 0.554568 0.080211 0.462525 0.140086 1.879391 1.879391 1.879396 1.879396
0.440366 0.402344 0.535804 0.076310 0.424599 0.134407 1.812780 1.812780 1.812784 1.812784
