0.910814 0.910937 0.910102 0.900800 0.705445 0.915702 0.917238 0.917238 0.917238 0.917238
0.916376 0.905691 0.913313 0.729727 0.695352 0.761597 0.928096 0.928096 0.928096 0.928096
1.024250 1.014638 1.014327 0.814681 0.775825 0.844400 1.037979 1.037979 1.037979 1.037979
0.917283 0.963577 0.922847 0.741367 0.738470 0.758882 0.954724 0.954724 0.954724 0.954724
0.995812 1.034632 0.994606 0.793223 0.802153 0.814599 1.037979 1.037979 1.037979 1.037979
0.888381 0.988877 0.966647 0.744400 0.702963 0.784112 1.009781 1.009781 1.009780 1.009780
0.930775 1.040859 1.005912 0.773869 0.729302 0.817393 1.056389 1.056389 1.056389 1.056389
0.938955 1.048313 1.012746 0.781657 0.728985 0.826809 1.066133 1.066133 1.066133 1.066133
0.958405 0.994478 1.028499 0.795282 0.741352 0.841546 1.090725 1.090725 1.090725 1.090725
0.779680 0.961511 0.910746 0.765124 0.710570 0.815734 1.057117 1.057117 1.057117 1.057117
0.822404 1.007888 0.957082 0.804659 0.746197 0.855141 1.116719 1.116719 1.116719 1.116719
0.762982 0.887896 0.851974 0.757857 0.674120 0.748110 1.052314 1.052314 1.052314 1.052314
0.587299 0.602112 0.814768 0.718091 0.651512 0.696005 1.027993 1.027993 1.027994 1.027994
0.515385 0.564369 0.849624 0.762052 0.686730 0.589216 1.080761 1.080761 1.080762 1.080762
0.531806 0.600573 0.734870 0.782566 0.674890 0.546502 1.132076 1.132076 1.132077 1.132077
0.529361 0.627516 0.769947 0.800147 0.701524 0.550691 1.135753 1.135753 1.135753 1.135753
0.592848 0.706299 0.869455 0.898462 0.770147 0.620403 1.274885 1.274885 1.274886 1.274886
0.523189 0.606330 0.790927 0.819174 0.654334 0.540554 1.148780 1.148780 1.148781 1.148781
0.588476 0.686021 0.887015 0.926047 0.734908 0.613557 1.308116 1.308116 1.308117 1.308117
0.543649 0.638347 0.707032 0.837040 0.685211 0.447221 1.231748 1.231748 1.231749 1.231749
0.581189 0.681385 0.754997 0.878983 0.726635 0.478183 1.321762 1.321762 1.321763 1.321763
0.596178 0.696903 0.768308 0.902780 0.742143 0.492054 1.369143 1.369143 1.369144 1.369144
0.451819 0.535559 0.671796 0.759358 0.593938 0.421185 1.191973 1.191973 1.191974 1.191974
0.498978 0.601957 0.719405 0.799709 0.655885 0.441869 1.272595 1.272595 1.272596 1.272596
0.529003 0.621122 0.763041 0.835225 0.660990 0.465419 1.347540 1.347540 1.347540 1.347540
0.533460 0.625520 0.749327 0.653987 0.667398 0.468040 1.372110 1.372110 1.372111 1.372111
0.522247 0.568283 0.737583 0.640291 0.605772 0.429459 1.333468 1.333468 1.333469 1.333469
0.570942 0.600156 0.803483 0.690193 0.661340 0.468026 1.461221 1.461221 1.461222 1.461222
0.565921 0.605413 0.804733 0.687540 0.664830 0.471135 1.474652 1.474652 1.474652 1.474652
0.532377 0.594993 0.760991 0.674967 0.635598 0.460359 1.453051 1.453051 1.453052 1.453052
0.512026 0.570424 0.728752 0.569313 0.613244 0.353739 1.403335 1.403335 1.403335 1.403335
0.439339 0.598537 0.765926 0.597153 0.639726 0.371473 1.490905 1.490905 1.490906 1.490906
0.446133 0.608427 0.771229 0.606902 0.653893 0.376992 1.519552 1.519552 1.519553 1.519553
0.445039 0.605653 0.764868 0.609300 0.650079 0.378861 1.527975 1.527975 1.527976 1.527976
0.440900 0.600813 0.755053 0.593456 0.637445 0.376337 1.508725 1.508725 1.508725 1.508725
0.452469 0.620443 0.781034 0.614259 0.656997 0.386050 1.560403 1.560403 1.560404 1.560404
0.414823 0.560617 0.706227 0.551272 0.505632 0.272687 1.437525 1.437525 1.437526 1.437526
0.428569 0.575528 0.729979 0.460453 0.524571 0.232188 1.497304 1.497304 1.497306 1.497306
0.450898 0.616332 0.774706 0.491840 0.551402 0.249139 1.617969 1.617969 1.617971 1.617971
0.442764 0.610188 0.762997 0.482640 0.548460 0.244731 1.609412 1.609412 1.609413 1.609413
0.427887 0.572251 0.713837 0.453663 0.509939 0.238841 1.564467 1.564467 1.564469 1.564469
0.428249 0.582953 0.723957 0.439715 0.518056 0.227758 1.608624 1.608624 1.608626 1.608626
0.423961 0.573239 0.718003 0.319869 0.513439 0.225698 1.600290 1.600290 1.600292 1.600292
0.423540 0.582847 0.722890 0.320983 0.513692 0.189928 1.628334 1.628334 1.628336 1.628336
0.387899 0.539193 0.662839 0.113913 0.474262 0.175411 1.508864 1.508864 1.508866 1.508866
0.449733 0.619973 0.765228 0.129447 0.546434 0.201548 1.747917 1.747917 1.747919 1.747919
0.400773 0.566731 0.669897 0.113371 0.488889 0.173325 1.611534 1.611534 1.611536 1.611536
0.392065 0.545043 0.665962 0.112279 0.478292 0.169814 1.457810 1.457810 1.457812 1.457812
0.446736 0.609069 0.764445 0.128593 0.543130 0.194305 1.694075 1.694075 1.694077 1.694077
0.378094 0.522858 0.637070 0.103411 0.489586 0.163707 1.532238 1.532238 1.532241 1.532241
0.405485 0.513975 0.685311 0.094041 0.526058 0.174906 1.665318 1.665318 1.665321 1.665321
0.405357 0.510629 0.677192 0.094232 0.487638 0.161207 1.648140 1.648140 1.648144 1.648144
0.434944 0.545278 0.727773 0.101633 0.524067 0.172910 1.774367 1.774367 1.774371 1.774371
0.407396 0.442980 0.685329 0.095539 0.487990 0.147624 1.678391 1.678391 1.678394 1.678394
0.418217 0.404398 0.698999 0.096150 0.497767 0.135636 1.731191 1.731191 1.731195 1.731195
0.374612 0.348174 0.651092 0.084117 0.472156 0.116747 1.491784 1.491784 1.491787 1.491787
0.445361 0.416711 0.777358 0.101284 0.569685 0.140588 1.807812 1.807812 1.807815 1.807815
0.423456 0.391066 0.730655 0.073731 0.537505 0.133132 1.725318 1.725318 1.725322 1.725322
0.447406 0.412672 0.770692 0.078021 0.567659 0.137146 1.831167 1.831167 1.831171 1.831171
0.400219 0.365664 0.486957 0.069353 0.385890 0.122154 1.647516 1.647516 1.647520 1.647520
