0.970354 0.971729 0.976297 0.977850 0.981519 0.967247 0.980873 0.980873 0.980872 0.980872
0.967465 0.968836 0.973391 0.974938 0.978596 0.964367 0.964858 0.964858 0.964857 0.964857
0.901659 0.909247 0.876607 0.900864 0.912034 0.898772 0.923890 0.923890 0.923890 0.923890
0.978876 0.987113 0.951678 0.978013 0.990139 0.975742 0.996570 0.996570 0.996570 0.996570
0.993220 1.001578 0.965624 0.992345 1.004648 0.990040 1.010775 1.010775 1.010775 1.010775
0.979287 0.987528 0.952078 0.978424 0.990555 0.976152 0.989011 0.989011 0.989010 0.989010
0.961826 0.969920 0.935102 0.960978 0.972892 0.958746 0.953471 0.953471 0.953470 0.953470
0.988868 0.998743 0.961561 0.989756 1.002231 0.984670 0.978578 0.978578 0.978577 0.978577
0.992468 1.002378 0.964345 0.992507 1.005881 0.988257 0.978656 0.978656 0.978655 0.978655
0.989743 0.998271 0.961804 0.989763 1.002514 0.986324 0.975660 0.975660 0.975659 0.975659
0.980201 0.988647 0.914818 0.980221 0.992849 0.976815 0.955178 0.955178 0.955178 0.955178
0.989135 1.001851 0.928684 0.993312 1.006109 0.989860 0.959365 0.959365 0.959365 0.959365
0.975834 0.990666 0.907194 0.970327 0.994876 0.970163 0.946744 0.946744 0.946744 0.946744
1.015969 1.031407 0.944506 1.010232 1.035790 1.010060 0.985326 0.985326 0.985326 0.985326
0.963357 0.985913 0.899140 0.957917 0.984095 0.961546 0.922107 0.922107 0.922107 0.922107
0.939284 0.958792 0.873872 0.928327 0.971803 0.948702 0.882528 0.882528 0.882528 0.882528
0.998643 1.019383 0.922775 0.980699 1.029105 1.008889 0.932584 0.932584 0.932583 0.932583
0.977906 1.005421 0.910694 0.967167 1.015489 0.989263 0.909096 0.909096 0.909096 0.909096
0.991289 1.019190 0.922192 0.976070 1.029387 1.002269 0.906074 0.906074 0.906074 0.906074
0.978244 1.005962 0.909077 0.962981 1.017432 0.988828 0.883067 0.883067 0.883067 0.883067
0.981064 0.939470 0.921476 0.965756 1.020365 0.923468 0.901582 0.901582 0.901582 0.901582
1.034133 0.990289 0.971322 1.017998 1.075560 0.973422 0.943856 0.943856 0.943855 0.943855
1.030357 0.983198 0.969423 1.011118 1.075751 0.972529 0.941965 0.941965 0.941965 0.941965
0.996073 0.950483 0.937167 0.977475 1.039957 0.940170 0.886050 0.886050 0.886050 0.886050
1.038325 0.999262 0.972541 1.027639 1.088779 0.978660 0.928840 0.928840 0.928840 0.928840
1.042353 1.003320 0.976853 1.031031 1.093024 0.982707 0.933168 0.933168 0.933168 0.933168
1.039985 1.001041 0.974461 1.017818 1.090541 0.980475 0.926330 0.926330 0.926329 0.926329
1.015933 0.977890 0.951925 0.994279 1.065321 0.957800 0.885436 0.885436 0.885435 0.885435
1.065935 1.026019 0.998777 1.043215 1.117753 1.004941 0.927761 0.927761 0.927760 0.927760
1.059289 1.019622 0.992549 1.036710 1.110784 0.998674 0.917640 0.917640 0.917639 0.917639
1.033998 0.996272 0.968792 1.015170 1.084072 0.977925 0.890415 0.890415 0.890414 0.890414
1.049884 1.012555 0.985522 1.032716 1.102538 0.995048 0.898713 0.898713 0.898712 0.898712
1.011730 0.985945 0.944384 1.005576 1.058526 0.968898 0.864582 0.864582 0.864581 0.864581
1.051151 1.023560 0.974305 1.044757 1.099770 1.006650 0.889676 0.889676 0.889675 0.889675
1.054014 1.023126 0.966420 1.046990 1.101011 1.008801 0.887541 0.887541 0.887540 0.887540
1.037337 1.010839 0.958014 1.036006 1.084297 0.993818 0.868547 0.868547 0.868546 0.868546
1.027531 1.020461 0.963480 1.045867 1.090483 0.997181 0.869729 0.869729 0.869729 0.869729
1.007895 1.000960 0.945068 1.025881 1.069644 0.978125 0.828316 0.828316 0.828316 0.828316
1.068349 1.060999 1.001754 1.087414 1.133802 1.036794 0.873712 0.873712 0.873712 0.873712
1.046700 1.033374 0.984917 1.069489 1.114745 1.018389 0.857220 0.857220 0.857220 0.857220
1.056465 1.043723 0.995292 1.080724 1.124233 1.027056 0.861759 0.861759 0.861759 0.861759
1.069776 1.057649 1.007832 1.095145 1.139234 1.039996 0.869871 0.869871 0.869871 0.869871
1.061952 1.049914 1.000461 1.081353 1.129846 1.032390 0.859007 0.859007 0.859007 0.859007
1.054182 1.042582 0.975718 1.053815 1.102412 1.024836 0.848141 0.848141 0.848141 0.848141
1.069103 1.056398 0.984859 1.063706 1.116525 1.035202 0.854833 0.854833 0.854833 0.854833
1.074143 1.061378 0.988871 1.068488 1.121074 1.040082 0.852291 0.852291 0.852291 0.852291
1.073000 1.060249 0.987820 1.067352 1.119881 1.038975 0.840871 0.840871 0.840871 0.840871
1.093359 1.080366 1.006562 1.087604 1.132178 1.058689 0.852888 0.852888 0.852888 0.852888
1.094481 1.082050 1.007027 1.089160 1.134343 1.059225 0.854130 0.854130 0.854130 0.854130
1.098888 1.086407 1.011082 1.093545 1.138911 1.063490 0.854315 0.854315 0.854314 0.854314
1.073694 1.064223 0.992894 1.073831 1.118589 1.045622 0.831979 0.831979 0.831979 0.831979
1.080427 1.074741 1.002706 1.085028 1.129644 1.055955 0.835921 0.835921 0.835921 0.835921
1.005775 1.000482 0.946197 1.023879 1.065981 0.982995 0.785086 0.785086 0.785086 0.785086
1.068136 1.061342 1.002392 1.086390 1.130674 1.045233 0.827268 0.827268 0.827268 0.827268
1.079306 1.072440 1.012874 1.097750 1.142497 1.056163 0.827837 0.827837 0.827837 0.827837
1.079148 1.073837 0.996666 1.098687 1.141070 1.055767 0.823721 0.823721 0.823721 0.823721
1.044345 1.039206 0.964523 1.063254 1.104270 1.021718 0.773659 0.773659 0.773659 0.773659
1.093726 1.087554 1.009398 1.112721 1.156485 1.062009 0.805010 0.805010 0.805010 0.805010
1.033877 1.042399 0.977146 1.040752 1.108859 1.028611 0.766447 0.766447 0.766447 0.766447
1.074941 1.086166 1.024926 1.072624 1.152901 1.069466 0.801846 0.801846 0.801846 0.801846
1.097024 1.108480 1.045982 1.094660 1.176585 1.091437 0.813818 0.813818 0.813818 0.813818
1.100118 1.110439 1.047586 1.098065 1.179812 1.094306 0.814745 0.814745 0.814745 0.814745
1.074195 1.084010 1.023258 1.072089 1.148278 1.066002 0.793148 0.793148 0.793148 0.793148
1.085617 1.097762 1.035060 1.087779 1.158942 1.074962 0.802038 0.802038 0.802038 0.802038
1.081906 1.092693 1.031523 1.084061 1.154980 1.071288 0.788144 0.788144 0.788144 0.788144
1.094028 1.104935 0.985503 1.096206 1.167920 1.083290 0.792682 0.792682 0.792682 0.792682
1.106413 1.117443 0.996660 1.108616 1.181142 1.095554 0.794271 0.794271 0.794271 0.794271
1.092847 1.103184 0.985740 1.095278 1.165905 1.078715 0.774957 0.774957 0.774957 0.774957
1.122300 1.131887 1.012843 1.124363 1.196866 1.099463 0.796860 0.796860 0.796861 0.796861
1.098741 1.108126 0.991582 1.100761 1.171741 1.076383 0.767249 0.767249 0.767250 0.767250
1.119347 1.127732 1.011606 1.121465 1.195413 1.094160 0.781597 0.781597 0.781598 0.781598
1.113815 1.122082 0.995865 1.114654 1.187914 1.086666 0.773575 0.773575 0.773575 0.773575
1.001514 1.076965 0.895456 1.069836 1.140150 1.042974 0.736365 0.736365 0.736365 0.736365
1.046282 1.125106 0.935483 1.117658 1.191116 1.089595 0.753184 0.753184 0.753184 0.753184
1.061211 1.123977 0.937417 1.114745 1.207902 1.095626 0.763258 0.763258 0.763258 0.763258
1.100605 1.165701 0.972215 1.156126 1.252741 1.136297 0.789683 0.789683 0.789683 0.789683
1.077054 1.141083 0.949855 1.129274 1.223910 1.109365 0.764617 0.764617 0.764618 0.764618
1.104748 1.170423 0.974278 1.158311 1.255380 1.137890 0.781936 0.781936 0.781937 0.781937
1.092596 1.157520 0.963489 1.136988 1.241021 1.125346 0.768136 0.768136 0.768136 0.768136
1.105052 1.170717 0.903349 1.149950 1.255169 1.138176 0.776318 0.776318 0.776319 0.776319
1.108485 1.174354 0.906155 1.153523 1.259069 1.141712 0.773359 0.773359 0.773360 0.773360
1.090440 1.160313 0.895114 1.128475 1.242691 1.126972 0.759122 0.759122 0.759123 0.759123
1.068443 1.103124 0.850996 1.105711 1.217622 1.104237 0.737781 0.737781 0.737782 0.737782
1.094768 1.129359 0.869547 1.132954 1.247623 1.131444 0.745843 0.745843 0.745844 0.745844
1.127438 1.163061 0.895495 1.166763 1.284854 1.165208 0.763456 0.763456 0.763457 0.763457
0.720544 1.128736 0.869067 1.132329 1.246935 1.130820 0.738327 0.738327 0.738327 0.738327
0.774351 1.213024 0.933965 1.216886 1.338266 1.215265 0.788263 0.788263 0.788264 0.788264
0.777191 1.217473 0.937390 1.221349 1.343175 1.219722 0.786571 0.786571 0.786573 0.786573
0.777718 1.198834 0.935289 1.222178 1.344086 1.220549 0.784774 0.784774 0.784775 0.784775
0.773007 1.193178 0.929320 1.212981 1.334874 1.211641 0.778397 0.778397 0.778398 0.778398
0.780443 1.204012 0.932269 1.223995 1.347716 1.215485 0.783134 0.783134 0.783136 0.783136
0.776881 1.197406 0.927425 1.217798 1.334162 1.209937 0.777655 0.777655 0.777656 0.777656
0.767042 1.182241 0.914970 1.202375 1.316244 1.194613 0.756226 0.756226 0.756228 0.756228
0.791203 1.219480 0.943790 1.240248 1.357704 1.232242 0.776454 0.776454 0.776456 0.776456
0.718816 1.107910 0.857442 1.126777 1.233487 1.119504 0.667446 0.667446 0.667448 0.667448
0.800475 1.238608 0.956430 1.260336 1.379825 1.252393 0.745571 0.745571 0.745573 0.745573
0.745438 1.153447 0.890670 1.095207 1.284955 1.166284 0.675869 0.675869 0.675871 0.675871
0.799058 1.238071 0.957826 1.175386 1.378793 1.252494 0.719722 0.719722 0.719724 0.719724
0.791438 1.226265 0.948693 1.161650 1.362680 1.239813 0.701196 0.701196 0.701197 0.701197
0.812013 1.257912 0.973355 1.189754 1.397136 1.272038 0.719096 0.719096 0.719097 0.719097
