0.919871 0.919871 0.919871 0.858366 0.919871 0.919871 0.895440 0.895440 0.895440 0.895440
0.981365 0.981365 0.981365 0.915749 0.981365 0.981365 0.937693 0.937693 0.937693 0.937693
1.006480 1.006480 1.006480 0.939185 1.006480 1.006480 0.952831 0.952831 0.952831 0.952831
1.007047 1.007730 1.008250 0.940809 1.006231 1.006231 0.949557 0.949557 0.949558 0.949558
0.977621 0.985346 0.986458 0.919816 0.984344 0.978138 0.917650 0.917650 0.917650 0.917650
1.014730 1.022748 1.023901 0.954730 1.021708 1.015266 0.945913 0.945913 0.945914 0.945914
0.991940 1.002091 0.991072 0.924118 1.001072 0.985973 0.924942 0.924942 0.924943 0.924943
0.992418 1.002574 0.991549 0.922556 0.999380 0.985862 0.910247 0.910247 0.910247 0.910247
1.010071 1.021853 1.015369 0.946220 1.028860 1.000186 0.936481 0.936481 0.936482 0.936482
1.007436 1.021258 1.013623 0.947489 1.024809 0.995377 0.934570 0.934570 0.934571 0.934571
1.016817 1.030768 1.022880 0.946205 1.034352 1.004646 0.938492 0.938492 0.938493 0.938493
1.028671 1.042784 1.034805 0.957236 1.046410 1.016358 0.945829 0.945829 0.945829 0.945829
1.013074 1.030660 1.022773 0.946616 1.034243 1.004541 0.930069 0.930069 0.930069 0.930069
1.026570 1.044390 1.036398 0.959227 1.048021 1.017923 0.937858 0.937858 0.937858 0.937858
1.013331 1.030921 1.023032 0.946856 1.034505 1.004795 0.914330 0.914330 0.914330 0.914330
0.985515 1.002623 0.994951 0.920865 1.006109 0.977214 0.863390 0.863390 0.863390 0.863390
1.012482 1.034048 1.029575 0.951187 1.034312 1.004942 0.881987 0.881987 0.881988 0.881988
1.045487 1.067757 1.063138 0.982195 1.068029 1.037702 0.906545 0.906545 0.906545 0.906545
1.023648 1.048135 1.046190 0.966499 1.051160 1.022395 0.884685 0.884685 0.884686 0.884686
1.045988 1.071009 0.990996 0.987592 1.074100 1.044707 0.903323 0.903323 0.903324 0.903324
1.036189 1.059805 0.979298 0.977465 1.062722 1.036200 0.887889 0.887889 0.887890 0.887890
1.041129 1.064784 0.973466 0.981009 1.066360 1.039144 0.887350 0.887350 0.887351 0.887351
1.050958 1.074837 0.982656 0.990271 1.076427 1.048955 0.887068 0.887068 0.887069 0.887069
0.990246 1.026889 0.948193 0.923235 1.028770 1.012693 0.841851 0.841851 0.841852 0.841852
1.048212 1.088693 1.003873 0.979019 1.091152 1.070850 0.889584 0.889584 0.889585 0.889585
1.060032 1.100969 1.015192 0.990059 1.103456 1.082924 0.897446 0.897446 0.897448 0.897448
1.031775 1.076329 0.992243 0.958343 1.077612 1.057666 0.871631 0.871631 0.871633 0.871633
1.054931 1.099329 1.013209 0.980133 1.101711 1.081197 0.889698 0.889698 0.889700 0.889700
0.670263 1.060646 0.977557 0.945645 1.062945 1.043152 0.855382 0.855382 0.855384 0.855384
0.721521 1.141760 1.052317 1.017964 1.144234 1.122928 0.915465 0.915465 0.915467 0.915467
0.706564 1.118092 1.029704 0.996862 1.119646 1.099650 0.882968 0.882968 0.882970 0.882970
0.716578 1.138703 1.050549 1.015238 1.140285 1.119921 0.891283 0.891283 0.891285 0.891285
0.719289 1.152771 1.049796 1.027781 1.149571 1.122563 0.899697 0.899697 0.899699 0.899699
0.722913 1.158579 1.055086 1.032960 1.153825 1.128219 0.898306 0.898306 0.898308 0.898308
0.719388 1.151728 1.051425 1.027978 1.149831 1.120249 0.893878 0.893878 0.893880 0.893880
0.714853 1.144795 1.043087 1.019590 1.140695 1.110567 0.878855 0.878855 0.878857 0.878857
0.721463 1.156937 1.052389 1.027499 1.150321 1.119436 0.885136 0.885136 0.885138 0.885138
0.722530 1.158435 1.053945 1.027209 1.151224 1.121087 0.886040 0.886040 0.886042 0.886042
0.725723 1.163527 1.058523 1.024020 1.155800 1.126014 0.883973 0.883973 0.883975 0.883975
0.721775 1.157198 1.011084 1.018450 1.149512 1.119889 0.869087 0.869087 0.869089 0.869089
0.716157 1.148190 1.003214 1.010522 1.140564 1.111171 0.843767 0.843767 0.843769 0.843769
0.713108 1.152557 1.002897 1.006219 1.137955 1.110820 0.829209 0.829209 0.829211 0.829211
0.715749 1.156825 1.006611 1.009946 1.142170 1.114934 0.809821 0.809821 0.809823 0.809823
0.753538 1.216795 1.060318 1.062857 1.202008 1.164979 0.853666 0.853666 0.853669 0.853669
0.741496 1.195907 1.043373 1.045872 1.182799 1.146361 0.828303 0.828303 0.828305 0.828305
0.728392 1.197273 1.040619 1.047066 1.179676 1.140697 0.822548 0.822548 0.822550 0.822550
0.741667 1.218142 1.052159 1.066150 1.201177 1.161487 0.829527 0.829527 0.829529 0.829529
0.733781 1.187041 1.028448 1.037263 1.188198 1.139241 0.819983 0.819983 0.819986 0.819986
0.743550 1.203248 1.023857 1.031855 1.183441 1.154408 0.826436 0.826436 0.826439 0.826439
0.753464 1.218407 1.036756 1.044855 1.199220 1.161032 0.832049 0.832049 0.832051 0.832051
0.729097 1.179004 1.003227 1.011065 1.160437 1.123484 0.781408 0.781408 0.781411 0.781411
0.755164 1.223821 1.048269 1.038053 1.201926 1.163651 0.814380 0.814380 0.814382 0.814382
0.755465 1.225949 1.052081 1.039706 1.203638 1.166275 0.809350 0.809350 0.809352 0.809352
0.779763 1.265379 1.085919 1.073146 1.242350 1.203786 0.835051 0.835051 0.835054 0.835054
0.764212 1.238994 1.063587 1.051216 1.210855 1.179777 0.816397 0.816397 0.816399 0.816399
0.749415 1.215005 1.042994 1.030863 1.187410 1.156934 0.783838 0.783838 0.783840 0.783840
0.712310 1.162918 0.957941 0.971455 1.128620 1.099653 0.765461 0.765461 0.765463 0.765463
0.762134 1.244260 1.024946 1.039405 1.207562 1.176569 0.808036 0.808036 0.808037 0.808037
0.769235 1.255854 0.977393 1.049089 1.218814 1.187532 0.811172 0.811172 0.811174 0.811174
0.763948 1.246179 0.967985 1.041879 1.210437 1.179370 0.794817 0.794817 0.794818 0.794818
0.771550 1.251165 0.981066 1.056305 1.226794 1.194159 0.803863 0.803863 0.803865 0.803865
0.723841 1.173799 0.932996 1.004549 1.166683 1.120319 0.760865 0.760865 0.760867 0.760867
0.779977 1.264831 1.005352 1.082454 1.257163 1.207202 0.814916 0.814916 0.814918 0.814918
0.774314 1.251705 0.987286 1.073966 1.246050 1.197736 0.804866 0.804866 0.804867 0.804867
0.714202 1.154532 0.910640 0.990591 1.149316 1.104753 0.702422 0.702422 0.702423 0.702423
0.797425 1.288377 1.010262 1.105430 1.283242 1.225610 0.781527 0.781527 0.781530 0.781530
0.797521 1.293583 1.012055 1.110457 1.289198 1.231371 0.784041 0.784041 0.784043 0.784043
0.796649 1.292168 1.010948 1.109243 1.287789 1.230025 0.777830 0.777830 0.777832 0.777832
0.792636 1.285658 1.005214 1.103415 1.280485 1.223828 0.767990 0.767990 0.767992 0.767992
0.793153 1.288361 0.989920 1.105239 1.279907 1.224347 0.764782 0.764782 0.764784 0.764784
0.805864 1.309970 1.005784 1.123776 1.301374 1.243968 0.774594 0.774594 0.774596 0.774596
0.773454 1.219927 0.936650 1.078581 1.249036 1.193939 0.737416 0.737416 0.737419 0.737419
0.793711 1.253129 0.961123 1.110343 1.281524 1.229098 0.752239 0.752239 0.752241 0.752241
0.807315 1.270117 0.979262 1.125852 1.308498 1.253595 0.766398 0.766398 0.766401 0.766401
0.814280 1.281075 0.987710 1.135565 1.309434 1.264410 0.769458 0.769458 0.769460 0.769460
0.812063 1.277586 0.985020 1.132473 1.305868 1.260966 0.761521 0.761521 0.761524 0.761524
0.826149 1.299743 1.002107 1.152113 1.328515 1.282835 0.774451 0.774451 0.774453 0.774453
0.808980 1.271599 0.976650 1.122864 1.299171 1.251170 0.753672 0.753672 0.753674 0.753674
0.819594 1.288284 0.988731 1.136622 1.316221 1.267591 0.760852 0.760852 0.760855 0.760855
0.815814 1.282341 0.984171 1.125361 1.308927 1.261744 0.753395 0.753395 0.753397 0.753397
0.788519 1.154186 0.961446 1.087710 1.265135 1.135647 0.741319 0.741319 0.741322 0.741322
0.814178 1.191141 0.994043 1.123366 1.305457 1.168910 0.756100 0.756100 0.756102 0.756102
0.840969 1.230337 1.026752 1.160331 1.348414 1.207374 0.778649 0.778649 0.778651 0.778651
0.837388 1.225097 1.022380 1.155390 1.342672 1.202233 0.771069 0.771069 0.771071 0.771071
0.846080 1.237814 1.032993 1.167383 1.356610 1.214712 0.778021 0.778021 0.778023 0.778023
0.798990 1.181125 0.970033 1.113920 1.276348 1.159082 0.733471 0.733471 0.733473 0.733473
0.836849 1.237750 1.015423 1.167173 1.338010 1.213373 0.768556 0.768556 0.768558 0.768558
0.823685 1.218280 0.992651 1.141488 1.311722 1.194563 0.751859 0.751859 0.751860 0.751860
0.741119 1.170058 0.893148 1.096305 1.259801 1.147279 0.716160 0.716160 0.716162 0.716162
0.794538 1.252694 0.957631 1.175304 1.349791 1.230948 0.767537 0.767537 0.767539 0.767539
0.797494 1.257354 0.961193 1.179676 1.354812 1.235527 0.765445 0.765445 0.765447 0.765447
0.792097 1.250051 0.956480 1.173908 1.347857 1.229760 0.755739 0.755739 0.755741 0.755741
0.799932 1.242245 0.963122 1.185519 1.361189 1.241924 0.760954 0.760954 0.760956 0.760956
0.805205 1.250433 0.969470 1.193334 1.370161 1.250110 0.762367 0.762367 0.762370 0.762370
0.787076 1.222280 0.947643 1.166466 1.339312 1.221964 0.732897 0.732897 0.732899 0.732899
0.806954 1.253376 0.972112 1.195237 1.373165 1.253146 0.751991 0.751991 0.751993 0.751993
0.751541 1.164292 0.902466 1.106425 1.295264 1.181016 0.687471 0.687471 0.687473 0.687473
0.790067 1.223987 0.947737 1.158001 1.361661 1.240897 0.710585 0.710585 0.710587 0.710587
0.797655 1.235444 0.957174 1.169013 1.370285 1.249863 0.715246 0.715246 0.715248 0.715248
0.780142 1.208540 0.935151 1.143057 1.342300 1.222112 0.690872 0.690872 0.690874 0.690874
