2 1 2 2 2 2 2 1 1 1
3 2 3 1 3 3 3 1 1 1
4 3 4 2 2 4 2 1 1 1
3 4 5 3 3 5 1 1 1 1
4 5 4 2 2 6 1 2 2 2
5 6 5 3 3 7 2 1 1 1
4 7 4 2 4 8 1 2 2 2
5 8 5 1 5 9 2 1 1 1
6 7 6 1 6 8 3 2 2 2
5 8 5 1 7 7 4 3 3 3
6 9 4 1 8 6 3 4 4 4
7 8 3 1 7 7 2 5 5 5
8 9 4 2 8 8 3 4 4 4
7 8 5 3 7 9 2 5 5 5
6 9 4 2 8 8 1 6 6 6
5 10 5 3 7 7 1 7 7 7
4 9 6 2 6 8 1 8 8 8
5 10 7 1 7 9 2 7 7 7
6 9 8 2 8 10 3 6 6 6
7 10 9 3 9 11 4 5 5 5
8 11 10 2 8 10 3 6 6 6
9 12 11 3 9 11 4 5 5 5
10 13 12 4 10 12 5 4 4 4
11 12 11 5 11 13 6 3 3 3
10 13 12 6 12 12 5 4 4 4
11 14 13 7 13 13 6 3 3 3
10 13 14 8 14 12 5 4 4 4
11 12 15 9 15 13 6 3 3 3
10 13 16 8 14 14 5 4 4 4
11 12 17 7 15 15 4 5 5 5
12 13 18 6 16 14 5 4 4 4
13 14 19 7 15 13 6 3 3 3
14 15 18 8 16 12 7 2 2 2
13 16 19 9 17 13 8 1 1 1
14 17 20 8 16 14 7 2 2 2
15 18 19 9 15 13 6 3 3 3
14 17 18 10 16 14 5 4 4 4
15 18 17 11 15 15 6 3 3 3
16 19 16 12 16 16 7 2 2 2
17 20 17 13 17 17 8 1 1 1
16 21 18 12 18 18 7 1 1 1
17 22 19 13 19 19 8 1 1 1
18 23 20 12 20 18 9 1 1 1
19 22 21 13 19 19 10 1 1 1
20 21 22 14 20 20 11 1 1 1
21 22 23 15 21 21 12 1 1 1
22 21 24 16 22 22 13 1 1 1
23 22 23 17 21 23 14 1 1 1
22 23 24 18 22 24 15 1 1 1
21 24 25 19 23 25 16 1 1 1
22 25 26 20 24 26 15 1 1 1
21 24 27 21 23 27 16 1 1 1
22 23 28 22 24 28 17 1 1 1
23 24 29 23 25 27 18 1 1 1
22 25 28 24 26 28 19 1 1 1
21 26 29 23 27 29 20 1 1 1
22 27 28 24 28 30 19 1 1 1
21 28 27 25 29 31 18 1 1 1
20 29 28 24 30 30 19 1 1 1
19 30 29 25 31 29 20 1 1 1
20 31 28 26 32 30 21 1 1 1
21 32 29 27 33 31 20 1 1 1
22 33 28 26 34 32 19 1 1 1
23 34 29 27 33 33 18 1 1 1
22 35 28 28 34 34 17 2 2 2
23 36 29 27 33 35 18 1 1 1
24 37 30 26 34 36 17 1 1 1
23 38 29 27 33 37 18 1 1 1
22 39 30 26 34 36 19 1 1 1
23 38 31 27 35 37 18 1 1 1
24 39 32 28 36 38 19 1 1 1
25 38 33 29 37 37 18 1 1 1
24 39 34 28 38 38 17 1 1 1
25 40 35 29 39 37 16 1 1 1
26 39 36 30 40 38 15 1 1 1
27 40 37 31 39 39 14 1 1 1
26 39 38 30 40 40 15 2 2 2
27 40 39 29 39 41 16 1 1 1
28 41 40 30 40 42 17 1 1 1
27 40 41 31 39 43 18 2 2 2
28 41 42 30 40 44 19 1 1 1
29 42 41 31 41 45 20 1 1 1
30 43 42 32 40 46 19 1 1 1
31 44 43 33 41 45 20 1 1 1
32 45 44 34 42 44 21 1 1 1
31 46 45 33 43 45 22 1 1 1
30 47 46 34 44 46 21 1 1 1
31 48 45 35 43 47 22 1 1 1
32 47 46 36 44 48 21 1 1 1
31 46 47 37 45 47 22 1 1 1
32 47 46 38 46 46 23 1 1 1
33 48 47 39 45 47 24 1 1 1
34 49 46 40 46 48 25 1 1 1
35 50 47 41 45 47 26 1 1 1
34 49 48 42 46 48 27 1 1 1
35 48 47 43 47 49 28 1 1 1
36 49 48 44 48 48 29 1 1 1
37 50 47 43 47 49 30 1 1 1
38 51 48 42 48 50 31 1 1 1
39 52 49 43 49 51 30 1 1 1
