1 2 2 2 2 2 2 1 1 1
1 3 3 3 3 3 3 1 1 1
1 2 4 4 4 4 4 1 1 1
1 1 5 3 3 5 5 2 2 2
1 1 4 2 4 6 6 3 3 3
2 1 5 3 5 7 7 2 2 2
3 1 6 4 6 8 8 1 1 1
2 2 7 5 7 7 7 2 2 2
3 1 8 6 8 6 6 3 3 3
4 2 9 7 9 5 7 2 2 2
3 1 10 8 10 6 8 1 1 1
4 2 9 9 9 7 9 1 1 1
5 3 10 10 10 8 8 1 1 1
6 2 9 9 11 7 9 2 2 2
7 1 10 10 10 8 10 1 1 1
6 1 11 11 9 7 11 2 2 2
7 2 12 12 10 6 12 1 1 1
8 3 11 11 11 5 13 2 2 2
9 4 12 12 10 6 14 1 1 1
10 5 13 11 11 5 15 1 1 1
11 6 14 12 10 6 16 1 1 1
12 7 13 13 11 7 17 1 1 1
13 8 12 14 10 8 18 1 1 1
12 7 13 13 11 9 19 1 1 1
13 8 12 12 12 8 20 1 1 1
12 9 13 11 13 9 19 2 2 2
13 8 14 12 12 10 20 1 1 1
14 9 15 13 13 11 19 1 1 1
13 10 16 14 14 12 20 1 1 1
14 9 17 15 15 13 19 1 1 1
15 10 18 16 16 14 20 1 1 1
16 11 19 17 17 15 19 1 1 1
17 10 20 18 18 16 18 1 1 1
18 11 21 19 19 15 19 1 1 1
17 10 22 18 20 16 20 2 2 2
18 11 23 19 21 17 21 1 1 1
19 10 24 20 20 18 20 1 1 1
20 11 25 19 21 19 21 1 1 1
19 12 26 20 20 20 20 1 1 1
20 13 27 19 19 19 21 1 1 1
19 14 28 18 20 20 22 1 1 1
20 15 29 19 21 21 23 1 1 1
21 16 30 20 20 20 24 1 1 1
22 17 31 21 19 21 25 1 1 1
23 18 32 22 20 22 26 1 1 1
24 17 33 23 21 23 27 1 1 1
25 18 32 24 22 22 28 1 1 1
24 19 31 25 23 23 29 2 2 2
23 20 32 26 24 24 30 1 1 1
24 21 33 27 25 25 31 1 1 1
23 22 34 26 26 26 32 1 1 1
24 23 35 27 27 27 33 1 1 1
25 24 36 28 28 26 34 1 1 1
26 25 37 29 29 25 33 1 1 1
27 26 38 30 28 24 32 1 1 1
26 27 39 31 29 25 33 1 1 1
25 26 40 32 30 24 34 1 1 1
24 27 39 33 31 25 35 1 1 1
23 28 40 32 32 26 36 1 1 1
24 29 41 33 31 25 35 1 1 1
