1 1 1 1 1 1 1 1 1 1
2 2 1 2 1 1 1 2 2 2
3 3 2 1 2 2 2 1 1 1
2 2 1 2 3 3 3 2 2 2
1 1 2 1 4 4 4 3 3 3
2 2 3 2 5 5 5 2 2 2
3 1 4 3 4 4 4 3 3 3
2 1 3 2 5 3 5 4 4 4
3 2 4 3 6 4 6 3 3 3
4 1 5 4 7 5 5 2 2 2
5 2 6 3 8 6 4 1 1 1
6 3 7 4 7 5 5 1 1 1
7 2 8 5 8 6 6 1 1 1
8 1 9 6 7 5 5 2 2 2
9 1 10 7 8 6 4 1 1 1
10 2 11 8 9 5 5 1 1 1
9 3 12 9 10 6 4 1 1 1
10 4 13 10 9 7 5 1 1 1
11 5 14 11 10 8 4 1 1 1
10 4 15 12 9 9 3 2 2 2
11 5 16 13 8 8 4 1 1 1
12 4 15 14 9 7 5 2 2 2
11 5 16 13 10 8 6 1 1 1
12 6 17 14 11 9 7 1 1 1
13 7 16 15 12 10 8 1 1 1
14 8 17 14 13 11 9 1 1 1
15 7 18 15 14 12 10 1 1 1
16 8 19 16 15 13 11 1 1 1
17 7 20 15 16 14 12 1 1 1
18 6 21 16 17 15 13 1 1 1
17 7 22 17 16 16 14 1 1 1
16 6 23 18 17 17 15 1 1 1
17 7 24 17 18 18 14 1 1 1
18 6 25 18 19 17 15 1 1 1
19 7 24 19 20 18 14 1 1 1
20 6 25 20 21 17 13 1 1 1
21 5 26 19 20 18 12 2 2 2
22 6 27 20 21 19 13 1 1 1
23 7 28 21 22 20 12 1 1 1
22 8 29 22 23 21 11 1 1 1
23 9 30 23 24 22 12 1 1 1
24 10 31 22 25 23 13 1 1 1
25 11 32 23 24 24 14 1 1 1
26 10 31 24 23 25 15 2 2 2
25 9 30 25 24 26 16 1 1 1
26 10 31 26 25 27 17 1 1 1
27 11 30 27 26 26 18 1 1 1
28 12 31 28 27 27 19 1 1 1
29 13 32 29 28 28 20 1 1 1
28 14 33 30 29 29 21 1 1 1
27 13 34 31 30 30 20 1 1 1
28 12 33 32 31 31 21 1 1 1
29 13 32 31 32 32 22 1 1 1
30 12 33 30 33 31 21 2 2 2
31 13 32 31 34 30 22 1 1 1
32 14 33 32 35 31 21 1 1 1
31 13 34 33 36 32 22 1 1 1
30 12 35 34 37 33 23 1 1 1
31 13 36 33 38 34 24 1 1 1
30 12 37 34 39 35 25 1 1 1
31 13 38 33 40 34 26 1 1 1
32 14 39 32 41 35 27 1 1 1
33 15 40 31 42 36 28 1 1 1
34 14 41 30 43 35 29 1 1 1
35 15 42 31 44 34 30 1 1 1
36 16 43 32 45 33 31 1 1 1
37 17 44 31 46 34 32 2 2 2
38 16 45 30 47 35 31 1 1 1
37 15 46 29 48 36 32 1 1 1
38 16 47 30 47 37 33 1 1 1
39 17 48 31 48 38 34 1 1 1
40 18 47 32 47 39 35 1 1 1
41 17 48 33 48 40 34 1 1 1
40 18 49 32 49 41 33 1 1 1
41 19 50 33 50 42 34 1 1 1
40 20 51 32 51 41 35 1 1 1
41 19 52 33 50 42 34 1 1 1
42 20 53 32 49 43 33 1 1 1
43 21 54 33 50 44 32 1 1 1
42 20 55 34 51 43 33 1 1 1
43 21 56 35 52 44 34 1 1 1
42 20 57 36 53 45 35 1 1 1
43 21 58 37 52 46 36 1 1 1
44 22 59 36 53 47 37 1 1 1
45 23 58 37 52 48 38 1 1 1
44 24 59 36 51 49 39 1 1 1
43 25 60 35 52 50 40 1 1 1
44 26 61 36 51 49 39 1 1 1
45 27 62 37 52 48 40 1 1 1
46 28 61 36 53 49 41 1 1 1
45 27 62 37 54 48 42 1 1 1
44 28 61 36 55 49 43 1 1 1
43 27 62 37 56 50 42 1 1 1
44 28 61 38 55 51 41 1 1 1
45 29 60 39 56 52 42 1 1 1
46 30 59 40 57 53 43 1 1 1
47 31 60 39 58 54 42 2 2 2
48 30 61 40 59 55 43 1 1 1
49 31 62 41 60 56 44 1 1 1
50 32 63 40 61 55 45 1 1 1
