1 1 2 2 1 2 2 2 2 2
2 2 3 3 2 3 3 1 1 1
1 3 2 4 3 4 4 1 1 1
2 4 3 5 2 5 5 1 1 1
3 5 4 4 3 6 6 1 1 1
4 6 3 3 2 7 7 1 1 1
5 5 4 4 1 8 8 1 1 1
4 6 3 5 2 9 9 1 1 1
5 5 2 4 1 10 10 2 2 2
6 6 3 5 2 9 11 1 1 1
5 7 2 6 3 10 12 1 1 1
6 8 1 7 2 11 11 1 1 1
5 9 1 6 3 12 10 2 2 2
6 10 2 7 4 13 9 1 1 1
7 11 1 8 3 14 10 1 1 1
8 12 2 7 4 13 11 1 1 1
9 13 3 8 3 14 12 1 1 1
10 14 2 9 2 15 13 1 1 1
9 13 3 8 1 16 14 2 2 2
10 14 2 9 2 15 15 1 1 1
11 15 3 10 1 14 16 1 1 1
12 16 4 11 1 13 17 1 1 1
13 17 5 12 2 12 18 1 1 1
12 18 6 13 1 13 19 1 1 1
13 17 7 14 2 14 18 2 2 2
14 18 8 15 1 15 19 1 1 1
13 19 9 16 1 16 18 1 1 1
14 20 10 17 2 17 19 1 1 1
13 21 11 18 1 18 18 2 2 2
14 22 10 17 1 17 19 3 3 3
15 23 11 16 2 16 20 2 2 2
16 22 12 15 1 15 21 3 3 3
17 21 13 16 1 16 22 2 2 2
16 22 12 17 2 17 21 3 3 3
17 23 11 18 3 18 22 2 2 2
16 24 10 19 2 19 21 3 3 3
15 23 11 20 1 18 22 4 4 4
14 24 10 19 1 19 23 5 5 5
13 23 11 20 1 18 24 6 6 6
12 24 10 19 1 17 25 7 7 7
13 25 9 20 1 16 26 6 6 6
14 26 8 19 2 17 27 7 7 7
13 27 7 20 1 16 26 8 8 8
14 28 8 19 1 15 25 9 9 9
13 29 9 18 1 14 26 10 10 10
14 28 10 17 1 13 27 11 11 11
15 27 9 16 2 12 28 12 12 12
14 26 10 17 3 13 27 13 13 13
13 25 11 18 4 12 26 14 14 14
12 26 10 17 3 11 27 15 15 15
13 25 9 18 2 10 28 16 16 16
12 26 8 19 3 11 29 15 15 15
13 27 9 20 4 10 30 14 14 14
14 28 10 21 3 11 29 13 13 13
15 29 9 20 4 12 30 12 12 12
16 28 10 21 5 13 31 11 11 11
17 27 11 22 6 12 30 12 12 12
16 26 12 23 7 11 29 13 13 13
15 25 11 24 8 10 30 14 14 14
16 26 12 23 7 11 29 15 15 15
