1 1 1 1 1 1 1 1 1 1
1 1 1 1 1 1 1 1 1 1
1 1 1 1 1 1 1 1 1 1
2 2 2 2 2 2 1 1 1 1
3 1 1 3 3 1 1 2 2 2
4 2 2 4 4 2 1 1 1 1
5 1 3 5 3 1 1 2 2 2
6 2 4 6 2 2 2 1 1 1
7 3 3 7 3 3 1 1 1 1
8 2 4 8 4 2 2 1 1 1
9 1 5 9 5 1 3 1 1 1
10 1 4 10 4 1 2 2 2 2
11 2 5 11 5 2 3 1 1 1
12 3 4 12 6 1 4 1 1 1
13 2 3 13 5 1 3 2 2 2
14 1 2 14 6 2 2 1 1 1
15 1 1 15 7 3 3 1 1 1
16 2 2 14 8 4 4 1 1 1
17 3 3 15 9 5 3 1 1 1
18 4 4 16 8 6 4 1 1 1
19 5 5 17 7 7 5 1 1 1
20 4 6 16 8 8 6 1 1 1
19 5 7 17 9 9 7 1 1 1
20 4 8 16 10 10 6 2 2 2
21 5 7 17 11 9 7 3 3 3
22 6 8 18 12 8 8 2 2 2
23 5 9 19 11 9 7 1 1 1
24 6 8 20 12 8 8 1 1 1
25 7 9 21 11 9 9 1 1 1
26 8 8 22 10 8 8 2 2 2
27 9 9 23 9 7 9 1 1 1
28 10 8 24 10 6 10 1 1 1
29 11 7 25 11 7 9 1 1 1
28 12 6 26 12 8 10 1 1 1
29 13 5 25 13 9 11 1 1 1
30 14 6 26 14 8 12 1 1 1
31 15 7 25 15 9 13 1 1 1
32 14 8 26 14 10 14 1 1 1
33 15 9 27 15 11 15 1 1 1
34 16 10 28 16 12 16 1 1 1
35 17 11 27 17 13 15 1 1 1
36 18 10 28 18 14 16 1 1 1
37 17 11 29 19 15 17 1 1 1
38 16 12 28 18 16 18 1 1 1
39 15 13 29 19 17 19 1 1 1
40 16 14 30 18 18 18 2 2 2
41 17 15 29 19 17 19 3 3 3
40 16 16 30 20 16 20 4 4 4
41 17 17 31 21 17 19 3 3 3
42 18 18 30 20 18 20 4 4 4
41 19 19 31 21 19 19 3 3 3
42 18 20 32 22 20 20 2 2 2
43 19 21 33 21 21 19 1 1 1
42 18 22 34 22 22 20 1 1 1
43 17 23 35 23 23 21 1 1 1
44 18 22 36 24 24 22 1 1 1
45 17 23 37 25 25 23 1 1 1
46 18 24 36 24 26 24 1 1 1
47 19 25 37 25 27 23 1 1 1
46 18 26 38 26 26 24 1 1 1
47 17 27 37 27 27 25 1 1 1
48 18 26 38 28 26 26 1 1 1
49 17 27 37 29 25 27 2 2 2
48 16 28 38 30 26 26 1 1 1
49 15 27 39 31 27 27 1 1 1
50 14 28 40 32 26 26 1 1 1
49 15 29 41 33 27 27 1 1 1
50 14 30 42 32 28 28 1 1 1
51 13 31 43 31 29 29 1 1 1
52 12 32 44 32 30 30 1 1 1
51 11 33 43 33 31 31 1 1 1
52 12 34 42 34 32 32 1 1 1
53 11 33 43 35 33 33 1 1 1
52 12 32 44 36 34 34 1 1 1
53 11 33 45 37 33 35 1 1 1
54 12 34 46 38 34 36 1 1 1
55 11 35 47 39 35 37 1 1 1
54 12 36 46 40 36 38 1 1 1
55 13 37 47 41 37 39 1 1 1
56 12 38 46 42 38 40 1 1 1
55 13 39 47 43 39 41 1 1 1
56 12 40 48 44 40 42 1 1 1
57 13 41 49 45 41 41 1 1 1
58 14 42 48 46 42 42 1 1 1
59 15 43 49 47 41 43 1 1 1
60 14 42 50 48 42 44 1 1 1
61 15 41 51 49 43 45 1 1 1
62 14 40 50 50 44 44 2 2 2
63 13 41 49 51 45 45 3 3 3
62 14 42 48 52 46 44 4 4 4
63 15 43 49 53 47 45 3 3 3
64 16 44 50 54 48 46 2 2 2
63 15 45 51 55 49 47 1 1 1
62 16 46 50 56 50 48 1 1 1
63 17 47 49 57 51 49 1 1 1
64 18 48 50 58 50 50 1 1 1
63 19 49 51 57 49 51 2 2 2
62 20 50 52 56 50 52 1 1 1
63 21 51 51 57 51 53 1 1 1
64 22 50 52 56 50 54 2 2 2
