2 1 2 1 2 1 1 2 2 2
3 2 3 2 3 2 2 1 1 1
4 3 4 1 4 3 3 1 1 1
3 4 5 1 5 4 4 1 1 1
2 3 6 2 6 5 5 1 1 1
1 2 7 3 7 4 6 1 1 1
2 3 8 4 8 3 7 1 1 1
3 2 9 5 9 4 8 1 1 1
4 1 8 4 10 3 9 2 2 2
3 2 7 5 11 4 10 1 1 1
4 3 8 4 10 5 11 1 1 1
5 2 7 5 11 6 12 1 1 1
4 3 6 6 12 7 13 1 1 1
5 4 7 5 11 8 14 2 2 2
6 5 8 4 10 9 15 1 1 1
7 6 7 5 11 10 14 1 1 1
8 7 6 6 12 11 15 1 1 1
9 8 7 7 13 12 16 1 1 1
10 7 6 8 14 13 17 1 1 1
9 8 5 7 15 14 16 2 2 2
10 9 6 8 14 15 15 1 1 1
11 10 7 7 15 16 16 1 1 1
12 11 8 6 16 15 17 1 1 1
11 12 9 7 17 16 16 2 2 2
12 13 10 8 18 15 17 1 1 1
13 12 9 9 19 14 18 2 2 2
14 13 8 10 20 13 19 1 1 1
15 14 7 11 19 14 20 1 1 1
16 15 8 12 18 15 21 1 1 1
17 16 9 13 17 16 20 1 1 1
18 17 10 14 18 15 21 1 1 1
19 16 9 15 19 16 20 1 1 1
20 17 8 14 20 15 19 2 2 2
21 16 7 15 19 14 20 3 3 3
22 17 8 16 20 15 19 2 2 2
23 18 9 17 19 14 20 1 1 1
24 19 10 16 20 15 19 1 1 1
25 20 11 17 19 14 20 1 1 1
24 21 12 18 20 13 19 1 1 1
25 22 11 17 19 14 20 2 2 2
24 21 10 18 20 15 21 3 3 3
25 20 11 17 21 16 22 4 4 4
26 19 12 16 22 17 21 5 5 5
25 20 13 15 23 18 22 4 4 4
24 21 14 14 22 17 23 5 5 5
23 22 13 15 21 18 22 6 6 6
24 23 12 16 22 19 23 5 5 5
23 22 13 15 23 18 24 6 6 6
22 23 14 16 24 19 25 5 5 5
21 22 15 17 25 20 26 4 4 4
22 23 14 18 24 21 27 3 3 3
23 24 15 19 25 22 28 2 2 2
24 25 16 18 24 23 29 1 1 1
25 26 17 17 23 24 30 1 1 1
26 27 18 18 22 25 31 1 1 1
27 28 19 19 23 26 32 1 1 1
26 27 20 20 24 25 33 1 1 1
27 28 19 21 23 26 32 1 1 1
26 29 20 20 24 25 33 2 2 2
27 28 19 21 25 26 34 1 1 1
