1 1 1 1 1 1 1 1 1 1
2 2 1 1 2 2 1 2 2 2
3 1 1 2 3 1 2 3 3 3
2 1 2 1 4 1 3 4 4 4
1 1 1 1 5 2 2 5 5 5
2 2 2 1 6 3 3 4 4 4
1 1 3 1 5 2 4 5 5 5
1 2 4 2 4 1 5 6 6 6
1 1 3 1 3 1 6 7 7 7
1 1 4 1 4 2 7 8 8 8
1 1 5 2 3 3 6 9 9 9
1 1 4 1 2 4 5 10 10 10
1 2 3 2 3 3 6 11 11 11
2 3 4 3 4 4 7 10 10 10
1 4 5 2 5 3 8 11 11 11
1 5 4 3 6 2 9 12 12 12
1 4 3 4 5 1 10 13 13 13
1 5 2 3 4 1 9 14 14 14
2 6 3 4 3 1 10 15 15 15
1 5 4 3 2 2 11 16 16 16
1 4 5 4 3 3 12 17 17 17
1 3 4 3 4 2 13 18 18 18
1 2 3 4 5 1 12 19 19 19
1 1 4 3 4 1 13 20 20 20
2 1 5 4 3 2 14 21 21 21
1 1 6 3 2 1 15 22 22 22
1 1 5 2 1 1 16 23 23 23
2 2 4 3 1 2 17 24 24 24
3 1 5 2 2 1 16 25 25 25
2 2 4 1 3 1 15 26 26 26
1 3 3 1 4 1 14 27 27 27
1 2 2 1 5 1 13 28 28 28
1 1 1 2 4 2 12 29 29 29
2 1 2 1 3 3 13 30 30 30
3 1 1 1 2 2 14 31 31 31
2 2 1 1 1 1 13 32 32 32
1 1 1 2 1 1 12 33 33 33
1 1 2 1 1 1 11 34 34 34
1 1 3 1 1 2 10 35 35 35
2 1 2 1 2 1 9 36 36 36
3 2 3 2 1 1 8 37 37 37
2 3 4 1 1 1 7 38 38 38
1 2 3 1 1 2 8 39 39 39
1 1 2 1 1 1 7 40 40 40
1 2 1 2 1 2 6 41 41 41
1 3 2 1 2 1 5 42 42 42
1 4 3 2 1 2 4 43 43 43
2 5 2 3 1 1 3 44 44 44
1 4 3 4 2 1 4 45 45 45
2 3 2 5 1 1 3 46 46 46
1 2 3 6 2 1 4 47 47 47
1 1 2 5 3 2 3 48 48 48
1 1 1 6 2 3 2 49 49 49
1 1 2 5 3 2 1 50 50 50
1 2 1 4 4 1 2 51 51 51
2 1 2 3 5 2 1 52 52 52
1 1 3 2 4 3 2 53 53 53
2 2 4 1 5 4 1 54 54 54
1 3 5 1 4 3 2 55 55 55
1 2 4 2 5 4 1 56 56 56
1 3 3 1 6 3 1 57 57 57
2 2 2 1 5 4 2 58 58 58
1 1 3 2 4 3 1 59 59 59
1 1 2 1 5 2 1 60 60 60
2 1 1 1 6 3 1 61 61 61
1 1 2 1 5 4 1 62 62 62
1 1 3 2 4 3 2 63 63 63
2 1 2 1 3 2 1 64 64 64
3 1 1 2 2 1 1 65 65 65
4 1 2 1 3 1 2 66 66 66
3 2 1 2 2 2 1 67 67 67
4 3 1 1 1 1 1 68 68 68
3 4 1 2 1 1 1 69 69 69
2 3 1 1 1 1 1 70 70 70
3 4 1 1 1 2 1 71 71 71
2 3 1 2 2 1 1 72 72 72
3 4 1 3 1 1 2 73 73 73
2 3 2 2 2 2 1 74 74 74
1 2 1 3 1 3 1 75 75 75
2 1 2 4 2 4 1 76 76 76
1 2 3 3 1 3 1 77 77 77
2 1 4 2 2 4 1 78 78 78
1 1 3 1 1 3 1 79 79 79
1 2 4 1 2 2 2 80 80 80
2 3 5 2 1 3 3 81 81 81
1 2 4 1 1 4 2 82 82 82
1 1 5 2 1 5 1 83 83 83
1 1 6 1 1 6 2 84 84 84
2 1 5 2 1 5 3 85 85 85
3 1 4 3 2 4 4 86 86 86
4 1 5 4 1 3 3 87 87 87
3 1 4 5 2 4 4 88 88 88
2 1 3 6 3 5 3 89 89 89
1 1 4 7 2 4 4 90 90 90
2 1 5 8 1 3 3 91 91 91
3 1 4 7 1 2 4 92 92 92
2 1 3 8 1 3 5 93 93 93
3 1 4 9 1 4 4 94 94 94
2 1 5 8 2 3 5 95 95 95
3 1 4 7 1 4 4 96 96 96
