1 1 1 1 1 1 1 1 1 1
1 1 1 1 1 1 1 1 1 1
1 1 1 1 1 1 1 1 1 1
1 1 1 1 1 1 1 1 1 1
2 1 2 1 1 1 2 2 2 2
3 2 3 2 2 2 1 1 1 1
4 3 4 3 3 3 1 1 1 1
5 4 5 4 4 4 1 1 1 1
6 3 6 5 5 5 1 1 1 1
7 4 7 4 6 6 1 1 1 1
8 5 8 5 5 7 1 1 1 1
9 6 9 6 4 6 1 1 1 1
10 7 10 5 3 5 2 2 2 2
11 8 11 6 2 4 1 1 1 1
10 9 12 7 3 3 1 1 1 1
9 10 13 6 4 2 2 2 2 2
10 11 14 7 5 3 1 1 1 1
11 12 15 8 4 2 1 1 1 1
12 13 16 9 5 3 1 1 1 1
13 14 17 10 6 4 1 1 1 1
14 15 18 9 5 3 2 2 2 2
15 16 19 10 6 4 1 1 1 1
16 17 20 11 7 5 1 1 1 1
17 18 19 12 8 6 1 1 1 1
18 17 20 11 9 7 1 1 1 1
19 18 21 12 10 8 1 1 1 1
20 17 22 13 11 9 1 1 1 1
21 18 23 14 12 10 1 1 1 1
22 19 24 15 13 9 1 1 1 1
23 20 25 16 12 10 1 1 1 1
24 21 26 17 13 11 1 1 1 1
25 20 27 18 14 12 1 1 1 1
26 19 26 19 15 13 1 1 1 1
27 18 27 20 16 14 1 1 1 1
28 17 28 21 15 15 2 2 2 2
29 16 29 22 16 16 1 1 1 1
30 17 30 23 17 17 1 1 1 1
31 18 29 24 18 18 1 1 1 1
32 19 30 25 17 19 1 1 1 1
33 20 31 26 18 20 1 1 1 1
34 21 32 27 17 21 1 1 1 1
35 22 33 28 18 22 1 1 1 1
34 23 34 27 19 23 1 1 1 1
35 22 35 28 20 24 1 1 1 1
36 23 36 27 19 25 1 1 1 1
37 24 37 28 20 26 1 1 1 1
38 25 36 29 19 27 1 1 1 1
39 26 37 28 20 28 1 1 1 1
40 27 38 29 21 29 1 1 1 1
41 26 39 30 22 28 1 1 1 1
40 27 40 31 23 29 1 1 1 1
41 28 41 32 24 30 1 1 1 1
42 27 42 33 25 31 1 1 1 1
41 28 43 32 24 32 2 2 2 2
42 29 44 33 25 33 1 1 1 1
43 28 45 34 26 34 1 1 1 1
44 29 44 35 27 35 1 1 1 1
45 30 45 36 26 36 1 1 1 1
44 31 46 37 27 37 1 1 1 1
45 32 47 38 28 36 1 1 1 1
46 33 48 39 29 37 1 1 1 1
47 34 49 40 30 38 1 1 1 1
48 35 50 41 31 39 1 1 1 1
49 36 51 42 32 40 1 1 1 1
48 37 50 43 33 41 1 1 1 1
49 38 51 44 34 42 1 1 1 1
50 37 50 43 35 43 2 2 2 2
51 38 51 42 36 44 1 1 1 1
52 39 52 43 37 45 1 1 1 1
53 40 53 44 36 46 1 1 1 1
54 41 52 45 35 45 2 2 2 2
53 42 53 46 36 44 1 1 1 1
52 43 54 45 37 43 2 2 2 2
53 44 55 46 36 44 1 1 1 1
54 43 54 45 37 45 2 2 2 2
55 42 55 46 38 46 1 1 1 1
56 43 56 47 39 47 1 1 1 1
57 44 57 48 40 48 1 1 1 1
58 43 58 49 39 49 1 1 1 1
59 44 59 48 38 50 1 1 1 1
58 45 58 49 39 49 2 2 2 2
59 46 59 50 40 50 1 1 1 1
58 47 58 51 39 51 2 2 2 2
57 48 59 50 40 52 1 1 1 1
58 49 60 51 41 53 1 1 1 1
57 50 61 52 42 54 1 1 1 1
58 51 62 53 41 55 1 1 1 1
59 52 63 54 42 56 1 1 1 1
60 53 64 55 43 57 1 1 1 1
61 54 65 56 44 58 1 1 1 1
62 55 66 57 45 57 1 1 1 1
63 56 65 56 46 58 1 1 1 1
64 57 66 57 47 59 1 1 1 1
65 56 67 56 48 58 2 2 2 2
64 57 66 57 49 59 1 1 1 1
65 58 67 58 50 60 1 1 1 1
66 59 68 57 51 61 1 1 1 1
67 60 69 58 52 62 1 1 1 1
68 61 70 59 53 63 1 1 1 1
69 60 71 60 54 64 1 1 1 1
