1 2 2 1 1 2 1 2 2 2
2 3 3 2 1 3 2 1 1 1
1 4 4 3 2 2 3 1 1 1
1 4 4 3 2 2 3 1 1 1
2 3 5 2 1 3 4 2 2 2
3 4 6 3 2 2 5 1 1 1
2 5 7 4 1 3 6 1 1 1
3 4 8 5 1 2 7 2 2 2
4 3 9 6 2 3 6 1 1 1
5 4 10 7 3 4 5 1 1 1
4 3 11 6 2 5 6 2 2 2
5 4 12 7 3 6 5 1 1 1
6 5 13 8 4 7 6 1 1 1
7 6 14 9 5 8 7 1 1 1
8 5 15 8 6 9 6 1 1 1
9 6 16 9 7 10 5 1 1 1
10 7 17 10 6 11 6 1 1 1
11 8 18 11 5 12 5 1 1 1
10 9 19 10 6 13 6 1 1 1
9 10 20 11 5 12 5 2 2 2
10 11 21 12 6 11 6 1 1 1
9 10 22 13 7 12 5 1 1 1
10 11 21 14 8 13 4 1 1 1
11 12 20 15 9 14 5 1 1 1
12 13 21 16 10 13 6 1 1 1
13 12 20 17 11 14 7 1 1 1
12 13 21 18 12 15 6 1 1 1
13 14 22 19 13 16 7 1 1 1
14 15 23 18 14 17 6 1 1 1
15 14 24 19 15 18 7 1 1 1
16 15 25 20 16 19 8 1 1 1
15 16 26 21 17 20 9 1 1 1
16 15 25 22 18 19 10 2 2 2
17 16 26 23 19 20 11 1 1 1
16 17 27 22 20 21 12 1 1 1
17 16 28 21 21 22 13 2 2 2
18 15 29 22 22 23 14 1 1 1
19 14 30 21 23 24 15 1 1 1
20 15 29 20 24 25 16 1 1 1
21 14 30 19 23 26 15 2 2 2
22 15 31 20 24 27 14 1 1 1
23 14 32 21 23 28 15 2 2 2
24 15 33 22 24 29 16 1 1 1
23 16 34 21 25 30 17 1 1 1
24 17 33 22 26 31 18 1 1 1
25 18 34 21 25 32 19 1 1 1
24 19 33 22 26 33 20 1 1 1
23 20 34 23 27 34 21 1 1 1
22 21 35 24 28 35 22 1 1 1
21 22 36 25 29 36 21 1 1 1
20 21 37 24 30 37 20 2 2 2
21 22 38 23 31 38 21 1 1 1
22 23 37 24 30 39 22 1 1 1
23 22 38 23 31 38 23 1 1 1
24 21 39 22 32 37 24 1 1 1
25 22 40 23 33 38 23 1 1 1
24 23 41 22 34 39 24 1 1 1
23 24 42 23 35 38 25 1 1 1
24 25 41 24 36 37 26 1 1 1
25 26 40 23 37 36 27 1 1 1
24 27 41 22 38 37 26 2 2 2
25 26 40 23 39 38 27 1 1 1
24 27 39 24 40 39 28 1 1 1
25 28 40 23 39 40 29 1 1 1
26 29 41 22 40 39 30 1 1 1
27 30 40 21 39 40 31 1 1 1
28 31 41 20 40 41 30 1 1 1
29 30 42 21 39 42 31 1 1 1
30 31 43 22 40 43 32 1 1 1
31 32 44 23 41 44 33 1 1 1
30 33 43 24 40 45 34 1 1 1
29 32 42 25 41 46 35 1 1 1
30 33 43 26 40 47 34 2 2 2
29 32 44 25 41 48 35 1 1 1
30 33 45 26 42 47 36 1 1 1
29 34 46 27 43 48 37 1 1 1
30 35 47 26 44 47 38 1 1 1
29 36 48 27 45 46 37 1 1 1
30 37 47 28 46 47 38 1 1 1
31 36 48 29 47 48 39 1 1 1
32 37 49 30 46 47 40 2 2 2
33 38 50 31 47 48 41 1 1 1
34 39 51 32 46 47 42 1 1 1
35 40 52 33 45 48 43 1 1 1
36 41 53 34 46 47 44 1 1 1
35 42 54 33 47 48 45 1 1 1
34 43 55 34 48 49 46 1 1 1
33 44 56 35 49 50 47 1 1 1
34 45 57 36 50 49 48 1 1 1
35 46 58 37 51 50 49 1 1 1
34 47 59 38 52 51 50 1 1 1
33 48 58 39 53 52 49 2 2 2
34 47 57 38 54 53 50 1 1 1
35 48 58 39 55 52 49 1 1 1
34 49 57 40 56 53 50 1 1 1
35 50 58 39 57 52 49 1 1 1
34 51 59 38 56 53 50 2 2 2
35 52 58 37 55 54 51 1 1 1
36 51 57 38 54 55 52 1 1 1
37 52 58 39 55 56 51 1 1 1
