2 2 1 2 2 1 1 2 2 2
1 1 1 3 3 1 1 3 3 3
1 2 2 2 4 1 1 4 4 4
2 1 1 1 5 1 1 5 5 5
1 2 1 2 4 1 1 6 6 6
2 1 1 1 3 1 2 7 7 7
1 2 1 2 2 1 1 8 8 8
2 1 1 1 1 1 1 9 9 9
3 1 2 1 1 1 1 10 10 10
2 1 3 1 1 1 1 11 11 11
3 2 2 1 1 2 1 12 12 12
2 3 3 2 1 3 1 13 13 13
3 2 4 3 1 2 1 14 14 14
4 3 5 4 1 3 1 15 15 15
3 2 4 3 1 2 2 16 16 16
2 1 3 2 1 1 1 17 17 17
1 2 2 1 1 1 2 18 18 18
1 3 1 1 1 1 1 19 19 19
1 4 1 2 2 1 2 20 20 20
2 5 2 1 3 1 1 21 21 21
1 6 3 1 2 1 2 22 22 22
1 7 4 2 3 1 1 23 23 23
2 8 3 1 4 2 1 24 24 24
1 9 2 2 3 1 2 25 25 25
2 10 1 3 4 1 3 26 26 26
1 11 1 2 3 1 2 27 27 27
1 10 1 3 2 1 1 28 28 28
2 11 1 2 1 2 1 29 29 29
3 10 2 3 1 1 1 30 30 30
2 9 1 4 1 2 1 31 31 31
1 10 1 5 2 1 1 32 32 32
2 11 1 4 3 2 1 33 33 33
1 10 1 3 2 3 1 34 34 34
2 9 1 2 3 2 1 35 35 35
3 8 2 3 2 1 1 36 36 36
4 9 1 2 3 2 1 37 37 37
3 8 1 1 2 1 1 38 38 38
4 9 2 1 1 1 2 39 39 39
5 10 3 1 1 1 1 40 40 40
6 9 2 1 1 1 1 41 41 41
7 10 3 2 2 1 1 42 42 42
6 9 2 3 1 1 1 43 43 43
5 8 1 4 2 1 2 44 44 44
6 7 2 5 1 1 3 45 45 45
5 8 1 6 2 1 2 46 46 46
4 9 2 5 1 2 1 47 47 47
3 8 1 6 1 1 2 48 48 48
2 9 1 5 1 2 1 49 49 49
1 10 1 6 2 1 1 50 50 50
1 9 2 5 1 1 1 51 51 51
1 10 1 4 1 1 2 52 52 52
2 11 1 3 1 1 1 53 53 53
1 10 1 2 2 2 2 54 54 54
2 11 1 1 3 1 1 55 55 55
3 12 1 2 2 1 2 56 56 56
4 13 1 1 1 2 3 57 57 57
3 14 1 1 1 1 4 58 58 58
4 13 1 2 1 2 3 59 59 59
5 12 1 1 1 1 4 60 60 60
6 11 2 2 1 1 3 61 61 61
7 10 1 1 2 1 4 62 62 62
8 9 1 1 1 2 5 63 63 63
9 10 1 1 1 1 4 64 64 64
8 11 2 1 2 2 3 65 65 65
9 10 1 2 1 1 2 66 66 66
10 9 1 1 1 1 3 67 67 67
9 8 2 1 2 1 2 68 68 68
8 7 1 1 1 2 1 69 69 69
9 6 1 1 1 3 2 70 70 70
10 7 2 2 1 2 1 71 71 71
11 6 1 3 1 1 2 72 72 72
10 5 2 2 1 1 1 73 73 73
9 4 1 3 2 1 2 74 74 74
10 3 2 2 3 1 1 75 75 75
9 4 1 1 4 1 1 76 76 76
10 3 2 1 3 2 1 77 77 77
9 2 1 1 2 1 1 78 78 78
8 3 1 1 3 2 2 79 79 79
7 2 1 1 2 1 3 80 80 80
6 3 2 2 3 1 2 81 81 81
5 4 1 1 4 2 3 82 82 82
4 3 1 1 3 1 4 83 83 83
3 4 2 1 2 2 5 84 84 84
4 3 1 1 1 1 4 85 85 85
3 4 1 1 1 1 5 86 86 86
4 5 1 1 2 2 4 87 87 87
3 4 1 2 3 3 3 88 88 88
4 3 2 3 4 2 4 89 89 89
3 2 1 2 5 3 3 90 90 90
4 1 1 3 6 2 2 91 91 91
3 1 1 2 5 3 3 92 92 92
2 2 1 1 6 4 2 93 93 93
1 3 1 1 7 3 1 94 94 94
1 2 2 2 6 2 1 95 95 95
2 3 1 3 7 1 1 96 96 96
1 2 1 2 6 1 2 97 97 97
2 1 1 1 5 2 1 98 98 98
3 2 2 2 4 3 2 99 99 99
2 1 1 3 3 4 1 100 100 100
1 2 2 2 4 3 2 100 100 100
