2 2 1 1 1 1 2 2 2 2
3 3 2 1 2 1 3 3 3 3
2 2 1 1 1 2 4 4 4 4
1 1 1 1 1 1 5 5 5 5
2 2 2 2 1 1 6 6 6 6
3 1 3 3 2 1 7 7 7 7
2 1 4 2 1 1 8 8 8 8
3 1 5 3 1 1 9 9 9 9
2 1 4 2 1 2 10 10 10 10
1 2 3 1 1 1 11 11 11 11
1 1 2 1 2 2 12 12 12 12
1 1 1 2 1 3 13 13 13 13
1 2 1 1 2 2 14 14 14 14
1 1 1 2 3 1 15 15 15 15
1 2 1 1 2 1 16 16 16 16
1 3 1 2 3 1 17 17 17 17
1 4 1 3 2 1 18 18 18 18
1 3 2 2 1 1 19 19 19 19
1 2 3 1 2 1 20 20 20 20
1 1 2 1 3 1 21 21 21 21
1 1 1 2 2 1 22 22 22 22
1 1 1 1 3 1 23 23 23 23
2 1 1 2 4 1 24 24 24 24
3 1 1 1 3 1 25 25 25 25
4 2 1 2 2 1 26 26 26 26
5 3 1 3 3 1 27 27 27 27
4 4 1 2 4 1 28 28 28 28
3 3 1 1 3 1 29 29 29 29
2 4 2 1 2 1 30 30 30 30
1 3 1 1 3 1 31 31 31 31
1 2 1 2 2 1 32 32 32 32
1 1 1 1 1 1 33 33 33 33
1 1 1 1 1 2 34 34 34 34
1 2 1 1 1 1 35 35 35 35
2 1 1 1 1 1 36 36 36 36
3 1 1 1 2 1 37 37 37 37
4 2 2 1 1 1 38 38 38 38
3 1 1 1 1 2 39 39 39 39
2 1 2 1 2 1 40 40 40 40
1 1 3 1 1 1 41 41 41 41
2 1 2 1 2 1 42 42 42 42
3 1 1 1 3 2 43 43 43 43
4 1 2 1 2 3 44 44 44 44
3 1 1 1 1 2 45 45 45 45
2 1 1 1 1 1 46 46 46 46
1 1 2 2 1 1 47 47 47 47
1 1 1 3 1 1 48 48 48 48
1 1 1 2 1 1 49 49 49 49
1 1 2 1 1 2 50 50 50 50
1 1 1 1 2 1 51 51 51 51
1 2 1 1 3 1 52 52 52 52
2 3 2 2 4 1 53 53 53 53
1 2 1 1 3 1 54 54 54 54
1 1 1 1 2 1 55 55 55 55
2 1 1 2 1 1 56 56 56 56
1 1 1 1 1 1 57 57 57 57
1 1 1 1 1 1 58 58 58 58
1 2 1 1 1 1 59 59 59 59
1 3 2 2 1 1 60 60 60 60
1 2 3 3 2 2 61 61 61 61
1 1 2 2 1 1 62 62 62 62
2 2 1 1 1 2 63 63 63 63
1 3 1 2 1 1 64 64 64 64
1 2 2 1 1 2 65 65 65 65
1 1 1 1 1 1 66 66 66 66
1 2 2 2 1 1 67 67 67 67
1 1 1 3 2 1 68 68 68 68
1 1 1 2 1 1 69 69 69 69
1 2 2 1 1 2 70 70 70 70
2 1 1 1 2 1 71 71 71 71
1 1 1 2 1 2 72 72 72 72
1 1 1 1 2 1 73 73 73 73
1 1 1 1 1 2 74 74 74 74
1 1 1 1 2 1 75 75 75 75
2 1 2 1 1 1 76 76 76 76
1 2 1 2 1 1 77 77 77 77
1 1 1 1 2 1 78 78 78 78
2 2 2 1 3 2 79 79 79 79
3 1 3 1 4 3 80 80 80 80
2 2 4 2 3 4 81 81 81 81
1 1 3 1 2 3 82 82 82 82
1 2 2 1 1 2 83 83 83 83
2 1 1 1 1 1 84 84 84 84
1 2 1 2 1 1 85 85 85 85
1 3 1 3 1 1 86 86 86 86
2 4 1 2 2 1 87 87 87 87
1 5 1 1 1 1 88 88 88 88
1 4 1 2 1 1 89 89 89 89
2 3 2 3 1 2 90 90 90 90
3 2 3 2 2 1 91 91 91 91
2 1 4 3 1 2 92 92 92 92
1 1 3 2 1 1 93 93 93 93
2 2 4 3 1 2 94 94 94 94
3 1 3 2 1 1 95 95 95 95
4 1 2 3 2 1 96 96 96 96
3 1 1 2 1 1 97 97 97 97
2 1 2 1 1 1 98 98 98 98
1 1 3 1 1 1 99 99 99 99
1 1 4 1 2 1 100 100 100 100
1 2 3 1 3 2 100 100 100 100
