2 2 2 2 2 1 2 1 1 1
3 3 3 1 1 2 3 1 1 1
2 2 4 2 1 3 4 2 2 2
3 1 5 1 1 2 3 3 3 3
4 1 4 1 2 1 2 4 4 4
5 1 3 1 3 1 1 5 5 5
6 1 4 2 4 2 2 4 4 4
7 2 5 3 5 1 3 3 3 3
8 1 6 4 6 2 4 2 2 2
9 1 7 3 7 1 5 1 1 1
8 2 8 4 8 1 4 2 2 2
7 3 9 5 9 1 5 1 1 1
8 4 10 6 10 1 4 1 1 1
9 3 11 5 9 2 3 2 2 2
10 4 12 6 10 1 4 1 1 1
11 5 11 7 11 2 3 1 1 1
12 6 12 8 12 3 4 1 1 1
11 5 13 9 13 4 3 1 1 1
12 4 12 10 14 3 2 2 2 2
13 5 11 11 15 4 3 1 1 1
14 6 10 12 16 3 4 1 1 1
15 7 11 13 15 2 5 1 1 1
16 6 12 14 14 3 4 1 1 1
17 7 13 15 13 2 5 1 1 1
16 8 14 14 14 1 6 2 2 2
17 9 13 13 15 2 7 1 1 1
18 10 14 12 14 3 8 1 1 1
19 9 15 13 13 2 9 1 1 1
20 10 16 14 12 3 8 1 1 1
21 11 17 13 11 2 7 2 2 2
22 12 16 14 12 3 8 1 1 1
23 13 15 15 13 4 7 1 1 1
24 14 16 16 14 5 6 1 1 1
25 15 15 17 13 6 7 1 1 1
24 16 14 18 12 7 8 2 2 2
25 15 15 19 13 8 9 1 1 1
26 16 14 20 12 9 10 1 1 1
27 17 13 21 11 10 9 2 2 2
26 18 14 20 10 11 10 3 3 3
25 19 15 21 11 10 9 4 4 4
24 18 14 22 10 11 10 5 5 5
23 19 15 23 9 10 9 6 6 6
24 20 16 24 10 11 10 5 5 5
25 21 15 23 9 12 11 6 6 6
26 22 16 24 10 13 12 5 5 5
27 23 17 25 11 14 11 4 4 4
28 24 18 26 12 15 12 3 3 3
27 25 19 27 11 14 11 4 4 4
26 26 20 28 12 13 10 5 5 5
27 27 21 29 11 12 9 4 4 4
28 26 22 30 12 13 8 3 3 3
29 27 21 31 13 14 9 2 2 2
30 28 22 30 12 15 10 1 1 1
31 29 23 31 13 14 9 1 1 1
32 30 22 32 12 15 10 1 1 1
33 31 23 31 13 14 11 1 1 1
34 32 24 32 14 15 12 1 1 1
35 33 25 31 15 14 11 2 2 2
36 34 26 32 16 13 12 1 1 1
37 35 25 33 17 14 13 2 2 2
38 36 26 32 16 15 12 1 1 1
39 37 27 33 17 16 13 1 1 1
40 38 28 34 18 17 14 1 1 1
41 39 29 35 19 16 13 1 1 1
42 40 28 34 20 15 14 2 2 2
43 41 29 33 21 14 15 1 1 1
44 40 28 34 22 13 14 2 2 2
45 41 29 35 23 14 13 1 1 1
44 42 30 34 24 13 14 2 2 2
45 43 31 33 23 14 15 1 1 1
46 44 30 32 24 15 16 2 2 2
47 45 31 33 23 14 15 1 1 1
48 44 32 32 24 15 16 1 1 1
49 45 33 31 23 16 17 1 1 1
50 46 34 32 22 17 18 1 1 1
49 47 33 31 23 18 19 2 2 2
50 48 34 30 24 19 20 1 1 1
49 49 35 31 25 18 19 2 2 2
50 50 36 32 26 17 18 1 1 1
49 51 37 33 27 18 19 1 1 1
50 52 38 34 26 19 18 1 1 1
51 53 39 33 27 20 17 1 1 1
52 52 40 34 28 19 16 1 1 1
51 53 41 33 29 18 15 2 2 2
52 52 42 34 28 19 16 1 1 1
51 51 43 35 29 20 17 1 1 1
50 52 44 34 30 21 18 1 1 1
51 53 43 35 31 20 19 1 1 1
52 54 44 36 32 21 18 1 1 1
51 55 45 37 33 22 19 1 1 1
52 54 46 38 32 23 18 1 1 1
53 53 47 39 31 24 17 1 1 1
52 54 48 40 32 25 18 1 1 1
53 55 49 39 33 26 19 1 1 1
54 54 50 40 32 27 20 1 1 1
55 55 51 41 31 26 19 1 1 1
54 56 50 42 30 27 20 2 2 2
53 57 51 43 29 26 21 1 1 1
54 56 52 44 30 25 20 1 1 1
55 57 53 45 31 26 19 2 2 2
