1 1 1 1 1 1 1 1 1 1
2 2 2 2 2 2 1 1 1 1
3 3 3 3 3 1 2 2 2 2
4 4 2 4 4 2 1 1 1 1
5 3 1 5 5 3 1 1 1 1
6 4 1 6 6 2 1 1 1 1
7 5 2 7 5 3 1 1 1 1
8 4 1 8 4 4 2 2 2 2
9 5 2 9 5 5 1 1 1 1
10 6 3 8 4 4 2 2 2 2
9 5 2 9 3 5 3 3 3 3
10 6 1 10 4 6 2 2 2 2
9 7 1 11 5 7 1 1 1 1
10 6 1 12 6 6 2 2 2 2
11 5 1 11 5 7 3 3 3 3
12 6 1 12 6 6 2 2 2 2
13 7 2 13 7 5 1 1 1 1
12 8 3 14 8 4 2 2 2 2
13 9 2 15 9 3 1 1 1 1
14 10 1 14 10 2 2 2 2 2
13 11 1 15 9 3 3 3 3 3
14 10 2 14 8 4 4 4 4 4
15 11 3 13 7 3 5 5 5 5
16 10 2 12 6 4 6 6 6 6
15 9 3 11 7 5 7 7 7 7
14 8 2 12 8 6 8 8 8 8
15 9 3 13 9 5 7 7 7 7
16 10 2 14 8 4 8 8 8 8
17 11 1 15 9 5 7 7 7 7
18 10 2 16 8 4 8 8 8 8
19 9 1 17 7 5 9 9 9 9
18 8 1 18 8 4 10 10 10 10
19 9 1 19 9 5 9 9 9 9
20 10 1 20 10 6 8 8 8 8
21 11 2 19 9 5 9 9 9 9
22 12 1 20 10 6 8 8 8 8
21 13 2 21 9 5 9 9 9 9
22 12 3 22 8 4 10 10 10 10
21 13 4 23 7 3 11 11 11 11
20 12 5 22 8 4 12 12 12 12
19 11 4 23 7 5 13 13 13 13
20 12 5 24 8 4 12 12 12 12
21 11 4 23 7 3 13 13 13 13
22 10 5 24 6 2 14 14 14 14
21 9 6 25 7 1 15 15 15 15
20 8 5 26 8 2 16 16 16 16
21 7 6 25 7 1 17 17 17 17
20 6 5 26 6 1 18 18 18 18
19 5 4 25 7 2 19 19 19 19
20 4 3 26 8 1 20 20 20 20
19 5 2 25 7 2 21 21 21 21
18 4 3 24 8 3 22 22 22 22
17 3 4 25 7 4 23 23 23 23
16 2 3 24 8 3 24 24 24 24
15 3 2 25 9 2 25 25 25 25
14 2 3 26 10 3 26 26 26 26
15 1 4 27 11 2 27 27 27 27
16 1 3 28 10 3 28 28 28 28
15 2 4 29 9 4 29 29 29 29
14 1 3 28 10 5 30 30 30 30
