2 2 2 2 2 2 1 1 1 1
3 3 3 1 3 3 1 1 1 1
4 4 2 1 4 4 1 1 1 1
5 5 3 2 3 5 1 1 1 1
6 6 2 1 2 6 2 2 2 2
5 7 3 2 3 7 1 1 1 1
6 8 2 1 2 6 2 2 2 2
7 9 1 2 3 7 1 1 1 1
8 10 2 3 4 8 1 1 1 1
9 11 3 4 5 9 1 1 1 1
10 12 4 5 6 10 1 1 1 1
11 13 3 6 5 11 1 1 1 1
12 12 2 5 4 12 2 2 2 2
13 13 1 6 5 13 1 1 1 1
14 12 2 7 6 14 1 1 1 1
15 13 3 8 7 15 1 1 1 1
16 14 4 9 8 16 1 1 1 1
17 15 5 10 9 17 1 1 1 1
18 14 6 11 10 18 1 1 1 1
19 15 7 12 9 19 1 1 1 1
20 16 8 11 10 20 1 1 1 1
19 15 9 12 11 21 1 1 1 1
20 16 10 13 12 22 1 1 1 1
21 15 11 14 11 21 2 2 2 2
20 16 12 13 12 22 1 1 1 1
19 15 13 14 13 23 1 1 1 1
20 16 14 15 14 24 1 1 1 1
21 17 15 16 15 23 1 1 1 1
22 18 16 17 16 24 1 1 1 1
21 19 17 18 17 25 1 1 1 1
22 18 18 19 18 26 1 1 1 1
23 19 19 20 19 27 1 1 1 1
24 20 20 19 20 28 1 1 1 1
25 19 21 20 19 29 1 1 1 1
26 20 22 21 20 28 1 1 1 1
25 21 21 22 21 27 2 2 2 2
26 22 22 23 22 28 1 1 1 1
25 21 23 24 23 29 1 1 1 1
24 20 24 25 24 30 1 1 1 1
25 21 25 26 25 31 1 1 1 1
24 22 26 25 26 32 1 1 1 1
25 21 27 26 27 31 1 1 1 1
26 20 28 27 28 32 1 1 1 1
27 21 29 28 27 33 1 1 1 1
28 22 30 29 26 34 1 1 1 1
29 21 31 30 27 35 1 1 1 1
30 22 32 31 28 36 1 1 1 1
31 23 33 32 29 37 1 1 1 1
32 24 34 33 28 38 1 1 1 1
33 25 35 32 29 39 1 1 1 1
34 26 36 33 28 38 1 1 1 1
35 25 37 34 29 39 1 1 1 1
36 24 38 35 30 38 2 2 2 2
35 25 39 34 31 39 1 1 1 1
36 24 38 35 32 40 1 1 1 1
37 25 39 34 33 41 1 1 1 1
38 26 40 35 34 42 1 1 1 1
39 27 39 36 35 41 1 1 1 1
40 28 40 37 34 42 1 1 1 1
39 29 41 36 33 43 2 2 2 2
40 30 40 37 34 44 1 1 1 1
41 29 41 38 35 45 1 1 1 1
40 30 40 39 36 46 1 1 1 1
41 31 41 40 37 47 1 1 1 1
42 32 42 41 38 48 1 1 1 1
41 33 43 42 39 49 1 1 1 1
40 34 42 43 40 50 1 1 1 1
41 33 43 44 39 49 2 2 2 2
42 34 44 45 40 50 1 1 1 1
43 35 45 46 41 49 1 1 1 1
44 36 46 47 42 50 1 1 1 1
43 37 47 48 43 49 1 1 1 1
42 36 48 49 44 50 1 1 1 1
43 37 49 50 45 51 1 1 1 1
44 38 50 51 46 52 1 1 1 1
45 39 51 52 47 53 1 1 1 1
46 40 52 53 48 54 1 1 1 1
47 41 51 54 49 55 1 1 1 1
48 42 52 55 48 56 1 1 1 1
49 43 51 56 49 57 1 1 1 1
50 44 52 57 50 58 1 1 1 1
49 45 53 58 51 59 1 1 1 1
50 46 54 59 52 60 1 1 1 1
49 47 55 60 51 61 1 1 1 1
50 48 56 61 52 62 1 1 1 1
51 49 57 62 53 63 1 1 1 1
50 50 58 63 54 64 1 1 1 1
51 49 57 64 55 65 1 1 1 1
52 50 58 65 56 66 1 1 1 1
53 51 59 66 57 67 1 1 1 1
54 52 60 67 58 68 1 1 1 1
55 51 61 68 59 69 1 1 1 1
54 52 60 69 60 70 1 1 1 1
55 53 61 70 61 71 1 1 1 1
56 54 62 71 62 72 1 1 1 1
57 55 63 72 63 71 1 1 1 1
58 56 64 73 64 72 1 1 1 1
59 57 65 74 63 73 1 1 1 1
58 58 66 75 64 74 1 1 1 1
59 59 67 76 65 75 1 1 1 1
