1 2 2 2 1 1 2 2 2 2
1 3 3 3 2 1 3 3 3 3
2 4 4 4 3 2 2 2 2 2
1 5 5 5 4 3 1 1 1 1
2 6 6 6 5 2 1 1 1 1
1 7 5 5 6 1 2 2 2 2
1 8 4 4 5 2 3 3 3 3
2 9 5 5 6 3 2 2 2 2
3 10 6 6 7 4 1 1 1 1
4 11 7 7 8 5 1 1 1 1
3 12 6 8 7 4 2 2 2 2
4 13 7 9 6 5 1 1 1 1
3 14 8 10 7 6 1 1 1 1
2 15 9 11 8 5 1 1 1 1
3 16 10 12 7 6 1 1 1 1
4 17 11 13 8 7 1 1 1 1
5 18 12 14 7 8 1 1 1 1
6 19 13 15 8 9 1 1 1 1
7 18 14 16 9 10 1 1 1 1
8 19 15 15 10 9 1 1 1 1
9 20 16 16 11 10 1 1 1 1
10 21 17 17 12 11 1 1 1 1
11 22 18 18 13 12 1 1 1 1
12 23 19 19 14 13 1 1 1 1
13 24 20 20 15 14 1 1 1 1
12 25 21 19 16 15 1 1 1 1
13 26 22 20 15 16 1 1 1 1
14 27 23 21 16 15 1 1 1 1
15 28 24 22 17 16 1 1 1 1
16 29 23 21 18 17 2 2 2 2
17 28 22 22 19 18 1 1 1 1
18 29 23 23 20 19 1 1 1 1
19 30 24 22 19 20 1 1 1 1
20 31 25 23 20 21 1 1 1 1
21 32 26 24 19 22 1 1 1 1
22 33 25 25 18 23 1 1 1 1
23 32 26 26 19 22 1 1 1 1
24 31 27 27 20 23 1 1 1 1
25 32 28 28 21 22 1 1 1 1
24 33 29 27 22 23 1 1 1 1
25 34 30 28 21 24 1 1 1 1
24 35 31 29 22 25 1 1 1 1
25 36 30 30 23 24 1 1 1 1
24 37 29 31 22 25 2 2 2 2
23 38 30 32 23 26 1 1 1 1
24 39 31 33 24 27 1 1 1 1
25 38 30 34 25 28 1 1 1 1
26 39 31 35 26 29 1 1 1 1
27 40 32 36 25 30 1 1 1 1
28 41 33 37 26 31 1 1 1 1
29 42 32 38 25 32 1 1 1 1
30 43 33 39 26 33 1 1 1 1
29 44 34 40 27 34 1 1 1 1
30 43 35 39 28 35 1 1 1 1
31 44 34 40 27 36 1 1 1 1
32 45 35 41 26 35 1 1 1 1
33 46 36 42 27 36 1 1 1 1
34 45 35 41 28 37 2 2 2 2
35 46 36 42 29 38 1 1 1 1
36 47 37 41 30 39 1 1 1 1
37 48 38 42 31 38 1 1 1 1
38 47 37 43 32 39 1 1 1 1
39 48 38 44 31 40 1 1 1 1
40 49 39 45 32 41 1 1 1 1
39 48 40 46 31 42 2 2 2 2
40 49 41 47 32 43 1 1 1 1
41 50 42 46 33 44 1 1 1 1
42 51 43 47 32 45 1 1 1 1
43 52 44 48 33 46 1 1 1 1
44 53 45 47 34 47 1 1 1 1
45 52 44 46 35 48 2 2 2 2
46 51 45 45 36 49 1 1 1 1
47 52 46 46 35 50 1 1 1 1
48 53 45 45 36 49 2 2 2 2
49 54 46 44 37 50 1 1 1 1
48 55 47 45 38 49 1 1 1 1
49 56 48 44 39 48 1 1 1 1
50 57 47 45 38 47 2 2 2 2
51 58 48 46 37 46 1 1 1 1
52 59 49 47 38 47 1 1 1 1
51 60 50 46 37 48 2 2 2 2
52 61 49 47 36 49 1 1 1 1
51 62 50 48 37 50 1 1 1 1
52 61 51 49 38 51 1 1 1 1
53 62 52 50 39 52 1 1 1 1
54 63 53 51 40 53 1 1 1 1
55 64 54 50 41 54 1 1 1 1
56 65 55 49 42 53 1 1 1 1
57 66 56 50 41 54 1 1 1 1
58 67 57 51 42 55 1 1 1 1
59 68 56 52 43 56 1 1 1 1
58 69 57 53 44 57 1 1 1 1
57 70 58 54 45 56 1 1 1 1
58 71 59 55 46 57 1 1 1 1
59 72 58 56 47 58 1 1 1 1
58 71 59 57 48 59 1 1 1 1
59 72 60 58 49 58 1 1 1 1
60 73 61 59 48 57 1 1 1 1
59 74 62 60 49 58 1 1 1 1
60 75 63 61 50 59 1 1 1 1
