1 1 1 1 1 1 1 1 1 1
2 2 2 2 2 2 1 1 1 1
1 3 1 1 1 3 2 2 2 2
2 4 2 2 2 4 1 1 1 1
2 4 2 2 2 4 1 1 1 1
3 5 3 1 3 5 1 1 1 1
4 6 4 2 4 6 1 1 1 1
5 7 5 3 5 7 1 1 1 1
6 8 6 4 6 8 1 1 1 1
7 9 7 5 7 9 1 1 1 1
6 10 8 6 8 10 1 1 1 1
7 11 9 7 9 11 1 1 1 1
8 12 8 8 8 12 1 1 1 1
9 13 9 9 9 13 1 1 1 1
10 14 10 10 10 14 1 1 1 1
11 15 11 11 11 15 1 1 1 1
12 16 12 12 12 16 1 1 1 1
13 17 13 13 13 17 1 1 1 1
14 18 14 14 12 18 1 1 1 1
15 19 15 15 11 19 1 1 1 1
16 20 16 16 12 20 1 1 1 1
17 21 17 17 13 21 1 1 1 1
18 22 18 18 14 22 1 1 1 1
19 23 19 19 15 23 1 1 1 1
20 24 20 20 16 22 1 1 1 1
21 25 21 19 17 23 1 1 1 1
22 26 22 20 18 24 1 1 1 1
23 27 23 19 19 25 1 1 1 1
22 26 24 20 20 26 1 1 1 1
23 27 25 19 21 27 1 1 1 1
22 28 26 20 20 26 2 2 2 2
23 29 27 21 19 27 1 1 1 1
24 28 28 22 20 28 1 1 1 1
25 29 27 23 21 29 1 1 1 1
26 30 28 24 22 30 1 1 1 1
25 31 29 25 23 31 1 1 1 1
26 32 28 26 22 32 1 1 1 1
27 33 27 27 23 33 1 1 1 1
28 34 28 28 24 34 1 1 1 1
29 35 29 29 25 35 1 1 1 1
30 36 30 30 26 36 1 1 1 1
31 37 31 31 25 37 1 1 1 1
32 38 32 32 26 38 1 1 1 1
33 37 33 31 27 39 1 1 1 1
34 38 34 32 26 40 1 1 1 1
35 39 35 33 27 41 1 1 1 1
36 40 34 34 28 42 1 1 1 1
37 41 33 35 29 43 1 1 1 1
38 42 34 36 30 42 1 1 1 1
39 43 35 37 31 43 1 1 1 1
40 42 36 38 30 44 1 1 1 1
41 43 35 39 31 45 1 1 1 1
40 42 36 40 32 46 1 1 1 1
39 43 37 41 33 47 1 1 1 1
40 44 38 42 34 48 1 1 1 1
41 43 39 43 35 49 1 1 1 1
42 44 40 44 36 50 1 1 1 1
43 45 39 45 37 49 1 1 1 1
44 46 40 46 38 50 1 1 1 1
45 45 41 47 39 51 1 1 1 1
44 46 42 46 40 52 1 1 1 1
45 47 43 47 41 53 1 1 1 1
46 48 44 48 42 54 1 1 1 1
45 49 45 49 43 55 1 1 1 1
46 48 46 50 44 56 1 1 1 1
47 47 45 51 45 57 1 1 1 1
46 48 44 52 44 58 2 2 2 2
45 47 45 53 45 59 1 1 1 1
46 48 44 52 46 60 1 1 1 1
47 49 45 53 47 61 1 1 1 1
48 50 44 54 48 62 1 1 1 1
49 49 45 55 47 63 1 1 1 1
50 50 46 56 48 64 1 1 1 1
51 51 47 57 47 63 1 1 1 1
52 52 48 56 48 62 1 1 1 1
53 53 49 57 49 63 1 1 1 1
54 54 48 58 50 64 1 1 1 1
53 55 49 59 51 65 1 1 1 1
52 56 50 60 52 66 1 1 1 1
53 57 51 61 53 67 1 1 1 1
54 58 52 60 54 68 1 1 1 1
55 59 53 61 55 69 1 1 1 1
54 60 54 62 56 70 1 1 1 1
55 61 55 63 57 69 1 1 1 1
54 62 56 64 58 70 1 1 1 1
55 63 57 63 59 71 1 1 1 1
56 64 58 64 60 72 1 1 1 1
57 65 59 65 59 73 1 1 1 1
58 66 58 64 60 72 2 2 2 2
59 67 59 63 61 71 1 1 1 1
60 68 60 64 60 72 1 1 1 1
61 69 61 65 61 73 1 1 1 1
62 68 62 66 62 74 1 1 1 1
63 69 63 65 63 75 1 1 1 1
64 70 64 66 64 76 1 1 1 1
65 71 65 67 65 77 1 1 1 1
66 72 66 68 66 78 1 1 1 1
65 73 67 69 67 79 1 1 1 1
66 74 68 70 68 80 1 1 1 1
67 75 69 71 69 81 1 1 1 1
