1 1 1 1 1 1 1 1 1 1
1 1 1 1 1 1 1 1 1 1
2 2 2 2 2 2 1 1 1 1
3 3 3 3 3 3 1 1 1 1
4 4 4 4 4 2 1 1 1 1
5 5 5 5 5 3 1 1 1 1
6 6 6 6 4 2 1 1 1 1
7 7 7 7 5 3 1 1 1 1
8 8 6 8 6 4 1 1 1 1
7 9 7 7 7 5 1 1 1 1
8 8 8 8 8 6 1 1 1 1
9 7 7 7 9 7 2 2 2 2
10 8 8 6 10 8 1 1 1 1
11 7 9 7 11 7 1 1 1 1
12 8 8 8 12 8 1 1 1 1
11 9 9 9 13 9 1 1 1 1
12 10 10 10 14 10 1 1 1 1
13 11 11 9 15 11 1 1 1 1
14 12 12 10 16 10 1 1 1 1
15 13 13 11 17 11 1 1 1 1
16 12 14 12 18 10 1 1 1 1
15 13 15 13 19 11 1 1 1 1
16 14 16 12 20 12 1 1 1 1
15 13 17 13 21 13 1 1 1 1
14 12 18 14 22 14 1 1 1 1
15 13 19 15 23 15 1 1 1 1
16 14 20 16 24 16 1 1 1 1
17 15 21 17 25 17 1 1 1 1
18 16 22 18 24 18 1 1 1 1
19 17 23 19 25 19 1 1 1 1
20 16 24 20 26 18 1 1 1 1
21 17 23 19 27 19 1 1 1 1
20 18 24 20 28 20 1 1 1 1
21 17 25 21 29 21 1 1 1 1
22 18 26 22 30 22 1 1 1 1
21 19 27 23 31 23 1 1 1 1
22 20 28 24 32 24 1 1 1 1
23 21 29 25 33 25 1 1 1 1
24 22 30 26 34 26 1 1 1 1
25 23 29 27 35 27 1 1 1 1
26 22 30 28 36 28 1 1 1 1
25 23 31 29 37 29 1 1 1 1
26 24 32 30 38 30 1 1 1 1
25 25 33 31 39 31 1 1 1 1
26 26 34 32 40 32 1 1 1 1
27 27 35 33 41 31 1 1 1 1
28 26 36 32 42 32 1 1 1 1
29 27 37 31 43 31 1 1 1 1
30 26 38 32 44 32 1 1 1 1
31 27 39 33 45 33 1 1 1 1
32 28 40 34 46 34 1 1 1 1
33 27 41 35 47 35 1 1 1 1
34 28 40 36 48 36 1 1 1 1
35 27 41 37 47 37 1 1 1 1
34 28 42 38 48 38 1 1 1 1
33 29 41 39 47 39 2 2 2 2
34 30 42 40 48 38 1 1 1 1
33 31 43 41 49 39 1 1 1 1
34 32 44 42 50 40 1 1 1 1
35 33 45 43 51 41 1 1 1 1
36 34 46 44 50 42 1 1 1 1
37 35 45 45 51 43 1 1 1 1
38 36 46 46 52 44 1 1 1 1
39 37 45 47 53 45 1 1 1 1
40 38 46 48 54 46 1 1 1 1
41 39 47 49 55 47 1 1 1 1
42 38 48 50 56 48 1 1 1 1
43 39 47 51 57 47 1 1 1 1
44 40 48 52 58 48 1 1 1 1
45 39 49 53 59 49 1 1 1 1
44 40 50 54 60 50 1 1 1 1
45 41 51 55 59 51 1 1 1 1
46 42 52 56 58 52 1 1 1 1
47 43 51 55 59 53 1 1 1 1
48 44 52 56 60 54 1 1 1 1
49 45 53 57 61 55 1 1 1 1
50 46 54 58 62 56 1 1 1 1
51 47 55 59 61 57 1 1 1 1
52 48 56 60 62 58 1 1 1 1
53 49 57 61 61 59 1 1 1 1
52 50 58 62 62 60 1 1 1 1
53 51 59 63 63 61 1 1 1 1
52 52 60 64 64 62 1 1 1 1
51 53 61 65 65 63 1 1 1 1
52 54 62 66 66 64 1 1 1 1
51 55 63 67 65 65 1 1 1 1
52 56 64 68 66 66 1 1 1 1
53 57 65 69 67 67 1 1 1 1
54 56 66 70 68 66 1 1 1 1
55 57 65 71 69 65 1 1 1 1
56 58 64 72 70 66 1 1 1 1
57 57 63 73 71 67 1 1 1 1
58 58 62 74 72 68 1 1 1 1
59 59 63 75 73 69 1 1 1 1
60 60 64 74 74 70 1 1 1 1
61 61 65 75 75 71 1 1 1 1
62 62 66 76 76 72 1 1 1 1
63 63 67 77 77 73 1 1 1 1
64 64 66 78 78 72 1 1 1 1
65 65 67 79 79 73 1 1 1 1
