2 2 1 2 1 1 2 2 2 2
3 3 1 3 2 1 1 3 3 3
4 4 2 2 3 2 2 2 2 2
3 3 1 3 4 3 3 3 3 3
2 4 2 4 5 4 4 4 4 4
3 5 3 3 6 5 5 3 3 3
4 4 4 4 5 4 6 4 4 4
3 5 3 3 6 3 7 5 5 5
4 6 4 4 7 4 8 4 4 4
3 7 5 3 8 3 9 5 5 5
2 8 4 4 9 2 10 6 6 6
1 7 3 3 10 3 9 7 7 7
2 6 4 4 11 4 10 6 6 6
3 7 5 5 10 5 11 7 7 7
2 8 4 4 9 4 12 8 8 8
1 9 3 5 8 5 11 9 9 9
2 8 2 4 7 4 12 10 10 10
3 9 3 5 6 5 13 9 9 9
2 8 2 4 7 6 14 10 10 10
3 7 3 5 6 7 13 11 11 11
2 8 2 4 7 8 12 12 12 12
3 7 1 5 8 7 13 13 13 13
4 6 1 6 7 6 14 14 14 14
5 7 2 7 6 7 15 13 13 13
4 8 3 6 5 8 14 14 14 14
3 7 2 7 4 9 15 15 15 15
2 8 1 6 5 8 16 16 16 16
3 9 2 7 6 9 17 15 15 15
2 10 3 8 5 10 16 16 16 16
1 11 4 7 4 9 15 17 17 17
2 10 3 6 5 8 16 18 18 18
3 11 2 5 4 7 17 19 19 19
4 10 1 6 3 6 18 20 20 20
3 11 1 5 2 7 17 21 21 21
2 10 2 4 1 8 18 22 22 22
1 11 1 3 1 9 19 23 23 23
2 12 2 2 1 10 18 24 24 24
3 11 3 1 1 9 17 25 25 25
2 10 2 1 1 8 18 26 26 26
3 9 1 2 1 7 19 27 27 27
2 8 1 1 1 6 18 28 28 28
1 7 1 2 1 5 19 29 29 29
1 6 2 1 2 4 20 30 30 30
2 5 1 2 1 5 21 31 31 31
3 6 2 1 1 4 20 32 32 32
2 5 1 1 1 5 19 33 33 33
1 4 2 1 1 6 20 34 34 34
1 3 3 1 1 5 19 35 35 35
1 2 2 1 1 4 18 36 36 36
2 1 1 1 1 3 19 37 37 37
3 2 1 1 1 2 20 38 38 38
4 3 2 1 2 1 19 39 39 39
3 2 3 2 3 1 18 40 40 40
4 1 4 1 4 1 17 41 41 41
3 1 5 2 3 2 16 42 42 42
2 1 4 1 2 1 17 43 43 43
3 2 3 1 3 1 16 44 44 44
4 3 2 1 2 1 17 45 45 45
3 2 1 2 3 1 16 46 46 46
4 3 1 1 2 2 15 47 47 47
3 2 2 2 1 3 14 48 48 48
4 1 1 3 1 2 13 49 49 49
3 1 2 4 1 1 12 50 50 50
2 2 1 5 1 2 11 51 51 51
1 1 1 6 1 3 12 52 52 52
2 1 2 5 1 4 11 53 53 53
3 2 3 4 2 5 12 54 54 54
2 3 2 5 3 4 13 55 55 55
3 4 1 6 2 3 12 56 56 56
2 3 1 5 3 2 11 57 57 57
1 2 2 4 4 1 10 58 58 58
1 1 3 3 5 1 9 59 59 59
1 2 2 4 4 1 10 60 60 60
2 1 1 5 3 1 11 61 61 61
3 1 2 4 2 1 10 62 62 62
4 1 1 5 1 2 11 63 63 63
3 2 2 4 2 1 12 64 64 64
4 1 1 5 3 1 13 65 65 65
3 1 1 4 2 1 14 66 66 66
4 2 2 3 3 2 15 67 67 67
3 3 1 2 4 3 14 68 68 68
4 4 2 3 3 2 13 69 69 69
3 3 1 4 4 1 12 70 70 70
2 2 1 5 3 1 11 71 71 71
1 1 2 4 4 1 10 72 72 72
2 1 1 5 5 2 9 73 73 73
3 1 2 6 4 1 8 74 74 74
2 1 1 5 5 2 9 75 75 75
1 1 1 4 4 3 8 76 76 76
1 1 2 5 3 2 7 77 77 77
2 2 1 4 4 3 6 78 78 78
3 1 2 5 3 2 7 79 79 79
4 2 1 4 4 1 8 80 80 80
3 1 2 3 5 1 9 81 81 81
2 1 3 4 4 1 8 82 82 82
3 2 4 3 3 1 7 83 83 83
4 3 5 2 4 2 6 84 84 84
3 4 4 1 5 1 5 85 85 85
2 3 3 1 4 1 4 86 86 86
1 2 2 2 3 2 3 87 87 87
