1 1 1 2 2 2 2 2 2 2
2 1 1 1 3 3 3 3 3 3
3 2 1 2 2 2 4 4 4 4
2 3 1 1 1 1 5 5 5 5
1 2 1 2 2 2 6 6 6 6
1 1 2 1 1 3 7 7 7 7
2 1 3 1 2 2 8 8 8 8
3 2 4 1 1 1 9 9 9 9
4 3 3 1 1 1 10 10 10 10
3 2 4 1 1 1 11 11 11 11
2 1 3 1 1 1 12 12 12 12
3 2 2 1 1 1 13 13 13 13
4 1 1 2 1 2 14 14 14 14
5 2 1 1 1 1 15 15 15 15
4 1 1 2 1 2 16 16 16 16
3 2 2 1 2 1 17 17 17 17
2 1 3 1 1 1 18 18 18 18
1 2 2 2 2 2 19 19 19 19
2 1 1 1 3 3 20 20 20 20
1 1 2 2 2 4 21 21 21 21
2 1 1 3 3 3 22 22 22 22
1 2 1 2 2 2 23 23 23 23
1 1 1 1 1 1 24 24 24 24
1 1 1 1 2 1 25 25 25 25
1 1 1 2 1 1 26 26 26 26
2 1 1 1 2 1 27 27 27 27
3 1 2 1 1 1 28 28 28 28
4 2 1 1 2 1 29 29 29 29
3 3 1 1 3 2 30 30 30 30
2 4 2 1 2 1 31 31 31 31
1 5 3 1 1 2 32 32 32 32
1 4 4 1 1 1 33 33 33 33
1 3 3 1 1 2 34 34 34 34
1 2 2 1 1 3 35 35 35 35
2 3 1 2 1 4 36 36 36 36
1 2 1 1 1 3 37 37 37 37
1 1 2 1 1 4 38 38 38 38
2 1 1 2 2 3 39 39 39 39
1 2 1 1 1 2 40 40 40 40
1 1 2 2 1 3 41 41 41 41
2 2 1 1 2 2 42 42 42 42
1 3 1 1 1 3 43 43 43 43
1 2 2 2 1 2 44 44 44 44
1 3 1 1 1 1 45 45 45 45
1 2 2 1 1 1 46 46 46 46
1 1 1 2 2 2 47 47 47 47
1 1 2 1 1 1 48 48 48 48
2 2 3 1 1 1 49 49 49 49
3 1 2 1 1 1 50 50 50 50
2 2 1 2 1 1 51 51 51 51
1 1 1 1 1 1 52 52 52 52
1 1 2 2 2 1 53 53 53 53
2 1 3 1 3 1 54 54 54 54
3 1 4 2 4 2 55 55 55 55
4 1 5 1 5 1 56 56 56 56
5 2 4 1 4 1 57 57 57 57
6 1 3 2 3 1 58 58 58 58
5 1 4 3 2 1 59 59 59 59
6 2 3 4 1 1 60 60 60 60
5 1 4 3 1 2 61 61 61 61
