1 2 2 2 2 2 2 1 1 1
2 3 1 1 1 1 3 2 2 2
3 4 1 2 1 1 4 3 3 3
4 5 2 3 2 2 5 2 2 2
5 6 3 4 1 1 6 1 1 1
4 5 2 5 2 1 7 2 2 2
3 6 3 6 3 2 8 1 1 1
2 7 2 5 4 1 9 2 2 2
3 8 3 4 5 2 10 1 1 1
4 7 2 5 4 1 11 2 2 2
5 6 1 6 3 2 12 3 3 3
6 7 2 5 4 3 13 2 2 2
5 6 1 4 5 4 14 3 3 3
6 7 2 5 6 5 13 2 2 2
7 8 1 4 7 4 12 3 3 3
6 9 2 3 8 3 11 4 4 4
7 8 1 2 9 4 12 5 5 5
8 9 1 1 10 5 13 4 4 4
7 10 2 2 9 6 12 5 5 5
8 11 3 3 8 7 13 4 4 4
9 10 2 4 7 6 14 5 5 5
8 9 1 3 6 7 15 6 6 6
7 10 2 4 7 8 16 5 5 5
8 11 3 5 8 9 17 4 4 4
9 12 4 6 9 10 18 3 3 3
10 11 5 5 8 11 17 4 4 4
11 10 4 6 7 10 18 5 5 5
12 11 5 5 8 9 19 4 4 4
11 12 6 6 9 8 20 3 3 3
12 13 7 7 10 9 19 2 2 2
11 14 8 6 11 8 20 1 1 1
12 15 9 5 12 9 21 1 1 1
11 16 10 6 13 8 22 1 1 1
12 15 11 7 14 9 21 1 1 1
13 16 12 8 15 10 22 1 1 1
14 15 11 9 16 11 21 2 2 2
13 16 12 8 17 12 22 1 1 1
14 17 13 7 18 11 23 1 1 1
15 18 12 6 17 10 24 2 2 2
14 19 13 7 16 9 25 3 3 3
15 18 14 6 17 10 26 2 2 2
16 17 15 5 18 11 25 3 3 3
17 16 16 6 19 12 24 2 2 2
18 15 17 5 18 13 25 1 1 1
19 16 18 4 17 14 26 1 1 1
18 17 19 5 18 15 27 1 1 1
19 18 18 4 17 16 28 1 1 1
18 17 19 5 18 17 29 1 1 1
19 16 20 6 19 18 30 1 1 1
20 17 19 7 18 19 31 1 1 1
21 16 20 6 19 20 32 1 1 1
22 15 21 7 20 21 33 1 1 1
21 16 22 8 21 22 34 1 1 1
22 15 23 7 22 21 35 1 1 1
21 16 24 6 21 22 36 1 1 1
22 17 25 7 22 21 35 1 1 1
23 18 26 8 21 22 36 1 1 1
24 19 27 7 20 23 35 2 2 2
25 18 26 6 21 22 36 3 3 3
26 19 27 5 20 23 35 2 2 2
27 18 28 6 21 22 36 1 1 1
28 19 29 7 22 21 37 1 1 1
29 18 30 6 23 22 36 1 1 1
30 19 31 5 22 23 37 1 1 1
29 18 32 4 23 22 38 2 2 2
30 19 33 3 24 23 39 1 1 1
31 18 34 4 25 24 40 1 1 1
32 19 33 5 24 25 39 2 2 2
31 18 34 4 23 26 40 3 3 3
30 17 35 3 24 27 39 4 4 4
31 18 34 2 25 28 40 5 5 5
32 17 35 1 26 29 39 4 4 4
33 16 34 2 27 30 38 5 5 5
32 17 35 3 28 31 39 4 4 4
33 18 34 4 29 32 38 3 3 3
34 19 35 5 30 33 39 2 2 2
33 20 36 4 31 34 38 1 1 1
34 21 37 3 30 35 39 1 1 1
35 20 38 2 31 36 40 1 1 1
36 21 37 3 32 37 39 1 1 1
35 20 38 4 31 38 40 1 1 1
36 19 37 3 32 37 41 2 2 2
35 18 36 2 33 38 42 3 3 3
36 17 35 1 34 39 43 2 2 2
37 18 36 2 35 38 44 1 1 1
38 17 35 1 36 39 43 2 2 2
39 16 34 1 37 38 44 3 3 3
40 17 35 1 38 39 45 2 2 2
41 18 34 1 39 38 44 3 3 3
42 17 35 2 40 39 45 2 2 2
43 16 36 3 41 40 44 3 3 3
44 17 37 4 42 41 45 2 2 2
45 18 38 5 43 42 44 1 1 1
46 17 37 6 44 43 43 2 2 2
47 18 38 7 45 44 44 1 1 1
48 17 39 8 44 43 45 1 1 1
49 18 40 9 43 44 46 1 1 1
50 17 39 10 42 45 47 1 1 1
51 18 40 9 43 46 46 2 2 2
52 19 39 10 44 47 45 1 1 1
