2 2 2 2 1 2 1 2 2 2
1 3 3 1 1 1 1 3 3 3
1 4 2 1 2 1 1 4 4 4
2 5 3 2 3 2 2 3 3 3
1 6 4 3 4 1 3 2 2 2
2 5 5 4 5 1 4 1 1 1
3 6 6 5 6 2 5 1 1 1
2 7 7 6 7 3 6 1 1 1
1 8 8 7 8 4 5 1 1 1
2 9 7 8 9 3 4 2 2 2
1 10 8 9 10 4 5 1 1 1
1 11 7 10 9 5 4 2 2 2
1 12 8 11 8 6 5 1 1 1
2 13 9 12 9 7 4 1 1 1
1 14 8 13 8 8 5 1 1 1
2 15 9 14 9 9 6 1 1 1
1 16 10 15 10 10 7 1 1 1
2 17 11 14 9 11 8 1 1 1
1 16 10 15 10 12 7 2 2 2
2 17 11 16 11 11 8 1 1 1
3 18 10 15 12 12 9 1 1 1
4 19 11 16 13 11 10 1 1 1
5 20 10 17 14 12 9 1 1 1
6 21 9 18 15 13 10 1 1 1
7 22 10 19 14 14 11 1 1 1
8 23 11 18 15 15 10 1 1 1
7 24 10 19 16 16 11 1 1 1
8 25 11 20 17 15 12 1 1 1
9 26 12 21 16 16 11 1 1 1
8 27 13 20 17 17 12 1 1 1
9 28 14 21 18 16 13 1 1 1
8 29 15 22 17 17 14 1 1 1
7 30 16 23 16 18 15 1 1 1
8 31 17 22 17 19 16 1 1 1
9 32 18 23 18 18 17 1 1 1
8 33 17 24 19 19 18 1 1 1
9 34 18 25 20 18 19 1 1 1
10 35 19 24 21 19 20 1 1 1
11 36 20 23 22 20 21 1 1 1
10 37 19 22 21 21 22 2 2 2
11 38 20 23 20 22 23 1 1 1
12 39 21 24 21 21 24 1 1 1
11 40 22 23 22 20 23 2 2 2
12 39 21 24 23 21 22 3 3 3
13 38 22 25 24 20 23 2 2 2
12 39 23 26 25 19 22 1 1 1
13 40 24 27 26 20 23 1 1 1
12 41 25 26 27 21 24 1 1 1
11 40 26 27 28 22 23 1 1 1
12 41 25 28 29 23 24 1 1 1
13 42 26 27 30 24 25 1 1 1
14 43 27 26 29 25 24 1 1 1
15 44 28 27 30 26 25 1 1 1
14 45 29 26 31 25 26 1 1 1
15 46 28 27 32 24 27 1 1 1
16 45 27 28 33 25 28 1 1 1
17 46 26 29 34 26 29 1 1 1
18 47 25 30 35 27 30 1 1 1
17 48 24 31 34 26 31 2 2 2
18 49 25 30 35 25 32 1 1 1
19 50 26 29 36 26 33 1 1 1
20 49 25 30 37 27 34 1 1 1
21 48 26 29 38 28 35 1 1 1
22 49 27 30 39 29 34 1 1 1
23 50 28 31 40 30 33 1 1 1
24 51 29 32 39 29 34 1 1 1
25 52 28 31 40 28 35 2 2 2
26 51 27 32 41 27 36 1 1 1
25 52 28 33 42 26 37 1 1 1
26 53 29 32 41 27 36 1 1 1
25 54 30 33 40 28 35 1 1 1
26 53 31 34 41 29 34 1 1 1
27 54 32 35 42 30 35 1 1 1
28 55 33 36 43 29 36 1 1 1
29 56 34 37 44 30 35 1 1 1
30 55 35 38 45 31 36 1 1 1
31 56 36 37 46 30 37 1 1 1
32 57 35 38 47 31 36 1 1 1
31 58 36 39 48 32 37 1 1 1
32 59 37 40 47 33 38 1 1 1
31 58 38 41 48 34 39 2 2 2
32 59 39 42 47 33 38 1 1 1
33 60 40 43 48 32 39 1 1 1
34 61 41 44 47 33 40 1 1 1
33 60 42 43 48 34 41 1 1 1
34 61 43 44 47 33 42 1 1 1
35 62 44 45 48 34 43 1 1 1
34 61 45 46 47 35 44 1 1 1
33 60 46 47 48 34 45 1 1 1
34 61 47 46 49 33 46 1 1 1
33 62 48 47 50 34 47 1 1 1
34 63 49 48 51 33 48 1 1 1
33 64 50 49 52 34 49 1 1 1
34 65 51 50 53 33 50 1 1 1
35 64 52 51 54 34 49 1 1 1
34 63 53 52 55 35 50 1 1 1
35 64 54 53 56 36 49 1 1 1
36 63 55 54 55 37 48 1 1 1
37 64 56 53 56 38 49 1 1 1
36 65 57 52 55 39 50 2 2 2
