2 2 2 2 2 2 2 1 1 1
1 3 3 3 3 3 3 1 1 1
2 4 4 4 4 4 4 1 1 1
1 5 5 3 3 3 5 2 2 2
1 6 4 2 2 2 6 3 3 3
1 7 5 1 1 1 5 4 4 4
1 8 4 2 1 1 6 5 5 5
1 7 5 3 2 2 5 6 6 6
2 8 6 4 3 3 6 5 5 5
3 9 5 5 4 4 7 4 4 4
4 10 4 4 3 5 6 5 5 5
5 11 5 5 2 6 7 4 4 4
6 10 4 4 3 7 8 5 5 5
5 11 5 5 4 8 9 4 4 4
6 10 4 6 5 9 10 3 3 3
7 9 5 5 6 10 11 2 2 2
6 10 4 4 7 11 12 1 1 1
7 11 3 5 8 12 13 1 1 1
8 12 2 6 9 13 14 1 1 1
9 13 3 5 10 14 13 1 1 1
8 14 4 6 11 15 14 1 1 1
9 15 5 5 12 14 15 1 1 1
10 16 6 6 13 15 16 1 1 1
11 17 5 5 12 16 15 2 2 2
10 18 6 6 13 17 16 1 1 1
11 19 7 5 12 18 17 1 1 1
12 20 6 4 11 19 18 2 2 2
13 19 7 3 12 20 19 1 1 1
14 20 8 4 13 19 20 1 1 1
15 21 7 3 12 18 21 2 2 2
16 22 8 4 13 19 20 1 1 1
17 21 9 3 14 18 21 2 2 2
16 22 10 4 13 19 22 1 1 1
17 23 11 5 14 20 21 1 1 1
18 24 12 6 15 19 22 1 1 1
19 25 13 7 14 18 23 2 2 2
18 26 14 8 13 19 24 1 1 1
19 25 15 9 12 20 25 1 1 1
20 24 16 8 11 19 26 2 2 2
21 25 17 9 12 18 27 1 1 1
22 26 18 10 13 17 28 1 1 1
23 27 19 9 12 16 29 1 1 1
24 28 20 10 11 15 30 2 2 2
25 29 21 11 12 16 31 1 1 1
24 30 22 12 11 17 30 1 1 1
25 29 23 11 12 18 31 1 1 1
24 30 24 12 13 19 32 1 1 1
25 31 25 13 14 18 31 1 1 1
24 32 26 14 15 19 30 1 1 1
23 33 27 15 16 18 31 1 1 1
24 34 26 14 17 17 32 1 1 1
25 35 27 13 16 16 31 2 2 2
26 36 26 14 17 17 30 1 1 1
25 37 25 13 16 18 31 2 2 2
24 38 26 14 17 19 32 1 1 1
25 39 27 15 16 20 31 1 1 1
26 40 28 14 17 21 32 1 1 1
27 41 29 13 16 22 33 1 1 1
28 42 28 12 17 21 34 2 2 2
27 43 29 13 18 22 35 1 1 1
