2 2 2 2 2 2 1 1 1 1
3 3 3 3 3 3 1 1 1 1
4 4 4 2 4 4 1 1 1 1
5 5 3 1 5 5 1 1 1 1
6 4 4 1 4 6 2 2 2 2
7 5 5 1 5 7 1 1 1 1
8 6 6 2 6 6 1 1 1 1
9 7 7 3 5 5 1 1 1 1
10 8 6 4 6 6 1 1 1 1
11 9 7 5 7 7 1 1 1 1
12 10 8 6 8 8 1 1 1 1
11 11 9 7 9 7 1 1 1 1
12 10 10 8 8 6 2 2 2 2
13 11 11 9 9 5 1 1 1 1
14 12 12 10 8 6 1 1 1 1
15 13 11 11 9 7 1 1 1 1
14 14 12 10 10 8 1 1 1 1
13 13 13 11 11 9 1 1 1 1
12 14 14 12 12 8 1 1 1 1
13 15 15 13 13 9 1 1 1 1
14 16 14 12 14 10 1 1 1 1
15 17 15 13 15 9 1 1 1 1
16 18 16 12 16 10 1 1 1 1
17 17 17 13 15 11 1 1 1 1
18 16 18 14 16 10 1 1 1 1
19 15 17 13 17 11 2 2 2 2
20 16 18 14 16 10 1 1 1 1
19 17 19 15 17 11 1 1 1 1
20 18 18 16 18 10 1 1 1 1
21 19 17 17 19 9 1 1 1 1
22 20 18 18 20 8 1 1 1 1
21 19 19 19 21 9 1 1 1 1
22 20 20 20 22 10 1 1 1 1
23 21 21 21 23 11 1 1 1 1
24 22 22 22 24 12 1 1 1 1
25 23 23 21 25 11 1 1 1 1
26 24 22 22 26 10 1 1 1 1
27 25 23 21 27 9 1 1 1 1
28 26 24 22 28 10 1 1 1 1
27 27 25 23 29 11 1 1 1 1
28 28 26 24 30 12 1 1 1 1
27 29 27 25 31 13 1 1 1 1
28 28 28 26 32 12 1 1 1 1
29 29 29 27 31 13 1 1 1 1
30 30 30 28 32 14 1 1 1 1
29 31 31 29 33 15 1 1 1 1
30 32 30 30 34 14 1 1 1 1
29 33 31 29 35 15 1 1 1 1
30 34 32 30 36 16 1 1 1 1
31 35 33 29 37 15 1 1 1 1
30 36 34 30 38 16 1 1 1 1
31 35 35 29 39 17 1 1 1 1
30 36 36 30 38 18 1 1 1 1
31 37 35 31 39 19 1 1 1 1
32 36 36 32 38 20 1 1 1 1
33 37 37 31 39 19 1 1 1 1
34 36 36 32 40 20 1 1 1 1
35 37 37 31 41 21 1 1 1 1
36 38 38 32 42 22 1 1 1 1
35 37 37 33 43 23 2 2 2 2
