1 1 1 1 1 1 1 1 1 1
1 1 1 1 1 1 1 1 1 1
2 2 2 2 2 2 1 1 1 1
3 3 3 3 1 3 1 1 1 1
4 4 4 2 2 4 1 1 1 1
5 5 5 3 1 5 1 1 1 1
6 6 4 4 2 6 1 1 1 1
7 5 5 3 1 7 2 2 2 2
8 4 4 2 1 8 3 3 3 3
7 5 3 3 1 7 4 4 4 4
8 6 4 2 2 8 3 3 3 3
9 7 5 3 3 9 2 2 2 2
10 8 6 4 4 10 1 1 1 1
11 9 7 5 5 11 1 1 1 1
12 10 8 6 6 12 1 1 1 1
13 11 7 7 7 13 1 1 1 1
14 10 6 8 8 14 1 1 1 1
15 9 7 7 9 15 1 1 1 1
16 10 8 8 10 16 1 1 1 1
15 11 7 9 11 15 2 2 2 2
16 12 8 10 12 16 1 1 1 1
17 13 9 9 11 17 1 1 1 1
18 14 10 10 10 18 1 1 1 1
19 15 9 11 9 17 2 2 2 2
20 16 10 12 8 18 1 1 1 1
19 17 11 13 9 19 1 1 1 1
20 18 12 12 8 18 2 2 2 2
19 19 13 13 9 19 1 1 1 1
20 20 14 14 8 18 1 1 1 1
21 19 15 15 9 19 1 1 1 1
22 20 16 14 10 20 1 1 1 1
23 21 15 15 11 21 1 1 1 1
24 20 16 16 12 20 1 1 1 1
25 19 17 17 11 21 2 2 2 2
24 20 18 16 12 22 1 1 1 1
25 21 19 17 13 23 1 1 1 1
26 22 18 16 14 24 1 1 1 1
27 21 19 17 15 23 2 2 2 2
26 22 18 18 16 24 1 1 1 1
27 23 19 19 17 25 1 1 1 1
28 22 20 20 16 26 1 1 1 1
29 23 21 21 17 25 1 1 1 1
30 24 22 22 18 26 1 1 1 1
29 25 21 23 17 27 2 2 2 2
30 26 22 22 16 28 1 1 1 1
31 27 23 23 15 29 1 1 1 1
30 28 24 24 16 30 1 1 1 1
31 29 25 23 17 31 1 1 1 1
32 30 26 22 18 32 1 1 1 1
33 31 27 23 19 33 1 1 1 1
34 30 28 22 20 34 1 1 1 1
35 31 29 23 19 33 1 1 1 1
34 30 30 24 20 34 1 1 1 1
35 31 31 25 21 35 1 1 1 1
36 32 32 26 22 34 1 1 1 1
35 33 33 27 23 35 1 1 1 1
36 34 34 28 24 34 1 1 1 1
35 35 33 27 25 35 2 2 2 2
36 36 34 28 26 36 1 1 1 1
37 37 33 29 25 35 2 2 2 2
