2 1 1 2 1 2 1 2 2 2
3 2 1 1 1 1 2 3 3 3
4 3 1 2 1 1 3 4 4 4
5 4 2 3 2 2 4 3 3 3
6 5 3 4 1 1 5 2 2 2
5 4 2 5 2 1 6 3 3 3
4 5 3 6 3 2 7 2 2 2
3 6 2 5 4 3 8 3 3 3
4 7 3 4 5 4 9 2 2 2
5 6 2 5 4 3 10 3 3 3
6 5 1 6 3 4 11 4 4 4
7 6 2 5 4 5 12 3 3 3
6 5 1 4 5 6 13 4 4 4
5 6 1 3 4 5 14 5 5 5
6 7 1 2 5 4 13 6 6 6
7 8 2 1 6 3 12 7 7 7
8 7 1 1 7 4 13 8 8 8
7 6 2 2 8 3 12 9 9 9
6 7 3 3 7 4 11 10 10 10
7 6 2 2 8 3 10 11 11 11
8 5 1 3 7 2 11 12 12 12
7 4 1 2 6 3 12 13 13 13
8 3 1 3 5 2 13 14 14 14
9 4 2 4 6 3 14 13 13 13
10 5 3 5 7 4 15 12 12 12
11 6 4 4 6 5 14 13 13 13
12 5 5 5 5 4 15 14 14 14
11 4 4 6 4 5 14 15 15 15
12 3 5 5 3 6 13 16 16 16
11 4 4 4 4 5 14 17 17 17
12 3 3 5 3 6 13 18 18 18
11 2 2 6 2 7 12 19 19 19
12 1 1 5 1 8 11 20 20 20
11 2 1 4 1 7 12 21 21 21
10 3 2 3 1 6 11 22 22 22
11 2 1 4 2 7 12 23 23 23
12 1 1 5 3 6 11 24 24 24
11 1 2 6 2 7 10 25 25 25
12 2 1 5 1 6 11 26 26 26
11 3 2 6 2 5 12 27 27 27
10 4 1 7 1 4 11 28 28 28
11 5 2 6 2 5 10 29 29 29
12 6 1 5 1 4 11 30 30 30
11 7 2 6 2 3 12 31 31 31
10 6 1 7 3 2 11 32 32 32
11 5 1 6 2 1 10 33 33 33
10 4 2 7 3 2 9 34 34 34
11 5 1 6 2 1 8 35 35 35
10 6 1 5 1 1 7 36 36 36
9 5 2 4 2 2 6 37 37 37
8 6 1 5 1 1 5 38 38 38
7 7 1 4 1 1 4 39 39 39
8 6 1 3 2 2 3 40 40 40
7 7 1 4 1 3 2 41 41 41
8 6 1 5 2 2 1 42 42 42
7 5 1 4 3 3 2 43 43 43
6 4 1 3 4 2 1 44 44 44
7 5 2 2 5 3 1 45 45 45
8 4 1 1 6 2 2 46 46 46
7 3 1 2 7 1 3 47 47 47
6 4 1 1 6 2 2 48 48 48
5 5 1 1 5 3 1 49 49 49
4 6 1 2 4 2 2 50 50 50
3 5 1 3 5 1 1 51 51 51
2 4 2 2 6 1 2 52 52 52
1 3 1 3 7 1 1 53 53 53
2 4 2 2 6 1 1 54 54 54
3 5 1 3 5 2 1 55 55 55
4 4 2 4 4 3 2 56 56 56
5 3 3 3 5 4 1 57 57 57
6 4 2 2 6 5 2 58 58 58
5 5 1 3 5 4 3 59 59 59
6 4 1 4 6 5 2 60 60 60
7 5 1 3 5 4 1 61 61 61
8 4 2 4 4 3 2 62 62 62
7 3 1 5 3 2 1 63 63 63
8 2 1 6 2 1 2 64 64 64
7 1 1 7 3 1 1 65 65 65
6 2 1 8 2 2 1 66 66 66
5 1 2 7 1 1 2 67 67 67
6 2 1 8 2 1 1 68 68 68
7 1 1 7 3 1 2 69 69 69
8 1 1 6 4 2 3 70 70 70
7 2 2 7 3 1 2 71 71 71
6 1 1 6 2 2 1 72 72 72
7 2 1 7 3 3 1 73 73 73
8 1 1 6 4 2 2 74 74 74
7 1 1 7 5 1 1 75 75 75
8 2 1 6 6 1 1 76 76 76
7 3 1 5 7 1 2 77 77 77
8 2 2 6 8 2 1 78 78 78
7 1 1 5 7 1 1 79 79 79
6 1 1 4 6 1 2 80 80 80
7 1 1 5 7 2 1 81 81 81
6 1 2 4 6 1 1 82 82 82
5 2 1 3 7 2 1 83 83 83
4 1 2 2 8 1 1 84 84 84
3 2 3 1 9 1 1 85 85 85
4 3 4 1 10 2 1 86 86 86
3 4 5 1 9 3 2 87 87 87
