1 2 2 2 1 1 2 2 2 2
1 1 3 3 1 1 3 3 3 3
2 2 4 4 2 2 2 2 2 2
1 3 5 5 3 3 1 1 1 1
2 4 6 6 4 2 1 1 1 1
1 5 5 5 5 1 2 2 2 2
2 4 6 6 6 2 1 1 1 1
3 5 7 7 7 3 1 1 1 1
4 6 8 8 8 4 1 1 1 1
5 7 9 9 9 5 1 1 1 1
6 6 10 10 10 6 1 1 1 1
7 7 11 11 9 7 1 1 1 1
6 8 12 12 10 8 1 1 1 1
5 9 13 13 11 9 1 1 1 1
6 10 14 14 10 10 1 1 1 1
7 11 15 15 11 11 1 1 1 1
8 12 16 16 10 12 1 1 1 1
9 13 17 17 11 13 1 1 1 1
10 14 18 18 12 14 1 1 1 1
11 15 19 17 13 13 1 1 1 1
12 16 20 18 14 14 1 1 1 1
13 17 21 19 15 15 1 1 1 1
14 18 22 20 16 16 1 1 1 1
15 19 23 21 17 17 1 1 1 1
16 20 24 22 18 18 1 1 1 1
15 21 25 21 19 19 1 1 1 1
16 22 26 22 18 20 1 1 1 1
17 23 27 23 19 19 1 1 1 1
18 24 28 24 20 20 1 1 1 1
19 25 27 23 21 21 2 2 2 2
20 24 26 24 22 22 1 1 1 1
21 25 27 25 23 23 1 1 1 1
22 26 28 24 22 24 1 1 1 1
23 27 29 25 23 25 1 1 1 1
24 28 30 26 22 26 1 1 1 1
25 29 29 27 21 27 1 1 1 1
26 28 30 28 22 28 1 1 1 1
27 27 31 29 23 29 1 1 1 1
28 28 32 30 24 28 1 1 1 1
27 29 33 29 25 29 1 1 1 1
28 30 34 30 24 30 1 1 1 1
27 31 35 31 25 31 1 1 1 1
28 32 34 32 26 30 1 1 1 1
27 33 33 33 25 31 2 2 2 2
26 34 34 34 26 32 1 1 1 1
27 35 35 35 27 33 1 1 1 1
28 34 34 36 28 34 1 1 1 1
29 35 35 37 29 35 1 1 1 1
30 36 36 38 30 36 1 1 1 1
31 37 37 39 31 37 1 1 1 1
32 38 36 40 30 38 1 1 1 1
33 39 37 41 31 39 1 1 1 1
32 40 38 42 32 40 1 1 1 1
33 39 39 43 33 41 1 1 1 1
34 40 38 44 34 42 1 1 1 1
35 41 39 45 33 43 1 1 1 1
36 42 40 46 34 44 1 1 1 1
37 41 39 45 35 45 2 2 2 2
38 42 40 46 36 46 1 1 1 1
39 43 41 45 37 47 1 1 1 1
40 44 42 46 38 46 1 1 1 1
41 43 41 47 39 47 1 1 1 1
42 44 42 48 40 48 1 1 1 1
43 45 43 49 41 49 1 1 1 1
44 46 44 48 42 48 1 1 1 1
45 47 45 49 43 49 1 1 1 1
46 48 46 48 44 50 1 1 1 1
47 49 47 49 43 51 1 1 1 1
48 50 48 50 44 52 1 1 1 1
49 51 49 49 45 53 1 1 1 1
50 50 48 48 46 54 2 2 2 2
51 49 49 47 47 55 1 1 1 1
52 50 50 48 46 56 1 1 1 1
53 51 49 47 47 55 2 2 2 2
54 52 50 46 48 56 1 1 1 1
53 53 51 47 49 55 1 1 1 1
54 54 52 46 50 56 1 1 1 1
55 55 51 47 49 55 2 2 2 2
56 56 52 48 50 54 1 1 1 1
57 57 53 49 51 55 1 1 1 1
56 58 54 48 50 56 2 2 2 2
57 59 53 49 49 57 1 1 1 1
56 60 54 50 50 58 1 1 1 1
57 59 55 51 51 59 1 1 1 1
58 60 56 52 52 60 1 1 1 1
59 61 57 53 53 61 1 1 1 1
60 62 58 52 54 62 1 1 1 1
61 63 59 51 55 61 1 1 1 1
62 64 60 52 54 62 1 1 1 1
63 65 61 53 55 63 1 1 1 1
64 66 60 54 56 64 1 1 1 1
65 67 61 55 57 65 1 1 1 1
64 68 62 56 58 64 1 1 1 1
65 69 63 57 59 65 1 1 1 1
66 70 62 58 60 66 1 1 1 1
65 69 63 59 61 67 1 1 1 1
66 70 64 60 62 66 1 1 1 1
67 71 65 61 61 65 1 1 1 1
66 72 66 62 62 66 1 1 1 1
67 73 67 63 63 67 1 1 1 1
