2 1 1 2 2 1 1 2 2 2
1 1 1 3 3 1 2 3 3 3
2 1 2 4 4 2 3 2 2 2
3 1 1 5 3 1 4 3 3 3
4 2 1 6 2 1 3 4 4 4
5 3 1 7 3 2 2 5 5 5
4 2 1 6 4 3 3 6 6 6
5 3 1 5 3 4 2 7 7 7
6 2 1 4 2 3 3 8 8 8
7 3 2 3 1 4 2 9 9 9
6 2 1 4 2 3 3 10 10 10
7 3 1 3 1 4 4 11 11 11
6 2 1 2 1 5 5 12 12 12
7 3 2 3 2 6 6 11 11 11
8 2 3 2 1 5 5 12 12 12
9 1 4 1 2 4 4 13 13 13
10 2 3 1 3 5 3 14 14 14
11 3 2 1 4 4 2 15 15 15
12 2 1 1 5 3 1 16 16 16
11 1 1 1 4 2 1 17 17 17
10 1 1 1 3 1 2 18 18 18
11 2 1 2 4 2 1 19 19 19
10 3 2 1 3 1 1 20 20 20
11 2 1 2 4 1 2 21 21 21
10 1 1 3 3 2 1 22 22 22
9 2 1 4 2 3 2 23 23 23
8 3 1 3 1 2 1 24 24 24
7 4 1 2 1 1 2 25 25 25
8 5 1 1 1 1 1 26 26 26
7 4 1 1 1 1 1 27 27 27
8 3 1 1 1 1 2 28 28 28
9 2 1 1 1 2 1 29 29 29
8 3 1 1 1 1 1 30 30 30
9 4 1 1 1 1 2 31 31 31
8 3 1 1 1 1 3 32 32 32
7 4 1 1 1 1 4 33 33 33
6 5 2 2 2 2 5 34 34 34
7 4 3 1 1 3 4 35 35 35
6 3 4 1 2 2 3 36 36 36
5 2 3 1 1 1 2 37 37 37
4 1 2 1 1 1 1 38 38 38
5 1 1 2 2 2 2 39 39 39
6 1 2 3 1 3 1 40 40 40
7 1 3 2 1 2 2 41 41 41
6 1 2 1 1 1 3 42 42 42
7 1 3 1 1 2 2 43 43 43
8 2 2 1 1 3 3 44 44 44
9 3 1 2 1 2 2 45 45 45
8 4 2 1 1 1 1 46 46 46
9 5 3 2 1 1 1 47 47 47
8 6 2 1 1 1 2 48 48 48
7 5 1 2 2 1 3 49 49 49
8 4 1 3 1 2 2 50 50 50
7 3 1 2 1 1 3 51 51 51
6 4 1 1 1 1 4 52 52 52
5 3 1 1 1 1 3 53 53 53
4 2 1 1 2 2 2 54 54 54
3 1 1 1 1 1 1 55 55 55
4 1 2 2 1 2 1 56 56 56
5 1 3 3 1 3 2 57 57 57
