2 2 2 2 1 2 2 1 1 1
3 1 3 3 2 3 3 1 1 1
4 2 2 4 3 4 4 1 1 1
5 3 3 5 4 5 5 1 1 1
4 4 2 4 3 6 6 2 2 2
5 3 1 5 2 5 7 3 3 3
6 2 2 4 3 6 8 2 2 2
7 1 3 3 4 5 7 3 3 3
6 2 4 4 5 6 8 2 2 2
7 3 5 5 6 7 9 1 1 1
8 4 4 6 7 8 10 1 1 1
9 3 3 5 8 7 11 2 2 2
10 4 4 6 7 8 12 1 1 1
11 5 5 7 6 7 13 1 1 1
12 4 6 8 7 8 14 1 1 1
13 5 5 7 8 9 15 1 1 1
14 4 4 6 9 10 14 2 2 2
13 5 5 7 10 11 15 1 1 1
14 6 4 8 11 12 16 1 1 1
15 7 5 9 12 13 17 1 1 1
16 6 6 8 11 14 18 1 1 1
17 5 7 7 12 15 19 1 1 1
16 6 6 8 13 14 20 2 2 2
17 7 7 7 14 15 19 1 1 1
18 8 8 8 15 16 20 1 1 1
19 7 9 9 14 17 21 2 2 2
20 8 10 10 13 16 20 3 3 3
19 9 9 11 14 17 21 2 2 2
20 10 8 10 15 16 20 3 3 3
21 11 9 11 14 17 21 2 2 2
22 12 8 12 13 18 22 1 1 1
23 13 7 13 12 19 23 1 1 1
22 14 8 14 13 18 24 1 1 1
23 15 9 15 12 19 23 2 2 2
22 16 8 16 11 20 22 3 3 3
23 17 9 17 12 21 23 2 2 2
22 18 10 18 11 22 24 1 1 1
23 19 11 19 12 23 25 1 1 1
22 18 10 20 11 24 26 2 2 2
23 17 11 21 10 25 25 3 3 3
24 18 12 20 9 26 26 2 2 2
25 17 11 21 8 27 25 3 3 3
26 16 12 20 9 28 26 2 2 2
27 15 11 19 10 29 27 1 1 1
28 16 10 20 11 30 28 1 1 1
27 15 9 21 12 31 29 2 2 2
26 16 8 20 13 32 30 3 3 3
27 17 7 21 12 31 29 4 4 4
26 16 8 20 11 32 30 5 5 5
27 17 7 21 12 31 31 4 4 4
26 16 8 22 13 32 32 3 3 3
27 17 9 23 14 31 33 2 2 2
28 18 10 24 13 32 32 1 1 1
29 17 11 23 14 33 33 1 1 1
30 18 10 24 15 32 34 1 1 1
31 17 11 23 16 33 35 1 1 1
30 18 10 24 17 32 36 1 1 1
31 17 11 25 16 33 37 1 1 1
30 18 10 26 15 34 38 1 1 1
31 17 11 27 16 35 39 1 1 1
32 18 12 28 17 36 38 1 1 1
33 19 13 29 18 37 37 1 1 1
34 20 12 28 19 38 38 1 1 1
33 19 13 27 20 39 39 1 1 1
34 20 12 28 19 40 40 1 1 1
35 21 11 27 20 41 41 2 2 2
34 20 10 28 21 40 42 3 3 3
35 21 11 29 22 41 43 2 2 2
36 22 12 30 23 42 44 1 1 1
37 23 13 31 24 43 45 1 1 1
38 22 14 32 25 44 46 1 1 1
37 21 15 33 26 43 47 1 1 1
36 22 16 34 27 44 46 1 1 1
35 23 15 33 28 45 47 2 2 2
36 24 16 32 27 46 48 1 1 1
35 25 15 31 28 47 49 1 1 1
36 26 16 32 29 48 50 1 1 1
35 25 17 31 30 49 51 1 1 1
36 26 18 30 31 50 52 1 1 1
37 25 17 31 32 51 51 1 1 1
38 26 18 32 33 52 52 1 1 1
39 25 19 31 34 53 53 1 1 1
38 26 20 30 35 54 54 1 1 1
37 27 21 31 36 53 55 1 1 1
38 26 22 32 37 54 56 1 1 1
39 25 23 31 38 55 57 1 1 1
38 26 24 32 39 54 58 1 1 1
39 27 23 33 40 55 57 1 1 1
40 28 24 34 41 54 58 1 1 1
41 27 25 33 42 53 59 2 2 2
42 28 26 32 41 54 60 1 1 1
43 29 27 33 40 55 61 1 1 1
42 30 28 34 41 56 60 1 1 1
43 31 27 33 40 57 61 1 1 1
44 32 28 34 39 58 60 1 1 1
45 33 29 35 40 59 61 1 1 1
46 32 30 36 41 58 62 1 1 1
47 33 31 35 40 59 61 1 1 1
48 34 32 34 41 58 60 1 1 1
49 35 33 35 40 59 59 1 1 1
