1 1 1 1 1 1 1 1 1 1
2 1 1 2 1 2 2 2 2 2
1 1 1 3 2 1 1 3 3 3
2 1 2 4 1 1 1 4 4 4
3 1 3 5 2 2 2 3 3 3
2 2 2 4 3 3 1 4 4 4
1 3 3 3 4 2 1 5 5 5
2 4 2 2 3 1 2 6 6 6
3 3 3 1 4 1 1 7 7 7
4 2 2 1 5 1 1 8 8 8
5 3 3 2 4 1 1 9 9 9
6 4 4 3 5 2 2 8 8 8
5 5 3 2 4 1 3 9 9 9
4 6 2 1 3 2 2 10 10 10
5 7 1 1 4 1 3 11 11 11
6 6 2 2 3 1 4 12 12 12
5 7 1 1 2 2 3 13 13 13
4 6 2 2 1 1 4 14 14 14
5 5 1 1 1 2 3 15 15 15
4 6 2 1 1 1 2 16 16 16
3 5 3 1 1 2 3 17 17 17
4 4 4 1 1 1 4 18 18 18
3 3 3 1 1 2 5 19 19 19
2 2 2 1 1 1 6 20 20 20
3 1 3 1 2 1 5 21 21 21
4 2 2 1 3 1 6 22 22 22
3 3 3 1 4 2 7 23 23 23
4 2 4 2 3 1 6 24 24 24
3 1 3 3 4 1 5 25 25 25
2 1 2 4 5 1 4 26 26 26
3 2 3 5 6 2 3 27 27 27
2 1 2 4 7 3 4 28 28 28
1 1 1 3 6 2 3 29 29 29
2 1 2 4 5 1 2 30 30 30
1 2 1 3 6 2 1 31 31 31
2 1 1 4 7 1 1 32 32 32
3 1 1 3 8 1 2 33 33 33
2 2 1 2 7 2 1 34 34 34
3 1 1 1 8 3 1 35 35 35
4 1 1 1 7 2 1 36 36 36
3 1 2 1 8 1 1 37 37 37
2 1 1 2 9 2 1 38 38 38
3 2 2 1 10 1 2 39 39 39
2 1 1 1 9 2 1 40 40 40
3 1 2 2 10 1 1 41 41 41
4 2 3 1 11 1 2 42 42 42
5 3 2 2 12 2 1 43 43 43
4 2 3 3 11 1 1 44 44 44
5 1 2 2 10 1 1 45 45 45
6 1 3 1 9 2 1 46 46 46
7 1 4 1 8 3 1 47 47 47
6 1 5 1 7 2 2 48 48 48
7 1 4 1 8 3 1 49 49 49
6 1 5 2 9 2 1 50 50 50
7 1 4 3 8 3 1 51 51 51
6 1 3 2 7 2 1 52 52 52
7 1 2 1 8 1 1 53 53 53
6 2 3 1 7 2 2 54 54 54
7 3 4 1 8 3 3 55 55 55
6 2 3 1 7 2 2 56 56 56
5 1 2 1 8 1 1 57 57 57
6 1 1 1 7 1 2 58 58 58
5 1 1 1 6 1 1 59 59 59
4 1 1 1 5 1 1 60 60 60
5 1 2 1 4 2 1 61 61 61
4 1 3 1 5 3 1 62 62 62
5 1 2 1 4 2 1 63 63 63
4 2 1 1 3 1 2 64 64 64
5 1 1 1 4 1 1 65 65 65
6 2 2 2 5 1 2 66 66 66
5 3 1 1 4 1 3 67 67 67
4 2 1 1 3 1 4 68 68 68
3 3 1 1 2 1 3 69 69 69
4 2 1 2 1 2 2 70 70 70
5 3 2 3 1 3 1 71 71 71
6 2 1 2 1 2 1 72 72 72
5 1 2 1 1 3 1 73 73 73
4 2 1 1 2 4 2 74 74 74
3 1 1 1 1 3 1 75 75 75
2 1 2 2 2 4 2 76 76 76
1 1 3 3 1 5 3 77 77 77
1 2 4 4 1 4 2 78 78 78
1 3 3 5 2 3 1 79 79 79
2 2 2 4 3 2 2 80 80 80
1 3 1 3 2 1 1 81 81 81
1 2 1 4 1 1 1 82 82 82
1 1 2 3 2 1 1 83 83 83
1 1 1 4 1 1 1 84 84 84
1 1 2 3 1 1 2 85 85 85
2 1 1 4 2 1 1 86 86 86
3 1 1 5 1 1 2 87 87 87
2 2 1 4 2 1 1 88 88 88
1 3 2 3 1 2 2 89 89 89
1 2 1 4 1 1 1 90 90 90
1 1 1 5 2 1 1 91 91 91
1 1 2 4 1 1 1 92 92 92
1 2 1 3 2 2 2 93 93 93
2 1 1 2 3 3 3 94 94 94
1 1 1 1 2 2 2 95 95 95
1 2 1 1 3 1 1 96 96 96
