1 1 1 2 1 2 2 2 2 2
2 1 1 1 2 3 1 3 3 3
1 1 1 1 1 4 1 4 4 4
2 2 2 2 2 5 2 3 3 3
1 3 3 1 1 4 1 4 4 4
2 2 2 1 1 5 2 5 5 5
1 3 3 2 2 6 3 4 4 4
1 4 2 1 1 7 4 5 5 5
1 5 1 1 1 8 3 6 6 6
1 4 1 2 1 9 4 7 7 7
2 5 1 1 1 10 5 8 8 8
1 4 2 2 1 9 6 9 9 9
1 3 3 3 1 8 7 10 10 10
2 4 4 4 2 9 8 9 9 9
3 5 5 5 3 10 9 8 8 8
4 4 4 4 2 11 8 9 9 9
5 3 5 5 3 12 9 8 8 8
6 2 6 4 2 11 10 9 9 9
7 1 5 5 1 10 9 10 10 10
6 1 6 6 1 11 10 11 11 11
5 1 5 5 2 12 9 12 12 12
6 1 6 6 1 13 10 11 11 11
5 1 5 5 1 12 11 12 12 12
4 1 4 4 1 13 12 13 13 13
5 1 5 3 2 12 11 14 14 14
4 1 4 2 1 11 12 15 15 15
3 1 3 3 1 10 13 16 16 16
4 1 2 4 1 9 12 17 17 17
3 1 1 5 2 8 13 18 18 18
2 2 1 4 3 7 12 19 19 19
3 1 1 3 2 6 11 20 20 20
4 2 1 2 1 7 10 21 21 21
3 1 1 1 1 8 9 22 22 22
2 1 1 1 1 9 10 23 23 23
3 1 1 2 1 8 9 24 24 24
4 2 2 1 1 7 10 25 25 25
3 1 1 1 1 6 11 26 26 26
2 2 1 1 1 5 10 27 27 27
1 1 1 1 1 6 9 28 28 28
2 1 2 1 2 5 10 29 29 29
1 1 1 2 3 6 11 30 30 30
2 1 2 1 4 5 12 31 31 31
3 1 1 1 3 6 11 32 32 32
2 2 1 1 2 5 12 33 33 33
3 1 1 2 3 4 13 34 34 34
2 1 1 1 4 3 12 35 35 35
3 2 2 1 3 2 13 36 36 36
2 3 3 1 4 1 14 37 37 37
1 4 2 1 3 2 15 38 38 38
1 5 1 1 2 1 14 39 39 39
1 4 1 1 3 1 13 40 40 40
1 3 1 2 2 1 12 41 41 41
2 2 1 1 3 1 13 42 42 42
1 1 1 2 2 2 12 43 43 43
2 2 2 1 3 1 13 44 44 44
1 1 1 1 4 2 14 45 45 45
1 1 1 1 5 3 15 46 46 46
2 1 1 1 4 4 14 47 47 47
1 2 2 1 3 5 13 48 48 48
1 1 3 1 2 6 12 49 49 49
2 1 4 1 3 5 11 50 50 50
3 1 5 2 2 4 10 51 51 51
2 1 6 1 1 3 11 52 52 52
3 1 5 1 1 2 10 53 53 53
4 1 4 1 1 1 9 54 54 54
3 1 3 1 1 1 8 55 55 55
4 2 4 1 2 2 7 56 56 56
3 1 3 2 1 1 6 57 57 57
2 1 4 3 2 1 5 58 58 58
1 1 3 2 1 2 4 59 59 59
2 1 4 1 1 1 3 60 60 60
3 2 3 1 1 1 2 61 61 61
2 1 2 1 2 2 3 62 62 62
1 1 1 2 1 3 2 63 63 63
2 2 1 3 1 2 1 64 64 64
1 1 1 4 2 1 1 65 65 65
2 2 1 3 3 1 1 66 66 66
3 1 1 4 2 1 1 67 67 67
2 2 2 5 3 1 1 68 68 68
3 3 1 4 4 1 1 69 69 69
2 4 1 3 3 1 1 70 70 70
3 3 1 2 2 1 1 71 71 71
2 2 1 1 1 1 2 72 72 72
1 1 1 1 2 1 1 73 73 73
1 1 2 1 3 2 1 74 74 74
1 1 1 1 2 3 1 75 75 75
1 1 1 1 1 2 2 76 76 76
2 1 2 2 1 1 1 77 77 77
3 1 1 1 2 1 1 78 78 78
2 2 1 1 1 2 1 79 79 79
3 1 2 1 2 3 2 80 80 80
2 2 1 1 1 4 3 81 81 81
1 1 2 1 2 3 2 82 82 82
2 1 1 1 1 2 1 83 83 83
1 2 2 1 1 1 1 84 84 84
2 1 3 1 1 1 1 85 85 85
1 1 2 1 1 1 1 86 86 86
1 1 1 2 1 2 1 87 87 87
1 1 1 1 1 1 1 88 88 88
1 1 1 1 2 2 1 89 89 89
