1 1 1 1 1 1 1 1 1 1
2 2 2 1 2 2 2 1 1 1
3 3 1 1 3 1 1 2 2 2
4 2 1 1 4 1 2 3 3 3
5 1 1 2 3 1 1 4 4 4
6 1 2 1 2 1 2 5 5 5
5 1 3 2 1 1 3 6 6 6
4 2 4 1 1 1 2 7 7 7
3 1 5 2 1 2 3 8 8 8
2 2 4 1 1 3 2 9 9 9
1 1 3 1 1 4 1 10 10 10
1 1 2 2 1 3 2 11 11 11
1 2 1 1 2 4 1 12 12 12
2 1 2 1 1 3 2 13 13 13
1 1 1 1 2 2 1 14 14 14
1 1 2 1 1 3 2 15 15 15
1 1 1 1 2 4 1 16 16 16
1 1 2 1 3 3 2 17 17 17
2 1 1 2 2 2 3 18 18 18
1 2 1 1 1 1 4 19 19 19
1 1 2 1 2 1 3 20 20 20
1 2 1 1 1 1 2 21 21 21
1 3 1 2 1 2 3 22 22 22
1 2 1 3 1 1 2 23 23 23
1 1 1 2 1 1 1 24 24 24
2 1 1 1 1 2 1 25 25 25
1 2 1 1 2 1 1 26 26 26
2 1 2 1 3 1 2 27 27 27
1 2 1 1 4 1 1 28 28 28
1 3 1 1 5 1 1 29 29 29
1 4 2 1 4 1 2 30 30 30
1 3 1 1 5 2 1 31 31 31
1 4 1 1 4 1 1 32 32 32
1 5 1 1 3 2 2 33 33 33
1 4 1 1 4 1 3 34 34 34
2 3 2 2 5 1 2 35 35 35
1 2 1 1 4 1 1 36 36 36
2 1 2 1 3 1 1 37 37 37
1 1 3 1 2 1 1 38 38 38
1 2 2 1 3 2 1 39 39 39
1 1 1 1 4 1 1 40 40 40
1 2 2 2 3 1 1 41 41 41
2 3 3 3 2 1 2 42 42 42
1 2 2 2 1 1 1 43 43 43
1 1 1 1 1 1 1 44 44 44
2 2 1 2 2 1 1 45 45 45
1 3 1 1 1 1 1 46 46 46
2 2 1 1 2 1 2 47 47 47
1 1 1 1 1 1 1 48 48 48
1 2 1 1 1 1 1 49 49 49
2 1 1 2 1 2 1 50 50 50
1 2 1 1 1 3 1 51 51 51
2 3 1 2 1 2 1 52 52 52
3 2 2 3 1 1 1 53 53 53
2 1 3 2 1 1 1 54 54 54
1 1 2 1 1 2 2 55 55 55
1 1 1 1 1 1 3 56 56 56
1 1 1 1 1 1 2 57 57 57
2 1 1 2 1 1 3 58 58 58
3 1 1 3 2 1 2 59 59 59
2 1 2 4 1 1 1 60 60 60
1 1 1 3 1 2 1 61 61 61
1 1 2 2 1 1 1 62 62 62
1 1 1 1 1 2 1 63 63 63
1 1 1 1 1 1 1 64 64 64
1 1 2 2 2 1 1 65 65 65
1 2 1 3 3 2 2 66 66 66
1 3 1 2 2 1 1 67 67 67
2 2 1 1 3 1 1 68 68 68
1 1 1 1 4 1 1 69 69 69
2 1 1 1 3 2 1 70 70 70
1 1 1 1 2 1 1 71 71 71
2 2 2 1 1 2 1 72 72 72
1 1 1 1 1 3 1 73 73 73
1 1 1 2 1 2 1 74 74 74
1 1 1 1 2 1 1 75 75 75
1 1 2 1 1 1 1 76 76 76
1 1 1 1 1 1 2 77 77 77
1 1 1 2 1 2 1 78 78 78
1 1 1 3 1 1 2 79 79 79
1 1 2 4 1 1 1 80 80 80
1 2 3 3 2 1 1 81 81 81
1 1 4 2 1 2 1 82 82 82
2 1 3 1 1 3 1 83 83 83
1 2 2 1 1 2 1 84 84 84
1 1 1 1 1 1 2 85 85 85
2 1 1 2 1 2 1 86 86 86
1 1 1 1 2 1 2 87 87 87
1 2 1 1 1 1 1 88 88 88
1 1 1 1 2 2 2 89 89 89
2 1 2 2 1 1 1 90 90 90
1 1 1 3 1 2 1 91 91 91
1 1 2 2 2 1 1 92 92 92
1 1 3 1 3 1 2 93 93 93
2 2 4 1 2 1 3 94 94 94
1 1 3 1 1 1 4 95 95 95
1 2 4 2 2 1 3 96 96 96
1 1 3 1 3 1 4 97 97 97
1 2 4 2 2 2 5 98 98 98
1 1 3 1 1 1 6 99 99 99
