1 1 2 2 1 2 2 2 2 2
2 2 3 3 2 3 3 1 1 1
1 3 2 4 3 4 4 1 1 1
2 4 3 5 2 5 5 1 1 1
3 5 4 4 3 6 6 1 1 1
4 6 3 5 2 7 7 1 1 1
5 7 4 6 1 8 8 1 1 1
4 8 3 7 2 9 9 1 1 1
5 7 2 6 1 10 10 2 2 2
6 8 3 7 2 9 11 1 1 1
5 9 2 8 3 10 12 1 1 1
6 10 3 9 4 11 13 1 1 1
7 9 4 10 3 12 14 1 1 1
8 10 5 11 4 13 13 1 1 1
9 11 6 12 3 14 14 1 1 1
10 12 7 11 4 13 15 1 1 1
11 13 8 12 3 14 16 1 1 1
12 14 7 13 2 15 17 1 1 1
13 15 6 14 3 16 16 1 1 1
14 16 7 15 4 15 17 1 1 1
15 17 8 16 3 14 18 1 1 1
16 18 9 17 2 13 19 1 1 1
17 19 10 18 3 12 20 1 1 1
18 20 11 19 4 13 21 1 1 1
19 21 10 18 3 14 22 1 1 1
20 22 11 19 2 15 23 1 1 1
19 23 12 20 3 16 22 1 1 1
20 24 13 21 4 17 23 1 1 1
19 25 14 22 3 16 22 2 2 2
18 24 15 23 4 17 23 1 1 1
19 25 16 22 5 16 24 1 1 1
18 26 17 23 6 17 25 1 1 1
19 27 18 24 7 18 26 1 1 1
20 26 19 25 6 17 27 1 1 1
21 27 18 26 7 18 28 1 1 1
22 26 19 25 8 19 29 1 1 1
23 27 18 26 9 20 30 1 1 1
24 28 19 27 10 21 29 1 1 1
25 29 18 26 11 22 30 1 1 1
26 30 19 27 12 23 29 1 1 1
27 31 20 28 13 22 30 1 1 1
28 32 19 27 14 21 31 2 2 2
29 31 20 26 15 22 32 1 1 1
28 30 19 27 16 23 33 1 1 1
29 31 18 28 17 24 32 1 1 1
30 32 17 29 18 25 31 1 1 1
29 33 18 30 19 26 32 1 1 1
30 34 17 31 18 27 33 1 1 1
31 35 16 32 17 28 34 1 1 1
32 34 17 33 18 29 33 1 1 1
33 33 16 34 17 28 34 2 2 2
32 34 15 35 18 29 35 1 1 1
33 35 16 36 19 28 36 1 1 1
34 36 17 37 18 29 35 1 1 1
35 37 16 36 19 30 36 1 1 1
36 36 17 37 20 31 37 1 1 1
35 37 16 36 21 32 38 1 1 1
36 38 17 35 20 33 39 1 1 1
37 39 18 36 19 34 38 1 1 1
38 40 19 35 18 35 37 2 2 2
