1 1 1 1 1 1 1 1 1 1
2 2 2 2 2 2 1 1 1 1
3 3 3 3 3 3 1 1 1 1
4 2 4 4 4 4 1 1 1 1
3 3 5 5 5 5 1 1 1 1
4 4 6 6 6 6 1 1 1 1
5 5 7 7 7 7 1 1 1 1
6 6 8 8 8 8 1 1 1 1
7 5 9 9 9 9 1 1 1 1
8 6 10 8 10 10 1 1 1 1
9 7 11 9 9 11 1 1 1 1
10 8 12 10 8 10 1 1 1 1
11 7 11 11 9 11 1 1 1 1
12 8 12 12 10 10 1 1 1 1
11 9 13 13 11 11 1 1 1 1
10 10 14 12 12 10 2 2 2 2
11 11 15 13 13 11 1 1 1 1
12 12 16 14 12 12 1 1 1 1
13 13 17 15 13 13 1 1 1 1
14 14 18 16 14 14 1 1 1 1
15 15 19 15 13 13 2 2 2 2
16 16 20 16 14 14 1 1 1 1
17 17 21 17 15 15 1 1 1 1
18 18 22 18 16 16 1 1 1 1
19 17 23 17 17 17 1 1 1 1
20 18 24 18 18 18 1 1 1 1
21 17 25 19 19 19 1 1 1 1
22 18 26 20 20 20 1 1 1 1
23 19 27 21 21 19 1 1 1 1
24 20 28 22 20 20 1 1 1 1
25 21 29 23 21 21 1 1 1 1
26 20 30 24 22 22 1 1 1 1
27 19 29 25 23 23 1 1 1 1
28 18 30 26 24 24 1 1 1 1
29 17 31 27 23 25 2 2 2 2
30 16 32 28 24 26 1 1 1 1
31 17 33 29 25 27 1 1 1 1
32 18 32 30 26 28 1 1 1 1
33 19 33 31 27 29 1 1 1 1
34 20 34 32 28 30 1 1 1 1
35 21 35 33 27 31 1 1 1 1
36 22 36 34 28 32 1 1 1 1
35 23 37 33 29 33 1 1 1 1
36 22 38 34 30 34 1 1 1 1
37 23 39 33 29 35 1 1 1 1
38 24 40 34 30 36 1 1 1 1
39 25 39 35 29 37 1 1 1 1
40 26 40 34 30 38 1 1 1 1
41 27 41 35 31 39 1 1 1 1
42 26 42 36 32 38 1 1 1 1
41 27 43 37 33 39 1 1 1 1
42 28 44 38 34 40 1 1 1 1
43 27 45 39 35 41 1 1 1 1
42 28 46 38 34 42 2 2 2 2
43 29 47 39 35 43 1 1 1 1
44 28 48 40 36 44 1 1 1 1
45 29 47 41 37 45 1 1 1 1
46 30 48 42 36 46 1 1 1 1
45 31 49 43 37 47 1 1 1 1
46 32 50 44 38 46 1 1 1 1
47 33 51 45 39 47 1 1 1 1
48 34 52 46 40 48 1 1 1 1
49 35 53 47 41 49 1 1 1 1
50 36 54 48 42 50 1 1 1 1
49 37 53 49 43 51 1 1 1 1
50 38 54 50 44 52 1 1 1 1
51 37 53 49 45 53 2 2 2 2
52 38 54 50 46 54 1 1 1 1
53 39 55 51 47 55 1 1 1 1
54 40 56 52 48 56 1 1 1 1
53 39 57 53 49 57 1 1 1 1
52 40 58 54 50 56 1 1 1 1
51 41 59 53 51 55 2 2 2 2
52 42 60 54 50 56 1 1 1 1
51 43 61 55 51 55 1 1 1 1
52 42 62 56 52 56 1 1 1 1
53 43 63 57 53 57 1 1 1 1
54 44 64 58 54 58 1 1 1 1
55 45 65 59 53 59 1 1 1 1
56 46 66 58 52 60 1 1 1 1
55 47 65 59 53 59 2 2 2 2
56 48 66 60 54 60 1 1 1 1
55 49 65 61 53 61 2 2 2 2
54 50 66 60 54 62 1 1 1 1
55 51 67 61 55 63 1 1 1 1
54 52 68 62 56 64 1 1 1 1
55 53 69 63 55 65 1 1 1 1
56 54 70 64 56 66 1 1 1 1
57 55 71 65 57 67 1 1 1 1
58 56 72 66 58 68 1 1 1 1
59 57 73 67 59 67 1 1 1 1
60 58 72 66 60 68 1 1 1 1
61 59 73 67 61 69 1 1 1 1
60 60 72 68 62 70 1 1 1 1
59 61 73 69 63 71 1 1 1 1
60 62 74 70 64 72 1 1 1 1
61 63 75 69 65 73 1 1 1 1
62 64 76 70 66 74 1 1 1 1
63 65 77 71 67 75 1 1 1 1
64 64 78 72 68 76 1 1 1 1
