1 1 1 2 2 1 2 2 2 2
1 1 1 1 3 1 3 3 3 3
1 2 1 1 4 2 4 4 4 4
1 3 1 1 5 1 5 5 5 5
2 2 2 2 4 1 6 6 6 6
3 1 1 1 3 1 7 7 7 7
4 1 2 1 4 1 8 8 8 8
3 1 3 1 3 2 9 9 9 9
2 2 4 1 2 1 10 10 10 10
1 1 3 2 1 2 11 11 11 11
1 2 2 1 2 1 12 12 12 12
1 1 1 2 3 2 13 13 13 13
2 2 2 1 2 1 14 14 14 14
1 1 1 1 3 2 15 15 15 15
2 1 2 2 2 3 16 16 16 16
1 2 3 1 3 2 17 17 17 17
1 1 2 1 2 1 18 18 18 18
1 2 1 1 3 2 19 19 19 19
1 1 2 1 4 3 20 20 20 20
2 2 1 1 3 2 21 21 21 21
3 3 2 1 4 1 22 22 22 22
4 2 3 2 3 1 23 23 23 23
5 1 2 1 2 2 24 24 24 24
4 1 3 1 1 1 25 25 25 25
3 2 4 2 1 1 26 26 26 26
4 3 3 1 1 1 27 27 27 27
3 4 2 1 1 1 28 28 28 28
2 3 1 1 1 1 29 29 29 29
1 2 2 1 2 2 30 30 30 30
2 1 1 1 3 1 31 31 31 31
1 1 1 1 2 1 32 32 32 32
1 2 2 1 1 1 33 33 33 33
1 3 3 1 1 2 34 34 34 34
1 4 2 1 1 1 35 35 35 35
2 3 3 2 1 2 36 36 36 36
1 4 4 1 1 1 37 37 37 37
1 3 3 1 1 2 38 38 38 38
1 2 4 1 1 1 39 39 39 39
1 3 3 1 2 1 40 40 40 40
1 2 2 1 3 2 41 41 41 41
2 1 1 1 4 1 42 42 42 42
3 2 1 1 3 1 43 43 43 43
4 1 1 2 2 2 44 44 44 44
3 2 2 3 3 3 45 45 45 45
4 1 1 4 4 2 46 46 46 46
3 2 1 3 3 1 47 47 47 47
2 1 2 2 4 1 48 48 48 48
1 1 3 3 3 1 49 49 49 49
2 1 4 2 2 1 50 50 50 50
1 2 5 1 1 2 51 51 51 51
2 1 4 1 1 1 52 52 52 52
1 1 3 1 2 1 53 53 53 53
1 2 2 2 1 1 54 54 54 54
1 3 3 1 1 2 55 55 55 55
1 2 2 1 1 1 56 56 56 56
1 3 3 1 1 2 57 57 57 57
1 2 4 1 1 1 58 58 58 58
1 1 3 1 2 1 59 59 59 59
2 1 2 1 1 2 60 60 60 60
1 1 1 1 1 3 61 61 61 61
2 2 1 1 2 4 62 62 62 62
1 1 1 1 1 3 63 63 63 63
1 2 1 1 1 2 64 64 64 64
2 1 1 1 1 1 65 65 65 65
3 1 2 1 1 1 66 66 66 66
2 1 1 1 2 1 67 67 67 67
3 1 1 1 3 2 68 68 68 68
2 1 1 2 2 1 69 69 69 69
1 1 2 1 3 1 70 70 70 70
2 1 1 1 4 1 71 71 71 71
3 2 1 2 3 2 72 72 72 72
4 3 1 1 2 3 73 73 73 73
3 4 2 2 3 2 74 74 74 74
2 3 1 3 4 1 75 75 75 75
3 2 1 4 5 2 76 76 76 76
2 3 1 5 4 1 77 77 77 77
1 2 1 4 3 1 78 78 78 78
1 1 1 5 2 2 79 79 79 79
1 2 1 6 3 1 80 80 80 80
1 1 1 7 4 2 81 81 81 81
1 2 2 8 5 3 82 82 82 82
1 1 1 9 4 2 83 83 83 83
2 2 1 10 3 3 84 84 84 84
3 1 2 11 2 2 85 85 85 85
2 1 3 12 1 1 86 86 86 86
3 2 2 11 1 1 87 87 87 87
2 1 1 10 2 1 88 88 88 88
1 1 1 9 1 1 89 89 89 89
1 1 1 8 2 2 90 90 90 90
1 1 2 7 1 1 91 91 91 91
1 2 1 6 1 2 92 92 92 92
1 1 2 7 2 1 93 93 93 93
1 2 1 6 1 1 94 94 94 94
2 1 2 5 2 1 95 95 95 95
3 1 3 4 1 1 96 96 96 96
2 1 2 5 1 1 97 97 97 97
1 1 3 6 2 1 98 98 98 98
1 1 2 5 1 1 99 99 99 99
1 1 1 4 2 1 100 100 100 100
2 2 1 3 1 1 100 100 100 100
