1 1 1 1 1 1 1 1 1 1
1 1 1 1 1 1 1 1 1 1
2 2 2 2 2 2 1 1 1 1
1 3 1 1 1 3 2 2 2 2
2 4 2 2 2 4 1 1 1 1
3 5 3 3 3 5 1 1 1 1
4 6 4 4 4 6 1 1 1 1
5 5 5 5 5 7 1 1 1 1
6 6 6 6 6 8 1 1 1 1
5 7 7 5 7 9 1 1 1 1
6 8 8 6 6 10 1 1 1 1
5 9 9 7 7 11 1 1 1 1
4 8 10 8 8 12 1 1 1 1
5 9 11 9 9 13 1 1 1 1
6 10 12 10 10 14 1 1 1 1
7 11 13 9 11 15 1 1 1 1
6 12 14 10 12 16 1 1 1 1
7 13 15 11 13 17 1 1 1 1
8 14 16 12 14 18 1 1 1 1
9 15 17 13 15 19 1 1 1 1
8 16 18 14 16 18 1 1 1 1
7 17 19 13 17 19 1 1 1 1
8 18 20 12 18 20 1 1 1 1
9 19 21 13 17 21 1 1 1 1
10 18 22 14 18 22 1 1 1 1
11 19 21 15 19 23 1 1 1 1
12 20 22 16 20 24 1 1 1 1
13 21 23 17 19 25 1 1 1 1
14 22 22 18 18 26 1 1 1 1
15 21 21 19 19 25 2 2 2 2
16 22 22 20 20 24 1 1 1 1
17 23 23 21 19 25 1 1 1 1
18 22 22 22 20 26 1 1 1 1
19 23 23 23 19 25 1 1 1 1
18 22 24 24 20 26 1 1 1 1
19 23 25 25 21 27 1 1 1 1
20 24 26 24 22 28 1 1 1 1
21 23 27 25 23 29 1 1 1 1
22 24 26 26 24 28 1 1 1 1
23 23 27 27 25 29 1 1 1 1
24 24 28 28 24 30 1 1 1 1
23 25 29 29 25 31 1 1 1 1
24 26 28 30 26 32 1 1 1 1
25 27 27 31 25 33 1 1 1 1
24 28 28 32 24 34 1 1 1 1
23 29 29 31 23 35 2 2 2 2
24 30 30 32 24 36 1 1 1 1
25 29 31 33 23 37 1 1 1 1
26 30 30 34 24 38 1 1 1 1
27 31 31 35 25 39 1 1 1 1
28 30 32 36 26 40 1 1 1 1
29 31 33 37 27 41 1 1 1 1
30 32 34 38 28 42 1 1 1 1
31 33 35 39 29 43 1 1 1 1
32 34 36 40 30 44 1 1 1 1
33 35 37 41 31 45 1 1 1 1
32 36 38 42 32 44 2 2 2 2
33 37 39 43 33 45 1 1 1 1
34 38 38 44 32 44 2 2 2 2
35 39 39 45 33 43 1 1 1 1
36 40 40 46 34 44 1 1 1 1
37 39 39 47 35 45 1 1 1 1
38 40 40 48 34 44 1 1 1 1
39 41 39 49 33 45 1 1 1 1
40 42 40 50 32 46 1 1 1 1
41 43 41 51 33 47 1 1 1 1
42 44 42 50 32 48 1 1 1 1
43 43 43 51 33 49 1 1 1 1
44 44 44 52 34 48 1 1 1 1
45 43 45 53 35 49 2 2 2 2
46 44 46 52 36 50 1 1 1 1
45 45 47 53 37 51 1 1 1 1
46 46 48 54 38 52 1 1 1 1
47 47 49 55 39 53 1 1 1 1
46 46 50 56 40 54 2 2 2 2
47 47 51 57 39 55 1 1 1 1
48 48 50 58 38 56 1 1 1 1
49 49 51 57 39 57 1 1 1 1
50 50 52 58 40 58 1 1 1 1
51 51 53 57 41 59 1 1 1 1
52 52 52 58 42 60 1 1 1 1
51 51 53 59 43 61 1 1 1 1
52 52 52 60 44 62 1 1 1 1
53 53 53 59 45 61 1 1 1 1
54 52 54 60 46 62 1 1 1 1
55 53 55 61 45 61 1 1 1 1
56 54 56 62 46 62 1 1 1 1
57 55 57 63 47 63 1 1 1 1
56 56 58 64 46 62 2 2 2 2
57 57 59 65 47 63 1 1 1 1
58 56 60 64 48 64 1 1 1 1
59 57 61 65 49 63 1 1 1 1
60 56 62 66 50 64 1 1 1 1
61 57 63 67 51 65 1 1 1 1
60 58 64 68 52 66 1 1 1 1
61 59 65 67 53 67 1 1 1 1
62 60 66 68 52 68 1 1 1 1
61 61 67 67 53 69 1 1 1 1
62 62 68 68 54 70 1 1 1 1
63 63 69 69 55 71 1 1 1 1
