1 2 2 2 2 2 2 1 1 1
1 3 3 3 3 3 3 1 1 1
2 4 4 4 4 2 4 1 1 1
3 3 5 5 5 3 3 1 1 1
4 4 6 6 6 2 2 1 1 1
3 3 7 7 5 1 3 2 2 2
4 2 8 6 4 2 4 3 3 3
3 3 7 5 5 1 5 4 4 4
2 4 6 4 4 1 6 5 5 5
1 5 7 5 5 2 7 4 4 4
2 6 8 6 6 3 8 3 3 3
3 5 9 7 7 2 9 2 2 2
4 6 10 8 8 3 10 1 1 1
3 7 9 7 9 2 11 2 2 2
2 6 10 8 10 1 12 1 1 1
1 7 11 9 11 2 13 1 1 1
1 6 10 10 10 3 14 2 2 2
2 5 11 11 11 4 15 1 1 1
1 4 10 12 12 3 16 2 2 2
1 3 9 13 11 4 17 3 3 3
2 2 10 14 12 5 18 2 2 2
3 1 11 13 13 6 19 1 1 1
2 1 12 14 14 7 18 2 2 2
3 1 13 15 15 8 19 1 1 1
2 2 12 14 16 9 20 2 2 2
1 3 13 15 17 10 21 1 1 1
2 2 14 16 18 11 20 1 1 1
3 3 15 17 17 12 21 1 1 1
2 4 16 16 18 13 20 2 2 2
1 3 17 17 17 14 21 1 1 1
2 4 18 18 18 15 22 1 1 1
3 3 17 19 19 14 23 1 1 1
4 4 18 18 20 13 24 2 2 2
5 5 19 19 21 14 25 1 1 1
6 6 20 18 22 15 24 1 1 1
7 7 21 19 23 16 23 1 1 1
8 8 22 20 24 17 24 1 1 1
7 9 21 21 23 18 25 1 1 1
6 8 20 22 24 19 26 1 1 1
7 7 21 21 25 20 27 1 1 1
8 8 22 22 26 19 28 1 1 1
9 9 23 23 25 20 29 1 1 1
10 10 24 24 24 21 30 1 1 1
9 11 23 25 25 22 29 1 1 1
8 10 24 26 26 23 28 2 2 2
9 11 25 25 25 24 29 1 1 1
10 12 26 26 26 25 30 1 1 1
9 11 27 27 27 26 31 1 1 1
10 12 28 28 28 25 32 1 1 1
9 13 29 27 27 26 33 1 1 1
10 14 30 28 26 25 34 1 1 1
9 15 31 27 27 24 35 1 1 1
8 14 30 26 28 25 36 2 2 2
9 13 29 27 29 24 37 1 1 1
10 14 30 28 30 23 36 1 1 1
11 13 31 29 31 24 37 1 1 1
10 14 32 30 32 23 38 1 1 1
9 15 33 31 33 24 39 1 1 1
10 16 34 32 34 25 38 1 1 1
9 17 35 31 35 24 39 2 2 2
