1 1 1 2 2 1 2 2 2 2
2 1 2 3 1 1 3 3 3 3
1 1 1 4 2 2 4 4 4 4
1 1 1 3 1 3 5 5 5 5
1 2 1 2 1 4 6 6 6 6
2 3 2 1 1 5 7 7 7 7
1 4 3 1 1 4 8 8 8 8
2 3 4 2 1 5 9 9 9 9
3 4 3 3 1 6 10 10 10 10
4 3 2 4 1 7 11 11 11 11
5 4 3 3 1 6 12 12 12 12
4 3 4 4 1 5 13 13 13 13
5 4 3 5 1 4 14 14 14 14
4 3 2 4 1 3 15 15 15 15
3 2 3 3 1 2 16 16 16 16
4 1 2 4 1 1 17 17 17 17
5 1 1 5 1 1 18 18 18 18
4 1 1 4 1 2 19 19 19 19
3 2 1 3 1 1 20 20 20 20
2 1 2 2 1 2 21 21 21 21
3 1 3 1 1 3 22 22 22 22
2 2 2 1 1 2 23 23 23 23
3 1 1 1 1 1 24 24 24 24
2 1 2 2 1 1 25 25 25 25
1 2 1 1 1 2 26 26 26 26
2 1 1 1 1 1 27 27 27 27
1 1 2 1 1 2 28 28 28 28
2 1 1 1 1 3 29 29 29 29
1 2 2 2 1 4 30 30 30 30
1 1 3 1 2 5 31 31 31 31
1 2 2 2 1 4 32 32 32 32
1 1 3 1 1 3 33 33 33 33
2 1 4 2 1 2 34 34 34 34
1 2 5 3 2 1 35 35 35 35
2 1 6 2 3 1 36 36 36 36
1 2 5 1 2 1 37 37 37 37
1 3 4 1 3 2 38 38 38 38
2 2 3 1 2 1 39 39 39 39
1 1 2 1 1 2 40 40 40 40
2 1 1 1 2 1 41 41 41 41
1 2 1 2 3 2 42 42 42 42
1 1 2 1 2 1 43 43 43 43
1 2 1 1 1 1 44 44 44 44
1 1 2 1 1 2 45 45 45 45
2 1 1 1 1 3 46 46 46 46
1 1 1 1 2 2 47 47 47 47
1 2 2 1 1 3 48 48 48 48
2 1 3 1 1 2 49 49 49 49
1 1 4 2 1 1 50 50 50 50
1 2 3 1 1 1 51 51 51 51
2 3 4 1 1 1 52 52 52 52
1 4 5 1 1 1 53 53 53 53
1 3 4 1 1 1 54 54 54 54
2 2 5 1 2 1 55 55 55 55
1 3 4 1 3 1 56 56 56 56
1 2 3 1 2 1 57 57 57 57
2 3 2 2 1 2 58 58 58 58
1 2 1 3 2 3 59 59 59 59
1 3 1 2 3 2 60 60 60 60
2 2 2 3 2 3 61 61 61 61
