2 1 2 2 2 1 2 2 2 2
1 1 1 3 1 2 3 3 3 3
2 2 2 4 2 3 2 2 2 2
1 1 1 5 1 2 3 3 3 3
1 2 1 6 1 3 4 4 4 4
1 3 2 5 1 2 5 5 5 5
1 2 3 4 1 3 6 6 6 6
2 3 2 5 1 4 7 7 7 7
3 2 1 6 1 3 8 8 8 8
4 3 1 7 1 2 9 9 9 9
5 2 2 6 2 1 10 10 10 10
6 3 1 5 3 1 11 11 11 11
7 2 1 4 2 2 12 12 12 12
6 3 1 3 3 3 13 13 13 13
5 4 1 2 2 4 14 14 14 14
6 3 2 3 1 3 15 15 15 15
5 2 3 4 1 2 16 16 16 16
4 1 2 3 1 1 17 17 17 17
3 2 1 2 1 1 18 18 18 18
4 3 1 3 1 1 19 19 19 19
3 2 1 4 1 2 20 20 20 20
2 1 2 3 1 1 21 21 21 21
3 1 1 2 1 1 22 22 22 22
2 1 2 1 1 2 23 23 23 23
3 2 1 2 1 1 24 24 24 24
2 1 1 1 2 2 25 25 25 25
3 1 1 2 3 3 26 26 26 26
4 2 2 1 4 2 27 27 27 27
3 3 3 1 3 1 28 28 28 28
2 2 4 1 4 2 29 29 29 29
1 3 5 2 3 1 30 30 30 30
2 2 6 3 4 2 31 31 31 31
1 1 7 4 3 3 32 32 32 32
1 2 6 3 2 2 33 33 33 33
1 1 7 2 1 1 34 34 34 34
1 1 8 3 1 1 35 35 35 35
1 2 7 2 1 2 36 36 36 36
1 3 6 1 1 1 37 37 37 37
1 2 7 1 2 1 38 38 38 38
1 3 6 1 3 1 39 39 39 39
1 2 7 2 2 1 40 40 40 40
2 3 6 1 1 1 41 41 41 41
3 2 7 2 1 2 42 42 42 42
4 1 6 3 1 3 43 43 43 43
5 2 7 2 1 2 44 44 44 44
6 1 8 3 1 1 45 45 45 45
5 2 9 4 1 1 46 46 46 46
4 1 8 3 2 2 47 47 47 47
5 1 9 2 3 3 48 48 48 48
6 1 8 1 2 4 49 49 49 49
5 1 7 1 1 3 50 50 50 50
6 2 8 1 2 4 51 51 51 51
7 3 9 2 3 5 52 52 52 52
8 2 8 1 4 4 53 53 53 53
7 1 9 1 3 5 54 54 54 54
6 1 10 1 2 4 55 55 55 55
7 1 9 1 1 3 56 56 56 56
8 1 10 1 1 2 57 57 57 57
7 2 9 1 1 1 58 58 58 58
8 1 8 1 2 1 59 59 59 59
