2 2 2 2 2 1 2 1 1 1
3 1 3 3 3 2 3 1 1 1
4 2 4 2 2 3 4 1 1 1
3 1 5 3 1 2 5 2 2 2
4 1 4 2 1 1 6 3 3 3
3 1 3 1 2 2 7 4 4 4
2 1 2 1 3 3 6 5 5 5
3 1 1 1 4 2 5 6 6 6
4 1 1 1 3 1 4 7 7 7
3 2 1 1 4 1 3 8 8 8
2 1 1 2 3 2 2 9 9 9
1 1 1 1 2 1 3 10 10 10
1 2 2 1 1 2 2 11 11 11
1 1 1 1 1 3 1 12 12 12
2 1 2 1 2 2 1 13 13 13
1 1 1 1 1 1 1 14 14 14
2 2 1 1 1 1 1 15 15 15
1 1 2 2 1 1 1 16 16 16
2 2 3 1 1 2 1 17 17 17
3 1 4 2 1 3 2 18 18 18
2 1 5 1 1 2 1 19 19 19
1 1 4 2 1 1 1 20 20 20
1 1 5 1 1 1 1 21 21 21
1 1 6 1 1 2 1 22 22 22
1 1 5 2 2 3 1 23 23 23
2 2 4 3 1 4 1 24 24 24
3 1 3 2 1 3 2 25 25 25
4 1 2 1 1 2 1 26 26 26
5 2 3 1 2 3 2 27 27 27
4 3 2 2 1 2 3 28 28 28
5 2 1 1 1 1 4 29 29 29
4 3 1 1 1 2 5 30 30 30
3 2 1 1 1 3 6 31 31 31
2 3 1 1 1 4 7 32 32 32
1 2 2 2 1 3 8 33 33 33
2 1 3 1 1 2 7 34 34 34
1 2 4 2 1 1 8 35 35 35
1 1 3 3 1 1 7 36 36 36
1 1 4 4 2 1 6 37 37 37
1 1 3 3 1 1 7 38 38 38
1 2 2 2 1 2 6 39 39 39
1 3 1 3 1 1 5 40 40 40
1 4 1 4 2 1 4 41 41 41
1 3 1 5 3 1 3 42 42 42
1 2 1 4 4 1 2 43 43 43
2 3 1 3 3 1 3 44 44 44
1 2 1 2 2 2 2 45 45 45
1 3 1 1 1 3 1 46 46 46
2 4 2 1 1 2 1 47 47 47
1 3 1 1 1 3 1 48 48 48
2 2 2 1 2 4 1 49 49 49
1 3 1 1 1 5 1 50 50 50
1 2 2 1 2 4 2 51 51 51
2 3 1 2 1 3 1 52 52 52
1 4 1 3 1 2 1 53 53 53
2 3 1 2 1 3 2 54 54 54
1 4 2 1 1 4 1 55 55 55
1 3 1 1 1 5 1 56 56 56
1 2 1 1 2 4 2 57 57 57
2 3 1 1 1 5 3 58 58 58
1 2 2 1 1 4 2 59 59 59
1 3 1 1 1 3 1 60 60 60
2 2 1 1 1 4 2 61 61 61
1 1 2 1 1 3 3 62 62 62
2 1 1 1 1 4 4 63 63 63
3 1 1 1 1 5 3 64 64 64
2 2 1 1 1 6 2 65 65 65
3 1 1 2 1 7 1 66 66 66
2 1 1 1 1 6 1 67 67 67
3 1 1 2 1 5 1 68 68 68
4 1 1 3 1 6 2 69 69 69
3 1 1 4 1 5 1 70 70 70
2 2 2 5 1 4 1 71 71 71
1 1 1 4 1 3 1 72 72 72
1 1 2 3 1 2 1 73 73 73
2 2 1 2 1 3 2 74 74 74
1 1 1 1 2 2 1 75 75 75
1 1 2 1 1 1 1 76 76 76
1 1 1 1 1 1 1 77 77 77
1 1 1 2 1 1 2 78 78 78
1 1 2 1 1 1 1 79 79 79
1 1 1 1 1 1 1 80 80 80
1 2 1 2 1 2 1 81 81 81
1 1 1 3 1 3 1 82 82 82
1 2 1 2 1 4 1 83 83 83
1 1 1 1 1 3 2 84 84 84
1 1 1 2 1 4 1 85 85 85
2 1 2 3 1 3 1 86 86 86
3 2 1 2 1 2 1 87 87 87
2 3 1 3 1 1 1 88 88 88
3 4 2 2 1 2 1 89 89 89
2 3 3 1 1 1 2 90 90 90
1 4 2 2 2 1 1 91 91 91
2 5 1 3 1 1 2 92 92 92
3 4 1 2 1 1 3 93 93 93
2 5 1 1 1 1 4 94 94 94
1 4 1 1 1 2 3 95 95 95
2 3 2 1 2 1 2 96 96 96
1 4 1 1 1 2 1 97 97 97
1 3 1 2 1 1 2 98 98 98
