2 2 2 2 2 2 1 1 1 1
1 1 3 3 3 1 2 2 2 2
2 2 4 4 4 2 1 1 1 1
3 3 5 5 5 3 1 1 1 1
2 2 4 6 6 2 2 2 2 2
1 3 3 5 7 3 3 3 3 3
2 4 4 6 8 4 2 2 2 2
3 3 5 7 7 3 3 3 3 3
4 4 6 8 6 4 2 2 2 2
5 5 7 7 7 5 1 1 1 1
4 4 8 8 8 4 2 2 2 2
5 3 9 9 9 3 1 1 1 1
6 2 10 10 10 2 1 1 1 1
7 3 11 9 11 3 1 1 1 1
8 4 12 8 12 4 1 1 1 1
7 5 13 7 13 5 2 2 2 2
8 6 14 8 14 4 1 1 1 1
9 7 15 9 15 3 1 1 1 1
10 8 16 10 16 4 1 1 1 1
11 7 17 9 15 5 2 2 2 2
12 8 16 10 14 4 3 3 3 3
13 7 17 11 15 5 2 2 2 2
14 8 18 10 16 6 1 1 1 1
15 9 17 11 17 7 1 1 1 1
14 10 18 10 18 8 1 1 1 1
15 11 19 9 17 9 1 1 1 1
14 12 20 10 16 10 1 1 1 1
15 13 21 11 17 11 1 1 1 1
16 14 20 12 18 10 1 1 1 1
17 15 21 13 17 11 1 1 1 1
16 16 22 14 16 12 1 1 1 1
17 17 23 15 17 13 1 1 1 1
16 18 24 16 18 12 1 1 1 1
15 19 23 17 19 13 1 1 1 1
16 20 22 18 20 14 1 1 1 1
17 21 23 19 21 13 1 1 1 1
18 22 24 20 20 14 1 1 1 1
17 23 25 21 21 13 1 1 1 1
18 22 26 22 22 14 1 1 1 1
19 21 27 23 23 15 1 1 1 1
20 20 26 24 24 14 2 2 2 2
21 21 27 25 25 15 1 1 1 1
22 20 28 26 26 16 1 1 1 1
23 21 29 27 27 15 1 1 1 1
24 22 30 28 26 16 1 1 1 1
25 23 29 29 25 15 2 2 2 2
24 24 30 30 24 14 3 3 3 3
25 25 31 31 25 13 2 2 2 2
26 26 32 32 26 14 1 1 1 1
27 25 33 33 27 15 1 1 1 1
28 26 34 34 28 16 1 1 1 1
29 27 35 35 29 17 1 1 1 1
30 26 36 36 28 18 1 1 1 1
31 27 35 37 29 19 1 1 1 1
32 28 36 36 28 20 1 1 1 1
33 27 37 37 29 21 1 1 1 1
34 28 36 38 30 20 1 1 1 1
35 29 37 39 29 21 1 1 1 1
36 30 38 40 30 22 1 1 1 1
37 31 39 41 31 23 1 1 1 1
