2 1 2 1 2 1 1 2 2 2
1 2 1 1 3 1 2 3 3 3
1 1 1 2 4 1 1 4 4 4
1 1 1 3 3 1 1 5 5 5
2 1 1 2 2 2 1 6 6 6
3 1 2 3 1 3 1 7 7 7
2 2 1 2 1 2 1 8 8 8
3 1 1 3 1 3 1 9 9 9
4 2 2 4 2 4 2 8 8 8
5 1 1 3 3 5 1 9 9 9
4 2 1 4 2 6 1 10 10 10
5 1 1 3 1 5 2 11 11 11
6 2 1 4 2 6 1 12 12 12
5 1 2 5 3 7 1 13 13 13
4 1 3 4 2 6 1 14 14 14
3 2 2 3 1 5 1 15 15 15
2 1 1 2 1 4 1 16 16 16
1 1 1 1 1 3 2 17 17 17
1 2 1 1 1 4 3 18 18 18
1 3 1 2 1 3 2 19 19 19
2 2 1 1 2 2 3 20 20 20
1 1 2 1 1 1 2 21 21 21
1 1 1 1 1 2 1 22 22 22
1 1 1 1 1 3 1 23 23 23
1 1 1 1 1 2 2 24 24 24
1 1 1 2 1 3 3 25 25 25
2 1 1 3 2 2 2 26 26 26
1 1 2 2 3 1 1 27 27 27
1 2 1 1 2 1 1 28 28 28
2 1 1 2 3 1 1 29 29 29
1 2 1 1 4 1 1 30 30 30
1 3 1 1 5 1 2 31 31 31
1 4 1 2 4 1 1 32 32 32
1 5 2 1 3 1 1 33 33 33
1 4 1 1 2 2 2 34 34 34
2 3 2 2 3 1 1 35 35 35
3 2 3 1 2 2 1 36 36 36
4 1 2 2 1 3 1 37 37 37
3 1 3 1 2 2 1 38 38 38
4 1 2 1 3 3 2 39 39 39
3 1 3 1 2 2 3 40 40 40
4 2 2 2 1 1 4 41 41 41
3 3 1 1 1 1 3 42 42 42
2 4 2 1 1 1 2 43 43 43
1 5 1 1 1 1 1 44 44 44
1 4 2 1 2 1 2 45 45 45
1 3 1 1 3 2 1 46 46 46
2 2 2 1 2 1 1 47 47 47
1 3 1 1 1 1 2 48 48 48
1 2 2 1 1 1 1 49 49 49
1 3 1 1 2 1 1 50 50 50
1 2 1 1 1 1 2 51 51 51
2 1 2 1 2 1 3 52 52 52
3 1 3 1 3 2 2 53 53 53
4 1 2 2 2 1 3 54 54 54
3 1 3 3 1 1 2 55 55 55
4 1 2 2 2 1 1 56 56 56
3 1 1 3 1 1 1 57 57 57
4 1 1 2 1 1 2 58 58 58
3 1 2 1 2 2 3 59 59 59
2 2 1 1 1 1 4 60 60 60
1 3 1 1 1 1 3 61 61 61
1 4 1 1 1 1 4 62 62 62
1 3 2 1 2 1 3 63 63 63
2 2 3 1 1 2 2 64 64 64
3 3 2 1 2 1 1 65 65 65
2 2 3 1 1 1 2 66 66 66
3 1 2 1 2 1 1 67 67 67
2 1 3 1 1 2 1 68 68 68
1 1 4 1 2 3 1 69 69 69
2 1 3 1 1 4 1 70 70 70
1 1 4 1 2 3 1 71 71 71
1 1 3 2 1 2 1 72 72 72
1 2 2 1 1 1 1 73 73 73
1 1 1 2 1 2 1 74 74 74
2 1 1 1 1 1 2 75 75 75
1 1 1 1 2 1 3 76 76 76
2 2 2 1 1 1 4 77 77 77
3 3 3 2 1 2 3 78 78 78
2 2 4 1 1 1 2 79 79 79
1 1 5 1 1 1 1 80 80 80
2 2 4 1 1 1 1 81 81 81
1 3 5 2 1 2 1 82 82 82
1 2 4 3 1 1 2 83 83 83
1 3 5 2 1 1 1 84 84 84
1 2 4 1 1 1 1 85 85 85
1 1 5 1 1 1 2 86 86 86
1 1 4 1 1 1 3 87 87 87
1 1 3 1 1 1 2 88 88 88
1 1 4 1 2 1 3 89 89 89
1 1 3 1 1 1 2 90 90 90
1 2 2 1 2 1 1 91 91 91
2 1 1 1 3 2 2 92 92 92
1 2 1 1 2 1 1 93 93 93
1 1 2 2 1 1 1 94 94 94
1 1 1 1 1 1 2 95 95 95
1 1 1 1 1 1 1 96 96 96
1 1 1 1 1 2 1 97 97 97
1 1 2 1 2 1 1 98 98 98
2 2 1 1 1 2 1 99 99 99
