1 1 1 1 1 1 1 1 1 1
2 2 2 2 2 2 1 1 1 1
1 3 3 1 3 3 1 2 2 2
2 4 2 1 4 4 2 1 1 1
3 5 1 2 3 5 3 1 1 1
4 4 2 1 2 6 2 2 2 2
5 5 1 2 3 7 3 1 1 1
6 6 2 1 2 8 2 1 1 1
5 7 1 1 1 9 3 2 2 2
6 8 1 1 1 8 4 3 3 3
7 9 2 2 1 7 5 2 2 2
6 10 3 3 1 8 6 1 1 1
7 9 4 4 2 9 5 1 1 1
8 8 5 3 1 10 6 1 1 1
9 7 6 4 2 11 5 1 1 1
10 6 5 3 1 12 6 2 2 2
11 5 6 4 1 11 5 3 3 3
12 4 7 3 1 12 6 2 2 2
13 5 8 4 2 13 7 1 1 1
14 6 9 3 1 12 6 2 2 2
15 5 10 4 2 13 5 1 1 1
16 6 11 5 3 12 4 1 1 1
17 7 12 6 4 13 3 1 1 1
18 6 11 7 5 12 2 2 2 2
19 7 12 8 6 13 3 1 1 1
20 8 13 9 7 12 2 1 1 1
21 9 12 10 8 13 1 1 1 1
22 10 13 11 9 14 2 1 1 1
23 9 12 12 10 15 3 1 1 1
24 10 13 13 11 16 4 1 1 1
25 11 14 12 12 15 3 1 1 1
26 12 15 13 11 16 2 1 1 1
27 13 14 12 12 15 3 2 2 2
26 14 15 13 13 16 4 1 1 1
27 15 16 14 12 15 5 1 1 1
28 14 17 15 11 16 4 1 1 1
27 15 18 16 10 15 3 2 2 2
28 16 19 15 9 16 4 1 1 1
29 15 20 14 10 17 5 1 1 1
30 16 21 15 9 18 6 1 1 1
31 15 22 16 8 19 5 1 1 1
32 14 23 15 9 18 6 1 1 1
33 15 22 16 10 17 7 1 1 1
32 16 23 17 11 16 8 1 1 1
33 15 24 18 12 15 9 1 1 1
34 16 23 19 11 16 10 1 1 1
35 17 22 20 12 17 11 1 1 1
36 18 21 19 11 18 12 2 2 2
37 19 20 18 10 19 11 3 3 3
38 20 21 17 11 18 10 2 2 2
39 21 22 18 12 19 11 1 1 1
38 22 23 17 13 20 12 1 1 1
39 23 22 16 12 21 13 1 1 1
38 24 23 17 13 22 14 1 1 1
39 25 24 16 12 23 15 1 1 1
38 26 25 17 11 24 16 1 1 1
39 27 26 18 12 25 17 1 1 1
40 28 27 19 13 26 16 1 1 1
41 29 28 20 14 27 17 1 1 1
42 30 29 21 15 28 18 1 1 1
