2 2 1 2 2 2 2 1 1 1
1 3 2 1 3 3 3 1 1 1
2 4 3 2 2 4 4 1 1 1
3 5 4 3 3 3 5 1 1 1
4 6 5 4 4 2 4 1 1 1
5 7 4 3 5 3 5 1 1 1
6 8 5 2 6 2 6 1 1 1
7 7 4 1 7 3 5 2 2 2
8 6 5 2 8 2 6 1 1 1
9 5 4 3 7 1 7 2 2 2
10 4 5 4 8 1 8 1 1 1
11 5 6 5 9 1 7 1 1 1
12 6 5 4 10 2 6 2 2 2
11 7 6 3 11 3 7 1 1 1
12 8 7 4 12 2 8 1 1 1
13 7 8 5 13 3 9 1 1 1
12 8 9 6 14 2 8 2 2 2
11 9 10 7 15 3 9 1 1 1
10 10 11 8 16 2 10 1 1 1
11 11 12 9 17 3 9 1 1 1
12 12 11 8 16 2 10 2 2 2
11 11 12 9 15 1 11 3 3 3
12 12 13 10 14 1 12 2 2 2
13 11 14 11 15 2 13 1 1 1
14 10 13 10 16 1 14 2 2 2
15 9 14 11 17 2 13 1 1 1
16 8 13 12 18 1 14 2 2 2
15 9 14 13 19 2 15 1 1 1
16 10 15 12 18 3 16 1 1 1
17 11 14 13 19 2 15 2 2 2
18 10 15 12 20 3 16 1 1 1
17 11 16 13 21 4 17 1 1 1
18 12 17 14 22 5 18 1 1 1
19 11 16 15 23 6 19 1 1 1
20 12 15 16 24 5 20 1 1 1
21 13 14 17 23 6 21 1 1 1
22 14 15 18 22 5 22 1 1 1
21 15 16 19 23 6 23 1 1 1
22 16 15 20 24 7 24 1 1 1
23 17 16 21 25 6 25 1 1 1
24 16 15 20 26 7 26 1 1 1
25 17 16 19 25 6 27 1 1 1
26 16 15 20 24 7 28 1 1 1
25 17 16 21 23 8 29 1 1 1
26 18 15 22 24 9 28 1 1 1
27 19 16 21 25 10 29 1 1 1
28 18 17 20 26 11 28 1 1 1
29 19 16 19 27 12 27 2 2 2
30 20 17 20 28 11 26 3 3 3
31 19 18 21 27 10 25 4 4 4
32 20 19 22 26 9 24 5 5 5
33 19 20 21 25 10 25 6 6 6
34 20 21 22 26 11 26 5 5 5
35 21 20 23 27 12 27 4 4 4
36 20 21 24 28 13 28 3 3 3
35 21 22 25 29 12 29 2 2 2
36 22 23 24 30 13 30 1 1 1
37 23 24 25 31 14 31 1 1 1
38 24 25 24 32 13 32 1 1 1
39 23 26 25 31 14 31 2 2 2
