2 2 2 2 2 1 2 1 1 1
3 1 3 3 3 2 3 1 1 1
2 1 4 4 4 1 4 2 2 2
3 2 5 5 5 1 5 3 3 3
4 1 4 4 4 1 6 4 4 4
3 1 3 3 5 2 7 5 5 5
2 1 2 2 6 3 6 6 6 6
3 2 1 1 7 2 5 7 7 7
4 1 1 1 6 1 6 8 8 8
3 2 1 2 7 1 5 9 9 9
2 1 1 3 6 2 4 10 10 10
1 1 1 2 5 1 5 11 11 11
1 2 2 1 4 2 4 12 12 12
1 1 1 1 3 3 3 13 13 13
2 1 2 1 4 2 2 14 14 14
1 1 1 1 3 1 1 15 15 15
2 2 1 1 2 1 1 16 16 16
1 1 2 2 1 1 1 17 17 17
2 2 3 1 1 2 1 18 18 18
3 1 4 2 1 3 2 19 19 19
2 1 5 1 1 2 3 20 20 20
1 1 4 2 2 1 2 21 21 21
1 1 5 1 1 1 1 22 22 22
1 1 6 1 1 2 1 23 23 23
1 1 5 2 2 3 1 24 24 24
2 2 4 3 1 4 1 25 25 25
3 1 3 4 1 3 2 26 26 26
4 1 2 3 1 2 1 27 27 27
5 2 3 2 2 3 2 28 28 28
4 3 2 3 1 2 3 29 29 29
5 2 1 2 2 1 4 30 30 30
4 3 1 1 1 2 5 31 31 31
3 4 1 1 2 3 6 32 32 32
2 5 1 1 1 4 7 33 33 33
1 4 2 2 1 3 8 34 34 34
2 3 3 1 1 2 7 35 35 35
1 4 4 2 1 1 8 36 36 36
1 3 5 3 1 1 7 37 37 37
1 4 6 4 2 1 6 38 38 38
1 3 7 3 3 1 7 39 39 39
1 4 8 2 2 2 6 40 40 40
1 5 7 3 1 1 5 41 41 41
1 6 6 4 2 1 4 42 42 42
1 5 5 5 3 1 3 43 43 43
1 6 4 4 4 1 2 44 44 44
2 7 3 3 3 1 3 45 45 45
3 6 2 2 2 2 2 46 46 46
2 7 1 3 1 3 1 47 47 47
3 8 2 2 1 2 1 48 48 48
2 7 1 1 1 3 1 49 49 49
3 6 2 1 2 4 1 50 50 50
2 7 1 2 1 5 1 51 51 51
1 6 2 1 2 4 2 52 52 52
2 7 1 2 1 3 1 53 53 53
1 8 1 3 1 2 2 54 54 54
2 7 1 2 1 3 3 55 55 55
1 8 2 1 1 4 2 56 56 56
1 7 1 1 1 5 1 57 57 57
1 6 1 1 2 4 2 58 58 58
2 7 1 1 3 5 3 59 59 59
1 6 2 1 2 4 2 60 60 60
2 7 1 1 1 3 1 61 61 61
3 6 1 1 1 4 2 62 62 62
2 5 2 1 1 3 3 63 63 63
3 4 1 1 1 4 4 64 64 64
4 3 2 1 1 5 3 65 65 65
3 4 1 1 1 6 2 66 66 66
4 3 1 2 1 7 1 67 67 67
3 2 1 1 1 6 1 68 68 68
4 1 1 2 1 5 1 69 69 69
5 1 1 3 1 6 2 70 70 70
4 1 1 4 1 5 1 71 71 71
3 2 2 5 1 4 1 72 72 72
4 1 1 4 1 5 1 73 73 73
3 1 2 3 1 4 1 74 74 74
4 2 1 2 1 5 2 75 75 75
3 1 1 1 2 4 1 76 76 76
2 1 2 1 1 3 1 77 77 77
1 1 1 1 1 2 1 78 78 78
1 2 1 2 1 1 2 79 79 79
1 3 2 1 1 1 1 80 80 80
2 2 1 1 1 1 1 81 81 81
3 3 1 2 1 2 1 82 82 82
2 2 1 3 1 3 1 83 83 83
1 3 1 2 1 4 1 84 84 84
1 2 1 1 1 3 2 85 85 85
1 1 1 2 1 4 1 86 86 86
2 1 2 3 1 3 1 87 87 87
3 2 1 2 1 2 1 88 88 88
2 3 1 3 1 3 1 89 89 89
3 4 2 2 1 4 1 90 90 90
2 3 3 3 1 3 2 91 91 91
1 4 2 4 2 2 1 92 92 92
2 5 1 5 1 1 2 93 93 93
3 4 1 4 1 1 3 94 94 94
2 5 1 3 1 1 4 95 95 95
1 4 1 2 1 2 3 96 96 96
2 3 2 1 2 1 2 97 97 97
1 4 1 1 3 2 1 98 98 98
1 3 1 2 2 1 2 99 99 99
