2 2 1 1 1 1 2 2 2 2
3 3 1 2 1 1 1 3 3 3
4 4 2 1 2 2 2 2 2 2
3 3 1 2 3 3 3 3 3 3
2 2 2 1 4 4 4 4 4 4
3 3 3 2 5 5 5 3 3 3
4 2 4 3 4 4 4 4 4 4
3 1 3 2 5 3 5 5 5 5
4 2 4 3 6 4 6 4 4 4
3 3 5 2 5 3 7 5 5 5
2 4 4 3 4 2 8 6 6 6
1 3 3 2 5 3 7 7 7 7
2 2 4 3 6 4 8 6 6 6
3 1 5 4 5 3 9 7 7 7
2 2 4 3 4 2 10 8 8 8
3 3 5 4 5 1 11 7 7 7
4 2 4 3 4 1 12 8 8 8
5 3 5 4 3 2 13 7 7 7
4 2 4 3 4 1 14 8 8 8
3 1 5 4 3 2 13 9 9 9
2 1 4 3 4 3 12 10 10 10
3 1 3 4 5 2 13 11 11 11
4 1 2 5 4 1 14 12 12 12
5 2 3 6 5 2 15 11 11 11
4 3 4 5 4 1 14 12 12 12
3 2 3 6 3 1 13 13 13 13
4 1 4 7 4 2 14 12 12 12
5 2 5 8 5 3 15 11 11 11
4 3 4 9 4 2 14 12 12 12
5 2 5 10 5 3 15 11 11 11
6 1 4 9 6 2 16 12 12 12
7 2 3 8 5 1 15 13 13 13
6 1 2 9 4 1 16 14 14 14
5 2 1 8 3 2 15 15 15 15
4 1 2 7 2 1 16 16 16 16
3 2 1 6 1 2 17 17 17 17
4 1 2 5 1 3 16 18 18 18
5 2 3 6 2 4 17 17 17 17
4 1 2 5 1 3 18 18 18 18
5 1 1 4 1 2 19 19 19 19
4 1 1 3 1 1 18 20 20 20
3 1 1 4 1 1 17 21 21 21
2 1 1 3 2 1 16 22 22 22
3 1 1 4 1 2 17 23 23 23
4 2 2 3 1 1 16 24 24 24
3 1 1 2 1 1 15 25 25 25
2 1 2 1 1 2 14 26 26 26
1 1 1 1 1 1 13 27 27 27
1 1 1 1 1 1 12 28 28 28
2 1 1 1 1 1 11 29 29 29
3 2 1 1 1 1 12 30 30 30
2 3 2 1 1 1 11 31 31 31
1 2 3 2 1 1 10 32 32 32
2 1 4 1 2 1 9 33 33 33
1 1 5 1 1 2 8 34 34 34
1 1 4 1 1 1 9 35 35 35
2 2 3 1 1 1 8 36 36 36
3 3 2 1 1 1 7 37 37 37
2 2 1 2 2 1 6 38 38 38
3 3 1 1 1 2 5 39 39 39
2 2 1 2 1 3 4 40 40 40
1 1 1 3 1 2 3 41 41 41
1 1 1 4 1 1 2 42 42 42
1 2 1 5 1 2 1 43 43 43
1 1 1 6 1 3 1 44 44 44
1 1 1 5 1 4 1 45 45 45
2 2 2 4 2 5 2 46 46 46
1 3 1 5 3 4 3 47 47 47
2 4 1 6 2 3 2 48 48 48
1 3 1 5 3 2 1 49 49 49
1 2 2 4 2 1 1 50 50 50
1 1 3 3 3 1 1 51 51 51
1 2 2 2 2 1 2 52 52 52
2 1 1 3 1 1 3 53 53 53
1 1 1 2 1 1 2 54 54 54
2 1 1 3 1 2 3 55 55 55
1 2 2 2 2 1 4 56 56 56
1 1 1 3 3 1 5 57 57 57
1 1 1 2 2 1 6 58 58 58
2 2 2 1 3 2 5 59 59 59
1 1 1 1 4 1 4 60 60 60
2 2 1 1 3 1 3 61 61 61
1 1 1 1 4 1 2 62 62 62
1 1 1 2 3 1 1 63 63 63
1 1 2 1 4 1 1 64 64 64
2 1 1 2 5 1 1 65 65 65
3 1 2 3 4 1 1 66 66 66
2 1 1 2 5 2 2 67 67 67
1 1 1 1 4 3 1 68 68 68
1 1 2 2 3 2 1 69 69 69
2 2 1 1 4 3 1 70 70 70
3 1 2 2 3 2 1 71 71 71
4 2 1 1 2 1 2 72 72 72
3 1 2 1 3 1 3 73 73 73
2 1 3 1 2 1 2 74 74 74
1 1 4 1 1 1 1 75 75 75
2 2 5 1 2 2 1 76 76 76
1 3 4 1 1 1 1 77 77 77
1 2 3 1 1 1 1 78 78 78
1 1 2 2 1 2 1 79 79 79
