1 1 1 1 1 1 1 1 1 1
2 2 2 2 2 2 2 2 2 2
2 2 2 2 2 2 2 2 2 2
2 2 2 2 2 2 2 2 2 2
1 3 3 3 3 1 3 3 3 3
1 4 4 2 4 2 4 4 4 4
1 3 3 1 3 3 5 5 5 5
2 4 2 1 4 4 6 6 6 6
3 5 3 1 5 3 7 7 7 7
2 4 2 2 4 2 8 8 8 8
1 3 1 3 3 1 9 9 9 9
1 2 1 2 4 1 10 10 10 10
1 1 1 1 3 2 11 11 11 11
2 2 1 1 4 1 12 12 12 12
1 3 2 1 3 2 13 13 13 13
1 4 3 1 2 3 14 14 14 14
2 3 2 1 1 4 15 15 15 15
1 2 3 1 1 3 16 16 16 16
1 1 2 1 2 2 17 17 17 17
1 2 1 2 1 1 18 18 18 18
2 3 2 1 1 1 19 19 19 19
1 2 1 1 2 2 20 20 20 20
2 3 1 1 1 1 21 21 21 21
3 2 2 2 1 2 22 22 22 22
2 1 3 1 1 1 23 23 23 23
1 1 4 1 1 2 24 24 24 24
1 1 3 2 2 1 25 25 25 25
1 1 2 3 1 2 26 26 26 26
1 1 1 2 2 1 27 27 27 27
2 2 2 3 1 2 28 28 28 28
1 1 1 2 1 3 29 29 29 29
1 1 1 3 1 4 30 30 30 30
1 1 1 2 1 3 31 31 31 31
1 2 1 1 2 2 32 32 32 32
2 1 1 1 3 3 33 33 33 33
1 1 1 2 2 2 34 34 34 34
2 1 1 3 1 1 35 35 35 35
1 1 2 2 2 1 36 36 36 36
1 1 3 3 1 1 37 37 37 37
2 1 4 4 1 2 38 38 38 38
1 1 3 3 2 1 39 39 39 39
1 1 2 4 1 1 40 40 40 40
2 2 1 3 1 1 41 41 41 41
1 3 1 2 1 1 42 42 42 42
1 2 2 1 1 1 43 43 43 43
1 1 1 1 1 2 44 44 44 44
1 1 1 1 1 1 45 45 45 45
2 2 1 1 1 1 46 46 46 46
3 1 1 2 1 2 47 47 47 47
4 2 1 1 1 3 48 48 48 48
5 3 1 1 2 2 49 49 49 49
6 4 1 2 1 3 50 50 50 50
5 5 2 1 1 2 51 51 51 51
4 6 3 1 1 3 52 52 52 52
5 5 2 1 2 2 53 53 53 53
6 4 1 2 1 3 54 54 54 54
5 5 1 1 1 2 55 55 55 55
4 6 1 2 1 3 56 56 56 56
3 5 1 3 1 2 57 57 57 57
2 4 1 2 2 3 58 58 58 58
