1 1 1 1 1 1 1 1 1 1
2 2 2 1 2 2 2 1 1 1
1 1 3 2 3 3 3 1 1 1
2 1 2 1 4 2 4 2 2 2
1 2 3 1 5 3 5 1 1 1
1 3 2 2 6 4 6 1 1 1
1 2 3 3 5 3 7 2 2 2
2 1 2 4 6 4 8 1 1 1
1 1 3 5 5 5 9 2 2 2
2 1 4 6 6 4 10 1 1 1
3 2 5 7 7 3 11 1 1 1
4 3 6 6 8 4 10 1 1 1
5 2 7 7 7 3 11 1 1 1
6 1 8 6 6 2 12 2 2 2
7 2 9 7 5 3 13 1 1 1
6 1 10 6 4 4 14 2 2 2
7 2 11 7 3 3 15 1 1 1
8 3 12 8 2 4 14 1 1 1
7 4 13 9 3 5 13 1 1 1
8 3 14 10 4 6 12 1 1 1
9 4 13 11 3 7 13 1 1 1
10 3 14 12 4 8 14 1 1 1
9 4 13 13 3 9 15 2 2 2
10 5 14 12 4 10 16 1 1 1
11 6 15 13 5 11 17 1 1 1
10 7 16 14 6 10 18 1 1 1
11 6 17 15 5 11 19 1 1 1
12 5 18 14 6 10 20 2 2 2
13 4 19 15 5 11 21 1 1 1
14 3 20 16 4 12 22 1 1 1
15 4 19 17 5 13 21 1 1 1
16 5 20 18 4 12 22 1 1 1
17 4 21 19 5 13 23 1 1 1
18 3 22 20 6 12 22 1 1 1
19 4 23 21 5 13 21 1 1 1
20 3 24 22 6 12 20 2 2 2
21 4 25 23 7 13 21 1 1 1
20 5 24 24 8 14 22 1 1 1
21 6 23 25 9 15 23 1 1 1
22 5 24 26 8 14 24 1 1 1
23 6 25 27 7 15 25 1 1 1
24 5 24 26 8 16 26 1 1 1
25 6 25 27 7 15 27 2 2 2
26 7 26 28 8 16 28 1 1 1
27 8 27 29 9 17 29 1 1 1
28 9 26 30 10 16 28 2 2 2
29 8 27 31 11 17 29 1 1 1
28 9 28 32 10 18 28 1 1 1
29 10 29 33 11 19 29 1 1 1
30 9 30 34 12 20 30 1 1 1
29 10 31 35 13 19 31 1 1 1
30 9 32 36 14 18 32 1 1 1
29 8 33 35 15 19 33 1 1 1
28 9 34 34 16 20 34 1 1 1
29 10 33 35 17 21 35 1 1 1
30 11 34 36 18 20 34 1 1 1
31 12 35 37 19 21 33 1 1 1
32 13 36 38 20 22 34 1 1 1
33 12 35 39 19 21 35 2 2 2
32 13 36 40 18 22 36 1 1 1
33 14 35 41 19 23 37 1 1 1
34 15 36 42 20 22 38 1 1 1
35 16 35 43 21 23 39 1 1 1
36 17 36 44 22 22 40 1 1 1
37 18 37 45 23 23 41 1 1 1
38 19 36 44 22 24 42 1 1 1
37 20 35 45 23 25 43 2 2 2
38 19 36 46 24 26 44 1 1 1
37 20 37 47 23 27 45 1 1 1
38 21 38 48 22 28 46 1 1 1
37 22 39 49 23 27 47 1 1 1
38 23 40 50 24 28 48 1 1 1
39 22 39 51 25 27 49 1 1 1
40 23 40 52 26 26 50 1 1 1
41 24 41 51 27 27 51 1 1 1
42 25 42 52 26 28 52 1 1 1
43 26 43 53 27 29 53 1 1 1
44 27 44 54 28 30 52 1 1 1
45 28 45 53 29 29 53 1 1 1
46 29 46 52 30 30 52 1 1 1
47 30 45 51 31 31 53 1 1 1
48 29 44 52 30 32 54 1 1 1
49 30 43 53 31 31 55 1 1 1
48 31 44 54 32 30 56 1 1 1
49 32 45 55 33 31 57 1 1 1
50 33 46 56 34 32 56 1 1 1
49 34 47 55 35 31 57 1 1 1
50 35 48 56 34 32 56 1 1 1
51 34 49 57 35 33 57 1 1 1
52 35 50 58 34 32 56 1 1 1
53 34 51 59 33 31 55 2 2 2
54 35 52 58 34 30 56 1 1 1
55 36 53 59 33 31 57 1 1 1
56 37 52 60 32 32 56 1 1 1
57 38 53 59 31 31 57 2 2 2
58 39 54 60 32 32 56 1 1 1
57 40 55 61 33 31 55 2 2 2
58 41 56 62 32 32 54 1 1 1
57 42 55 63 31 33 55 2 2 2
58 43 56 64 32 34 54 1 1 1
