1 1 1 1 1 1 1 1 1 1
1 1 1 1 1 1 1 1 1 1
1 2 1 2 2 2 2 2 2 2
2 3 2 3 1 3 1 3 3 3
3 4 1 4 2 4 2 2 2 2
2 5 1 3 1 5 1 3 3 3
1 4 1 4 1 4 2 4 4 4
2 5 2 5 1 5 3 3 3 3
1 4 1 4 2 6 4 4 4 4
2 5 2 3 3 5 3 5 5 5
1 4 1 2 4 6 2 6 6 6
2 3 1 3 3 7 1 7 7 7
3 4 2 4 4 8 2 6 6 6
4 3 1 5 3 9 1 7 7 7
5 2 2 6 4 10 2 6 6 6
6 3 3 7 5 11 1 5 5 5
5 4 2 8 6 12 2 4 4 4
6 5 1 9 7 13 3 3 3 3
7 6 1 8 6 12 4 4 4 4
8 7 2 9 7 13 5 3 3 3
9 8 3 10 8 14 4 2 2 2
10 7 2 11 9 15 5 1 1 1
11 8 3 12 10 16 4 1 1 1
12 9 4 13 11 15 3 1 1 1
11 10 5 14 12 16 4 1 1 1
12 11 4 15 13 15 3 2 2 2
13 12 3 16 12 14 2 3 3 3
14 13 4 15 11 15 3 2 2 2
15 14 5 16 12 16 4 1 1 1
16 15 6 17 13 17 5 1 1 1
17 14 5 16 14 18 4 2 2 2
16 15 4 17 15 19 5 1 1 1
17 16 5 18 14 20 6 1 1 1
18 17 6 19 13 21 5 1 1 1
19 18 7 20 14 22 4 1 1 1
20 17 6 21 15 21 3 2 2 2
19 16 7 20 16 22 2 3 3 3
20 17 8 19 17 23 3 2 2 2
19 18 9 20 16 24 4 1 1 1
20 19 8 21 17 23 3 1 1 1
21 20 7 22 18 24 4 1 1 1
22 21 8 23 17 23 5 1 1 1
23 22 7 24 16 24 6 1 1 1
22 23 6 25 17 25 5 1 1 1
21 24 7 26 18 26 4 1 1 1
20 25 6 25 19 27 5 1 1 1
19 26 7 26 18 28 4 1 1 1
20 27 6 27 19 29 5 1 1 1
21 28 7 28 20 30 6 1 1 1
20 29 6 27 21 31 7 2 2 2
21 30 5 28 22 32 8 1 1 1
22 31 6 29 23 31 9 1 1 1
23 32 5 30 24 32 10 1 1 1
24 33 4 29 25 33 11 1 1 1
25 32 5 30 26 32 12 1 1 1
24 33 4 31 27 33 13 2 2 2
25 34 5 32 26 34 12 1 1 1
26 35 6 33 25 35 11 1 1 1
27 36 7 32 26 36 12 1 1 1
26 35 8 33 27 37 13 2 2 2
