1 1 2 2 2 1 2 2 2 2
1 1 1 1 3 1 3 3 3 3
2 1 2 1 2 1 4 4 4 4
1 2 1 1 1 1 5 5 5 5
1 1 1 2 2 1 6 6 6 6
1 2 2 1 1 1 7 7 7 7
1 1 1 1 1 2 8 8 8 8
2 2 2 2 1 1 9 9 9 9
1 1 1 1 1 2 10 10 10 10
1 1 1 1 2 1 11 11 11 11
1 1 2 1 3 1 12 12 12 12
1 1 3 1 2 2 13 13 13 13
1 1 2 2 1 3 14 14 14 14
1 1 3 1 1 2 15 15 15 15
1 1 2 1 1 1 16 16 16 16
1 1 1 2 1 1 17 17 17 17
2 1 2 1 1 2 18 18 18 18
1 1 1 1 2 3 19 19 19 19
1 1 1 2 1 4 20 20 20 20
2 1 1 1 1 3 21 21 21 21
1 1 2 1 1 2 22 22 22 22
1 1 1 1 1 1 23 23 23 23
2 1 1 1 1 2 24 24 24 24
1 1 1 1 1 1 25 25 25 25
2 1 1 1 2 1 26 26 26 26
3 1 1 1 3 1 27 27 27 27
2 1 1 1 2 2 28 28 28 28
1 2 1 2 3 1 29 29 29 29
2 3 1 3 4 1 30 30 30 30
3 2 1 2 3 1 31 31 31 31
4 1 1 3 2 1 32 32 32 32
5 1 2 2 1 2 33 33 33 33
4 1 3 1 1 1 34 34 34 34
3 1 4 1 1 2 35 35 35 35
4 1 5 1 1 1 36 36 36 36
3 1 4 1 2 2 37 37 37 37
2 1 3 2 1 1 38 38 38 38
3 1 2 1 2 1 39 39 39 39
2 1 3 2 1 2 40 40 40 40
1 1 2 1 1 1 41 41 41 41
2 2 3 1 1 1 42 42 42 42
1 3 2 1 2 1 43 43 43 43
1 2 1 2 1 1 44 44 44 44
1 1 2 1 1 2 45 45 45 45
1 1 1 1 1 1 46 46 46 46
1 2 1 1 1 1 47 47 47 47
1 1 1 1 1 1 48 48 48 48
1 2 1 1 2 1 49 49 49 49
1 3 1 1 1 1 50 50 50 50
1 4 2 1 1 1 51 51 51 51
2 3 3 1 2 2 52 52 52 52
1 2 2 2 3 3 53 53 53 53
1 1 1 3 4 4 54 54 54 54
2 1 2 2 5 5 55 55 55 55
3 1 3 1 6 4 56 56 56 56
2 2 4 2 5 5 57 57 57 57
1 1 3 1 4 4 58 58 58 58
2 2 4 2 3 3 59 59 59 59
3 3 5 1 2 2 60 60 60 60
2 2 6 1 3 1 61 61 61 61
1 1 5 1 2 1 62 62 62 62
1 1 6 1 3 2 63 63 63 63
2 2 5 1 2 1 64 64 64 64
1 3 4 1 1 1 65 65 65 65
1 2 3 2 1 1 66 66 66 66
1 1 2 3 1 1 67 67 67 67
1 1 1 2 1 1 68 68 68 68
2 2 1 1 1 1 69 69 69 69
1 3 1 1 2 2 70 70 70 70
2 2 1 1 3 1 71 71 71 71
1 3 1 2 2 1 72 72 72 72
1 2 1 3 1 1 73 73 73 73
2 1 2 2 2 1 74 74 74 74
3 1 3 3 3 1 75 75 75 75
2 1 2 4 2 2 76 76 76 76
3 1 1 3 1 1 77 77 77 77
4 1 1 2 2 2 78 78 78 78
5 1 1 3 3 1 79 79 79 79
4 1 2 2 2 2 80 80 80 80
3 1 1 3 1 1 81 81 81 81
4 1 1 2 2 1 82 82 82 82
3 1 1 1 3 2 83 83 83 83
2 2 1 1 2 1 84 84 84 84
1 1 2 1 1 1 85 85 85 85
1 2 3 1 1 1 86 86 86 86
1 3 2 2 1 1 87 87 87 87
1 2 1 3 1 1 88 88 88 88
1 3 1 2 1 1 89 89 89 89
1 2 1 1 1 2 90 90 90 90
1 1 1 1 1 3 91 91 91 91
1 1 2 1 1 2 92 92 92 92
1 1 1 1 1 1 93 93 93 93
1 1 2 1 2 1 94 94 94 94
1 1 3 1 1 1 95 95 95 95
1 1 2 1 2 1 96 96 96 96
1 1 1 1 1 1 97 97 97 97
1 2 1 1 2 1 98 98 98 98
1 1 2 1 1 1 99 99 99 99
1 1 1 1 1 2 100 100 100 100
1 1 2 2 1 3 100 100 100 100
