0.948600 0.960845 0.964292 0.964550 0.962336 0.953581 0.963166 0.952579 0.952579 0.952579
0.966699 0.981857 0.984064 0.983196 0.980204 0.967415 0.981936 0.957245 0.957245 0.957245
0.955739 0.970725 0.969340 0.972049 0.968979 0.952940 0.967243 0.913788 0.913789 0.913789
0.969700 0.981110 0.988190 0.991026 0.983582 0.970967 0.983928 0.905556 0.905556 0.905556
0.971042 0.978855 0.969704 0.997886 0.988069 0.955622 0.988465 0.900603 0.900604 0.900604
0.989432 0.976495 0.965449 1.010565 1.005236 0.973616 1.006444 0.904427 0.904428 0.904428
0.996132 0.981584 0.966022 1.018413 1.009007 0.974506 1.015872 0.905102 0.905103 0.905103
1.012783 0.999954 0.984212 1.037316 1.026191 0.993750 1.035562 0.917182 0.917183 0.917183
1.020277 1.006650 0.990006 1.045155 1.031118 1.002117 1.043810 0.922152 0.922152 0.922152
1.021451 1.008155 0.981760 1.046690 1.029595 1.003456 1.044334 0.920642 0.920643 0.920643
0.935433 0.943552 0.913097 0.983314 0.891782 0.940161 0.949290 0.872316 0.872317 0.872317
0.975781 1.001408 0.967691 1.032880 0.943912 0.994826 0.991264 0.913271 0.913272 0.913272
0.959722 0.971697 0.938981 1.012179 0.924995 0.965311 0.925265 0.882526 0.882526 0.882526
0.995689 1.011365 0.973215 1.051150 0.955147 1.003133 0.953563 0.907410 0.907411 0.907411
1.008991 1.031859 0.991334 1.074381 0.969473 1.022668 0.974555 0.921545 0.921546 0.921546
0.997908 1.021400 0.979209 1.060075 0.959053 1.015707 0.957257 0.915654 0.915655 0.915655
1.009139 0.989595 0.990229 1.072006 0.969847 1.027138 0.968030 0.912955 0.912956 0.912956
1.015345 0.993892 0.996948 1.072412 0.974702 1.031858 0.973081 0.915472 0.915474 0.915474
0.984504 0.967833 0.977666 1.053779 0.946278 1.013598 0.938172 0.894615 0.894616 0.894616
1.003392 0.975833 0.982595 1.072450 0.963429 1.032631 0.954993 0.905118 0.905120 0.905120
0.967776 0.942206 0.951035 1.036377 0.926114 0.998612 0.921828 0.824791 0.824792 0.824792
0.968389 0.942803 0.951636 1.037033 0.918815 0.999244 0.922411 0.739777 0.739777 0.739777
1.057917 1.027289 1.037958 1.133748 1.001864 1.084157 1.007183 0.799823 0.799824 0.799824
1.057964 1.028189 1.041175 1.135406 1.005464 1.085639 1.003710 0.799805 0.799806 0.799806
1.014169 0.955508 0.971713 1.056976 0.963842 1.009113 0.962161 0.753826 0.753826 0.753826
1.097651 1.034161 1.051700 1.143981 1.043181 1.092179 1.041362 0.810970 0.810970 0.810970
1.093774 1.029109 1.046852 1.138519 1.039176 1.085248 1.038447 0.803195 0.803196 0.803196
1.040994 0.979439 0.996325 1.071969 0.972497 1.031100 0.957099 0.733525 0.733526 0.733526
1.095413 1.032690 1.048695 1.129954 1.025985 1.081017 1.009600 0.762565 0.762565 0.762565
1.026933 1.001338 1.011095 1.076405 0.996611 1.035826 0.973355 0.712250 0.712250 0.712250
1.039085 1.022366 1.031884 1.087469 0.998021 1.057786 0.992386 0.692808 0.692808 0.692808
1.106946 1.089607 1.099275 1.158941 1.062669 1.123621 1.057523 0.734525 0.734526 0.734526
1.101680 1.085486 1.093815 1.149977 1.055645 1.116543 1.052109 0.726500 0.726501 0.726501
0.980600 0.973907 1.029331 1.078288 0.998774 1.054510 0.928758 0.659869 0.659869 0.659869
1.045574 1.029639 1.100787 1.150124 1.066697 1.114343 0.985436 0.691282 0.691282 0.691282
1.047812 1.035228 1.103143 1.152586 1.072487 1.120392 0.990785 0.666071 0.666071 0.666071
1.026441 1.001911 1.084273 1.147718 1.065105 1.102115 0.976736 0.645533 0.645534 0.645534
1.013836 0.990890 1.065838 1.143730 1.044983 1.098285 0.973342 0.637735 0.637735 0.637735
1.053886 1.026161 1.106780 1.191208 1.086890 1.137020 1.012622 0.635999 0.636000 0.636000
1.064816 1.023727 1.116067 1.200827 1.094356 1.097871 0.995254 0.639563 0.639563 0.639563
1.094044 1.047985 1.138084 1.228627 1.120267 1.123241 1.018421 0.646598 0.646598 0.646598
1.077417 1.005953 1.120788 1.209954 1.103241 1.078191 0.977574 0.629623 0.629623 0.629623
1.099112 1.026209 1.135840 1.232210 1.124548 1.098023 0.962230 0.623307 0.623307 0.623307
1.093526 0.992792 1.122601 1.217847 1.118832 1.085225 0.951015 0.602113 0.602113 0.602113
1.138813 1.032188 1.169360 1.267182 1.159247 1.128516 0.991718 0.621492 0.621493 0.621493
1.147534 1.040680 1.178688 1.276023 1.167613 1.139163 0.999779 0.621280 0.621281 0.621281
1.131679 1.027094 1.153218 1.258384 1.152917 1.124217 0.987282 0.594423 0.594423 0.594423
1.165140 1.057005 1.187490 1.280505 1.178600 1.155337 1.015378 0.608539 0.608539 0.608539
1.153423 1.041355 1.174327 1.269729 1.166646 1.142367 1.002197 0.594885 0.594885 0.594885
1.157149 1.044719 1.178121 1.273831 1.170415 1.146058 1.005435 0.580382 0.580382 0.580382
1.096922 0.983518 1.113353 1.206128 1.056656 1.041018 0.941480 0.526939 0.526939 0.526939
1.203971 1.077510 1.222006 1.320840 1.157638 1.140505 1.031454 0.571801 0.571801 0.571801
1.209492 1.082451 1.227610 1.326897 1.162947 1.145735 1.036184 0.568783 0.568783 0.568783
1.211256 1.079440 1.224358 1.323382 1.163313 1.147405 1.037695 0.565639 0.565639 0.565639
1.192955 1.067010 1.210258 1.307960 1.146593 1.134184 1.005885 0.553630 0.553630 0.553630
1.208113 1.057412 1.222218 1.321077 1.157543 1.146511 1.013661 0.558647 0.558647 0.558647
1.165817 1.025266 1.177686 1.276859 1.120689 1.110587 0.975030 0.522904 0.522904 0.522904
1.217505 1.069829 1.226269 1.329861 1.170987 1.152286 1.016524 0.542409 0.542409 0.542409
1.225186 1.075870 1.230122 1.337575 1.176734 1.155661 1.010944 0.541923 0.541923 0.541923
1.175918 1.035291 1.190332 1.294489 1.140259 1.115095 0.976632 0.507566 0.507566 0.507566
1.181380 1.050855 1.213230 1.310592 1.157838 1.132344 0.992859 0.500715 0.500715 0.500715
1.214431 1.071942 1.242844 1.345698 1.187966 1.164488 1.013957 0.512670 0.512670 0.512670
1.198064 1.054458 1.229450 1.327666 1.173127 1.153452 0.992774 0.504401 0.504401 0.504401
1.239534 1.090957 1.272006 1.373621 1.213733 1.193378 1.027137 0.520452 0.520452 0.520452
1.200162 1.055288 1.229780 1.331206 1.174080 1.150848 0.994903 0.494300 0.494300 0.494300
1.218710 1.071223 1.243573 1.346466 1.188743 1.165372 1.004979 0.494803 0.494803 0.494803
1.187268 1.005526 1.229283 1.288729 1.165689 1.152478 0.995094 0.481839 0.481839 0.481839
1.115812 0.944861 1.144927 1.264040 1.142736 1.072949 0.969336 0.459083 0.459083 0.459083
1.204356 1.018119 1.234004 1.362697 1.233724 1.158086 1.045547 0.486164 0.486164 0.486164
1.203238 1.022111 1.231803 1.367736 1.229487 1.162310 1.048499 0.478650 0.478650 0.478650
1.210540 1.032014 1.242442 1.379045 1.234774 1.168743 1.057192 0.475538 0.475538 0.475538
1.195216 1.018681 1.225667 1.353993 1.216112 1.150601 1.043011 0.455243 0.455243 0.455243
1.234190 1.051899 1.265634 1.398145 1.255767 1.188121 1.077022 0.463865 0.463865 0.463865
1.242765 1.059207 1.274427 1.407859 1.264492 1.196375 1.084505 0.463517 0.463517 0.463517
1.243693 1.059998 1.275379 1.408910 1.265436 1.197268 1.085315 0.460150 0.460149 0.460149
1.142058 0.966657 1.173102 1.300993 1.157452 1.099676 1.000539 0.389776 0.389775 0.389775
1.171471 0.998387 1.240628 1.345950 1.215222 1.139829 1.045021 0.408819 0.408818 0.408818
1.171493 1.009449 1.232144 1.370156 1.241772 1.138099 1.057783 0.414708 0.414707 0.414707
1.178851 1.029426 1.253466 1.391009 1.259549 1.152055 1.077629 0.408080 0.408080 0.408080
1.208098 1.050744 1.279161 1.392912 1.285184 1.177423 1.101299 0.416368 0.416368 0.416368
1.191221 1.067091 1.299061 1.414583 1.305179 1.160974 1.118432 0.422008 0.422008 0.422008
1.170947 1.048659 1.277248 1.388001 1.279070 1.144669 1.100954 0.405813 0.405813 0.405813
1.171868 1.037750 1.267895 1.389093 1.271960 1.132760 1.092892 0.402170 0.402170 0.402170
1.215338 1.076244 1.314926 1.440620 1.319142 1.174779 1.133432 0.413717 0.413716 0.413716
1.197584 1.061549 1.294155 1.418922 1.299106 1.155302 1.114651 0.400780 0.400780 0.400780
1.207821 1.070065 1.305368 1.426191 1.311192 1.165365 1.117626 0.402482 0.402481 0.402481
1.161473 1.029004 1.255278 1.371465 1.260878 1.120647 1.074740 0.362337 0.362336 0.362336
1.201877 1.063923 1.298945 1.419174 1.303666 1.159630 1.112127 0.362033 0.362033 0.362033
1.164904 1.061576 1.299343 1.395099 1.300283 1.155811 1.105504 0.353351 0.353351 0.353351
1.169035 1.072648 1.296411 1.402530 1.300452 1.156885 1.105716 0.352129 0.352128 0.352128
1.161226 1.060686 1.280188 1.396695 1.303093 1.150385 1.095087 0.350225 0.350225 0.350225
1.147845 1.045905 1.260940 1.376014 1.290857 1.133351 1.063287 0.336643 0.336643 0.336643
1.193798 1.086630 1.315801 1.429231 1.337753 1.158641 1.098104 0.346836 0.346835 0.346835
1.180140 1.075650 1.305354 1.392622 1.328151 1.143078 1.080773 0.337434 0.337434 0.337434
1.221384 1.111024 1.350412 1.437130 1.369833 1.181003 1.115749 0.346545 0.346545 0.346545
1.225764 1.114299 1.350348 1.442312 1.372017 1.182766 1.119703 0.346848 0.346847 0.346847
1.181839 1.076556 1.305389 1.390590 1.329454 1.145788 1.084119 0.323542 0.323542 0.323542
1.217480 1.102722 1.346555 1.434443 1.371379 1.181921 1.118307 0.326749 0.326749 0.326749
1.222059 1.119330 1.367944 1.454348 1.390011 1.198933 1.135188 0.330847 0.330847 0.330847
1.192735 1.090181 1.335112 1.418163 1.352625 1.170825 1.109671 0.316041 0.316041 0.316041
