0.981005 0.977685 0.980011 0.975566 0.975349 0.972126 0.974391 0.980450 0.980450 0.980450
0.973624 0.970329 0.978075 0.946268 0.973422 0.962840 0.965083 0.970518 0.970519 0.970519
0.950434 0.965088 0.973259 0.942478 0.964760 0.931713 0.939772 0.962219 0.962220 0.962220
0.855158 0.965684 0.970901 0.944677 0.970459 0.916184 0.934855 0.964943 0.964943 0.964943
0.874254 0.975625 0.971960 0.966204 0.987017 0.932170 0.954786 0.976845 0.976845 0.976845
0.892382 0.993243 0.993556 0.986953 1.012161 0.951628 0.979185 0.996860 0.996860 0.996860
0.894862 0.995756 1.000556 0.995010 1.020012 0.955392 0.987957 1.006472 1.006472 1.006472
0.880573 0.973250 0.950509 0.973904 1.003132 0.937503 0.965477 0.987867 0.987867 0.987867
0.899368 0.992604 0.973418 0.995366 1.026052 0.958361 0.983945 1.013051 1.013051 1.013051
0.890841 0.985310 0.962816 0.982884 1.015737 0.946405 0.974903 1.001553 1.001553 1.001553
0.880819 0.970407 0.951167 0.980020 1.002985 0.944671 0.969210 0.994746 0.994746 0.994746
0.882811 0.977856 0.958417 0.975294 1.007787 0.953698 0.969184 1.000922 1.000922 1.000922
0.844866 0.931239 0.896547 0.951067 0.925985 0.872937 0.889574 0.977842 0.977842 0.977842
0.894117 0.994666 0.954276 1.015883 0.985730 0.931405 0.948053 1.043644 1.043644 1.043644
0.890706 0.991284 0.951066 1.015096 0.978129 0.929732 0.943194 1.030315 1.030315 1.030315
0.889598 0.989693 0.949652 1.002868 0.969464 0.925768 0.943583 1.031772 1.031772 1.031772
0.882846 0.983333 0.943775 0.995609 0.966380 0.911265 0.932212 1.025698 1.025698 1.025698
0.884227 0.991302 0.951783 0.999683 0.973113 0.918744 0.944056 1.040423 1.040423 1.040423
0.857418 0.934513 0.927406 0.973935 0.944530 0.884709 0.882112 1.011217 1.011217 1.011217
0.846082 0.882328 0.916254 0.924980 0.923119 0.842332 0.857899 0.949804 0.949804 0.949804
0.918688 0.952463 0.993220 0.996836 1.005913 0.916166 0.929170 1.032436 1.032436 1.032436
0.901688 0.907856 0.961183 0.964664 0.991807 0.900777 0.913258 1.007415 1.007415 1.007415
0.906382 0.918739 0.966553 0.978643 0.992808 0.910923 0.919708 1.009289 1.009289 1.009289
0.916695 0.932934 0.983286 0.993093 1.007090 0.910148 0.935347 1.021447 1.021447 1.021447
0.884581 0.913687 0.933676 0.963064 0.971809 0.897646 0.900226 1.001330 1.001330 1.001330
0.903036 0.921773 0.955871 0.977728 0.979388 0.922243 0.920897 1.016526 1.016526 1.016526
0.931150 0.939306 0.985814 1.005851 1.010090 0.948945 0.942828 1.047719 1.047720 1.047720
0.914830 0.913187 0.968527 0.984217 0.992378 0.919401 0.924175 1.023532 1.023532 1.023532
0.912358 0.904321 0.966853 0.980406 0.981771 0.923766 0.923543 1.024473 1.024473 1.024473
0.932852 0.923872 0.990117 0.996819 1.003993 0.945235 0.942056 1.047489 1.047489 1.047489
0.906585 0.903118 0.966628 0.955699 0.976598 0.918253 0.914603 1.026449 1.026450 1.026450
0.882083 0.878545 0.927872 0.936056 0.951675 0.872601 0.869705 1.008883 1.008883 1.008883
0.903830 0.890972 0.954659 0.949297 0.986378 0.904604 0.901419 1.031677 1.031678 1.031678
0.915449 0.895948 0.960107 0.961812 1.000335 0.892918 0.901792 1.034558 1.034559 1.034559
0.935893 0.915956 0.981548 0.983291 0.997085 0.912859 0.902524 1.046090 1.046091 1.046091
0.813446 0.799803 0.665645 0.847119 0.670548 0.795257 0.606955 0.903776 0.903776 0.903776
1.005406 0.979309 0.821567 1.039967 0.827973 0.979966 0.744004 1.112533 1.112534 1.112534
1.011155 0.986839 0.828656 1.044835 0.835437 0.987124 0.747164 1.124298 1.124300 1.124300
1.008888 0.989009 0.827242 1.047480 0.836027 0.988803 0.748865 1.129356 1.129357 1.129357
0.951683 0.957527 0.796854 0.989245 0.801746 0.951336 0.727248 1.098201 1.098202 1.098202
0.984735 0.990723 0.826335 1.024769 0.830068 0.987270 0.754757 1.137496 1.137497 1.137497
0.958414 0.969264 0.808755 1.001334 0.801243 0.960698 0.735899 1.106359 1.106361 1.106361
1.000609 1.011937 0.844361 1.045418 0.836519 1.002994 0.768298 1.151003 1.151004 1.151004
0.984918 1.000722 0.835131 1.034353 0.826755 0.978719 0.761279 1.141756 1.141758 1.141758
0.845040 0.970056 0.809540 1.002656 0.801421 0.839721 0.737951 1.099719 1.099720 1.099720
0.891291 1.008073 0.848973 1.050432 0.845265 0.886429 0.778331 1.162286 1.162288 1.162288
0.862374 0.969899 0.827230 1.023176 0.788367 0.848166 0.758398 1.140946 1.140947 1.140947
0.864262 0.975426 0.818655 1.002618 0.791538 0.849489 0.750662 1.135186 1.135188 1.135188
0.907086 1.023758 0.859219 1.052297 0.828697 0.891581 0.779121 1.181799 1.181801 1.181801
0.890551 1.015060 0.849651 1.043314 0.820339 0.882814 0.768350 1.171095 1.171097 1.171097
0.878333 0.995312 0.834834 1.006036 0.814598 0.863588 0.757036 1.163566 1.163568 1.163568
0.845717 0.975612 0.798861 0.954809 0.798275 0.846495 0.711708 1.119644 1.119646 1.119646
0.881654 0.741359 0.832807 0.995382 0.832196 0.882465 0.741951 1.166648 1.166650 1.166650
0.922355 0.773419 0.872743 1.036817 0.869702 0.923961 0.776202 1.223341 1.223343 1.223343
0.915070 0.769104 0.863513 1.029022 0.866189 0.918913 0.774471 1.220296 1.220299 1.220299
0.866304 0.733815 0.770301 0.985290 0.824092 0.871884 0.737047 1.153496 1.153499 1.153499
0.900152 0.761873 0.775208 1.017724 0.847847 0.907930 0.767518 1.157620 1.157622 1.157622
0.921994 0.781465 0.798382 1.049456 0.867928 0.932708 0.785920 1.180253 1.180256 1.180256
0.934040 0.793858 0.813760 1.066328 0.880697 0.946213 0.793560 1.201913 1.201917 1.201917
0.829076 0.778419 0.797934 1.045590 0.863570 0.856355 0.778127 1.156275 1.156278 1.156278
0.858727 0.804817 0.829067 1.062214 0.893526 0.876734 0.803595 1.199241 1.199245 1.199245
0.840402 0.793718 0.810850 1.019127 0.881475 0.861881 0.787588 1.183198 1.183201 1.183201
0.858717 0.809026 0.830401 1.033704 0.899708 0.883013 0.806685 1.213997 1.214000 1.214000
0.841715 0.767199 0.812825 1.002984 0.876182 0.864077 0.783753 1.162118 1.162122 1.162122
0.876308 0.797350 0.839048 1.042889 0.910629 0.898711 0.816908 1.210165 1.210168 1.210168
0.876269 0.797451 0.838649 1.041892 0.911063 0.895107 0.814205 1.208126 1.208130 1.208130
0.844518 0.767987 0.817196 1.014394 0.853809 0.875402 0.788099 1.180423 1.180427 1.180427
0.869343 0.791399 0.840042 1.041869 0.865432 0.896020 0.811058 1.218464 1.218468 1.218468
0.867625 0.787764 0.839823 1.023701 0.862601 0.885643 0.810781 1.199645 1.199649 1.199649
0.883871 0.801271 0.856593 1.036400 0.878461 0.899785 0.826655 1.222400 1.222404 1.222404
0.879206 0.795102 0.844509 1.031671 0.872695 0.891013 0.820175 1.213096 1.213100 1.213100
0.881925 0.794548 0.847566 1.031753 0.873477 0.890775 0.821369 1.213254 1.213258 1.213258
0.857878 0.758268 0.793430 1.011821 0.834519 0.860917 0.806040 1.184276 1.184280 1.184280
0.789647 0.635117 0.691924 0.931347 0.768146 0.721094 0.675130 1.079629 1.079632 1.079632
0.884202 0.725315 0.783970 1.062369 0.877237 0.823502 0.771010 1.201857 1.201860 1.201860
0.902851 0.738034 0.801239 1.088071 0.900000 0.847061 0.779834 1.234137 1.234141 1.234141
0.900484 0.737977 0.800525 1.090365 0.903094 0.840694 0.778745 1.239781 1.239786 1.239786
0.886864 0.727096 0.787889 1.074544 0.886360 0.829171 0.761197 1.210782 1.210787 1.210787
0.894753 0.735227 0.788868 1.076773 0.892873 0.841184 0.772732 1.210989 1.210993 1.210993
0.879332 0.692527 0.777323 1.047165 0.854561 0.738180 0.765522 1.204508 1.204513 1.204513
0.927984 0.729579 0.818966 1.100948 0.899096 0.778634 0.807174 1.267175 1.267180 1.267180
0.923744 0.728450 0.814327 1.100806 0.894365 0.762225 0.803625 1.264013 1.264018 1.264018
0.910514 0.725597 0.810383 1.085994 0.885249 0.758476 0.798476 1.256143 1.256148 1.256148
0.918545 0.732798 0.818426 1.091284 0.876514 0.765166 0.802365 1.246131 1.246135 1.246135
0.923401 0.736672 0.815705 1.097053 0.873599 0.769211 0.799698 1.224978 1.224984 1.224984
0.933736 0.745442 0.818399 1.110824 0.886354 0.778760 0.808122 1.238606 1.238611 1.238611
0.924520 0.727734 0.801733 1.084137 0.867084 0.767870 0.797371 1.232205 1.232210 1.232210
0.949417 0.747331 0.823323 1.113332 0.890434 0.788548 0.818843 1.251508 1.251512 1.251512
0.959055 0.754917 0.831680 1.124633 0.899473 0.796552 0.827155 1.261588 1.261592 1.261592
0.937564 0.739292 0.806423 1.097079 0.877557 0.776452 0.806269 1.235125 1.235129 1.235129
0.921964 0.725028 0.793982 1.083721 0.857134 0.758410 0.797852 1.217945 1.217950 1.217950
0.934514 0.733488 0.802440 1.088959 0.867258 0.770449 0.806811 1.235243 1.235247 1.235247
0.736089 0.679599 0.746293 1.001417 0.683113 0.711763 0.743503 1.154641 1.154645 1.154645
0.775129 0.708152 0.760252 1.040137 0.668990 0.750497 0.776856 1.213626 1.213631 1.213631
0.793138 0.717880 0.765564 1.069753 0.694165 0.779102 0.785263 1.264945 1.264950 1.264950
0.673600 0.639552 0.695012 0.908526 0.632678 0.676963 0.666912 1.169157 1.169161 1.169161
0.779474 0.737260 0.802742 1.051230 0.730682 0.773105 0.767092 1.352699 1.352704 1.352704
0.775767 0.733754 0.798924 1.046230 0.727207 0.769429 0.756397 1.309548 1.309553 1.309553
0.800028 0.756701 0.823909 1.078949 0.742864 0.793491 0.745345 1.333957 1.333963 1.333963
0.799954 0.762243 0.824257 1.082011 0.745638 0.796694 0.740700 1.336539 1.336545 1.336545
