0.970396 0.970396 0.975822 0.948389 0.975822 0.968413 0.968413 0.967849 0.967849 0.967849
0.951162 0.924709 0.961124 0.933967 0.957414 0.942635 0.914668 0.950865 0.950866 0.950866
0.962322 0.940430 0.977849 0.948672 0.960688 0.953513 0.927057 0.961385 0.961386 0.961386
0.855904 0.840306 0.678586 0.836335 0.661123 0.850027 0.637979 0.849946 0.849947 0.849947
1.050565 1.038154 0.838675 1.029136 0.815861 1.050271 0.791786 1.056575 1.056576 1.056576
1.003286 0.982232 0.788215 0.987854 0.790108 1.017592 0.746981 1.027814 1.027814 1.027814
1.039241 1.006786 0.816455 1.019108 0.818416 1.039460 0.771972 1.058623 1.058624 1.058624
1.057038 1.022565 0.832678 1.037263 0.833658 1.058197 0.783488 1.081126 1.081127 1.081127
1.038224 1.005543 0.819014 1.019164 0.822458 1.030905 0.766085 1.063706 1.063707 1.063707
1.045033 1.010329 0.826975 1.006173 0.826994 1.025678 0.768851 1.072125 1.072126 1.072126
1.022767 0.996429 0.808831 0.965393 0.815867 1.008336 0.753561 1.057818 1.057819 1.057819
1.059229 1.030165 0.836273 0.996050 0.842380 1.043763 0.779747 1.092103 1.092103 1.092103
1.037952 0.997592 0.821810 0.970654 0.814896 1.029348 0.765654 1.064203 1.064204 1.064204
1.065209 1.022944 0.844709 0.990568 0.836436 1.057182 0.783903 1.092153 1.092154 1.092154
1.059627 1.017584 0.840282 0.985378 0.824193 1.051642 0.745099 1.073121 1.073122 1.073122
1.035062 0.997474 0.810519 0.941134 0.806558 1.026616 0.718828 1.040673 1.040674 1.040674
1.061957 1.028922 0.836028 0.958764 0.829602 1.060958 0.735822 1.071920 1.071921 1.071921
1.083387 1.049684 0.852898 0.978111 0.844242 1.082367 0.742347 1.084707 1.084708 1.084708
1.066698 1.037676 0.844687 0.966269 0.833709 1.052809 0.734978 1.068702 1.068703 1.068703
1.050598 1.021191 0.805756 0.946049 0.813028 1.039185 0.725466 1.016614 1.016615 1.016615
1.079541 1.041792 0.822111 0.972428 0.836495 1.040642 0.736296 1.034243 1.034245 1.034245
1.096223 1.057891 0.827664 0.987455 0.842145 1.056723 0.741270 1.026970 1.026971 1.026971
1.082029 1.010208 0.815809 0.964806 0.825857 1.041288 0.725232 0.989955 0.989957 0.989957
1.128910 1.051036 0.852611 1.002243 0.860736 1.087295 0.756653 1.035246 1.035248 1.035248
1.112918 1.029163 0.811448 0.982781 0.848042 1.068891 0.740792 1.017970 1.017972 1.017972
0.885129 0.962816 0.762003 0.912555 0.674467 0.997066 0.689296 0.960790 0.960792 0.960792
0.991197 1.079372 0.854249 1.017908 0.741299 1.116547 0.768875 1.058016 1.058018 1.058018
0.961388 1.066663 0.844595 1.007336 0.729995 1.073528 0.743912 1.042247 1.042249 1.042249
0.964788 1.067544 0.848626 1.015486 0.727634 1.070096 0.751249 1.048836 1.048838 1.048838
0.983391 1.087736 0.864779 1.023872 0.736010 1.087432 0.767004 1.071905 1.071907 1.071907
0.989196 1.092268 0.862500 1.028618 0.739086 1.092784 0.772424 1.078488 1.078490 1.078490
0.969632 1.071079 0.844874 1.008903 0.721963 1.072714 0.751451 1.048285 1.048287 1.048287
0.946682 1.045531 0.813798 0.991576 0.705967 1.022900 0.717028 1.033900 1.033903 1.033903
0.995182 1.102433 0.854550 1.047027 0.741619 1.057477 0.753895 1.089134 1.089137 1.089137
0.935436 1.025400 0.777056 0.970736 0.648299 0.995295 0.703130 1.021849 1.021851 1.021851
1.004515 1.098236 0.835652 1.043177 0.699406 1.068940 0.758619 1.097046 1.097048 1.097048
1.004447 1.098097 0.837427 1.044298 0.699762 1.072011 0.760839 1.098087 1.098089 1.098089
0.998615 1.089042 0.834452 1.030622 0.694943 1.068628 0.758237 1.096236 1.096239 1.096239
0.980066 1.057852 0.822322 1.001105 0.689896 1.061083 0.752730 1.073711 1.073713 1.073713
0.973241 1.030619 0.785865 1.002256 0.672883 1.046921 0.754099 1.069940 1.069943 1.069943
1.007412 1.071789 0.817383 1.042817 0.699346 1.074297 0.785767 1.116111 1.116114 1.116114
0.954296 0.971427 0.775224 0.950750 0.656130 0.981891 0.733606 1.006359 1.006361 1.006361
1.034138 1.053445 0.833530 1.031682 0.713422 1.065327 0.794466 1.090484 1.090486 1.090486
0.908028 1.028669 0.811453 1.009145 0.700326 1.022302 0.771245 1.067192 1.067194 1.067194
0.811986 1.039276 0.819821 1.019551 0.707548 0.914173 0.779198 1.071329 1.071331 1.071331
0.848582 1.081986 0.855161 1.065406 0.737984 0.942860 0.809418 1.119430 1.119432 1.119432
0.812059 1.030343 0.799909 1.038878 0.678041 0.862965 0.742886 1.093552 1.093554 1.093554
0.862432 1.094712 0.849913 1.106688 0.717284 0.918353 0.787930 1.150945 1.150947 1.150947
0.816736 1.044821 0.758413 1.059997 0.682645 0.871635 0.750098 1.088293 1.088295 1.088295
0.848697 1.093032 0.788391 1.111652 0.706397 0.911203 0.780891 1.127118 1.127120 1.127120
0.858889 1.102306 0.798590 1.128419 0.718281 0.928933 0.782802 1.147095 1.147097 1.147097
0.863890 1.092388 0.798655 1.127368 0.722448 0.935132 0.787351 1.156140 1.156142 1.156142
0.863514 1.094052 0.800617 1.125714 0.724499 0.936198 0.785857 1.161217 1.161220 1.161220
0.830624 1.051604 0.778636 1.093896 0.677664 0.913828 0.759197 1.132408 1.132411 1.132411
0.811485 1.045876 0.755989 1.053390 0.673804 0.908850 0.724186 1.105610 1.105613 1.105613
0.845431 1.091170 0.791941 1.104863 0.701593 0.949666 0.754267 1.146559 1.146562 1.146562
0.843730 1.081325 0.791120 1.101348 0.694575 0.954836 0.754274 1.148408 1.148411 1.148411
0.842526 1.073503 0.787012 1.075232 0.698310 0.945683 0.752430 1.155246 1.155249 1.155249
0.857512 1.092783 0.800665 1.093360 0.711101 0.958687 0.763313 1.173865 1.173868 1.173868
0.829077 1.050623 0.779583 1.064201 0.662743 0.916626 0.743214 1.151459 1.151462 1.151462
0.852399 1.082703 0.799349 1.094557 0.684037 0.944724 0.768487 1.190305 1.190308 1.190308
0.853047 1.079433 0.800377 1.092098 0.683058 0.942275 0.767816 1.187692 1.187695 1.187695
0.850484 1.073370 0.799345 1.071950 0.680123 0.930404 0.766764 1.168145 1.168148 1.168148
0.850451 1.084659 0.807001 1.072850 0.682945 0.939243 0.772890 1.177693 1.177697 1.177697
0.843573 1.063221 0.783844 1.064650 0.673931 0.927199 0.765883 1.156748 1.156751 1.156751
0.862507 1.083406 0.800625 1.082510 0.685084 0.939429 0.777793 1.182041 1.182045 1.182045
0.864903 1.089413 0.807760 1.088746 0.688105 0.943353 0.777380 1.191512 1.191516 1.191516
0.861730 1.082775 0.797655 1.085532 0.684695 0.935669 0.772534 1.184357 1.184361 1.184361
0.875642 1.087332 0.810683 1.100522 0.695893 0.948763 0.779435 1.202955 1.202959 1.202959
0.882593 1.095963 0.817118 1.109258 0.701417 0.956295 0.785622 1.209988 1.209992 1.209992
0.872048 1.081190 0.808340 1.089206 0.692806 0.942312 0.776886 1.195816 1.195820 1.195820
0.871167 1.080098 0.807524 1.088105 0.674789 0.941361 0.759764 1.181539 1.181542 1.181542
0.876418 1.086337 0.815848 1.100541 0.682226 0.948146 0.769053 1.196795 1.196798 1.196798
0.868779 1.086856 0.813395 1.101109 0.680258 0.947593 0.767712 1.196450 1.196454 1.196454
0.858278 1.076459 0.804958 1.092959 0.676118 0.931545 0.759364 1.190516 1.190520 1.190520
0.847751 1.059088 0.794401 1.088655 0.666944 0.928884 0.754155 1.181210 1.181214 1.181214
0.700039 0.917396 0.701215 0.898968 0.591031 0.784753 0.622751 1.061521 1.061524 1.061524
0.808027 0.771860 0.809385 1.037643 0.682203 0.905809 0.718817 1.224670 1.224674 1.224674
0.749258 0.651279 0.711055 0.962174 0.632586 0.764303 0.606522 1.124705 1.124709 1.124709
0.866740 0.746361 0.821388 1.105537 0.731056 0.881483 0.695841 1.295793 1.295797 1.295797
0.857158 0.716805 0.800926 1.077977 0.726275 0.873254 0.689116 1.273985 1.273989 1.273989
0.873157 0.735601 0.816297 1.101317 0.742661 0.893228 0.697669 1.300396 1.300400 1.300400
0.892484 0.751883 0.834365 1.125693 0.759099 0.912999 0.713111 1.324502 1.324506 1.324506
0.875794 0.739410 0.817596 1.101231 0.744474 0.893217 0.699981 1.297281 1.297285 1.297285
0.849145 0.731173 0.802124 1.087687 0.736180 0.883266 0.692183 1.250472 1.250476 1.250476
0.872037 0.754227 0.824191 1.122356 0.758261 0.910663 0.714063 1.292859 1.292863 1.292863
0.822175 0.729848 0.793513 1.059420 0.726800 0.875713 0.693099 1.256556 1.256560 1.256560
0.843999 0.747785 0.812199 1.078123 0.744768 0.900964 0.709825 1.290662 1.290666 1.290666
0.816066 0.733829 0.772769 1.047622 0.720119 0.890372 0.684543 1.267784 1.267788 1.267788
0.816197 0.703445 0.774937 1.036848 0.701419 0.795175 0.690160 1.283318 1.283323 1.283323
0.835956 0.724697 0.797320 1.047642 0.719044 0.814101 0.706153 1.325304 1.325309 1.325309
0.847494 0.735984 0.801741 1.059827 0.727508 0.822951 0.713816 1.345563 1.345568 1.345568
0.758465 0.727627 0.792638 1.047793 0.719248 0.750946 0.705711 1.305154 1.305160 1.305160
0.790618 0.754053 0.824860 1.084033 0.752414 0.784107 0.733772 1.361966 1.361972 1.361972
0.782227 0.753447 0.822002 1.083117 0.750604 0.782420 0.729242 1.360100 1.360106 1.360106
0.781819 0.753850 0.820424 1.080121 0.738709 0.777571 0.728674 1.363127 1.363133 1.363133
0.772428 0.744795 0.810569 1.067147 0.729836 0.768232 0.713276 1.310023 1.310029 1.310029
0.783579 0.757260 0.816034 1.075234 0.739237 0.783642 0.728062 1.317442 1.317448 1.317448
0.788653 0.751475 0.812613 1.066726 0.735104 0.785439 0.730236 1.332271 1.332278 1.332278
0.810168 0.771976 0.834782 1.095827 0.755158 0.806867 0.750157 1.353604 1.353610 1.353610
