0.952008 0.959351 0.951392 0.933309 0.959647 0.956287 0.953389 0.959753 0.959753 0.959753
0.994807 1.002480 0.994163 0.975267 1.002789 0.999278 0.996250 0.999371 0.999371 0.999371
0.983922 0.990095 0.985939 0.965250 0.993278 0.989219 0.983211 0.992451 0.992451 0.992451
0.952082 0.963045 0.959381 0.937718 0.953238 0.957025 0.953098 0.959700 0.959700 0.959700
0.975804 0.988975 0.986130 0.960091 0.980190 0.982417 0.975417 0.988362 0.988362 0.988362
0.974326 0.985074 0.975898 0.959326 0.977441 0.976520 0.971432 0.984551 0.984551 0.984551
0.963487 0.962653 0.967792 0.943417 0.954199 0.971843 0.962601 0.968175 0.968175 0.968175
0.974429 0.970195 0.979680 0.957029 0.969626 0.990115 0.964335 0.984700 0.984700 0.984700
0.947393 0.917042 0.957122 0.934855 0.943644 0.955967 0.903452 0.959599 0.959600 0.959600
0.974040 0.942835 0.989545 0.939353 0.975610 0.980847 0.926965 0.984000 0.984001 0.984001
0.957698 0.930263 0.960754 0.903058 0.960996 0.963785 0.900146 0.960504 0.960505 0.960505
1.000731 0.971260 1.005493 0.938355 1.004346 1.007857 0.938369 1.003666 1.003667 1.003667
0.957141 0.947434 0.973106 0.914263 0.979707 0.983132 0.915349 0.954349 0.954351 0.954351
0.959826 0.919170 0.974476 0.907551 0.976093 0.984235 0.909838 0.934635 0.934637 0.934637
0.987729 0.955268 1.010050 0.943154 1.012800 1.021509 0.940487 0.970790 0.970792 0.970792
0.990283 0.962212 1.017548 0.950488 1.019555 1.015284 0.949190 0.980862 0.980863 0.980863
0.955634 0.889957 0.984543 0.907654 0.958179 0.874866 0.923346 0.957988 0.957989 0.957989
1.003027 0.934093 1.033370 0.952667 0.996198 0.918254 0.926018 0.993180 0.993182 0.993182
0.875591 0.819191 0.703838 0.824308 0.672868 0.803438 0.625465 0.861799 0.861800 0.861800
1.065887 0.997228 0.856806 1.003458 0.819104 0.978053 0.754372 1.020483 1.020486 1.020486
1.086665 1.014719 0.870959 1.014159 0.833589 0.999343 0.767270 1.040983 1.040985 1.040985
0.896803 0.878451 0.768345 0.836965 0.738278 0.843788 0.633212 0.934958 0.934961 0.934961
0.933239 0.831834 0.757521 0.870971 0.768273 0.799011 0.599610 0.963612 0.963614 0.963614
1.029072 0.877636 0.836322 0.924355 0.839056 0.850097 0.651650 1.011405 1.011407 1.011407
1.115179 0.951743 0.899230 1.003047 0.912327 0.922341 0.705716 1.095960 1.095962 1.095962
1.114699 0.948839 0.900149 1.003342 0.916169 0.922069 0.708743 1.095225 1.095227 1.095227
1.068813 0.923360 0.849303 0.966821 0.878455 0.903625 0.677797 1.066833 1.066836 1.066836
1.095513 0.933153 0.861292 0.976806 0.889605 0.922350 0.692319 1.098677 1.098680 1.098680
1.113241 0.946617 0.867802 0.991362 0.902453 0.936362 0.704337 1.116721 1.116724 1.116724
1.125787 0.957285 0.877581 1.002535 0.912623 0.946914 0.712274 1.116919 1.116921 1.116921
1.065087 0.905500 0.819113 0.954790 0.864753 0.874967 0.658589 1.067462 1.067464 1.067464
1.104458 0.940073 0.850591 0.990435 0.900703 0.899927 0.679864 1.108820 1.108822 1.108822
1.117308 0.953634 0.865752 1.004938 0.912665 0.911668 0.685504 1.127576 1.127578 1.127578
1.073415 0.915494 0.840936 0.975319 0.852605 0.888778 0.661426 1.098235 1.098237 1.098237
1.047611 0.900478 0.773339 0.962725 0.836232 0.869348 0.648913 1.070192 1.070195 1.070195
1.099624 0.951357 0.817344 1.013073 0.882484 0.918562 0.688707 1.137673 1.137676 1.137676
1.106098 0.956959 0.822156 1.019038 0.865469 0.923971 0.678179 1.131852 1.131853 1.131853
1.088685 0.948248 0.809519 1.012259 0.848288 0.914905 0.668736 1.110326 1.110327 1.110327
1.111339 0.970919 0.825455 1.037933 0.865337 0.918458 0.682770 1.135792 1.135793 1.135793
0.973936 0.946259 0.802045 1.013305 0.847817 0.879668 0.661538 1.109392 1.109394 1.109394
0.976787 0.943707 0.810074 1.023094 0.819655 0.872467 0.668160 1.128834 1.128836 1.128836
0.949552 0.907793 0.761812 0.980995 0.741026 0.849255 0.644486 1.095326 1.095328 1.095328
1.033354 0.987909 0.829045 1.067571 0.804424 0.924205 0.693588 1.182353 1.182355 1.182355
1.018049 0.980496 0.817188 1.054842 0.795541 0.914277 0.679119 1.167203 1.167205 1.167205
1.015146 0.981636 0.819638 1.055356 0.795631 0.900646 0.680949 1.164642 1.164644 1.164644
1.008411 0.985418 0.822030 1.049276 0.793663 0.903206 0.681863 1.166418 1.166420 1.166420
1.007660 0.987197 0.822843 1.053468 0.797891 0.898104 0.682192 1.173958 1.173961 1.173961
1.029778 1.008866 0.840904 1.076591 0.815404 0.917817 0.697166 1.197236 1.197238 1.197238
1.003437 0.979321 0.817856 1.048958 0.792985 0.882625 0.675246 1.166420 1.166422 1.166422
1.018268 0.991022 0.831363 1.059845 0.803863 0.896405 0.685226 1.186410 1.186412 1.186412
1.016325 0.988885 0.833307 1.063502 0.806311 0.895744 0.688132 1.192250 1.192252 1.192252
0.986913 0.950418 0.812520 1.022133 0.792002 0.880027 0.675920 1.155418 1.155421 1.155421
1.009331 0.968336 0.831413 1.042210 0.808219 0.897002 0.690146 1.178175 1.178177 1.178177
1.006561 0.967368 0.822380 1.037125 0.804388 0.891955 0.686250 1.176663 1.176665 1.176665
0.996504 0.952134 0.811092 1.003848 0.801777 0.875828 0.678701 1.173517 1.173519 1.173519
1.009693 0.966991 0.819609 1.017524 0.815549 0.889597 0.691613 1.195532 1.195535 1.195535
0.997657 0.956817 0.814289 1.012181 0.805370 0.881589 0.683176 1.175844 1.175847 1.175847
1.009059 0.967753 0.816541 1.023749 0.807598 0.891665 0.685066 1.162949 1.162952 1.162952
0.991073 0.932527 0.771806 1.013716 0.779067 0.870141 0.678805 1.146190 1.146193 1.146193
1.014954 0.948560 0.763052 1.032612 0.797368 0.888612 0.690368 1.170806 1.170809 1.170809
1.030893 0.963399 0.776733 1.050025 0.810357 0.905221 0.703309 1.190400 1.190404 1.190404
1.015900 0.951539 0.759630 1.027758 0.797347 0.897000 0.697379 1.162942 1.162945 1.162945
1.030734 0.965086 0.770535 1.031487 0.802822 0.907346 0.708735 1.183064 1.183067 1.183067
1.029481 0.962189 0.772016 1.010474 0.801015 0.895774 0.705801 1.183218 1.183222 1.183222
1.038664 0.956468 0.774456 1.012642 0.808142 0.904528 0.712089 1.196220 1.196224 1.196224
1.048204 0.963582 0.780269 1.018100 0.813081 0.912380 0.718003 1.203430 1.203434 1.203434
1.026826 0.932817 0.748476 0.997783 0.792393 0.889504 0.702665 1.167360 1.167363 1.167363
0.993537 0.918831 0.719731 0.951613 0.780317 0.876168 0.663827 1.128794 1.128798 1.128798
1.049263 0.970532 0.759772 1.004071 0.824513 0.921640 0.698771 1.190151 1.190154 1.190154
1.039706 0.954789 0.747540 0.995250 0.818048 0.890008 0.683903 1.167596 1.167599 1.167599
1.055286 0.960043 0.757672 1.003352 0.829491 0.900625 0.688429 1.180296 1.180300 1.180300
0.947066 0.951793 0.751161 0.994731 0.822363 0.824120 0.682514 1.148048 1.148052 1.148052
0.980498 0.982809 0.779014 1.013891 0.850289 0.845001 0.707764 1.172535 1.172540 1.172540
0.775424 0.914275 0.727428 0.936144 0.672448 0.783784 0.654859 1.100445 1.100450 1.100450
0.853817 1.002760 0.800281 1.039477 0.739454 0.871243 0.725009 1.217155 1.217160 1.217160
0.817423 0.985328 0.782387 0.996335 0.719715 0.850739 0.714587 1.201240 1.201245 1.201245
0.844097 1.018556 0.806787 1.026536 0.731804 0.873512 0.737716 1.243848 1.243853 1.243853
0.828923 1.006108 0.795901 0.994502 0.719294 0.857469 0.723722 1.231635 1.231640 1.231640
0.842888 1.032546 0.813971 1.020675 0.735715 0.879068 0.741091 1.263032 1.263038 1.263038
0.822159 1.006342 0.768966 0.989678 0.710544 0.859323 0.724444 1.189883 1.189888 1.189888
0.848407 1.035922 0.795316 1.013787 0.732433 0.889123 0.749368 1.232962 1.232967 1.232967
0.850758 1.043417 0.797949 1.021462 0.736634 0.895111 0.754848 1.244732 1.244737 1.244737
0.849672 1.042519 0.797291 1.023271 0.732816 0.895780 0.752893 1.231966 1.231972 1.231972
0.840915 0.752078 0.789074 1.012725 0.725263 0.886548 0.745134 1.218671 1.218677 1.218677
0.873870 0.783234 0.818830 1.049163 0.753251 0.918506 0.774563 1.264041 1.264047 1.264047
0.835293 0.741710 0.770256 1.007983 0.730130 0.890727 0.731389 1.230737 1.230743 1.230743
0.872369 0.770118 0.803102 1.044841 0.765259 0.931839 0.761926 1.286767 1.286772 1.286772
0.824229 0.724055 0.741681 1.005897 0.694179 0.842056 0.690424 1.241070 1.241075 1.241075
0.867910 0.754449 0.780980 1.054913 0.730961 0.874401 0.725343 1.299448 1.299453 1.299453
0.880554 0.766277 0.793224 1.066090 0.727872 0.887139 0.733029 1.296434 1.296440 1.296440
0.877086 0.767383 0.794326 1.054386 0.726832 0.890076 0.728474 1.296414 1.296419 1.296419
0.870605 0.756362 0.789227 1.045368 0.715685 0.890100 0.724556 1.291508 1.291513 1.291513
0.759643 0.745632 0.778031 1.030538 0.705532 0.776654 0.714277 1.265076 1.265081 1.265081
0.770692 0.770749 0.804624 1.066749 0.726734 0.781081 0.722878 1.303549 1.303554 1.303554
0.790998 0.788379 0.824988 1.088785 0.741581 0.794405 0.736923 1.337138 1.337144 1.337144
0.803139 0.791077 0.837806 1.102956 0.753120 0.804892 0.742923 1.357073 1.357079 1.357079
0.780274 0.768852 0.813408 1.072223 0.729148 0.783103 0.716342 1.307372 1.307377 1.307377
0.783866 0.750099 0.805704 1.062049 0.735850 0.788077 0.720652 1.305723 1.305729 1.305729
0.785463 0.749598 0.808340 1.069044 0.732375 0.784385 0.726673 1.312015 1.312021 1.312021
0.807258 0.769202 0.831783 1.091890 0.752445 0.803968 0.747462 1.348741 1.348748 1.348748
