0.993099 0.992660 0.993257 0.992490 0.990558 0.992610 0.992359 0.988506 0.988506 0.988506
0.989934 0.991218 0.990101 0.987171 0.985728 0.989970 0.987724 0.982002 0.982002 0.982002
0.986966 0.987207 0.986008 0.984161 0.981740 0.986544 0.983841 0.964825 0.964826 0.964826
0.991585 0.986694 0.990622 0.983648 0.986334 0.991162 0.983329 0.961594 0.961594 0.961594
0.998107 0.990542 0.997095 0.986603 0.992822 0.997638 0.986171 0.964127 0.964126 0.964126
0.990588 0.990410 0.997950 0.988374 0.983231 0.999274 0.986070 0.965121 0.965121 0.965121
0.998995 0.998816 1.006420 0.996763 0.991576 1.007756 0.994440 0.962230 0.962230 0.962230
0.991762 0.996126 0.999133 0.993088 0.988320 0.996214 0.988365 0.955139 0.955138 0.955138
0.978781 0.972934 0.988933 0.979991 0.975384 0.986044 0.978275 0.919988 0.919987 0.919987
0.989457 0.999334 1.012114 1.004494 1.001903 1.011987 1.001724 0.942888 0.942887 0.942887
0.972894 0.979509 0.992466 0.987387 0.981965 0.988217 0.984743 0.902564 0.902563 0.902563
1.006275 1.011758 1.025249 1.018141 1.015426 1.019745 1.014288 0.932125 0.932124 0.932124
0.995937 1.002112 1.013176 0.992194 1.003148 1.007026 1.001011 0.924709 0.924708 0.924708
0.976886 0.986462 0.982905 0.973215 0.986585 0.993067 0.981220 0.893851 0.893851 0.893851
1.005953 1.015422 1.011762 1.000300 1.011431 1.020220 1.010027 0.903141 0.903140 0.903140
1.016701 1.026669 1.023605 1.010962 1.022276 1.031756 1.017159 0.908619 0.908619 0.908619
1.014317 1.023449 1.020395 1.008185 1.017192 1.029582 1.014236 0.902679 0.902679 0.902679
1.015874 1.026891 1.020655 1.011874 1.012053 1.032854 1.012673 0.903921 0.903920 0.903920
1.024594 1.034683 1.028300 1.020559 1.019733 1.040601 1.021274 0.908333 0.908333 0.908333
1.000351 1.008189 1.004598 1.000048 0.991791 1.018818 0.993290 0.884801 0.884801 0.884801
1.015002 1.023276 1.015591 1.014877 1.003633 1.033942 0.989495 0.891381 0.891382 0.891382
1.031934 1.040189 1.030529 1.031961 1.020221 1.046943 1.005570 0.902854 0.902854 0.902854
1.011767 1.022045 0.999052 1.012202 0.995704 1.027291 0.987091 0.884357 0.884357 0.884357
1.036292 1.046819 1.023217 1.036685 1.019250 1.050365 1.010967 0.900114 0.900114 0.900114
1.021868 1.036663 1.012482 1.022534 1.002266 1.035652 0.999026 0.887518 0.887518 0.887518
1.014627 1.028663 1.004669 1.012924 0.990367 1.030198 0.991621 0.870716 0.870716 0.870716
1.031411 1.038376 1.010019 1.028901 1.005989 1.047240 1.000985 0.879296 0.879296 0.879296
1.027019 1.033590 1.002388 1.021807 0.997250 1.038374 0.972676 0.861752 0.861752 0.861752
1.040931 1.050628 0.994825 1.036916 1.011454 1.053566 0.987106 0.867073 0.867073 0.867073
0.996513 1.030163 0.980755 1.019571 0.989115 1.033798 0.973480 0.836211 0.836211 0.836211
1.027140 1.064227 1.013246 1.054375 1.017983 1.067795 1.005877 0.858965 0.858964 0.858964
1.031431 1.067790 1.014916 1.057413 1.022707 1.069212 1.008984 0.859895 0.859895 0.859895
1.021627 1.049376 1.005110 1.037761 1.016243 1.062491 1.002641 0.848874 0.848874 0.848874
1.025049 1.046600 1.009357 1.037173 1.020537 1.066980 1.003765 0.842264 0.842264 0.842264
1.032658 1.057099 1.016932 1.043421 1.030770 1.076216 1.011994 0.851282 0.851281 0.851281
1.037265 1.062039 1.021684 1.049017 1.031665 1.077346 1.009941 0.856432 0.856432 0.856432
1.017393 1.045547 0.997315 1.025670 1.008656 1.055355 0.989684 0.827458 0.827458 0.827458
1.043043 1.075724 1.027439 1.057553 1.031256 1.088161 1.017494 0.852047 0.852046 0.852046
1.025734 1.054143 0.997198 1.039400 1.014276 1.072231 0.986631 0.831658 0.831657 0.831657
1.025593 1.062440 1.008039 1.034297 1.019063 1.067543 0.996850 0.843243 0.843242 0.843242
1.045002 1.077575 1.020158 1.054371 1.039212 1.088714 1.016197 0.858720 0.858719 0.858719
1.026497 1.052691 1.002841 1.034708 1.019984 1.071425 0.997246 0.840957 0.840957 0.840957
1.026162 1.055741 0.994569 1.037706 1.007392 1.074529 0.983348 0.832970 0.832970 0.832970
1.049955 1.078649 1.016281 1.061865 1.025809 1.099156 1.006193 0.847795 0.847795 0.847795
0.985998 1.047440 0.954416 0.991497 0.994755 1.059540 0.978412 0.808511 0.808510 0.808510
1.025820 1.088260 0.992963 1.008290 1.034931 1.102332 1.016924 0.824487 0.824487 0.824487
1.045776 1.108650 1.012545 1.027883 1.054854 1.123553 1.036118 0.836790 0.836790 0.836790
1.034095 1.092412 1.004129 1.019154 1.046087 1.106042 1.027488 0.815485 0.815485 0.815485
1.038099 1.096775 1.008080 1.022650 1.050137 1.107654 1.032485 0.818879 0.818879 0.818879
1.057933 1.117730 1.027341 1.042189 1.070202 1.128817 1.052212 0.834525 0.834525 0.834525
1.028629 1.080094 0.995353 1.003082 1.037363 1.090593 1.016189 0.805919 0.805919 0.805919
1.020808 1.069552 0.987786 0.995455 1.029476 1.079949 1.006271 0.758926 0.758926 0.758926
1.048673 1.098748 1.014749 1.022628 1.043131 1.109428 1.019619 0.753566 0.753567 0.753567
1.074454 1.126545 1.040323 1.047497 1.061246 1.131912 1.045481 0.765039 0.765040 0.765040
1.080151 1.133685 1.045462 1.050836 1.064062 1.138063 1.052167 0.767887 0.767888 0.767888
1.073521 1.136052 1.033273 1.053030 1.065649 1.139760 1.054364 0.764748 0.764749 0.764749
1.076907 1.139636 1.036532 1.056352 1.058301 1.143356 1.051241 0.760058 0.760059 0.760059
1.076639 1.140227 1.036105 1.046039 1.058038 1.143071 1.039890 0.751646 0.751646 0.751646
1.083443 1.147892 1.042908 1.049634 1.062416 1.152372 1.048351 0.754871 0.754872 0.754872
1.082691 1.146351 1.038511 1.049830 1.057691 1.152636 1.046111 0.752815 0.752816 0.752816
