0.945072 0.945415 0.921104 0.951109 0.952232 0.944677 0.937416 0.937416 0.937416 0.937416
0.994143 0.993598 0.969118 1.000062 0.997378 0.992643 0.987600 0.987600 0.987600 0.987600
0.965242 0.976224 0.945965 0.986576 0.970941 0.935027 0.975064 0.975064 0.975064 0.975064
0.965198 0.972727 0.948909 0.987833 0.975085 0.937686 0.970062 0.970062 0.970063 0.970063
0.926396 0.903009 0.907509 0.942583 0.945040 0.896060 0.949740 0.949740 0.949740 0.949740
0.968780 0.936725 0.946173 0.985146 0.995067 0.943740 1.003616 1.003616 1.003616 1.003616
0.972643 0.939769 0.949644 0.989264 1.000266 0.946289 1.012215 1.012215 1.012215 1.012215
0.964987 0.932114 0.929250 0.968590 0.985425 0.928445 1.006155 1.006155 1.006155 1.006155
0.966095 0.942361 0.937912 0.980337 0.997700 0.933116 1.020372 1.020372 1.020372 1.020372
0.966227 0.944561 0.941136 0.984273 0.997567 0.931232 1.025652 1.025652 1.025652 1.025652
0.947973 0.931322 0.930070 0.963940 0.985920 0.919006 1.012232 1.012232 1.012232 1.012232
0.943619 0.928418 0.929215 0.958481 0.982245 0.916801 1.004034 1.004034 1.004034 1.004034
0.956042 0.941611 0.941702 0.973236 0.995480 0.928606 1.018488 1.018488 1.018488 1.018488
0.958996 0.939480 0.940809 0.971745 0.994089 0.929010 1.022921 1.022921 1.022921 1.022921
0.960361 0.940887 0.937031 0.971951 0.993744 0.927638 1.028186 1.028186 1.028186 1.028186
0.965247 0.947600 0.943261 0.979048 0.998114 0.932312 1.035688 1.035688 1.035688 1.035688
0.960537 0.942548 0.937484 0.974560 0.994291 0.927984 1.031561 1.031561 1.031561 1.031561
0.954697 0.942225 0.935967 0.973873 0.992650 0.923543 1.032953 1.032953 1.032953 1.032953
0.942289 0.928911 0.928609 0.965115 0.926586 0.910523 1.025034 1.025034 1.025035 1.025035
0.963601 0.951180 0.944879 0.988386 0.948632 0.931854 1.051496 1.051496 1.051496 1.051496
0.953010 0.935730 0.929645 0.965584 0.920941 0.913880 1.038588 1.038588 1.038589 1.038589
0.959902 0.942405 0.930948 0.971596 0.928912 0.921778 1.050547 1.050547 1.050547 1.050547
0.954925 0.941397 0.910637 0.968803 0.921090 0.917268 1.049558 1.049558 1.049559 1.049559
0.952147 0.937131 0.908492 0.968565 0.913286 0.908836 1.043971 1.043971 1.043972 1.043972
0.960816 0.946816 0.913149 0.975895 0.919114 0.918795 1.054143 1.054143 1.054144 1.054144
0.962482 0.944440 0.917044 0.978132 0.919024 0.920669 1.057493 1.057493 1.057494 1.057494
0.958870 0.941867 0.914096 0.958835 0.910758 0.920393 1.058381 1.058381 1.058382 1.058382
0.956862 0.932290 0.912078 0.954283 0.905754 0.914139 1.056729 1.056729 1.056730 1.056730
0.936307 0.888900 0.898837 0.933918 0.882410 0.895068 1.027951 1.027951 1.027952 1.027952
0.938900 0.902624 0.923192 0.957858 0.905585 0.916361 1.057591 1.057591 1.057592 1.057592
0.936299 0.912108 0.932022 0.956716 0.908267 0.921724 1.068167 1.068167 1.068168 1.068168
0.928210 0.909831 0.929597 0.954360 0.904995 0.917098 1.067159 1.067159 1.067160 1.067160
0.917033 0.912740 0.916816 0.956151 0.908214 0.911515 1.073496 1.073496 1.073497 1.073497
0.915094 0.910533 0.913859 0.953613 0.904226 0.908778 1.069531 1.069531 1.069532 1.069532
0.922028 0.916128 0.922276 0.960359 0.911131 0.902380 1.080553 1.080553 1.080554 1.080554
0.918494 0.916335 0.921664 0.955408 0.910427 0.905595 1.086704 1.086704 1.086705 1.086705
0.890962 0.890235 0.904265 0.937183 0.891932 0.883963 1.073638 1.073638 1.073639 1.073639
0.887574 0.888703 0.902455 0.932887 0.883216 0.881878 1.065481 1.065481 1.065482 1.065482
0.899278 0.900698 0.918770 0.923658 0.897598 0.878476 1.081756 1.081756 1.081757 1.081757
0.887236 0.898149 0.919633 0.914259 0.894831 0.861998 1.080677 1.080677 1.080678 1.080678
0.902458 0.913455 0.929160 0.929972 0.902284 0.879561 1.102655 1.102655 1.102656 1.102656
0.865936 0.912047 0.926261 0.929015 0.902393 0.878011 1.102623 1.102623 1.102624 1.102624
0.867650 0.917602 0.929612 0.934189 0.907811 0.881811 1.106101 1.106101 1.106102 1.106102
0.862119 0.912561 0.919905 0.928211 0.900497 0.877868 1.100347 1.100347 1.100348 1.100348
0.833454 0.880491 0.894680 0.898137 0.875487 0.826463 1.046488 1.046488 1.046488 1.046488
0.868037 0.917316 0.928338 0.928470 0.907334 0.859958 1.092946 1.092946 1.092947 1.092947
0.870679 0.919385 0.936542 0.929144 0.910295 0.859626 1.103418 1.103418 1.103419 1.103419
0.872014 0.921156 0.937489 0.930746 0.915221 0.862003 1.110725 1.110725 1.110726 1.110726
0.871789 0.916527 0.933339 0.929173 0.915895 0.861584 1.111446 1.111446 1.111446 1.111446
0.857905 0.905783 0.901850 0.919081 0.905327 0.851960 1.101528 1.101528 1.101528 1.101528
0.852960 0.902970 0.889447 0.915936 0.901571 0.845503 1.095355 1.095355 1.095355 1.095355
0.828674 0.909904 0.900299 0.927315 0.911100 0.855564 1.109343 1.109343 1.109343 1.109343
0.825098 0.880852 0.894579 0.918827 0.902482 0.854202 1.106015 1.106015 1.106015 1.106015
0.826808 0.882620 0.907682 0.931232 0.913323 0.864937 1.123733 1.123733 1.123733 1.123733
0.835287 0.891488 0.916251 0.940225 0.922379 0.874589 1.136790 1.136790 1.136790 1.136790
0.827452 0.881496 0.906453 0.931282 0.908149 0.866294 1.124909 1.124909 1.124910 1.124910
0.830647 0.883310 0.909570 0.934190 0.903037 0.871067 1.132670 1.132670 1.132671 1.132671
0.804595 0.877019 0.905411 0.930081 0.894344 0.866749 1.130675 1.130675 1.130676 1.130676
0.807373 0.880085 0.910918 0.932664 0.899166 0.868793 1.137860 1.137860 1.137861 1.137861
0.807758 0.876942 0.905756 0.928013 0.895191 0.865621 1.139527 1.139527 1.139528 1.139528
