0.968162 0.969595 0.971734 0.967119 0.969002 0.970295 0.964752 0.964752 0.964752 0.964752
0.986054 0.988718 0.985790 0.983493 0.984248 0.990042 0.983203 0.983203 0.983203 0.983203
0.966388 0.971023 0.967875 0.963122 0.958837 0.971703 0.959923 0.959923 0.959923 0.959923
0.977259 0.974046 0.975819 0.973402 0.976286 0.989644 0.980910 0.980910 0.980910 0.980910
0.971340 0.941298 0.967924 0.962805 0.965361 0.986342 0.976257 0.976257 0.976257 0.976257
0.971112 0.955593 0.966024 0.976140 0.980372 0.992052 0.993791 0.993791 0.993791 0.993791
0.967905 0.950887 0.963368 0.975514 0.971682 0.982545 0.988110 0.988110 0.988110 0.988110
0.938913 0.920598 0.940146 0.947127 0.947916 0.928165 0.942949 0.942949 0.942949 0.942949
0.944518 0.926429 0.921773 0.958867 0.960799 0.933314 0.940893 0.940893 0.940894 0.940894
0.990501 0.971422 0.960190 1.005578 0.998830 0.981849 0.989785 0.989785 0.989785 0.989785
0.987178 0.966375 0.955699 1.002071 0.989401 0.978451 0.985397 0.985397 0.985397 0.985397
0.990891 0.966085 0.953403 1.000348 0.988262 0.978079 0.990081 0.990081 0.990081 0.990081
0.991630 0.966711 0.948591 1.000093 0.990396 0.980180 0.995032 0.995032 0.995032 0.995032
0.988525 0.958567 0.940714 0.984787 0.969127 0.968913 0.990628 0.990628 0.990628 0.990628
0.991480 0.962425 0.943781 0.989905 0.972321 0.971533 0.994797 0.994797 0.994797 0.994797
1.000269 0.970073 0.952331 0.998250 0.976732 0.979076 1.005153 1.005153 1.005153 1.005153
0.982760 0.953029 0.947402 0.991962 0.969155 0.972011 1.001304 1.001304 1.001303 1.001303
0.984674 0.956984 0.952380 0.997749 0.970781 0.971806 1.008308 1.008308 1.008307 1.008307
0.959772 0.942767 0.941777 0.975685 0.956118 0.942078 0.995155 0.995155 0.995154 0.995154
0.966596 0.949760 0.953053 0.960239 0.965858 0.932815 1.004296 1.004296 1.004295 1.004295
0.976288 0.963219 0.964182 0.973342 0.979460 0.944375 1.015554 1.015554 1.015553 1.015553
0.947755 0.946882 0.958710 0.966440 0.973112 0.935993 1.011498 1.011498 1.011498 1.011498
0.929016 0.929588 0.950506 0.957976 0.963371 0.923244 1.009848 1.009848 1.009848 1.009848
0.944596 0.945550 0.965944 0.974228 0.983320 0.939882 1.032002 1.032002 1.032002 1.032002
0.929730 0.929599 0.955688 0.962785 0.915327 0.924058 1.021246 1.021246 1.021246 1.021246
0.945640 0.941502 0.974498 0.979806 0.929287 0.940157 1.040219 1.040219 1.040219 1.040219
0.940659 0.940359 0.972449 0.973352 0.927233 0.942149 1.044635 1.044635 1.044635 1.044635
0.902099 0.938397 0.968886 0.971820 0.926838 0.939975 1.044035 1.044035 1.044035 1.044035
0.900182 0.941809 0.971168 0.975000 0.928991 0.939199 1.049604 1.049604 1.049604 1.049604
0.895846 0.941149 0.950331 0.972557 0.921508 0.934948 1.049004 1.049004 1.049003 1.049003
0.894321 0.939261 0.947658 0.970376 0.917841 0.932526 1.045561 1.045561 1.045561 1.045561
0.901153 0.945091 0.956445 0.977300 0.924907 0.926018 1.056401 1.056401 1.056401 1.056401
0.901470 0.944994 0.955585 0.977934 0.926208 0.926565 1.057723 1.057723 1.057723 1.057723
0.888157 0.935015 0.924432 0.968451 0.916599 0.917292 1.049518 1.049518 1.049518 1.049518
0.889956 0.936650 0.913604 0.957672 0.912008 0.908974 1.053642 1.053642 1.053642 1.053642
0.907127 0.955988 0.926590 0.977576 0.930673 0.927245 1.077329 1.077329 1.077330 1.077330
0.884967 0.935128 0.896691 0.955942 0.909412 0.902944 1.051180 1.051180 1.051181 1.051181
0.859908 0.942459 0.907777 0.967974 0.919172 0.913834 1.064776 1.064776 1.064776 1.064776
0.858511 0.946759 0.911822 0.972423 0.922341 0.915681 1.071298 1.071298 1.071298 1.071298
0.858960 0.939588 0.912194 0.970343 0.919677 0.911843 1.072430 1.072430 1.072430 1.072430
0.865697 0.942443 0.915515 0.976553 0.927812 0.918786 1.081821 1.081821 1.081822 1.081822
0.841894 0.927465 0.895092 0.964947 0.904685 0.866861 1.069822 1.069822 1.069822 1.069822
0.850987 0.937781 0.901396 0.968139 0.909964 0.875412 1.084390 1.084390 1.084390 1.084390
0.847975 0.946904 0.909315 0.966239 0.911956 0.879857 1.094390 1.094390 1.094390 1.094390
0.834251 0.936209 0.901104 0.948890 0.903796 0.870702 1.083052 1.083052 1.083052 1.083052
0.843781 0.946974 0.906447 0.958569 0.912504 0.878098 1.099496 1.099496 1.099496 1.099496
0.842992 0.946131 0.907973 0.957028 0.913412 0.876321 1.101645 1.101645 1.101645 1.101645
0.839638 0.941625 0.909584 0.951017 0.909977 0.869849 1.104413 1.104413 1.104414 1.104414
0.826268 0.923354 0.897926 0.937109 0.899350 0.858472 1.081302 1.081302 1.081302 1.081302
0.837590 0.936837 0.906506 0.949927 0.910132 0.871903 1.097414 1.097414 1.097414 1.097414
0.832417 0.940207 0.908261 0.954412 0.914726 0.869878 1.104777 1.104777 1.104777 1.104777
0.808285 0.935797 0.906323 0.952542 0.908140 0.867686 1.105532 1.105532 1.105532 1.105532
0.810461 0.937628 0.908475 0.955290 0.911708 0.868907 1.113567 1.113567 1.113567 1.113567
0.789583 0.890080 0.891370 0.930815 0.884326 0.847059 1.078503 1.078503 1.078503 1.078503
0.813762 0.912442 0.914970 0.954900 0.907330 0.870688 1.112929 1.112929 1.112930 1.112930
0.816502 0.913870 0.917663 0.957409 0.901779 0.875054 1.120056 1.120056 1.120056 1.120056
0.819086 0.918629 0.921997 0.962554 0.904011 0.877780 1.126069 1.126069 1.126070 1.126070
0.812884 0.912615 0.915511 0.939948 0.892448 0.874154 1.122696 1.122696 1.122696 1.122696
0.819819 0.920211 0.922577 0.947405 0.899758 0.882400 1.133802 1.133802 1.133802 1.133802
0.765238 0.830780 0.858077 0.879163 0.848069 0.820055 1.079543 1.079543 1.079544 1.079544
