0.974545 0.984129 0.982501 0.985232 0.985553 0.978324 0.987181 0.987181 0.987181 0.987181
0.958921 0.973165 0.973779 0.967693 0.976886 0.968294 0.977105 0.977105 0.977105 0.977105
0.969658 0.985077 0.985215 0.962836 0.982628 0.982530 0.992600 0.992600 0.992600 0.992600
0.977931 0.994799 0.988669 0.972470 0.992151 0.991698 1.004200 1.004200 1.004200 1.004200
0.963344 0.980272 0.970300 0.950863 0.972550 0.976001 0.991977 0.991977 0.991977 0.991977
0.960140 0.990020 0.979034 0.949200 0.974888 0.981166 1.001339 1.001339 1.001339 1.001339
0.945748 0.977788 0.956610 0.937175 0.961834 0.964696 0.986488 0.986488 0.986488 0.986488
0.962374 0.993563 0.975004 0.953173 0.978800 0.967413 1.006548 1.006548 1.006548 1.006548
0.942699 0.975283 0.956797 0.932954 0.953044 0.949009 0.982213 0.982213 0.982213 0.982213
0.936481 0.981091 0.973545 0.947933 0.968940 0.962511 1.001096 1.001096 1.001097 1.001097
0.907476 0.948842 0.949080 0.919381 0.944248 0.908284 0.954338 0.954338 0.954338 0.954338
0.938874 0.985863 0.964144 0.956086 0.981274 0.944250 0.994382 0.994382 0.994382 0.994382
0.932326 0.975526 0.960444 0.950671 0.978634 0.940374 0.982428 0.982428 0.982428 0.982428
0.949396 0.993289 0.972367 0.967110 0.997960 0.958933 1.004668 1.004668 1.004668 1.004668
0.942298 0.984259 0.965633 0.962443 0.984972 0.945766 0.994742 0.994742 0.994743 0.994743
0.908859 0.984655 0.970358 0.967365 0.988196 0.950110 1.000172 1.000172 1.000172 1.000172
0.911218 0.986910 0.971795 0.969351 0.988500 0.951728 1.001182 1.001182 1.001182 1.001182
0.913442 0.993412 0.957880 0.973974 0.987690 0.954330 1.007906 1.007906 1.007907 1.007907
0.879800 0.957171 0.899204 0.944095 0.958521 0.918798 0.962921 0.962921 0.962921 0.962921
0.899248 0.988802 0.932429 0.968108 0.989945 0.934001 0.996570 0.996570 0.996571 0.996571
0.911838 1.000794 0.944229 0.981532 0.997676 0.946976 1.009429 1.009429 1.009430 1.009430
0.910251 1.004820 0.946817 0.985123 1.000378 0.946559 1.015205 1.015205 1.015205 1.015205
0.910740 1.004902 0.946141 0.985945 1.001972 0.947294 1.016664 1.016664 1.016664 1.016664
0.910010 1.004492 0.944891 0.985343 1.005046 0.947700 1.021012 1.021012 1.021013 1.021013
0.895830 0.987703 0.935006 0.973923 0.935698 0.931891 1.010530 1.010530 1.010530 1.010530
0.907535 0.999874 0.946922 0.986837 0.949092 0.942858 1.028404 1.028404 1.028405 1.028405
0.885303 0.987018 0.928654 0.978116 0.928288 0.892316 1.020133 1.020133 1.020135 1.020135
0.897943 0.993008 0.941804 0.989442 0.938332 0.900791 1.035250 1.035250 1.035252 1.035252
0.902944 0.994499 0.941235 0.989520 0.938940 0.902072 1.042045 1.042045 1.042046 1.042046
0.905583 0.997293 0.937678 0.992441 0.933511 0.907570 1.048358 1.048358 1.048359 1.048359
0.895232 0.992002 0.932605 0.987210 0.927529 0.900472 1.044420 1.044420 1.044420 1.044420
0.887025 0.982844 0.935651 0.989316 0.928143 0.901560 1.049248 1.049248 1.049249 1.049249
0.888979 0.989051 0.939245 0.995047 0.933924 0.905664 1.052792 1.052792 1.052793 1.052793
0.878329 0.969340 0.925201 0.982567 0.929075 0.901197 1.051097 1.051097 1.051098 1.051098
0.857309 0.969820 0.928037 0.985751 0.927191 0.903609 1.057296 1.057296 1.057296 1.057296
0.860339 0.973290 0.933757 0.988568 0.932265 0.905814 1.064101 1.064101 1.064101 1.064101
0.809901 0.886187 0.875875 0.925176 0.886194 0.848986 1.021809 1.021809 1.021809 1.021809
0.862302 0.943330 0.931793 0.984452 0.943214 0.904725 1.089390 1.089390 1.089391 1.089391
0.855867 0.937431 0.921192 0.975617 0.933649 0.899623 1.081944 1.081944 1.081945 1.081945
0.852447 0.932951 0.922810 0.969474 0.930122 0.892964 1.084644 1.084644 1.084645 1.084645
0.852506 0.928037 0.919159 0.965074 0.926027 0.890663 1.086085 1.086085 1.086086 1.086086
0.852417 0.923012 0.914294 0.953188 0.908890 0.883097 1.084561 1.084561 1.084562 1.084562
0.861657 0.928569 0.920351 0.962140 0.919656 0.892467 1.097312 1.097312 1.097313 1.097313
0.848951 0.889506 0.904924 0.943346 0.901415 0.881713 1.082560 1.082560 1.082561 1.082561
0.828522 0.903320 0.917525 0.958489 0.916938 0.895208 1.101038 1.101038 1.101039 1.101039
0.826653 0.902212 0.915702 0.958430 0.915148 0.892934 1.099888 1.099888 1.099889 1.099889
0.816677 0.905072 0.903087 0.960204 0.918378 0.887474 1.106391 1.106391 1.106391 1.106391
0.820219 0.907365 0.906622 0.963658 0.913642 0.892787 1.114552 1.114552 1.114553 1.114553
0.812163 0.898728 0.902052 0.932459 0.907434 0.869146 1.105880 1.105880 1.105881 1.105881
0.824742 0.911817 0.916200 0.946493 0.917535 0.881644 1.124728 1.124728 1.124729 1.124729
0.816638 0.903658 0.903484 0.937169 0.906982 0.874654 1.114991 1.114991 1.114992 1.114992
0.799136 0.861646 0.890414 0.917217 0.883652 0.856451 1.084682 1.084682 1.084683 1.084683
0.810591 0.875291 0.906510 0.929363 0.897097 0.870642 1.096355 1.096355 1.096356 1.096356
0.824308 0.892058 0.924892 0.948755 0.912031 0.883466 1.120523 1.120523 1.120524 1.120524
0.799985 0.867069 0.907871 0.931107 0.893936 0.862779 1.107586 1.107586 1.107587 1.107587
0.814382 0.878934 0.926545 0.948392 0.908359 0.878574 1.129144 1.129144 1.129145 1.129145
0.816193 0.882684 0.930048 0.952595 0.909754 0.880485 1.134143 1.134143 1.134144 1.134144
0.810386 0.876468 0.918415 0.944673 0.901684 0.871688 1.130260 1.130260 1.130261 1.130261
0.803919 0.869234 0.898593 0.924831 0.888209 0.855158 1.123371 1.123371 1.123372 1.123372
0.810824 0.880272 0.909195 0.931536 0.898590 0.868908 1.143854 1.143854 1.143854 1.143854
