0.945072 0.945415 0.921104 0.951109 0.952232 0.944677 0.937416 0.937416 0.937416 0.937416
0.951381 0.990338 0.963347 0.996814 0.999140 0.989346 0.983447 0.983447 0.983447 0.983447
0.953083 0.986815 0.961186 0.993996 0.996450 0.988492 0.986447 0.986447 0.986447 0.986447
0.945643 0.992149 0.965479 0.987798 0.994355 0.989258 0.991281 0.991281 0.991281 0.991281
0.920180 0.977630 0.962273 0.983116 0.990249 0.982798 0.989660 0.989660 0.989660 0.989660
0.922765 0.981388 0.965237 0.988047 0.993335 0.985278 0.993646 0.993646 0.993646 0.993646
0.915276 0.946430 0.955445 0.975267 0.980184 0.979957 0.986885 0.986885 0.986885 0.986885
0.904975 0.911813 0.951415 0.964430 0.964902 0.969541 0.970042 0.970042 0.970042 0.970042
0.925946 0.933228 0.978162 0.964302 0.990279 0.975320 0.994566 0.994566 0.994567 0.994567
0.929615 0.935402 0.982584 0.970708 0.988656 0.973014 0.996090 0.996090 0.996091 0.996091
0.914789 0.931467 0.972073 0.970562 0.975460 0.928926 0.996738 0.996738 0.996739 0.996739
0.926896 0.947699 0.968470 0.985690 0.985154 0.941495 1.014237 1.014237 1.014238 1.014238
0.930997 0.952266 0.972249 0.990240 0.993344 0.946824 1.023902 1.023902 1.023903 1.023903
0.927377 0.952455 0.970052 0.989924 0.993456 0.945353 1.021116 1.021116 1.021117 1.021117
0.926494 0.952708 0.965306 0.987475 0.989831 0.946187 1.020789 1.020789 1.020789 1.020789
0.928119 0.950337 0.969443 0.989759 0.989754 0.948136 1.024054 1.024054 1.024055 1.024055
0.924612 0.944997 0.964497 0.985887 0.979994 0.944453 1.019080 1.019080 1.019081 1.019081
0.924381 0.937117 0.964147 0.983020 0.976410 0.939769 1.019370 1.019370 1.019371 1.019371
0.888016 0.933749 0.964994 0.984100 0.975692 0.940314 1.020840 1.020840 1.020841 1.020841
0.895927 0.938256 0.967612 0.987445 0.979566 0.944777 1.030952 1.030952 1.030953 1.030953
0.887494 0.921947 0.955621 0.977594 0.977013 0.942560 1.031967 1.031967 1.031967 1.031967
0.881675 0.914850 0.954295 0.975124 0.917940 0.935335 1.030738 1.030738 1.030738 1.030738
0.890614 0.924945 0.960025 0.984987 0.925678 0.946629 1.042418 1.042418 1.042418 1.042418
0.893564 0.928967 0.963726 0.972402 0.923859 0.953057 1.050692 1.050692 1.050693 1.050693
0.898890 0.933654 0.969657 0.977776 0.925379 0.957692 1.058574 1.058574 1.058574 1.058574
0.895498 0.929708 0.964790 0.974376 0.922859 0.954306 1.055528 1.055528 1.055528 1.055528
0.900756 0.936407 0.965619 0.981531 0.929346 0.960670 1.065046 1.065046 1.065047 1.065047
0.871903 0.916115 0.948264 0.953186 0.908977 0.924841 1.043882 1.043882 1.043883 1.043883
0.884930 0.929711 0.956860 0.966461 0.923861 0.939974 1.063982 1.063982 1.063983 1.063983
0.872376 0.920437 0.926212 0.957653 0.914816 0.931116 1.056351 1.056351 1.056352 1.056352
0.882294 0.929578 0.938261 0.968057 0.925271 0.928040 1.071254 1.071254 1.071255 1.071255
0.867572 0.916511 0.915190 0.954146 0.911309 0.910889 1.053547 1.053547 1.053548 1.053548
0.857653 0.907427 0.915078 0.953836 0.909863 0.906126 1.060777 1.060777 1.060778 1.060778
0.868164 0.917826 0.931643 0.963296 0.921216 0.914095 1.080776 1.080776 1.080777 1.080777
0.854155 0.907505 0.923275 0.946047 0.913019 0.904628 1.069632 1.069632 1.069633 1.069633
0.860182 0.913629 0.928754 0.952206 0.917362 0.910199 1.075474 1.075474 1.075475 1.075475
0.864972 0.918785 0.928854 0.956350 0.920840 0.912617 1.085484 1.085484 1.085485 1.085485
0.863516 0.916564 0.926995 0.954923 0.920422 0.909913 1.088600 1.088600 1.088601 1.088601
0.849072 0.898046 0.914368 0.940189 0.908930 0.897279 1.064950 1.064950 1.064951 1.064951
0.865906 0.914205 0.932104 0.958124 0.918188 0.916571 1.089350 1.089350 1.089352 1.089352
0.862024 0.913815 0.930877 0.952562 0.916880 0.919237 1.094836 1.094836 1.094837 1.094837
0.848600 0.899525 0.927880 0.948423 0.911555 0.914399 1.092787 1.092787 1.092789 1.092789
0.849779 0.900815 0.931605 0.949101 0.914585 0.914671 1.097470 1.097470 1.097472 1.097472
0.844094 0.895073 0.921931 0.935763 0.904003 0.907710 1.093166 1.093166 1.093167 1.093167
0.847807 0.894236 0.921182 0.928401 0.891270 0.904054 1.096548 1.096548 1.096550 1.096550
0.840842 0.900569 0.912034 0.933745 0.897904 0.902030 1.107332 1.107332 1.107333 1.107333
0.818347 0.898411 0.912185 0.934063 0.893493 0.901830 1.110643 1.110643 1.110644 1.110644
0.821502 0.903856 0.918724 0.941301 0.896697 0.903356 1.120542 1.120542 1.120542 1.120542
0.826054 0.908677 0.923069 0.945956 0.901361 0.909174 1.128271 1.128271 1.128272 1.128272
0.812629 0.893662 0.895617 0.918364 0.880487 0.884495 1.112044 1.112044 1.112045 1.112045
0.814318 0.901069 0.902944 0.926007 0.886799 0.889570 1.123005 1.123005 1.123006 1.123006
0.813417 0.905268 0.905994 0.929985 0.889766 0.889743 1.130148 1.130148 1.130149 1.130149
0.799343 0.890922 0.893604 0.912911 0.875130 0.876275 1.106682 1.106682 1.106683 1.106683
0.816187 0.905358 0.908629 0.930812 0.894460 0.894536 1.131027 1.131027 1.131028 1.131028
0.798220 0.887278 0.890233 0.909607 0.869528 0.876112 1.101915 1.101915 1.101916 1.101916
0.767378 0.825023 0.852777 0.869352 0.844106 0.838581 1.080584 1.080584 1.080585 1.080585
0.814652 0.877633 0.906718 0.924941 0.895492 0.890198 1.149675 1.149675 1.149675 1.149675
0.800920 0.871324 0.898711 0.919321 0.890341 0.878586 1.144951 1.144951 1.144952 1.144952
0.771635 0.837820 0.871071 0.886487 0.862645 0.824303 1.085175 1.085175 1.085176 1.085176
0.810231 0.879627 0.908529 0.930854 0.897932 0.868271 1.143016 1.143016 1.143017 1.143017
