0.986729 0.986617 0.980136 0.986758 0.978165 0.989851 0.989814 0.989814 0.989814 0.989814
0.981402 0.980520 0.980475 0.979163 0.973098 0.981140 0.990887 0.990887 0.990887 0.990887
0.977912 0.982672 0.981373 0.980957 0.973958 0.978923 0.994743 0.994743 0.994743 0.994743
0.978527 0.981523 0.981576 0.980851 0.965358 0.981147 0.998380 0.998380 0.998380 0.998380
0.976366 0.981507 0.982640 0.982481 0.962966 0.976870 1.001193 1.001193 1.001193 1.001193
0.966495 0.971882 0.977403 0.950395 0.956144 0.950727 0.993114 0.993114 0.993114 0.993114
0.966807 0.985140 0.989812 0.952206 0.961951 0.959258 1.006157 1.006157 1.006157 1.006157
0.967139 0.989521 0.991769 0.955945 0.966146 0.961836 1.007681 1.007681 1.007681 1.007681
0.923531 0.980064 0.986700 0.951268 0.959657 0.956633 1.003094 1.003094 1.003094 1.003094
0.895136 0.988469 0.993589 0.959919 0.969499 0.964623 1.013230 1.013230 1.013230 1.013230
0.894753 0.992073 0.996324 0.958235 0.972062 0.971371 1.022481 1.022481 1.022481 1.022481
0.892836 0.991154 0.990268 0.954725 0.967361 0.971070 1.020936 1.020936 1.020936 1.020936
0.891320 0.987644 0.987275 0.952978 0.959824 0.969319 1.018100 1.018100 1.018100 1.018100
0.897998 0.997071 0.996217 0.962233 0.966351 0.976534 1.027983 1.027983 1.027982 1.027982
0.899313 0.998326 0.996872 0.963072 0.967441 0.978839 1.030879 1.030879 1.030879 1.030879
0.867231 0.974875 0.984631 0.949891 0.954785 0.963706 1.019942 1.019942 1.019942 1.019942
0.862274 0.973442 0.961282 0.949322 0.953561 0.962827 1.021328 1.021328 1.021327 1.021327
0.856464 0.968315 0.958329 0.941910 0.947958 0.958446 1.010873 1.010873 1.010873 1.010873
0.872855 0.986398 0.975448 0.960222 0.967119 0.977023 1.031146 1.031146 1.031146 1.031146
0.848818 0.934670 0.955337 0.933914 0.936362 0.950719 0.996856 0.996856 0.996856 0.996856
0.873860 0.961538 0.983209 0.961651 0.965175 0.977513 1.030947 1.030947 1.030948 1.030948
0.871348 0.951014 0.980270 0.956335 0.959119 0.970110 1.028532 1.028532 1.028533 1.028533
0.867127 0.952272 0.981463 0.957633 0.959322 0.968935 1.031495 1.031495 1.031495 1.031495
0.849772 0.943203 0.975790 0.941525 0.949946 0.944380 1.023550 1.023550 1.023550 1.023550
0.845977 0.940951 0.973187 0.936584 0.940036 0.941524 1.015095 1.015095 1.015095 1.015095
0.843125 0.948969 0.975081 0.948411 0.939342 0.910351 1.028738 1.028738 1.028739 1.028739
0.856587 0.965118 0.991187 0.948103 0.949322 0.928094 1.049983 1.049983 1.049984 1.049984
0.853439 0.962563 0.987811 0.946698 0.946122 0.924420 1.047395 1.047395 1.047395 1.047395
0.845890 0.952952 0.984166 0.942129 0.886867 0.915220 1.043736 1.043736 1.043737 1.043737
0.859241 0.968373 0.999179 0.957182 0.904353 0.930809 1.065598 1.065598 1.065598 1.065598
0.855573 0.964310 0.989509 0.951942 0.898900 0.924151 1.064993 1.064993 1.064993 1.064993
0.851761 0.960865 0.981069 0.947677 0.893381 0.921797 1.061500 1.061500 1.061500 1.061500
0.856631 0.964986 0.988278 0.952620 0.898542 0.913618 1.070460 1.070460 1.070461 1.070461
0.830404 0.958852 0.984518 0.949162 0.890579 0.909790 1.069399 1.069399 1.069399 1.069399
0.827594 0.955343 0.967733 0.933530 0.881334 0.896673 1.067805 1.067805 1.067806 1.067806
0.823075 0.954849 0.969447 0.926761 0.882969 0.897014 1.068261 1.068261 1.068261 1.068261
0.834003 0.963613 0.976287 0.933939 0.890314 0.905175 1.083515 1.083515 1.083515 1.083515
0.829471 0.956816 0.971520 0.931344 0.880535 0.894583 1.075018 1.075018 1.075018 1.075018
0.835908 0.959097 0.975119 0.934248 0.883399 0.899140 1.084724 1.084724 1.084725 1.084725
0.828918 0.943425 0.964057 0.925909 0.882032 0.897981 1.086944 1.086944 1.086944 1.086944
0.840020 0.957328 0.972100 0.939681 0.894873 0.910729 1.104946 1.104946 1.104947 1.104947
0.834383 0.946877 0.968017 0.933896 0.887242 0.904893 1.099114 1.099114 1.099115 1.099115
0.819288 0.944087 0.948860 0.929919 0.884945 0.893876 1.098870 1.098870 1.098871 1.098871
0.813080 0.946146 0.949357 0.932992 0.888158 0.890542 1.104683 1.104683 1.104684 1.104684
0.781316 0.909514 0.889134 0.902271 0.859928 0.855395 1.052929 1.052929 1.052929 1.052929
0.815773 0.944582 0.923529 0.930557 0.881329 0.885626 1.097937 1.097937 1.097937 1.097937
0.820942 0.950609 0.931817 0.935823 0.888627 0.890266 1.108089 1.108089 1.108089 1.108089
0.789826 0.912787 0.901903 0.901145 0.859788 0.834100 1.048778 1.048778 1.048779 1.048779
0.827523 0.956259 0.939479 0.943211 0.902097 0.875134 1.103506 1.103506 1.103506 1.103506
0.813607 0.942693 0.916259 0.929535 0.888368 0.858848 1.085124 1.085124 1.085124 1.085124
0.822509 0.952716 0.925253 0.939197 0.896038 0.867472 1.095261 1.095261 1.095261 1.095261
0.830495 0.957379 0.930340 0.946956 0.905637 0.875695 1.106897 1.106897 1.106897 1.106897
0.814394 0.935498 0.915185 0.929823 0.891910 0.861199 1.079920 1.079920 1.079920 1.079920
0.818882 0.940592 0.931775 0.945610 0.905723 0.875013 1.100984 1.100984 1.100985 1.100985
0.817566 0.942966 0.914726 0.946284 0.901326 0.873864 1.103905 1.103905 1.103905 1.103905
0.797974 0.921785 0.903020 0.933986 0.888488 0.858275 1.097391 1.097391 1.097392 1.097392
0.805473 0.930743 0.908116 0.935775 0.892432 0.865538 1.110790 1.110790 1.110791 1.110791
0.763176 0.852951 0.857355 0.881455 0.853838 0.816505 1.073569 1.073569 1.073569 1.073569
0.796577 0.865592 0.893047 0.915562 0.886604 0.854572 1.122036 1.122036 1.122036 1.122036
0.812680 0.882287 0.911276 0.933669 0.900647 0.870896 1.146472 1.146472 1.146473 1.146473
