0.963660 0.954644 0.938573 0.951656 0.953177 0.941947 0.956303 0.946199 0.946199 0.946199
0.944595 0.929900 0.879574 0.938339 0.938526 0.871030 0.948587 0.917677 0.917677 0.917677
0.994012 0.980556 0.926088 0.991158 0.984967 0.917543 0.998173 0.966300 0.966300 0.966300
0.981711 0.969283 0.913422 0.980411 0.963369 0.901789 0.980454 0.912995 0.912995 0.912995
1.024643 1.014140 0.927260 1.025544 1.001722 0.941995 1.023216 0.953138 0.953138 0.953138
0.957243 0.966092 0.889370 0.946064 0.945647 0.882478 0.974322 0.909175 0.909176 0.909176
1.007643 1.021458 0.940523 0.998692 0.994432 0.930688 1.031513 0.962052 0.962052 0.962052
0.993826 0.990039 0.899944 0.990711 0.963301 0.924111 1.008048 0.949907 0.949907 0.949907
0.981742 0.977665 0.897185 0.979739 0.950685 0.904416 0.976886 0.937487 0.937487 0.937487
0.905186 0.847197 0.840931 0.809421 0.888964 0.854116 0.903653 0.850872 0.850872 0.850872
1.023080 0.955802 0.949775 0.915497 1.001829 0.966824 1.016166 0.954629 0.954629 0.954629
0.927805 0.781296 0.861327 0.830241 0.871414 0.850167 0.822411 0.851199 0.851199 0.851199
1.055920 0.887681 0.985541 0.947640 0.993493 0.962676 0.939065 0.977448 0.977448 0.977448
1.067154 0.865151 0.985284 0.957827 1.005654 0.974716 0.948624 0.991962 0.991962 0.991962
0.988664 0.820272 0.916258 0.908141 0.954819 0.901178 0.878531 0.914193 0.914193 0.914193
1.071504 0.889002 0.993031 0.984234 1.034823 0.976687 0.952143 0.973885 0.973884 0.973884
1.071898 0.889762 0.988312 0.982331 1.034622 0.970461 0.943925 0.973903 0.973903 0.973903
1.050279 0.876140 0.972783 0.962562 1.025751 0.959987 0.928191 0.958789 0.958788 0.958788
1.001502 0.847894 0.904740 0.913508 0.985748 0.876601 0.895955 0.900674 0.900674 0.900674
0.976428 0.899543 0.965111 0.969127 1.042006 0.931965 0.948002 0.957415 0.957415 0.957415
0.920603 0.867337 0.902864 0.935424 1.007576 0.878709 0.906976 0.902954 0.902953 0.902953
0.979730 0.910225 0.960644 0.995796 1.063344 0.933247 0.965053 0.950390 0.950389 0.950389
0.941044 0.887675 0.932822 0.959422 1.021414 0.859013 0.878068 0.904032 0.904032 0.904032
0.965212 0.884696 0.940816 0.929004 1.022059 0.872749 0.899027 0.927719 0.927719 0.927719
0.978050 0.896464 0.940384 0.938690 1.032683 0.834459 0.904444 0.929450 0.929449 0.929449
1.018612 0.933817 0.981434 0.977401 1.018979 0.862558 0.939669 0.969747 0.969746 0.969746
0.969710 0.807956 0.935089 0.845664 0.970581 0.757125 0.901014 0.922432 0.922432 0.922432
1.053320 0.874884 1.004188 0.914071 1.045028 0.808765 0.976630 0.987790 0.987789 0.987789
0.984407 0.617512 0.708777 0.854269 0.921885 0.719896 0.912735 0.917753 0.917753 0.917753
1.103137 0.700254 0.797187 0.952147 1.047981 0.811039 1.033762 1.045790 1.045790 1.045790
1.131582 0.717174 0.818449 0.978433 1.074938 0.831433 1.058919 1.071973 1.071972 1.071972
1.030983 0.685314 0.758335 0.926599 1.020277 0.762739 1.000986 1.032162 1.032161 1.032161
1.090454 0.716630 0.794856 0.978882 1.072445 0.804383 1.055111 1.091703 1.091702 1.091702
1.080849 0.718002 0.795904 0.982093 1.067123 0.802763 1.057809 1.097188 1.097187 1.097187
0.954783 0.703793 0.780153 0.952634 1.048403 0.786877 1.036876 1.049440 1.049439 1.049439
0.961652 0.687703 0.769744 0.919713 1.058283 0.790956 1.019895 1.060209 1.060209 1.060209
0.811528 0.589199 0.620700 0.775715 0.862539 0.670344 0.822870 0.905424 0.905424 0.905424
0.977740 0.708470 0.760467 0.951147 1.060808 0.818997 1.011839 1.113344 1.113344 1.113344
0.988327 0.718950 0.763962 0.963974 1.066914 0.829648 1.027568 1.120349 1.120349 1.120349
0.902163 0.658797 0.696880 0.864998 0.974755 0.758162 0.915813 1.000283 1.000283 1.000283
0.905857 0.712160 0.751483 0.948156 1.062054 0.821139 0.974191 1.086116 1.086116 1.086116
0.925644 0.716851 0.762742 0.968867 1.014659 0.839075 0.949720 1.092153 1.092153 1.092153
0.955883 0.744403 0.792503 0.995423 1.051031 0.867682 0.982932 1.131741 1.131741 1.131741
0.951736 0.743196 0.792752 0.994798 1.050210 0.866704 0.980459 1.127244 1.127244 1.127244
0.714395 0.709447 0.610646 0.949623 1.002519 0.827346 0.935935 1.069597 1.069597 1.069597
0.744444 0.732500 0.639126 0.989141 1.036450 0.853019 0.973575 1.122406 1.122406 1.122406
0.759925 0.753749 0.659614 1.023062 1.074473 0.871237 0.991595 1.165645 1.165645 1.165645
0.732114 0.726729 0.640305 0.986388 1.029784 0.823687 0.938826 1.142580 1.142580 1.142580
0.750877 0.743139 0.661935 1.021177 1.065001 0.733935 0.972045 1.186722 1.186722 1.186722
0.730959 0.669611 0.644975 0.937502 1.023928 0.656420 0.945012 1.147213 1.147212 1.147212
0.778899 0.712218 0.673713 1.002331 1.089311 0.689976 1.008358 1.221294 1.221293 1.221293
0.751545 0.676691 0.646446 0.935310 0.913737 0.627789 0.968544 1.157363 1.157362 1.157362
0.815846 0.734513 0.701615 1.016344 0.996823 0.680812 1.055734 1.263485 1.263484 1.263484
0.659933 0.558728 0.559499 0.604180 0.806324 0.568403 0.853977 1.003870 1.003869 1.003869
0.843448 0.714197 0.711673 0.755913 1.004355 0.727990 1.088959 1.280833 1.280832 1.280832
0.847972 0.717138 0.711864 0.760802 1.008867 0.732950 1.084031 1.290707 1.290706 1.290706
0.822078 0.709436 0.703706 0.741612 0.997574 0.728450 1.077515 1.282703 1.282701 1.282701
0.818816 0.711589 0.699310 0.747933 1.002327 0.734777 1.087029 1.290651 1.290650 1.290650
0.794175 0.708444 0.696892 0.744628 0.996512 0.721189 1.056974 1.257282 1.257281 1.257281
0.815029 0.731461 0.716896 0.766375 1.022651 0.734468 1.084504 1.281708 1.281707 1.281707
0.822108 0.731146 0.720310 0.768611 1.030819 0.740641 1.089752 1.284887 1.284885 1.284885
0.821597 0.720140 0.714724 0.764330 1.018366 0.734017 1.084283 1.280315 1.280314 1.280314
0.796505 0.688479 0.687035 0.738493 0.986844 0.711552 1.029825 1.242591 1.242590 1.242590
0.830313 0.720475 0.709949 0.769462 1.032162 0.746443 1.072297 1.298547 1.298547 1.298547
0.717978 0.670470 0.665770 0.725577 0.973294 0.694636 0.997874 1.098005 1.098005 1.098005
0.792337 0.745612 0.739646 0.805899 1.084119 0.771867 1.101771 1.218898 1.218897 1.218897
0.815634 0.767536 0.761394 0.829596 1.115995 0.794563 1.134166 1.251580 1.251578 1.251578
0.781337 0.741917 0.730850 0.796316 0.983895 0.751166 1.096310 1.187716 1.187714 1.187714
0.799504 0.763932 0.755821 0.819571 1.010570 0.769723 1.132525 1.228026 1.228024 1.228024
0.759299 0.716214 0.713406 0.738770 0.909891 0.697869 1.022693 1.149252 1.149250 1.149250
0.823768 0.767784 0.767163 0.787305 0.979868 0.748996 1.097058 1.239171 1.239170 1.239170
0.826848 0.758094 0.770114 0.784849 0.985334 0.755440 1.096683 1.242034 1.242032 1.242032
0.834818 0.762329 0.779309 0.792643 0.992726 0.758886 1.098422 1.255399 1.255397 1.255397
0.810584 0.740200 0.758717 0.756474 0.964075 0.736856 0.959785 1.199859 1.199857 1.199857
0.855013 0.786227 0.804171 0.790893 1.022302 0.774479 1.018369 1.271332 1.271330 1.271330
0.851504 0.779628 0.800305 0.788193 1.018841 0.768064 1.001053 1.266759 1.266757 1.266757
0.846756 0.775280 0.784969 0.764246 1.011320 0.763781 0.994516 1.241619 1.241617 1.241617
0.843697 0.764786 0.771837 0.753140 1.009511 0.756845 0.989912 1.233308 1.233306 1.233306
0.852005 0.767024 0.775483 0.757490 1.017201 0.744441 0.955892 1.234009 1.234007 1.234007
0.861004 0.774851 0.781491 0.753394 1.013661 0.750572 0.961412 1.256257 1.256255 1.256255
0.876347 0.785277 0.793653 0.767855 1.032054 0.763789 0.979969 1.282859 1.282857 1.282857
0.808992 0.707277 0.729068 0.711463 0.943366 0.713130 0.918250 1.219758 1.219756 1.219756
0.858235 0.750266 0.775866 0.755640 0.999306 0.754685 0.973046 1.301621 1.301619 1.301619
0.855680 0.735858 0.774139 0.754662 0.987211 0.754683 0.960906 1.304422 1.304420 1.304420
0.834199 0.656981 0.748150 0.731887 0.958110 0.732436 0.913061 1.273205 1.273203 1.273203
0.848803 0.671617 0.764262 0.719426 0.975606 0.743117 0.895354 1.301896 1.301893 1.301893
0.814243 0.661696 0.752800 0.710116 0.960031 0.731867 0.865121 1.267231 1.267229 1.267229
0.832860 0.671866 0.766633 0.726778 0.881526 0.749353 0.812135 1.286263 1.286261 1.286261
0.878502 0.707094 0.807529 0.766440 0.922591 0.787359 0.847572 1.351361 1.351359 1.351359
0.877224 0.708849 0.809614 0.761958 0.922741 0.789051 0.848934 1.358076 1.358074 1.358074
0.828396 0.681113 0.776250 0.729920 0.878572 0.759994 0.828467 1.312158 1.312155 1.312155
0.876951 0.721125 0.820508 0.771922 0.930068 0.803265 0.876352 1.387782 1.387780 1.387780
0.856130 0.702944 0.802350 0.757732 0.907261 0.777422 0.861123 1.365236 1.365234 1.365234
0.811415 0.685166 0.784316 0.733526 0.881792 0.760851 0.794852 1.328758 1.328756 1.328756
0.813394 0.688425 0.786248 0.739729 0.820806 0.719160 0.798862 1.345832 1.345829 1.345829
0.823651 0.694662 0.783812 0.747869 0.830085 0.708298 0.803262 1.368503 1.368501 1.368501
0.844939 0.709165 0.800719 0.768412 0.850897 0.720527 0.819307 1.393201 1.393199 1.393199
0.848537 0.710587 0.800376 0.769134 0.855566 0.706621 0.822187 1.391748 1.391746 1.391746
0.850759 0.711421 0.799010 0.771156 0.854504 0.706512 0.827257 1.385949 1.385947 1.385947
0.832549 0.702223 0.785215 0.751873 0.831911 0.690462 0.816448 1.348673 1.348671 1.348671
