0.927844 0.858823 0.928707 0.875029 0.916369 0.852463 0.926621 0.921395 0.921395 0.921395
0.995191 0.919834 0.991820 0.938553 0.979100 0.911810 0.997397 0.981586 0.981586 0.981586
0.967286 0.881661 0.955856 0.909165 0.951241 0.886183 0.949746 0.955121 0.955121 0.955121
0.906960 0.745135 0.896242 0.852463 0.855475 0.805687 0.794727 0.880523 0.880523 0.880523
1.028518 0.837099 0.989905 0.954675 0.959580 0.893085 0.894362 0.980444 0.980445 0.980445
0.798830 0.826825 0.788979 0.942958 0.947803 0.882124 0.883385 0.962599 0.962600 0.962600
0.769763 0.884088 0.843621 0.997766 1.015767 0.943217 0.944565 1.004350 1.004350 1.004350
0.804786 0.920350 0.880050 1.044573 1.062323 0.985929 0.988980 1.053508 1.053509 1.053509
0.800758 0.912068 0.877641 1.039646 1.054770 0.976061 0.976181 1.049400 1.049401 1.049401
0.764199 0.862437 0.841252 0.991755 0.998678 0.921638 0.929964 1.008516 1.008517 1.008517
0.805643 0.915561 0.891160 1.036309 1.058412 0.968163 0.986184 1.068004 1.068005 1.068005
0.758106 0.862209 0.844953 0.975920 0.990798 0.894034 0.911987 1.022522 1.022522 1.022522
0.772456 0.876790 0.875498 1.012008 1.030546 0.923767 0.948401 1.063344 1.063344 1.063344
0.781941 0.873112 0.886916 1.026165 1.033652 0.937900 0.950901 1.081938 1.081938 1.081938
0.702001 0.736694 0.809439 0.825475 0.941119 0.862439 0.856478 0.956147 0.956147 0.956147
0.795339 0.834759 0.912688 0.915517 1.039152 0.979160 0.968139 1.081426 1.081426 1.081426
0.795049 0.836167 0.912847 0.918640 1.035977 0.979812 0.967747 1.081719 1.081719 1.081719
0.776507 0.823739 0.895329 0.893914 1.006610 0.955677 0.953231 1.050563 1.050563 1.050563
0.781318 0.822769 0.896922 0.899979 0.909232 0.962564 0.880266 1.048962 1.048962 1.048962
0.817735 0.859822 0.940277 0.947097 0.950852 0.998729 0.927300 1.106284 1.106284 1.106284
0.784960 0.847209 0.927379 0.933204 0.935602 0.970167 0.892378 1.066586 1.066586 1.066586
0.734344 0.862451 0.949236 0.949967 0.948984 0.989709 0.906015 1.087908 1.087907 1.087907
0.720257 0.821958 0.915494 0.879613 0.908047 0.961552 0.887064 1.067579 1.067578 1.067578
0.762534 0.872328 0.942689 0.933298 0.957736 1.018825 0.939027 1.130499 1.130499 1.130499
0.755370 0.850048 0.933933 0.918213 0.950477 1.014144 0.926424 1.118284 1.118284 1.118284
0.746691 0.846189 0.921090 0.919046 0.947793 1.015227 0.927546 1.116716 1.116716 1.116716
0.699714 0.811505 0.866396 0.881377 0.910216 0.949410 0.868874 1.040983 1.040983 1.040983
0.749280 0.856443 0.921147 0.939139 0.963518 1.008198 0.926330 1.111449 1.111449 1.111449
0.748956 0.856234 0.922677 0.938524 0.912479 1.000216 0.923685 1.112979 1.112979 1.112979
0.756020 0.861616 0.920811 0.942727 0.913014 0.992903 0.930424 1.107580 1.107580 1.107580
0.758964 0.864666 0.921822 0.931442 0.903834 0.994475 0.929622 1.120110 1.120109 1.120109
0.720757 0.746292 0.876140 0.803926 0.858796 0.870780 0.889197 1.062849 1.062849 1.062849
0.775503 0.794979 0.930277 0.855509 0.925718 0.931777 0.955759 1.140042 1.140041 1.140041
0.771733 0.798275 0.927624 0.853069 0.847824 0.915082 0.959723 1.123868 1.123868 1.123868
0.687788 0.765653 0.896577 0.829085 0.823987 0.877686 0.920502 0.979446 0.979445 0.979445
0.760693 0.852126 1.002191 0.922300 0.914767 0.972098 1.027806 1.094580 1.094579 1.094579
0.762582 0.857610 1.008741 0.920523 0.918524 0.978030 1.033518 1.104357 1.104356 1.104356
0.720087 0.799436 0.946681 0.825018 0.822280 0.881653 0.927944 1.027599 1.027598 1.027598
0.784031 0.839404 1.019630 0.898379 0.896717 0.961718 1.009886 1.123510 1.123510 1.123510
0.792119 0.848063 1.030149 0.907647 0.905968 0.971640 1.020304 1.115730 1.115729 1.115729
0.786425 0.841967 1.008771 0.878644 0.897822 0.964655 1.011998 1.091814 1.091814 1.091814
0.783503 0.826315 0.998276 0.875380 0.836303 0.961071 0.961902 1.070423 1.070423 1.070423
0.767363 0.796909 0.972285 0.829138 0.712064 0.887609 0.937824 1.029653 1.029652 1.029652
0.786164 0.828594 0.971553 0.845427 0.735205 0.870811 0.972604 1.039205 1.039204 1.039204
0.682064 0.729842 0.805431 0.733080 0.616043 0.758744 0.806748 0.912405 0.912405 0.912405
0.802278 0.882878 0.977129 0.880741 0.743090 0.921583 0.924177 1.102104 1.102103 1.102103
0.806141 0.887129 0.984469 0.869849 0.746797 0.926021 0.835680 1.090061 1.090060 1.090060
0.819647 0.875074 0.980553 0.847760 0.760990 0.939656 0.829796 1.111699 1.111699 1.111699
0.852552 0.910112 1.019714 0.882671 0.795457 0.976389 0.866657 1.162864 1.162863 1.162863
0.868162 0.926891 1.036818 0.897925 0.810021 0.992692 0.881847 1.183060 1.183059 1.183059
0.785076 0.633024 0.708098 0.811991 0.691419 0.854985 0.797452 1.063566 1.063565 1.063565
0.904552 0.733432 0.820876 0.930798 0.799094 0.986459 0.920859 1.229670 1.229670 1.229670
0.847314 0.700555 0.789441 0.860960 0.756381 0.926607 0.879204 1.176094 1.176093 1.176093
0.880249 0.726450 0.803943 0.897418 0.784505 0.949556 0.914619 1.220650 1.220649 1.220649
0.874715 0.719737 0.805238 0.900158 0.786087 0.819759 0.917513 1.228356 1.228355 1.228355
0.902988 0.734579 0.823780 0.928147 0.806467 0.843787 0.943935 1.268062 1.268061 1.268061
0.891577 0.712760 0.789097 0.921734 0.782072 0.838737 0.923468 1.253419 1.253418 1.253418
0.910605 0.728326 0.801812 0.939239 0.798314 0.850864 0.934692 1.279723 1.279722 1.279722
0.892355 0.717269 0.789316 0.920456 0.791572 0.841789 0.919230 1.260025 1.260024 1.260024
0.900425 0.722859 0.792417 0.929800 0.798038 0.850626 0.918421 1.274386 1.274385 1.274385
0.821226 0.661817 0.722222 0.833624 0.728484 0.776671 0.817841 1.136846 1.136844 1.136844
0.889489 0.716584 0.789457 0.903910 0.788289 0.833436 0.869006 1.230203 1.230201 1.230201
0.936646 0.754573 0.831311 0.951831 0.830081 0.877621 0.915076 1.292162 1.292160 1.292160
0.917575 0.730418 0.807214 0.915941 0.807184 0.850523 0.886371 1.258077 1.258074 1.258074
0.918282 0.738889 0.816089 0.927826 0.810940 0.857013 0.897225 1.276616 1.276613 1.276613
0.913368 0.736940 0.815516 0.926301 0.809483 0.855176 0.894057 1.270251 1.270248 1.270248
0.905896 0.725903 0.804742 0.915019 0.801088 0.826145 0.847920 1.248284 1.248282 1.248282
0.864470 0.711442 0.788530 0.898459 0.784179 0.809387 0.815008 1.208697 1.208695 1.208695
0.906552 0.746013 0.829503 0.943283 0.821135 0.846709 0.853719 1.274998 1.274996 1.274996
0.896584 0.736565 0.824799 0.935631 0.813539 0.833170 0.847120 1.272318 1.272316 1.272316
0.905530 0.737192 0.829789 0.939564 0.821088 0.841249 0.852310 1.277108 1.277106 1.277106
0.861237 0.711872 0.797848 0.896358 0.780968 0.766732 0.767875 1.202890 1.202888 1.202888
0.910768 0.742358 0.843551 0.948188 0.818994 0.809181 0.811890 1.258094 1.258092 1.258092
0.909385 0.746944 0.847914 0.952868 0.825381 0.813528 0.811062 1.263622 1.263620 1.263620
0.872841 0.712440 0.778076 0.919980 0.795779 0.736622 0.787774 1.200025 1.200023 1.200023
0.906873 0.743689 0.811614 0.923408 0.827420 0.763143 0.788805 1.252973 1.252971 1.252971
0.935294 0.763693 0.836459 0.953009 0.853967 0.783758 0.802990 1.292899 1.292897 1.292897
0.916343 0.748884 0.818430 0.935147 0.828572 0.764149 0.782436 1.211823 1.211821 1.211821
0.922194 0.762666 0.826688 0.936049 0.845894 0.773142 0.795856 1.240130 1.240129 1.240129
0.940773 0.781473 0.847240 0.957606 0.862065 0.790201 0.816552 1.271733 1.271731 1.271731
0.942598 0.781752 0.849616 0.961168 0.863686 0.791240 0.816980 1.273270 1.273268 1.273268
0.872034 0.705624 0.782165 0.892505 0.791174 0.740359 0.767182 1.213260 1.213258 1.213258
0.847763 0.719472 0.773292 0.901877 0.801276 0.724714 0.773819 1.246503 1.246501 1.246501
0.827974 0.718605 0.749374 0.901748 0.802602 0.707820 0.766895 1.217779 1.217777 1.217777
0.882383 0.764438 0.798046 0.961693 0.852862 0.755479 0.813145 1.288273 1.288272 1.288272
0.800877 0.746969 0.777900 0.952874 0.839970 0.739625 0.781879 1.264432 1.264431 1.264431
0.826839 0.775865 0.805030 0.986588 0.867175 0.757763 0.807057 1.296731 1.296730 1.296730
0.801511 0.752099 0.769773 0.953653 0.838200 0.693105 0.776718 1.242822 1.242821 1.242821
0.681801 0.601635 0.645534 0.596173 0.713011 0.608533 0.660711 1.038419 1.038418 1.038418
0.848996 0.686090 0.796853 0.738504 0.883875 0.754361 0.801900 1.294620 1.294619 1.294619
0.886488 0.714780 0.830894 0.770950 0.915718 0.784625 0.828449 1.346421 1.346420 1.346420
0.864120 0.694302 0.797365 0.750306 0.891462 0.743895 0.801882 1.317938 1.317936 1.317936
0.858886 0.704187 0.808129 0.749847 0.903740 0.757996 0.817187 1.342835 1.342834 1.342834
0.843931 0.693525 0.794077 0.741214 0.824578 0.702274 0.805046 1.333157 1.333156 1.333156
0.874275 0.714983 0.819201 0.769080 0.853583 0.721440 0.829220 1.370595 1.370593 1.370593
0.880697 0.723018 0.818019 0.774350 0.862719 0.731334 0.834346 1.384088 1.384086 1.384086
0.832981 0.695818 0.785539 0.742955 0.822712 0.705507 0.815509 1.339388 1.339387 1.339387
0.861172 0.722189 0.807117 0.770118 0.846288 0.730955 0.847043 1.378504 1.378503 1.378503
0.862451 0.721637 0.804542 0.768712 0.848581 0.714868 0.847671 1.373263 1.373261 1.373261
0.847858 0.715136 0.799654 0.765699 0.847209 0.703159 0.831462 1.373473 1.373471 1.373471
