0.931176 0.925347 0.890254 0.936677 0.935368 0.878450 0.942306 0.921335 0.921335 0.921335
0.899771 0.972964 0.941195 0.984850 0.979938 0.925606 0.988159 0.970648 0.970648 0.970648
0.899834 0.977859 0.945543 0.984964 0.991605 0.934528 0.991759 0.975323 0.975323 0.975323
0.884047 0.960702 0.931446 0.951137 0.974375 0.918132 0.876833 0.943198 0.943198 0.943198
0.945163 1.027245 0.994336 1.015864 1.041736 0.980049 0.936730 1.007471 1.007470 1.007470
0.856854 0.703323 0.680791 0.920950 0.891440 0.846215 0.849209 0.907986 0.907986 0.907986
0.964265 0.797856 0.774581 1.050099 1.018801 0.952815 0.953520 1.039551 1.039551 1.039551
0.977576 0.813386 0.790103 1.059173 1.036043 0.967301 0.968838 1.057554 1.057554 1.057554
0.963913 0.800546 0.763686 1.047863 1.019904 0.940833 0.956593 1.041784 1.041784 1.041784
0.989884 0.822116 0.784262 1.076096 1.047383 0.966182 0.982367 1.051596 1.051595 1.051595
0.941001 0.774343 0.748810 1.022518 0.987812 0.908748 0.932202 1.006680 1.006679 1.006679
0.980966 0.810396 0.775799 1.068747 1.024598 0.949384 0.976328 1.044725 1.044724 1.044724
0.982445 0.816545 0.778820 1.073432 1.026115 0.943546 0.977598 1.039336 1.039335 1.039335
0.952682 0.791808 0.744970 1.037958 0.992174 0.863336 0.941175 0.996474 0.996473 0.996473
0.900868 0.806092 0.756552 1.071478 1.018069 0.880589 0.942858 1.018962 1.018961 1.018961
0.835319 0.702472 0.713128 0.890221 0.957360 0.836319 0.877111 0.930052 0.930051 0.930051
0.879867 0.757248 0.753992 0.959636 1.033453 0.879119 0.923551 0.974526 0.974524 0.974524
0.935406 0.806700 0.802018 1.024065 1.095730 0.935574 0.981809 1.036699 1.036698 1.036698
0.948369 0.814357 0.812558 1.038977 1.111717 0.944560 0.982522 1.051601 1.051600 1.051600
0.848831 0.656991 0.727274 0.929928 0.954381 0.819753 0.784808 0.925431 0.925430 0.925430
0.924419 0.728023 0.804159 1.027339 1.047948 0.910559 0.883253 1.031161 1.031160 1.031160
0.929139 0.738077 0.811684 1.028784 1.047878 0.913980 0.895327 1.030609 1.030608 1.030608
0.939126 0.743793 0.826929 1.049616 1.067991 0.802574 0.913558 1.054896 1.054895 1.054895
0.947487 0.755691 0.832382 1.072242 1.086946 0.820006 0.933534 1.075149 1.075148 1.075148
0.959863 0.738277 0.834161 1.086367 1.102889 0.832253 0.945298 1.093730 1.093729 1.093729
0.931879 0.656401 0.802806 1.049204 1.065929 0.804363 0.894498 1.063119 1.063118 1.063118
0.941731 0.671262 0.814280 1.054585 1.092742 0.817215 0.913625 1.092480 1.092479 1.092479
0.826633 0.634117 0.775153 1.009473 1.045998 0.771993 0.863068 0.937727 0.937726 0.937726
0.896635 0.686455 0.855006 1.114356 1.158170 0.849144 0.955450 1.038095 1.038094 1.038094
0.916306 0.703227 0.849837 1.141316 1.179134 0.868482 0.976303 1.061110 1.061109 1.061109
0.905383 0.702361 0.848286 1.141465 1.169599 0.864012 0.975726 1.063092 1.063091 1.063091
0.902588 0.702899 0.838290 1.137385 1.169876 0.866791 0.971592 1.062441 1.062440 1.062440
0.864873 0.691357 0.825321 1.118708 1.149069 0.840506 0.933340 1.022495 1.022494 1.022494
0.815339 0.683578 0.791249 1.096222 1.128500 0.797830 0.912905 1.018699 1.018698 1.018698
0.856828 0.718302 0.834114 1.153332 1.184166 0.836374 0.958277 1.076838 1.076837 1.076837
0.857363 0.721931 0.838492 1.157316 1.183711 0.838470 0.964383 1.083148 1.083146 1.083146
0.856316 0.714532 0.834210 1.149292 1.181445 0.837213 0.959532 1.075169 1.075168 1.075168
0.814458 0.680134 0.799465 1.093963 1.117870 0.781428 0.896887 1.040457 1.040455 1.040455
0.847193 0.702621 0.827379 1.133344 1.160231 0.791717 0.892088 1.072330 1.072329 1.072329
0.867072 0.716222 0.848723 1.160274 1.184944 0.806220 0.905738 1.098712 1.098710 1.098710
0.833050 0.678590 0.808524 1.110994 1.137965 0.774534 0.852530 1.056772 1.056771 1.056771
0.863090 0.703192 0.839434 1.150800 1.117030 0.796454 0.881131 1.096860 1.096859 1.096859
0.820819 0.607796 0.798981 0.994681 1.062894 0.698391 0.844025 1.042284 1.042282 1.042282
0.902156 0.672692 0.882399 1.083595 1.174404 0.764866 0.933138 1.150733 1.150731 1.150731
0.885349 0.659926 0.863547 1.046603 1.136511 0.748888 0.911415 1.137639 1.137637 1.137637
0.901172 0.668841 0.877032 1.066747 1.157193 0.762115 0.929055 1.161789 1.161787 1.161787
0.890464 0.658834 0.856777 1.048898 1.133422 0.740568 0.916073 1.131741 1.131739 1.131739
0.836518 0.632949 0.798619 1.008760 1.092009 0.695726 0.873260 1.063504 1.063502 1.063502
0.877107 0.666772 0.840684 1.021808 1.145843 0.727386 0.882425 1.120615 1.120613 1.120613
0.795861 0.671339 0.846442 1.018095 1.156336 0.732368 0.888469 1.100977 1.100976 1.100976
0.782580 0.678899 0.858446 1.022531 1.166021 0.743636 0.850847 1.111744 1.111742 1.111742
0.809370 0.704907 0.891422 1.052881 1.207889 0.771867 0.882671 1.157197 1.157196 1.157196
0.780604 0.693736 0.876656 1.021025 1.188202 0.763168 0.872835 1.144084 1.144082 1.144082
0.788382 0.689229 0.885486 1.024153 1.202241 0.774508 0.877949 1.153838 1.153837 1.153837
0.790528 0.690066 0.889363 1.032579 1.204551 0.769911 0.886078 1.165864 1.165863 1.165863
0.796121 0.693849 0.896427 1.041731 1.213000 0.774873 0.891085 1.173254 1.173253 1.173253
0.749485 0.604613 0.844700 0.924883 1.127821 0.670216 0.837780 1.096849 1.096848 1.096848
0.794996 0.641898 0.894813 0.982567 1.184735 0.707463 0.883815 1.113047 1.113046 1.113046
0.767276 0.604436 0.859385 0.951817 1.132185 0.690586 0.865821 1.106438 1.106436 1.106436
0.793057 0.624531 0.896438 0.984879 1.169116 0.707176 0.877923 1.142554 1.142552 1.142552
0.808445 0.635575 0.918754 1.006917 1.193905 0.717257 0.897914 1.175198 1.175196 1.175196
0.812873 0.639056 0.911165 0.987178 1.198265 0.721186 0.901966 1.164679 1.164678 1.164678
0.818453 0.641998 0.913137 0.990668 1.207965 0.709102 0.907484 1.166482 1.166481 1.166481
0.817202 0.629938 0.884532 0.994891 1.184605 0.712789 0.897796 1.165984 1.165983 1.165983
0.821102 0.636917 0.898235 1.005453 1.194749 0.717208 0.910704 1.183785 1.183784 1.183784
0.812985 0.624721 0.866203 0.983113 1.170070 0.694117 0.894816 1.150844 1.150843 1.150843
0.781428 0.616711 0.854901 0.972313 1.153671 0.684963 0.866314 1.122421 1.122420 1.122420
0.820494 0.647477 0.897462 1.021939 1.217341 0.718480 0.913364 1.185195 1.185194 1.185194
0.798353 0.625388 0.869411 0.994944 1.063317 0.699793 0.815636 1.144365 1.144365 1.144365
0.786894 0.628553 0.879788 0.968360 1.059050 0.691667 0.819415 1.151672 1.151671 1.151671
0.670815 0.544006 0.716662 0.825063 0.871954 0.592166 0.667852 0.993551 0.993550 0.993550
0.827855 0.670393 0.880620 1.018225 1.071940 0.728773 0.827116 1.217847 1.217846 1.217846
0.810384 0.636662 0.844458 0.955417 1.051641 0.711969 0.790713 1.195776 1.195776 1.195776
0.838973 0.649969 0.874060 0.989414 1.079659 0.735589 0.818460 1.224361 1.224361 1.224361
0.844891 0.653367 0.879595 0.997107 1.084120 0.741903 0.820052 1.223942 1.223942 1.223942
0.849241 0.658523 0.888255 1.005976 1.093595 0.748128 0.825783 1.230696 1.230696 1.230696
0.801073 0.630424 0.817220 0.944420 1.039619 0.675782 0.788513 1.143640 1.143640 1.143640
0.838762 0.666060 0.857397 0.990850 1.001808 0.698293 0.833085 1.186226 1.186226 1.186226
0.886553 0.704011 0.906250 1.047307 1.058889 0.738081 0.880553 1.250660 1.250659 1.250659
0.836969 0.645819 0.841290 0.933412 0.975251 0.690217 0.829835 1.181310 1.181308 1.181308
0.867301 0.659233 0.865926 0.967240 0.944859 0.715231 0.820389 1.204613 1.204612 1.204612
0.814365 0.621380 0.812516 0.892789 0.887969 0.672325 0.752109 1.106323 1.106322 1.106322
0.860300 0.646385 0.853583 0.912116 0.815500 0.669755 0.790938 1.147858 1.147857 1.147857
0.883403 0.655234 0.871125 0.888976 0.793897 0.656558 0.772249 1.161484 1.161484 1.161484
0.927524 0.689549 0.914656 0.938979 0.774011 0.649991 0.812927 1.232159 1.232158 1.232158
0.950231 0.699393 0.924710 0.951423 0.794410 0.662248 0.831977 1.258419 1.258418 1.258418
0.918851 0.686655 0.903971 0.922838 0.768219 0.613671 0.762080 1.205091 1.205090 1.205090
0.952083 0.708995 0.922134 0.954697 0.794976 0.618463 0.784104 1.253897 1.253896 1.253896
0.983167 0.730499 0.950926 0.985652 0.814536 0.636183 0.801132 1.289691 1.289690 1.289690
0.970468 0.726621 0.944934 0.979211 0.811518 0.632299 0.791179 1.280571 1.280570 1.280570
0.983002 0.736363 0.952238 0.989576 0.821536 0.636148 0.794188 1.296657 1.296656 1.296656
0.737793 0.702856 0.733424 0.944546 0.784154 0.607201 0.758049 1.230227 1.230226 1.230226
0.803039 0.753966 0.792586 1.022987 0.843713 0.655395 0.821456 1.335087 1.335086 1.335086
0.806757 0.757561 0.792458 1.006060 0.826077 0.659812 0.823376 1.338978 1.338976 1.338976
0.810843 0.760454 0.792434 1.012266 0.829541 0.664109 0.819406 1.348898 1.348896 1.348896
0.817437 0.757949 0.791685 1.019282 0.831105 0.667556 0.823248 1.359869 1.359868 1.359868
0.662154 0.577370 0.632216 0.606782 0.673226 0.558123 0.666861 1.081974 1.081973 1.081973
0.848543 0.731094 0.803044 0.763816 0.856371 0.707551 0.844973 1.378021 1.378020 1.378020
0.853174 0.731525 0.804061 0.769200 0.860395 0.705462 0.844722 1.375010 1.375008 1.375008
0.857174 0.722993 0.808440 0.774111 0.856517 0.710884 0.840597 1.388563 1.388561 1.388561
