0.956858 0.957488 0.955240 0.962956 0.946517 0.960031 0.956745 0.964910 0.964910 0.964910
0.949236 0.959364 0.951724 0.975107 0.960357 0.970117 0.966569 0.975959 0.975959 0.975959
0.956886 0.959964 0.940885 0.977442 0.965420 0.961222 0.970711 0.978584 0.978584 0.978584
0.220932 0.857477 0.839050 0.860070 0.863382 0.851627 0.853095 0.866683 0.866683 0.866683
0.270745 1.054243 1.032463 1.055815 1.017173 1.026375 1.048252 1.061833 1.061833 1.061833
0.266382 1.046844 1.018653 1.040581 1.001759 1.023909 1.024685 1.058230 1.058230 1.058230
0.267957 1.031443 1.018085 1.045625 0.983293 1.027810 1.013229 1.068140 1.068140 1.068140
0.266435 1.038952 1.011775 1.046416 0.981784 1.031815 1.011516 1.079283 1.079283 1.079283
0.264872 1.034970 1.005688 1.040039 0.973744 1.030323 1.003788 1.077769 1.077770 1.077770
0.261899 1.030037 1.002389 1.037873 0.976468 1.004439 0.989938 1.080822 1.080822 1.080822
0.251838 0.978645 0.952473 0.982375 0.933920 0.970558 0.936641 1.001330 1.001330 1.001330
0.269832 1.032358 1.020128 1.033292 0.990035 1.027653 1.000594 1.072480 1.072480 1.072480
0.273126 1.044707 1.034855 1.050532 1.005153 1.036705 1.006893 1.094023 1.094023 1.094023
0.272367 1.038020 1.024761 1.041691 1.000066 0.989941 1.004973 1.087834 1.087833 1.087833
0.271552 1.033547 1.024964 1.052722 1.005608 0.993767 1.005255 1.092898 1.092898 1.092898
0.263098 1.023841 1.010639 1.039639 0.994728 0.967817 0.993814 1.085441 1.085441 1.085441
0.264931 1.020761 1.015357 1.053404 0.999453 0.972984 0.990304 1.095822 1.095822 1.095822
0.258079 1.018978 1.022462 1.059075 1.002485 0.975341 0.987446 1.105403 1.105403 1.105403
0.256279 0.982946 1.018320 1.056265 1.005948 0.976640 0.986751 1.106248 1.106249 1.106249
0.259326 0.987599 1.003662 1.000161 1.013817 0.962276 0.997074 1.120795 1.120795 1.120795
0.250214 0.999073 1.010600 0.988153 1.023276 0.968434 1.004120 1.123845 1.123845 1.123845
0.252778 1.013286 0.998121 1.002128 1.037266 0.970779 0.990045 1.141306 1.141306 1.141306
0.252907 1.017781 0.974859 1.007905 1.048740 0.975928 0.996625 1.148606 1.148607 1.148607
0.245528 0.997810 0.956338 0.999638 1.044557 0.960880 0.981719 1.144859 1.144860 1.144860
0.246795 1.003341 0.964886 0.995458 1.039657 0.934838 0.960781 1.152614 1.152615 1.152615
0.247956 1.016466 0.964650 1.006842 1.052140 0.936223 0.969118 1.165700 1.165701 1.165701
0.240006 0.895504 0.948703 0.977180 1.022133 0.907537 0.945103 1.138782 1.138783 1.138783
0.248599 0.929252 0.971660 1.015995 1.050902 0.938825 0.969399 1.180867 1.180868 1.180868
0.254676 0.949581 0.992450 1.037814 1.073529 0.958932 0.986021 1.204975 1.204976 1.204976
0.251363 0.940876 0.972872 1.031367 1.062766 0.951267 0.962006 1.195462 1.195463 1.195463
0.247199 0.924361 0.964076 1.019173 1.027271 0.929168 0.942129 1.176640 1.176641 1.176641
0.240951 0.925460 0.972847 1.022211 1.030317 0.922243 0.945235 1.174014 1.174015 1.174015
0.246186 0.942412 0.987485 1.039649 1.037295 0.932460 0.964492 1.199839 1.199841 1.199841
0.242139 0.916938 0.974229 1.019873 1.028339 0.908374 0.940173 1.181138 1.181139 1.181139
0.242340 0.911890 0.988005 1.008691 1.030728 0.903067 0.947057 1.186992 1.186994 1.186994
0.235015 0.876787 0.956561 0.881243 0.976195 0.866980 0.920030 1.149005 1.149006 1.149006
0.241628 0.914204 0.984459 0.910955 0.969439 0.910399 0.957898 1.200421 1.200422 1.200422
0.246724 0.921601 0.984947 0.935552 0.994148 0.931925 0.974347 1.227861 1.227862 1.227862
0.246438 0.914578 0.983851 0.935253 0.945606 0.925698 0.945855 1.220088 1.220089 1.220089
0.254823 0.943196 1.015354 0.968008 0.978644 0.957553 0.980524 1.266601 1.266603 1.266603
0.254652 0.941785 1.015153 0.962340 0.979353 0.954371 0.976922 1.267666 1.267668 1.267668
0.244732 0.899994 0.984156 0.932136 0.950943 0.919820 0.942804 1.215928 1.215929 1.215929
0.249772 0.911695 0.992973 0.945494 0.963160 0.927366 0.961027 1.239643 1.239644 1.239644
0.246805 0.911651 0.979627 0.944251 0.965497 0.921943 0.963925 1.251010 1.251011 1.251011
0.248323 0.921345 0.990790 0.949835 0.971327 0.925094 0.968695 1.263689 1.263691 1.263691
0.249804 0.930587 1.000802 0.957623 0.982389 0.935853 0.979139 1.279659 1.279661 1.279661
0.245049 0.909380 0.985009 0.938439 0.961408 0.867982 0.960428 1.261748 1.261749 1.261749
0.241471 0.919765 0.974133 0.950012 0.970139 0.864968 0.966015 1.268157 1.268158 1.268158
0.242757 0.926342 0.983051 0.955804 0.978938 0.863702 0.968034 1.284579 1.284581 1.284581
0.235140 0.908746 0.971520 0.939637 0.969587 0.852136 0.927523 1.270857 1.270858 1.270858
0.238666 0.918812 0.987355 0.942976 0.984074 0.860542 0.942550 1.294307 1.294309 1.294309
0.242672 0.934176 1.003369 0.958616 0.996874 0.874844 0.957263 1.312274 1.312275 1.312275
0.239775 0.914900 0.993342 0.949208 0.973562 0.867196 0.943194 1.305871 1.305872 1.305872
0.235690 0.897958 0.964487 0.923696 0.958623 0.847380 0.909418 1.287434 1.287435 1.287435
0.241825 0.920550 0.986784 0.945431 0.978350 0.870236 0.932347 1.318022 1.318023 1.318023
0.237638 0.911865 0.961269 0.926749 0.949429 0.857941 0.920873 1.299451 1.299451 1.299451
0.231547 0.899296 0.940242 0.913109 0.937732 0.845088 0.904842 1.233996 1.233997 1.233997
0.234256 0.921342 0.953814 0.930827 0.950787 0.863825 0.892620 1.274615 1.274616 1.274616
0.225800 0.901786 0.936852 0.919511 0.942776 0.802369 0.882095 1.260003 1.260004 1.260004
0.235754 0.937366 0.980125 0.961325 0.987365 0.841022 0.906925 1.320437 1.320438 1.320438
