0.984390 0.979864 0.983989 0.980002 0.984049 0.983506 0.969805 0.987036 0.987036 0.987036
0.981255 0.974306 0.969046 0.977930 0.978341 0.979042 0.961150 0.981800 0.981800 0.981800
0.965827 0.958982 0.953481 0.964452 0.968642 0.975418 0.939933 0.977436 0.977436 0.977436
0.939854 0.880864 0.894449 0.890326 0.918361 0.955682 0.913717 0.923215 0.923215 0.923215
0.990456 0.934367 0.953189 0.943102 0.977923 1.019530 0.974301 0.975852 0.975853 0.975853
0.961886 0.919622 0.937691 0.922505 0.968942 0.993145 0.963511 0.941001 0.941002 0.941002
0.988552 0.949123 0.966278 0.949684 0.996656 1.024025 0.994566 0.968050 0.968050 0.968050
0.976016 0.941671 0.957833 0.940019 0.988815 1.017154 0.983262 0.957703 0.957703 0.957703
0.980812 0.946770 0.952327 0.939585 0.991670 1.018708 0.987364 0.962722 0.962722 0.962722
0.990194 0.953754 0.951041 0.950732 0.997573 1.025143 0.995069 0.968698 0.968698 0.968698
0.978225 0.941846 0.942740 0.941021 0.989365 1.004110 0.987200 0.963653 0.963653 0.963653
0.987156 0.934687 0.953529 0.954338 0.996986 1.012854 0.997655 0.974792 0.974792 0.974792
0.988693 0.929960 0.944211 0.948416 0.996626 1.011913 0.993325 0.975647 0.975646 0.975646
0.996587 0.926415 0.948944 0.955517 0.998849 1.010750 0.999891 0.983526 0.983525 0.983525
0.945730 0.861176 0.888153 0.907955 0.944930 0.949563 0.944766 0.843734 0.843734 0.843734
1.032427 0.940079 0.968233 0.991812 1.031821 1.038194 1.029233 0.921787 0.921786 0.921786
1.015989 0.926556 0.952976 0.981094 1.020016 1.026147 1.014128 0.910733 0.910732 0.910732
1.003748 0.923754 0.946414 0.973303 1.017916 1.010488 1.005558 0.885195 0.885194 0.885194
1.008095 0.929672 0.924189 0.980369 1.032837 1.017490 1.000519 0.871867 0.871866 0.871866
1.035018 0.954176 0.953249 1.009309 1.063982 1.045698 1.031245 0.899218 0.899218 0.899218
1.000294 0.915784 0.911194 0.974026 1.027094 1.003116 0.989310 0.854457 0.854456 0.854456
1.040507 0.956736 0.951286 1.015201 1.075179 1.043488 1.026098 0.889270 0.889269 0.889269
1.039995 0.949275 0.951713 1.010613 1.074459 1.042882 1.021758 0.886181 0.886181 0.886181
1.033487 0.938124 0.942151 0.995224 1.067219 1.040874 0.993012 0.873621 0.873620 0.873620
1.032610 0.939510 0.933221 0.993060 1.060577 1.037497 0.983287 0.866440 0.866439 0.866439
1.050126 0.953741 0.945001 1.000936 1.070123 1.039969 0.999069 0.882331 0.882330 0.882330
1.029521 0.931254 0.929781 0.989211 1.060583 1.008304 0.986679 0.872059 0.872058 0.872058
1.047266 0.951123 0.937816 1.009951 1.080149 1.020723 0.992486 0.892296 0.892295 0.892295
1.031689 0.913157 0.923497 0.995671 1.011607 0.962395 0.928049 0.881934 0.881933 0.881933
1.048083 0.932599 0.940044 1.003830 1.027037 0.976292 0.946272 0.867506 0.867505 0.867505
1.078111 0.938773 0.970080 1.029686 1.046725 0.986024 0.971307 0.892666 0.892665 0.892665
1.083605 0.934191 0.968563 1.016423 1.048778 0.991343 0.970725 0.898805 0.898804 0.898804
1.088819 0.940723 0.973905 1.020269 1.055546 1.000225 0.976806 0.905676 0.905675 0.905675
1.086336 0.940653 0.973916 1.024894 1.052697 0.997222 0.973851 0.901887 0.901886 0.901886
1.097614 0.956186 0.984196 1.038017 1.068092 1.012532 0.988309 0.917667 0.917667 0.917667
1.085394 0.946652 0.971157 1.030144 1.056359 0.997527 0.977522 0.902884 0.902884 0.902884
1.059387 0.938971 0.963403 1.019147 1.040963 0.989265 0.965406 0.890415 0.890414 0.890414
1.080312 0.955104 0.980261 1.033705 1.059656 0.999141 0.980273 0.904324 0.904324 0.904324
1.044387 0.912736 0.945661 0.987927 1.004671 0.968826 0.934173 0.857541 0.857541 0.857541
1.074682 0.942359 0.977281 1.012038 1.037590 1.000398 0.963630 0.891473 0.891473 0.891473
1.097834 0.960383 0.999464 1.031606 1.059809 1.020035 0.984382 0.907259 0.907258 0.907258
1.080087 0.946169 0.983706 1.015557 1.038368 1.000541 0.951187 0.888160 0.888159 0.888159
1.070780 0.925111 0.956670 1.006204 1.030250 0.997078 0.937126 0.886569 0.886569 0.886569
1.085219 0.932472 0.962254 1.019803 1.048489 1.013301 0.952044 0.899342 0.899342 0.899342
1.094231 0.939948 0.968892 0.998558 1.057782 1.018763 0.960400 0.904618 0.904617 0.904617
1.108533 0.950189 0.979076 1.009963 1.070360 1.030606 0.971540 0.915192 0.915192 0.915192
1.085006 0.928864 0.957086 0.981487 1.052368 1.017387 0.950718 0.903744 0.903744 0.903744
1.007210 0.333918 0.889565 0.908318 0.976559 0.943532 0.876562 0.840322 0.840322 0.840322
1.159372 0.388797 1.036662 1.055593 1.137642 1.101102 1.012656 0.978602 0.978602 0.978602
1.124319 0.374795 0.998486 1.029161 1.094416 1.053044 0.985286 0.942528 0.942528 0.942528
1.134448 0.385971 1.023361 1.056393 1.119991 1.083352 1.005807 0.971556 0.971557 0.971557
1.129463 0.383726 1.016755 1.052805 1.107741 1.081256 1.001612 0.962446 0.962447 0.962447
1.148334 0.391689 1.037272 1.071100 1.127405 1.093582 1.018842 0.981062 0.981063 0.981063
1.125229 0.385244 1.018486 1.053524 1.110767 1.072897 1.001116 0.964498 0.964499 0.964499
1.128561 0.385250 1.013971 1.054154 1.112192 1.077340 0.998928 0.962372 0.962373 0.962373
1.082840 0.372558 0.975623 1.024544 1.085192 1.036629 0.972537 0.928158 0.928159 0.928159
1.136678 0.391175 1.023911 1.050344 1.143740 1.090941 1.020088 0.978982 0.978983 0.978983
1.126550 0.388604 1.016192 1.045428 1.134031 1.080022 1.014084 0.972998 0.972998 0.972998
1.142875 0.394277 1.028822 1.060365 1.148366 1.093130 1.025440 0.982888 0.982888 0.982888
1.129745 0.389525 1.015628 1.046836 1.132503 1.065318 1.011238 0.967128 0.967129 0.967129
