0.971441 0.975356 0.963233 0.975003 0.972598 0.966743 0.960601 0.977142 0.977142 0.977142
0.977512 0.974968 0.958288 0.973492 0.976802 0.970369 0.960912 0.982580 0.982579 0.982579
0.957262 0.970272 0.953798 0.966302 0.965767 0.965531 0.952158 0.972232 0.972231 0.972231
0.953798 0.966756 0.950018 0.964704 0.967950 0.973787 0.942591 0.979814 0.979813 0.979813
0.967246 0.977940 0.951813 0.979356 0.979022 0.986175 0.950376 0.991514 0.991514 0.991514
0.965336 0.955108 0.952983 0.974674 0.968084 0.966354 0.946478 0.989896 0.989895 0.989895
0.946930 0.933115 0.938164 0.963801 0.959996 0.937460 0.935269 0.978924 0.978924 0.978924
0.971155 0.956944 0.960837 0.989080 0.984811 0.962912 0.957205 1.004739 1.004738 1.004738
0.973170 0.947708 0.959993 0.990644 0.981221 0.956167 0.957883 1.006915 1.006914 1.006914
0.976335 0.954573 0.966404 0.994522 0.985423 0.954269 0.961466 1.012808 1.012807 1.012807
0.967878 0.936910 0.951684 0.968273 0.973840 0.946283 0.947736 1.005814 1.005813 1.005813
0.986021 0.952214 0.970620 0.984292 0.991971 0.962216 0.965495 1.020821 1.020820 1.020820
0.969068 0.938048 0.955252 0.971497 0.975329 0.944623 0.951790 1.006100 1.006099 1.006099
0.975794 0.944291 0.960543 0.949973 0.982644 0.948431 0.958846 1.010635 1.010634 1.010634
0.964494 0.936484 0.953506 0.934773 0.974812 0.940709 0.950067 1.009185 1.009184 1.009184
0.976050 0.945648 0.954496 0.948125 0.982960 0.948916 0.959772 1.017878 1.017877 1.017877
0.954891 0.933599 0.938684 0.931428 0.971374 0.925328 0.942385 0.979692 0.979692 0.979692
0.972461 0.945592 0.948742 0.948594 0.993365 0.944944 0.962031 0.998627 0.998626 0.998626
0.980239 0.954276 0.954285 0.959613 1.001461 0.948952 0.969940 1.001548 1.001547 1.001547
0.968317 0.941495 0.941488 0.941189 0.993742 0.945452 0.957940 0.998176 0.998175 0.998175
0.939780 0.862510 0.880858 0.866549 0.939662 0.923868 0.928754 0.940306 0.940306 0.940306
1.001220 0.918585 0.942775 0.925730 1.004456 0.985241 0.993331 1.006331 1.006331 1.006331
0.981071 0.887715 0.906221 0.906558 0.985035 0.970434 0.967286 0.992869 0.992868 0.992868
1.002786 0.907583 0.926082 0.904964 1.010899 0.994440 0.987919 1.019717 1.019716 1.019716
0.975998 0.878074 0.895217 0.885508 0.976019 0.954491 0.964707 0.985693 0.985692 0.985692
1.003430 0.906581 0.922854 0.911937 1.004310 0.984536 0.996172 1.014405 1.014404 1.014404
0.989861 0.895719 0.910526 0.904281 0.995239 0.975483 0.983945 1.004683 1.004682 1.004682
0.991955 0.892655 0.908972 0.898014 0.996863 0.981809 0.964320 0.998788 0.998787 0.998787
1.000860 0.901918 0.917504 0.906635 1.001655 0.987656 0.955615 1.002750 1.002749 1.002749
0.958113 0.870207 0.880781 0.879150 0.975099 0.948158 0.928236 0.964885 0.964885 0.964885
0.972958 0.873539 0.892540 0.882585 0.971121 0.965752 0.929188 0.961107 0.961106 0.961106
1.021966 0.913322 0.937117 0.922909 1.019685 1.013486 0.961532 1.012233 1.012232 1.012232
1.003671 0.896610 0.923470 0.908106 1.005343 0.986850 0.948313 1.001035 1.001034 1.001034
0.994082 0.889879 0.889317 0.902053 1.005978 0.979951 0.930517 0.972332 0.972332 0.972332
1.019928 0.914996 0.913077 0.924559 1.033819 1.009579 0.956089 1.000424 1.000424 1.000424
1.015637 0.921655 0.920519 0.929519 1.041879 1.019241 0.955529 1.007884 1.007883 1.007883
0.988435 0.874170 0.895507 0.905299 0.963970 0.949382 0.882691 0.984138 0.984137 0.984137
0.991660 0.888819 0.910071 0.914805 0.986695 0.955387 0.901775 0.980365 0.980365 0.980365
1.021054 0.908476 0.937930 0.938126 1.015761 0.983618 0.925033 1.006414 1.006413 1.006413
1.022501 0.894681 0.941414 0.944131 1.015763 0.984602 0.927686 1.010267 1.010266 1.010266
1.008114 0.884146 0.920151 0.929611 0.996083 0.968420 0.906445 0.988704 0.988703 0.988703
1.013782 0.892444 0.927221 0.938377 1.007164 0.975062 0.914073 0.997546 0.997545 0.997545
1.020519 0.898823 0.923479 0.939560 1.011813 0.978235 0.919468 1.004502 1.004501 1.004501
1.024015 0.900292 0.922689 0.934406 1.007330 0.967513 0.921789 1.009308 1.009307 1.009307
0.998675 0.871940 0.890017 0.909955 0.981263 0.936569 0.892360 0.967803 0.967802 0.967802
1.018213 0.907333 0.921732 0.943804 1.014699 0.973603 0.920474 1.008046 1.008045 1.008045
1.014647 0.901498 0.911733 0.938283 1.009453 0.971334 0.912544 0.999341 0.999341 0.999341
1.035400 0.925520 0.930540 0.959770 1.034425 0.996079 0.935323 1.026964 1.026963 1.026963
1.020161 0.913914 0.918950 0.952101 1.018772 0.980708 0.920868 1.009918 1.009918 1.009918
1.031556 0.924221 0.927326 0.962543 1.028272 0.989360 0.928133 1.016843 1.016843 1.016843
0.940921 0.326464 0.846900 0.875280 0.937587 0.901566 0.840840 0.929023 0.929023 0.929023
1.065817 0.371764 0.961230 0.983950 1.061374 1.019779 0.955962 1.018933 1.018933 1.018933
1.086073 0.381309 0.990495 1.007822 1.092851 1.051948 0.985652 1.041425 1.041425 1.041425
1.081801 0.379266 0.984557 1.004864 1.081399 1.050400 0.981996 1.032138 1.032138 1.032138
1.080646 0.380715 0.987433 1.006338 1.085513 1.055626 0.982256 1.033118 1.033118 1.033118
1.090174 0.385739 0.999776 1.017234 1.102048 1.064980 0.988044 1.042769 1.042769 1.042769
1.036588 0.359285 0.937579 0.968512 1.044621 1.002489 0.935419 0.896327 0.896327 0.896327
1.141247 0.394710 1.029633 1.064563 1.148752 1.102131 1.028368 0.985480 0.985480 0.985480
1.125412 0.389012 1.013974 1.048442 1.130149 1.071497 1.011678 0.967338 0.967338 0.967338
1.142479 0.393915 1.027075 1.058635 1.145268 1.077325 1.022637 0.978029 0.978030 0.978030
