0.987677 0.986127 0.987368 0.983518 0.988087 0.987719 0.990457 0.990457 0.990457 0.990457
0.959389 0.943227 0.951947 0.955453 0.960662 0.957173 0.961352 0.961352 0.961352 0.961352
0.955111 0.943556 0.943356 0.944499 0.950096 0.957009 0.943092 0.943092 0.943093 0.943093
0.977948 0.963529 0.981919 0.982053 0.989410 0.993002 0.982183 0.982183 0.982183 0.982183
0.979840 0.965342 0.981316 0.984880 0.990567 0.996440 0.987494 0.987494 0.987494 0.987494
0.964595 0.965383 0.974694 0.966535 0.986534 0.992379 0.987356 0.987356 0.987356 0.987356
0.970411 0.969263 0.980605 0.969408 0.992069 0.995490 0.997999 0.997999 0.997999 0.997999
0.964419 0.952732 0.975332 0.964248 0.985919 0.989720 0.993581 0.993581 0.993581 0.993581
0.972278 0.942788 0.982951 0.973079 0.989564 0.998094 1.005142 1.005142 1.005142 1.005142
0.975777 0.946218 0.986062 0.976188 0.993254 1.000622 1.011136 1.011136 1.011136 1.011136
0.973464 0.940606 0.980780 0.973286 0.987484 0.997041 1.009107 1.009107 1.009107 1.009107
0.967842 0.937007 0.977431 0.968568 0.986089 0.993384 1.008803 1.008803 1.008803 1.008803
0.945945 0.915515 0.964199 0.949410 0.960007 0.964438 0.993880 0.993880 0.993880 0.993880
0.966436 0.930269 0.982330 0.966020 0.979080 0.982689 1.016620 1.016620 1.016620 1.016620
0.929773 0.911128 0.960836 0.928096 0.938878 0.951294 0.998612 0.998612 0.998612 0.998612
0.957577 0.936172 0.986640 0.954115 0.960331 0.978350 1.030743 1.030743 1.030744 1.030744
0.941350 0.915862 0.973250 0.930636 0.928814 0.955341 1.015150 1.015150 1.015150 1.015150
0.924507 0.920028 0.981614 0.930867 0.935855 0.959337 1.026110 1.026110 1.026111 1.026111
0.925099 0.912911 0.972209 0.921632 0.932259 0.961206 1.023155 1.023155 1.023155 1.023155
0.908786 0.910037 0.969191 0.914093 0.927245 0.960804 1.018592 1.018592 1.018592 1.018592
0.926844 0.931376 0.992265 0.934075 0.947823 0.982695 1.042796 1.042796 1.042796 1.042796
0.921106 0.922142 0.984696 0.925842 0.933678 0.977423 1.037321 1.037321 1.037321 1.037321
0.928474 0.928093 0.986641 0.929202 0.937050 0.977799 1.045735 1.045735 1.045735 1.045735
0.926391 0.913595 0.982703 0.915247 0.930884 0.974732 1.046771 1.046771 1.046771 1.046771
0.923958 0.904431 0.981091 0.909745 0.924959 0.959265 1.049518 1.049518 1.049518 1.049518
0.907212 0.883001 0.955155 0.889607 0.911108 0.935061 1.013701 1.013701 1.013701 1.013701
0.940128 0.910173 0.989120 0.921722 0.932484 0.967913 1.052112 1.052112 1.052112 1.052112
0.930166 0.899162 0.977362 0.910961 0.918476 0.951499 1.039078 1.039078 1.039078 1.039078
0.941309 0.905533 0.987295 0.922639 0.911283 0.963224 1.053415 1.053415 1.053415 1.053415
0.918580 0.880504 0.976738 0.908348 0.892471 0.950503 1.035564 1.035564 1.035565 1.035565
0.934440 0.896509 0.995907 0.925203 0.909951 0.968902 1.056423 1.056423 1.056423 1.056423
0.934378 0.896116 0.992074 0.920569 0.908156 0.968509 1.058150 1.058150 1.058150 1.058150
0.927890 0.887834 0.978975 0.913883 0.902683 0.963983 1.053897 1.053897 1.053897 1.053897
0.929044 0.886196 0.979699 0.912887 0.902301 0.964543 1.061139 1.061139 1.061139 1.061139
0.926096 0.888838 0.976681 0.913051 0.901819 0.968433 1.065323 1.065323 1.065323 1.065323
0.915661 0.877525 0.967414 0.901435 0.895734 0.961693 1.062141 1.062141 1.062140 1.062140
0.912054 0.861127 0.963964 0.899725 0.889452 0.942108 1.061778 1.061778 1.061777 1.061777
0.911120 0.863428 0.959377 0.890367 0.893506 0.941382 1.070005 1.070005 1.070004 1.070004
0.917761 0.862926 0.965250 0.888082 0.899119 0.950227 1.081142 1.081142 1.081142 1.081142
0.906317 0.867263 0.947304 0.891783 0.903692 0.955127 1.087675 1.087675 1.087675 1.087675
0.876490 0.840049 0.912791 0.856448 0.866683 0.921366 1.029386 1.029386 1.029387 1.029387
0.883264 0.873774 0.950245 0.890015 0.900205 0.961682 1.074597 1.074597 1.074598 1.074598
0.887207 0.874635 0.948651 0.898350 0.905540 0.967407 1.084521 1.084521 1.084521 1.084521
0.895938 0.880909 0.957699 0.904341 0.914330 0.975263 1.096356 1.096356 1.096356 1.096356
0.797087 0.859529 0.912368 0.867740 0.894061 0.950524 1.076818 1.076818 1.076819 1.076819
0.788720 0.873996 0.919297 0.869758 0.907774 0.961761 1.089430 1.089430 1.089430 1.089430
0.804028 0.886822 0.932101 0.885325 0.916840 0.979789 1.112539 1.112539 1.112540 1.112540
0.798151 0.879856 0.920642 0.879967 0.898117 0.974883 1.112206 1.112206 1.112206 1.112206
0.799371 0.882842 0.921085 0.876934 0.886799 0.977774 1.116516 1.116516 1.116517 1.116517
0.791729 0.870120 0.910374 0.864704 0.866296 0.967522 1.107837 1.107837 1.107837 1.107837
0.800443 0.868738 0.924512 0.873960 0.874829 0.967146 1.126314 1.126314 1.126315 1.126315
0.763728 0.819144 0.909847 0.857836 0.847104 0.940630 1.101653 1.101653 1.101653 1.101653
0.670687 0.744480 0.826358 0.782943 0.733800 0.790502 0.970626 0.970626 0.970626 0.970626
0.776453 0.872613 0.968473 0.918338 0.860508 0.926781 1.140617 1.140617 1.140618 1.140618
0.754815 0.851614 0.939877 0.889624 0.834978 0.900226 1.095484 1.095484 1.095484 1.095484
0.771882 0.865323 0.959357 0.901692 0.852995 0.925720 1.129348 1.129348 1.129349 1.129349
0.769266 0.865677 0.962688 0.900104 0.844825 0.926598 1.136242 1.136242 1.136242 1.136242
0.769977 0.863224 0.957682 0.895974 0.839456 0.890442 1.138690 1.138690 1.138690 1.138690
0.767790 0.861984 0.955704 0.860106 0.836447 0.887384 1.136979 1.136979 1.136979 1.136979
0.745602 0.837926 0.928486 0.830128 0.803277 0.867037 1.090644 1.090644 1.090644 1.090644
