0.969221 0.966626 0.985283 0.984225 0.985757 0.982189 0.985823 0.985823 0.985823 0.985823
0.962422 0.961196 0.979132 0.940869 0.978112 0.974718 0.980221 0.980221 0.980221 0.980221
0.945556 0.958277 0.976202 0.933276 0.972960 0.974420 0.975958 0.975958 0.975958 0.975958
0.968848 0.979576 0.997287 0.954529 0.990098 0.997003 1.002204 1.002204 1.002204 1.002204
0.956891 0.961325 0.983164 0.934410 0.976891 0.990196 0.997872 0.997872 0.997872 0.997872
0.968901 0.970820 0.995205 0.943166 0.989021 1.000917 1.011469 1.011469 1.011469 1.011469
0.961226 0.963077 0.984809 0.936576 0.980436 0.994501 1.006933 1.006933 1.006933 1.006933
0.954999 0.954626 0.972263 0.930212 0.974986 0.990320 1.003358 1.003358 1.003358 1.003358
0.929689 0.933812 0.942155 0.899186 0.942910 0.968225 0.962505 0.962505 0.962505 0.962505
0.955874 0.945899 0.969052 0.926407 0.966475 0.979079 0.993188 0.993188 0.993188 0.993188
0.964448 0.951077 0.971766 0.939277 0.976563 0.989324 1.006855 1.006855 1.006856 1.006856
0.961391 0.953916 0.968776 0.939449 0.976046 0.993317 1.010829 1.010829 1.010829 1.010829
0.959031 0.944139 0.965278 0.927974 0.972676 0.992951 1.011471 1.011471 1.011471 1.011471
0.960746 0.942282 0.965606 0.927179 0.965852 0.995553 1.014238 1.014238 1.014238 1.014238
0.967452 0.943814 0.971668 0.933486 0.960561 1.001391 1.022904 1.022904 1.022904 1.022904
0.967290 0.939275 0.966283 0.931948 0.951524 1.000572 1.024543 1.024543 1.024543 1.024543
0.967563 0.937663 0.966589 0.929378 0.951397 0.997974 1.029670 1.029670 1.029670 1.029670
0.953755 0.919816 0.956066 0.908975 0.922677 0.977155 1.016853 1.016853 1.016853 1.016853
0.974264 0.939633 0.976204 0.928149 0.942640 0.997108 1.041167 1.041167 1.041167 1.041167
0.966951 0.920076 0.967179 0.909387 0.931498 0.988738 1.036702 1.036702 1.036702 1.036702
0.972210 0.920059 0.969720 0.910604 0.934921 0.991452 1.043584 1.043584 1.043584 1.043584
0.945142 0.880758 0.935701 0.885348 0.909719 0.961581 1.013752 1.013752 1.013752 1.013752
0.871578 0.890775 0.923974 0.880548 0.922047 0.971425 1.032059 1.032059 1.032059 1.032059
0.876341 0.895357 0.937662 0.887937 0.923457 0.970224 1.046014 1.046014 1.046014 1.046014
0.892706 0.911738 0.951558 0.900048 0.938909 0.988006 1.067360 1.067360 1.067360 1.067360
0.886567 0.904971 0.940269 0.894990 0.920136 0.983487 1.067505 1.067505 1.067505 1.067505
0.879749 0.896684 0.934717 0.886800 0.917233 0.980175 1.068166 1.068166 1.068166 1.068166
0.874074 0.894198 0.925217 0.872811 0.916410 0.974101 1.070597 1.070597 1.070597 1.070597
0.869767 0.903894 0.928899 0.865805 0.922536 0.980609 1.082009 1.082009 1.082009 1.082009
0.845757 0.899025 0.927615 0.857454 0.920336 0.974971 1.082873 1.082873 1.082873 1.082873
0.834421 0.881944 0.907436 0.842505 0.910913 0.954940 1.050948 1.050948 1.050948 1.050948
0.857740 0.903793 0.932325 0.864030 0.934809 0.980976 1.086389 1.086389 1.086389 1.086389
0.856681 0.892795 0.931921 0.863702 0.933633 0.980138 1.086956 1.086956 1.086956 1.086956
0.858368 0.891194 0.928041 0.860636 0.928666 0.942876 1.090434 1.090434 1.090434 1.090434
0.865803 0.902068 0.939694 0.869785 0.938844 0.953760 1.104077 1.104077 1.104077 1.104077
0.831945 0.868164 0.899657 0.829970 0.894626 0.914152 1.038215 1.038215 1.038215 1.038215
0.851068 0.884940 0.933025 0.856580 0.918476 0.945650 1.069916 1.069916 1.069916 1.069916
0.737710 0.793865 0.836436 0.771675 0.785323 0.784431 0.930459 0.930459 0.930459 0.930459
0.854432 0.918077 0.967515 0.892797 0.905511 0.902703 1.075726 1.075726 1.075726 1.075726
0.856105 0.912175 0.959509 0.885106 0.903221 0.905654 1.074041 1.074041 1.074041 1.074041
0.869956 0.925478 0.974728 0.895639 0.918215 0.920346 1.094490 1.094490 1.094490 1.094490
0.824652 0.866968 0.953026 0.873395 0.883331 0.889289 1.063560 1.063560 1.063560 1.063560
0.846929 0.883777 0.979736 0.893943 0.903791 0.901186 1.098040 1.098040 1.098040 1.098040
0.851966 0.884734 0.983794 0.900006 0.891368 0.906853 1.106556 1.106556 1.106556 1.106556
0.856587 0.886357 0.986169 0.904340 0.893114 0.910668 1.112964 1.112964 1.112964 1.112964
0.851988 0.882387 0.983149 0.900625 0.890344 0.907640 1.110117 1.110117 1.110117 1.110117
0.849727 0.881770 0.982867 0.899074 0.891877 0.907149 1.113267 1.113267 1.113267 1.113267
0.814931 0.872866 0.973772 0.889179 0.881625 0.901107 1.106023 1.106023 1.106024 1.106024
0.802537 0.862953 0.957325 0.872594 0.866609 0.886686 1.076091 1.076091 1.076092 1.076092
0.792622 0.853158 0.945904 0.856526 0.846419 0.881113 1.049822 1.049822 1.049822 1.049822
0.802506 0.879385 0.973682 0.866016 0.854190 0.897653 1.085255 1.085255 1.085255 1.085255
0.808351 0.901483 0.974692 0.887019 0.875707 0.920329 1.113651 1.113651 1.113651 1.113651
0.803347 0.907056 0.980606 0.893127 0.881544 0.926243 1.123428 1.123428 1.123428 1.123428
0.771012 0.894589 0.958343 0.868285 0.868151 0.909012 1.102409 1.102409 1.102409 1.102409
0.781318 0.895255 0.975499 0.879629 0.878750 0.910781 1.123414 1.123414 1.123414 1.123414
0.787424 0.900867 0.977247 0.882660 0.881762 0.910965 1.132318 1.132318 1.132318 1.132318
0.783028 0.897506 0.970776 0.873372 0.864469 0.907179 1.128636 1.128636 1.128635 1.128635
0.779069 0.896372 0.972519 0.870377 0.854758 0.906522 1.133627 1.133627 1.133627 1.133627
0.771327 0.883118 0.960843 0.857911 0.834677 0.896674 1.124386 1.124386 1.124386 1.124386
0.785709 0.882998 0.978430 0.874781 0.846486 0.913675 1.149310 1.149310 1.149310 1.149310
