0.976472 0.988630 0.988517 0.989321 0.989104 0.988869 0.991180 0.991180 0.991180 0.991180
0.968721 0.973501 0.981639 0.978137 0.977575 0.967995 0.988488 0.988488 0.988489 0.988489
0.938875 0.960533 0.967272 0.946698 0.944378 0.944011 0.978171 0.978171 0.978171 0.978171
0.953674 0.979392 0.989282 0.963191 0.953307 0.963064 1.003054 1.003054 1.003054 1.003054
0.960548 0.981096 0.993627 0.966177 0.958492 0.967406 1.011489 1.011489 1.011490 1.011490
0.959079 0.977638 0.992142 0.961767 0.956628 0.963146 1.014711 1.014711 1.014711 1.014711
0.958350 0.972172 0.989609 0.961834 0.937188 0.962741 1.015763 1.015763 1.015763 1.015763
0.959472 0.972948 0.987019 0.958200 0.936496 0.963541 1.018682 1.018682 1.018682 1.018682
0.921850 0.964869 0.979658 0.949373 0.927410 0.958858 1.013889 1.013889 1.013889 1.013889
0.930521 0.960887 0.987141 0.946034 0.932065 0.967011 1.026744 1.026744 1.026744 1.026744
0.928724 0.947084 0.989643 0.943925 0.929200 0.954266 1.030512 1.030512 1.030511 1.030511
0.930768 0.950018 0.994121 0.947201 0.933369 0.958332 1.035699 1.035699 1.035699 1.035699
0.907043 0.929424 0.967128 0.919830 0.907893 0.933150 0.997150 0.997150 0.997150 0.997150
0.930874 0.950899 0.992036 0.941794 0.930194 0.957032 1.029100 1.029100 1.029099 1.029099
0.910820 0.927082 0.984047 0.929680 0.913422 0.946913 1.014360 1.014360 1.014359 1.014359
0.924237 0.933388 0.997385 0.934144 0.925950 0.962870 1.032490 1.032490 1.032489 1.032489
0.916684 0.921288 0.992632 0.919290 0.903555 0.948618 1.025946 1.025946 1.025946 1.025946
0.925790 0.927217 0.996362 0.932952 0.913859 0.959460 1.041059 1.041059 1.041059 1.041059
0.926883 0.930131 0.999906 0.934926 0.918953 0.962628 1.048026 1.048026 1.048026 1.048026
0.917471 0.919289 0.988461 0.924423 0.905552 0.946726 1.035504 1.035504 1.035504 1.035504
0.932298 0.931953 1.001463 0.937658 0.913885 0.960660 1.054560 1.054560 1.054560 1.054560
0.899355 0.912278 0.980364 0.913229 0.892590 0.942955 1.030939 1.030939 1.030938 1.030938
0.910566 0.923143 0.987600 0.925784 0.891780 0.956923 1.051161 1.051161 1.051161 1.051161
0.919109 0.930375 0.990908 0.930417 0.896228 0.958604 1.061139 1.061139 1.061139 1.061139
0.909934 0.915221 0.979208 0.912981 0.886385 0.954332 1.059076 1.059076 1.059076 1.059076
0.881687 0.911301 0.966158 0.896102 0.881293 0.945563 1.049231 1.049231 1.049231 1.049231
0.868502 0.902009 0.947345 0.876490 0.862411 0.935435 1.018451 1.018451 1.018451 1.018451
0.890520 0.928298 0.967731 0.890276 0.889217 0.959393 1.053441 1.053441 1.053441 1.053441
0.892664 0.922744 0.960152 0.883001 0.887365 0.962961 1.052262 1.052262 1.052262 1.052262
0.905377 0.939170 0.977587 0.897325 0.902052 0.979465 1.071321 1.071321 1.071321 1.071321
0.898928 0.934217 0.969609 0.886508 0.882992 0.973885 1.066183 1.066183 1.066184 1.066184
0.890399 0.920820 0.958402 0.874207 0.862638 0.963742 1.057971 1.057971 1.057971 1.057971
0.888872 0.935527 0.950826 0.887410 0.876468 0.979261 1.075955 1.075955 1.075955 1.075955
0.877033 0.937697 0.946560 0.872863 0.874886 0.977490 1.078254 1.078254 1.078254 1.078254
0.870356 0.929183 0.941045 0.864944 0.872195 0.974275 1.079006 1.079006 1.079006 1.079006
0.872067 0.936757 0.942982 0.869559 0.876222 0.983247 1.088844 1.088844 1.088844 1.088844
0.781812 0.921047 0.905252 0.840778 0.863383 0.965671 1.077660 1.077660 1.077660 1.077660
0.793371 0.920827 0.918979 0.854958 0.873444 0.963788 1.097543 1.097543 1.097543 1.097543
0.770423 0.895101 0.892782 0.825136 0.838782 0.941663 1.052786 1.052786 1.052785 1.052785
0.805950 0.926127 0.934701 0.863926 0.877441 0.985463 1.103271 1.103271 1.103271 1.103271
0.804011 0.921762 0.926576 0.861572 0.876139 0.985340 1.103859 1.103859 1.103859 1.103859
0.769198 0.871480 0.914332 0.847952 0.850656 0.960904 1.082595 1.082595 1.082595 1.082595
0.791677 0.893587 0.939693 0.870429 0.867822 0.989809 1.115288 1.115288 1.115288 1.115288
0.768486 0.887231 0.936766 0.860538 0.864250 0.982410 1.114242 1.114242 1.114242 1.114242
0.780853 0.901546 0.951430 0.874036 0.878272 0.997161 1.134842 1.134842 1.134841 1.134841
0.747708 0.864645 0.907727 0.831126 0.833998 0.952429 1.063435 1.063435 1.063434 1.063434
0.788072 0.908068 0.953865 0.875463 0.875990 1.002628 1.121251 1.121251 1.121251 1.121251
0.786927 0.905325 0.952181 0.870510 0.875080 1.001213 1.122772 1.122772 1.122772 1.122772
0.667446 0.794690 0.835256 0.767362 0.732131 0.812664 0.955431 0.955431 0.955431 0.955431
0.762175 0.902332 0.945729 0.872693 0.838723 0.921287 1.073253 1.073253 1.073253 1.073253
0.790006 0.918035 0.979933 0.905464 0.865509 0.955222 1.116288 1.116288 1.116288 1.116288
0.792977 0.919054 0.983323 0.906015 0.868649 0.957182 1.121676 1.121676 1.121676 1.121676
0.774850 0.895640 0.976768 0.899009 0.863274 0.947815 1.114809 1.114809 1.114809 1.114809
0.769110 0.890257 0.970286 0.859066 0.856240 0.940233 1.108035 1.108035 1.108035 1.108035
0.780919 0.899729 0.979888 0.870965 0.861352 0.954049 1.127040 1.127040 1.127040 1.127040
0.778484 0.893556 0.970854 0.863466 0.852420 0.913118 1.124905 1.124905 1.124905 1.124905
0.783433 0.899188 0.974540 0.869774 0.857183 0.920324 1.135979 1.135979 1.135979 1.135979
0.785966 0.897298 0.977010 0.872433 0.849316 0.922276 1.141422 1.141422 1.141422 1.141422
0.764336 0.859253 0.943045 0.848514 0.826694 0.894784 1.109158 1.109158 1.109158 1.109158
0.769462 0.864740 0.958198 0.856692 0.828982 0.894782 1.125545 1.125545 1.125545 1.125545
