0.954728 0.968807 0.968849 0.963915 0.966639 0.971460 0.967532 0.967532 0.967531 0.967531
0.937633 0.952967 0.948036 0.940085 0.941436 0.951661 0.929889 0.929889 0.929889 0.929889
0.958725 0.978214 0.967707 0.957869 0.960829 0.972283 0.939361 0.939361 0.939361 0.939361
0.984400 0.993416 0.994420 0.984365 0.986537 0.998702 0.966214 0.966214 0.966214 0.966214
0.985113 0.981752 0.999594 0.984784 0.986123 0.988162 0.972340 0.972340 0.972340 0.972340
0.976590 0.968555 0.994347 0.968655 0.961806 0.973063 0.965709 0.965709 0.965709 0.965709
0.996064 0.984343 1.011139 0.987373 0.977604 0.991264 0.985326 0.985326 0.985326 0.985326
0.998681 0.986969 1.013358 0.989570 0.980300 0.992815 0.990243 0.990243 0.990243 0.990243
0.943359 0.921334 0.987327 0.961615 0.939755 0.955953 0.958890 0.958890 0.958890 0.958890
0.957838 0.932969 1.019093 0.991488 0.970457 0.983612 0.990284 0.990284 0.990284 0.990284
0.952645 0.920143 1.003214 0.975705 0.960872 0.979558 0.981450 0.981450 0.981450 0.981450
0.953999 0.907809 1.005016 0.979095 0.959268 0.964774 0.986395 0.986395 0.986395 0.986395
0.965891 0.919948 1.019903 0.992557 0.973440 0.978808 1.001514 1.001514 1.001514 1.001514
0.958857 0.911135 1.006094 0.985013 0.967243 0.973902 0.997148 0.997148 0.997148 0.997148
0.948763 0.917516 0.989330 0.991064 0.974076 0.980849 1.005147 1.005147 1.005147 1.005147
0.954609 0.918260 0.994732 0.996994 0.967952 0.985799 1.012910 1.012910 1.012911 1.012911
0.952614 0.904056 0.990915 0.982173 0.961732 0.982859 1.014072 1.014072 1.014072 1.014072
0.950215 0.895084 0.989396 0.976375 0.955714 0.967368 1.016842 1.016842 1.016843 1.016843
0.951228 0.889037 0.989302 0.967852 0.955776 0.970423 1.021079 1.021079 1.021079 1.021079
0.947828 0.880217 0.983950 0.955862 0.951397 0.972352 1.025689 1.025689 1.025690 1.025690
0.945003 0.880938 0.987772 0.954571 0.942672 0.973674 1.032374 1.032374 1.032375 1.032375
0.953432 0.886709 0.993632 0.961336 0.944566 0.980963 1.043879 1.043879 1.043880 1.043880
0.947207 0.882647 0.989489 0.955952 0.942517 0.976624 1.042774 1.042774 1.042775 1.042775
0.911279 0.872619 0.969361 0.931608 0.930440 0.960771 1.025737 1.025737 1.025738 1.025738
0.907688 0.868903 0.974519 0.930639 0.923147 0.950608 1.029882 1.029882 1.029883 1.029883
0.914346 0.876509 0.982431 0.902500 0.929225 0.957010 1.038828 1.038828 1.038828 1.038828
0.920743 0.882156 0.984336 0.909966 0.923367 0.965940 1.053482 1.053482 1.053483 1.053483
0.911877 0.876894 0.971213 0.892744 0.919585 0.956882 1.052500 1.052500 1.052501 1.052501
0.917841 0.879906 0.977074 0.896488 0.924059 0.962503 1.065339 1.065339 1.065340 1.065340
0.918338 0.877083 0.976189 0.894605 0.916434 0.963824 1.066924 1.066924 1.066925 1.066925
0.892187 0.856222 0.944041 0.863014 0.884488 0.940410 1.021408 1.021408 1.021409 1.021409
0.831715 0.875400 0.942372 0.867693 0.906248 0.960395 1.051190 1.051190 1.051191 1.051191
0.843526 0.886520 0.957476 0.878720 0.923319 0.978277 1.075046 1.075046 1.075047 1.075047
0.851080 0.894127 0.962396 0.882207 0.929812 0.986703 1.086519 1.086519 1.086520 1.086520
0.724050 0.787244 0.846780 0.780036 0.780286 0.803319 0.927390 0.927390 0.927390 0.927390
0.818275 0.910023 0.982785 0.897829 0.904701 0.928266 1.078692 1.078692 1.078693 1.078693
0.812760 0.918215 0.984899 0.888999 0.909089 0.932765 1.088204 1.088204 1.088205 1.088205
0.809619 0.926054 0.993194 0.897216 0.917290 0.940956 1.100326 1.100326 1.100327 1.100327
0.805405 0.921184 0.985511 0.893387 0.911818 0.937485 1.098392 1.098392 1.098393 1.098393
0.800402 0.921114 0.979480 0.890823 0.908553 0.938396 1.099361 1.099361 1.099361 1.099361
0.804313 0.908549 0.983936 0.896072 0.908961 0.943273 1.108553 1.108553 1.108554 1.108554
0.781446 0.869212 0.948843 0.870690 0.883924 0.914300 1.076211 1.076211 1.076212 1.076212
0.774803 0.877375 0.956476 0.862102 0.873562 0.912169 1.089492 1.089492 1.089492 1.089492
0.762335 0.891026 0.972186 0.874714 0.885902 0.929578 1.110458 1.110458 1.110458 1.110458
0.772825 0.901902 0.979674 0.882906 0.894184 0.935251 1.125864 1.125864 1.125864 1.125864
0.771694 0.903741 0.982016 0.883334 0.894907 0.936549 1.128505 1.128505 1.128505 1.128505
0.774038 0.904092 0.984704 0.883234 0.897507 0.937794 1.133134 1.133134 1.133134 1.133134
0.736689 0.861344 0.937594 0.835461 0.844737 0.898031 1.065293 1.065293 1.065293 1.065293
0.776631 0.903116 0.985665 0.877166 0.888974 0.944183 1.124392 1.124392 1.124392 1.124392
0.755611 0.875525 0.972207 0.860995 0.868017 0.928926 1.102030 1.102030 1.102030 1.102030
0.763122 0.882887 0.980590 0.868607 0.872726 0.932128 1.110969 1.110969 1.110969 1.110969
0.773360 0.893327 0.993436 0.876553 0.884801 0.944674 1.129043 1.129043 1.129043 1.129043
0.753471 0.865416 0.959695 0.850522 0.864811 0.913717 1.082079 1.082079 1.082079 1.082079
0.775549 0.892432 0.986782 0.871094 0.877593 0.941839 1.116396 1.116396 1.116396 1.116396
0.768134 0.879572 0.975307 0.858945 0.857302 0.931964 1.107717 1.107717 1.107717 1.107717
0.780554 0.889471 0.989297 0.873557 0.854109 0.947354 1.127650 1.127650 1.127651 1.127651
0.782252 0.887267 0.986119 0.874161 0.848056 0.948796 1.132103 1.132103 1.132103 1.132103
0.777935 0.879314 0.974680 0.873578 0.844603 0.944957 1.131202 1.131202 1.131202 1.131202
0.780740 0.880721 0.978229 0.874063 0.847295 0.945635 1.140640 1.140640 1.140641 1.140641
0.777135 0.873363 0.967753 0.865235 0.837249 0.903705 1.136769 1.136769 1.136769 1.136769
