0.991502 0.991543 0.991075 0.991105 0.991631 0.990451 0.993839 0.993839 0.993839 0.993839
0.990990 0.988412 0.990265 0.987481 0.990987 0.988253 0.994379 0.994379 0.994379 0.994379
0.986514 0.979380 0.980494 0.981566 0.977395 0.983150 0.991641 0.991641 0.991641 0.991641
0.977544 0.969002 0.970311 0.971581 0.964176 0.967946 0.980844 0.980844 0.980844 0.980844
0.986731 0.978056 0.976938 0.981636 0.972493 0.978532 0.993493 0.993493 0.993493 0.993493
0.974821 0.961582 0.968459 0.962229 0.945242 0.960258 0.983316 0.983316 0.983316 0.983316
0.993617 0.978620 0.981233 0.976530 0.959273 0.971379 1.002386 1.002386 1.002386 1.002386
0.987834 0.965322 0.974392 0.961347 0.952737 0.967745 0.999639 0.999639 0.999639 0.999639
0.997019 0.970819 0.980507 0.969699 0.958280 0.975559 1.009301 1.009301 1.009302 1.009302
0.989802 0.965587 0.972394 0.957898 0.937923 0.969888 1.004345 1.004345 1.004345 1.004345
0.961593 0.942597 0.940347 0.924049 0.905206 0.946304 0.961475 0.961475 0.961475 0.961475
0.987351 0.963107 0.963520 0.944599 0.916728 0.970745 0.989011 0.989011 0.989011 0.989011
0.965980 0.968284 0.959899 0.936128 0.920302 0.971154 0.989320 0.989320 0.989320 0.989320
0.979320 0.969427 0.977510 0.948773 0.931944 0.973470 1.008611 1.008611 1.008611 1.008611
0.986284 0.971021 0.981708 0.951622 0.936924 0.977765 1.016995 1.016995 1.016995 1.016995
0.942087 0.928452 0.938120 0.903403 0.885024 0.939690 0.959563 0.959563 0.959563 0.959563
0.983250 0.966777 0.972938 0.942574 0.924547 0.982991 1.004440 1.004440 1.004440 1.004440
0.992856 0.958222 0.982114 0.952735 0.929456 0.992901 1.017759 1.017759 1.017759 1.017759
0.987409 0.949395 0.975314 0.945007 0.916234 0.988275 1.013134 1.013134 1.013134 1.013134
0.986790 0.938412 0.975484 0.945223 0.915637 0.988032 1.014279 1.014279 1.014279 1.014279
0.966456 0.922670 0.953752 0.922508 0.895108 0.966891 0.981421 0.981421 0.981421 0.981421
0.987940 0.946775 0.981667 0.944556 0.909325 0.992686 1.012794 1.012794 1.012795 1.012795
0.943403 0.893463 0.966893 0.927895 0.881234 0.966267 0.991436 0.991436 0.991437 0.991437
0.965083 0.925375 1.001313 0.961708 0.913147 1.001021 1.029497 1.029497 1.029497 1.029497
0.817932 0.811674 0.877689 0.847112 0.763401 0.811893 0.875394 0.875394 0.875394 0.875394
0.943640 0.935038 1.014405 0.975867 0.884755 0.940754 1.018391 1.018391 1.018391 1.018391
0.914435 0.935248 1.015498 0.975192 0.883705 0.944233 1.022316 1.022316 1.022316 1.022316
0.914997 0.927988 1.005742 0.965493 0.880286 0.946048 1.019345 1.019345 1.019345 1.019345
0.923206 0.929363 1.015767 0.970849 0.884855 0.941863 1.033904 1.033904 1.033905 1.033905
0.920507 0.920744 1.010931 0.959449 0.881377 0.944352 1.039251 1.039251 1.039251 1.039251
0.921237 0.918282 1.005546 0.964894 0.883359 0.946500 1.045014 1.045014 1.045014 1.045014
0.912794 0.896396 0.996704 0.958012 0.872563 0.922361 1.039177 1.039177 1.039178 1.039178
0.926097 0.907643 1.011265 0.969020 0.884911 0.933110 1.059300 1.059300 1.059300 1.059300
0.919898 0.898785 1.003990 0.960289 0.877524 0.926250 1.058123 1.058123 1.058123 1.058123
0.907482 0.902362 0.984297 0.963286 0.881069 0.930057 1.063408 1.063408 1.063409 1.063409
0.877458 0.873890 0.948265 0.924951 0.844833 0.897020 1.006238 1.006238 1.006239 1.006239
0.922724 0.917529 0.996872 0.968572 0.888785 0.943335 1.061126 1.061126 1.061127 1.061127
0.889919 0.905129 0.987360 0.951391 0.879420 0.930247 1.053296 1.053296 1.053296 1.053296
0.804783 0.897720 0.956131 0.927934 0.874100 0.921596 1.051579 1.051579 1.051580 1.051580
0.827216 0.922401 0.979064 0.949085 0.896752 0.946963 1.082731 1.082731 1.082731 1.082731
0.809329 0.902168 0.966801 0.931267 0.873928 0.920312 1.067807 1.067807 1.067807 1.067807
0.818417 0.911797 0.972747 0.942916 0.872068 0.932804 1.087422 1.087422 1.087422 1.087422
0.820944 0.916405 0.978067 0.946710 0.878599 0.937667 1.096785 1.096785 1.096785 1.096785
0.807605 0.904851 0.958578 0.922587 0.869154 0.922666 1.088439 1.088439 1.088440 1.088440
0.819347 0.913125 0.971837 0.935835 0.870882 0.935043 1.105979 1.105979 1.105980 1.105980
0.817422 0.898766 0.967856 0.921683 0.865060 0.932012 1.106959 1.106959 1.106959 1.106959
0.800508 0.875176 0.939806 0.898924 0.849876 0.906119 1.066385 1.066385 1.066386 1.066386
0.818052 0.895615 0.961150 0.884362 0.867855 0.925426 1.091218 1.091218 1.091219 1.091219
0.799057 0.890605 0.954499 0.862640 0.844949 0.909563 1.088285 1.088285 1.088285 1.088285
0.797736 0.875529 0.945825 0.861308 0.844321 0.905924 1.085654 1.085654 1.085654 1.085654
0.821289 0.904541 0.977509 0.888468 0.871229 0.935335 1.121972 1.121972 1.121973 1.121973
0.817106 0.900740 0.974786 0.885064 0.868768 0.932484 1.119413 1.119413 1.119414 1.119414
0.803080 0.882907 0.973929 0.883337 0.868423 0.928740 1.119044 1.119044 1.119044 1.119044
0.803652 0.880218 0.968657 0.879096 0.862719 0.892310 1.121216 1.121216 1.121216 1.121216
0.804917 0.887047 0.970273 0.883442 0.866366 0.900176 1.130998 1.130998 1.130998 1.130998
0.792931 0.887687 0.964380 0.867576 0.863424 0.897116 1.131608 1.131608 1.131608 1.131608
0.772320 0.877363 0.953205 0.853156 0.851472 0.889110 1.116974 1.116974 1.116974 1.116974
0.767661 0.868948 0.960517 0.855532 0.849374 0.893655 1.118429 1.118429 1.118429 1.118429
0.785961 0.887573 0.980503 0.874336 0.863665 0.913658 1.147615 1.147615 1.147615 1.147615
0.782975 0.879926 0.975025 0.871737 0.843540 0.910496 1.145311 1.145311 1.145311 1.145311
