0.987657 0.991201 0.991201 0.991201 0.991201 0.991201 0.991201 0.981391 0.981391 0.981391
0.987006 0.990547 0.990547 0.990547 0.990547 0.990547 0.985330 0.965113 0.965114 0.965114
0.979118 0.981717 0.985334 0.987215 0.984325 0.982821 0.979441 0.963133 0.963134 0.963134
0.980369 0.983683 0.986587 0.984127 0.983434 0.979841 0.980248 0.957913 0.957914 0.957914
1.003839 1.007232 1.010206 1.007686 1.006978 1.003298 1.003715 0.978959 0.978959 0.978959
0.991511 0.997986 0.998491 0.999271 0.997306 0.994275 0.987033 0.969942 0.969942 0.969942
0.985886 0.998487 0.998125 0.999773 0.997709 0.993911 0.981435 0.962808 0.962808 0.962808
0.973087 0.985524 0.985167 0.853804 0.959568 0.981008 0.968693 0.945461 0.945462 0.945462
0.972699 0.990451 0.984774 0.858072 0.964365 0.985912 0.973536 0.901183 0.901183 0.901183
1.013234 0.974749 1.008682 0.893831 1.004554 1.026999 1.014107 0.934205 0.934205 0.934205
1.039774 1.000280 1.035102 0.917243 1.030866 1.053899 1.040669 0.957901 0.957901 0.957901
1.011955 0.963824 1.007766 0.890352 0.998198 1.025035 1.011225 0.921404 0.921405 0.921405
1.000435 0.979113 1.021716 0.904600 0.997585 1.038184 1.026424 0.937294 0.937295 0.937295
1.007987 0.990367 1.031682 0.913301 1.008842 1.050081 1.037161 0.945531 0.945531 0.945531
1.014727 0.996990 1.038580 0.919408 0.981668 1.057102 1.044096 0.949796 0.949797 0.949797
0.998120 0.985588 1.027540 0.911676 0.967991 1.043841 1.034993 0.940117 0.940117 0.940117
1.000660 0.986686 1.029172 0.914323 0.965326 1.044061 1.037979 0.939869 0.939869 0.939869
0.994919 0.981026 0.867670 0.909078 0.959788 1.038072 1.032024 0.926882 0.926882 0.926882
1.021443 1.010102 0.894289 0.919474 0.988497 1.069445 1.054684 0.955242 0.955242 0.955242
1.032676 1.021211 0.904124 0.929586 0.999367 1.081206 1.066283 0.956989 0.956988 0.956988
0.995419 0.986898 0.885094 0.888377 0.965324 1.047732 1.028620 0.931706 0.931705 0.931705
1.024650 1.015269 0.911095 0.913309 0.992680 1.079734 1.060389 0.960036 0.960036 0.960036
0.982004 0.971326 0.891258 0.882146 0.970719 1.054229 1.035341 0.938000 0.938000 0.938000
1.018029 1.006958 0.923954 0.914507 1.006330 1.061960 1.073322 0.971055 0.971054 0.971054
1.010644 0.996023 0.914996 0.904580 0.999670 1.055422 1.063183 0.961086 0.961086 0.961086
1.008891 0.998768 0.917986 0.908639 1.004156 1.060158 1.067954 0.961502 0.961501 0.961501
1.010858 0.998141 0.920751 0.911259 1.007937 1.060540 1.070908 0.962178 0.962178 0.962178
0.998524 0.979708 0.905424 0.900963 0.997684 1.044960 1.054932 0.948730 0.948730 0.948730
1.023674 1.004384 0.928230 0.923656 1.022813 1.071280 1.081503 0.969203 0.969203 0.969203
1.020415 1.001188 0.925275 0.919296 1.017597 1.065816 1.075987 0.958770 0.958769 0.958769
1.012777 0.991797 0.918547 0.908583 1.003045 1.037180 1.064297 0.945255 0.945254 0.945254
0.975752 0.965885 0.889804 0.875063 0.973999 1.002285 1.033477 0.927868 0.927867 0.927867
1.010678 0.998128 0.918026 0.909771 1.011154 1.037137 1.073267 0.964046 0.964045 0.964045
1.016609 1.004677 0.923736 0.915106 1.014381 1.043981 1.079439 0.970626 0.970625 0.970625
1.009568 0.994214 0.918294 0.910557 1.009032 1.035983 1.074091 0.961947 0.961946 0.961946
0.994258 0.975918 0.895074 0.888447 0.979309 1.021747 1.048900 0.940947 0.940946 0.940946
1.021900 1.005070 0.921811 0.914986 1.008562 1.050153 1.080232 0.958976 0.958975 0.958975
1.020088 1.002320 0.914843 0.912721 1.007415 1.046228 1.075601 0.956721 0.956720 0.956720
1.024712 1.006864 0.918990 0.916859 1.007645 1.050971 1.080477 0.952580 0.952579 0.952579
1.030099 1.012157 0.923822 0.921679 1.012943 1.054942 1.086158 0.947829 0.947828 0.947828
1.010559 1.009426 0.922571 0.919192 1.011572 1.053514 1.083226 0.938043 0.938041 0.938041
0.999636 1.016374 0.928922 0.925519 1.018535 1.060766 1.090683 0.933627 0.933626 0.933626
0.972042 0.988317 0.903279 0.876619 0.990419 1.031484 1.060575 0.886671 0.886670 0.886670
1.011771 1.028712 0.940198 0.912449 1.030899 1.073643 1.103923 0.907162 0.907160 0.907160
1.016013 1.031565 0.943275 0.910590 1.033779 1.076488 1.106797 0.906587 0.906585 0.906585
1.019675 1.035367 0.945763 0.912306 1.035254 1.076817 1.107745 0.907776 0.907774 0.907774
1.015006 1.030626 0.941170 0.908128 1.030173 1.071532 1.095491 0.883276 0.883274 0.883274
1.020660 1.036367 0.934515 0.913187 1.035911 1.065864 1.089697 0.872310 0.872309 0.872309
0.983975 1.042005 0.933551 0.880365 1.039768 1.071663 1.095625 0.874609 0.874607 0.874607
1.010288 1.068646 0.955851 0.899744 1.066229 1.098808 1.123859 0.898471 0.898469 0.898469
1.012479 1.070625 0.956624 0.901319 1.048123 1.099128 1.126111 0.900507 0.900505 0.900505
0.999872 1.058429 0.937461 0.886431 1.039107 1.089584 1.113524 0.887122 0.887121 0.887121
1.018428 1.078071 0.954688 0.902881 1.056105 1.109606 1.133986 0.900452 0.900451 0.900451
1.001384 1.055842 0.939925 0.888238 1.034378 1.089738 1.114257 0.876524 0.876523 0.876523
1.004358 1.062785 0.944402 0.892024 1.041195 1.093816 1.117163 0.877834 0.877833 0.877833
1.015812 1.073197 0.955580 0.901181 1.053731 1.104538 1.125446 0.885377 0.885376 0.885376
1.019259 1.078552 0.959054 0.905805 1.055225 1.105343 1.131472 0.889701 0.889700 0.889700
0.997449 1.055474 0.938533 0.886424 1.032646 1.081692 1.107261 0.837598 0.837597 0.837597
1.020948 1.077009 0.958434 0.907629 1.056526 1.103026 1.129874 0.853618 0.853616 0.853616
1.024435 1.082502 0.955883 0.912427 1.065223 1.108789 1.139175 0.858286 0.858284 0.858284
1.021833 1.079752 0.950159 0.910109 1.062517 1.105973 1.136281 0.838803 0.838802 0.838802
1.038667 1.097540 0.965812 0.925103 1.080022 1.124193 1.155000 0.846589 0.846588 0.846588
1.028319 1.083327 0.958531 0.914664 1.070162 1.113047 1.144579 0.838460 0.838459 0.838459
1.018474 1.070411 0.947185 0.903836 1.057403 1.101623 1.126638 0.808376 0.808374 0.808374
1.032220 1.080489 0.958395 0.914805 1.071551 1.111069 1.139687 0.808195 0.808194 0.808194
1.042476 1.091225 0.967918 0.923895 1.082198 1.122109 1.151011 0.798574 0.798573 0.798573
1.033862 1.082525 0.960028 0.916364 1.069443 1.113745 1.142336 0.796351 0.796350 0.796350
1.058170 1.107829 0.982627 0.938990 1.094873 1.140674 1.170126 0.815601 0.815600 0.815600
1.043239 1.095066 0.967946 0.928744 1.080500 1.128802 1.149373 0.799233 0.799232 0.799232
1.026323 1.077766 0.947462 0.916100 1.062980 1.113682 1.135719 0.782789 0.782788 0.782788
0.925410 0.928515 0.846304 0.819703 0.958462 0.959582 1.024048 0.701055 0.701055 0.701055
1.079322 1.082944 0.987060 0.956035 1.117871 1.119178 1.194366 0.816610 0.816609 0.816609
1.056566 1.061690 0.967688 0.937272 1.095932 1.062675 1.136081 0.797944 0.797943 0.797943
1.025064 1.048617 0.949259 0.925366 1.064371 1.051291 1.121585 0.770722 0.770722 0.770722
1.066056 1.091294 0.987158 0.963120 1.102797 1.094235 1.164581 0.800347 0.800346 0.800346
1.059911 1.085003 0.981468 0.957568 1.096440 1.087928 1.157868 0.777009 0.777009 0.777009
1.055263 1.087119 0.982794 0.957070 1.096749 1.088043 1.158854 0.770201 0.770200 0.770200
1.071834 1.102362 0.997012 0.967990 1.114617 1.099671 1.177980 0.780082 0.780082 0.780082
1.079390 1.110132 1.004040 0.974813 1.122474 1.107422 1.186284 0.779878 0.779878 0.779878
1.074506 1.100040 0.997077 0.970245 1.115980 1.100247 1.178037 0.775324 0.775324 0.775324
1.047470 1.072362 0.971989 0.945832 1.087901 1.072564 1.148396 0.718693 0.718692 0.718692
1.091571 1.117295 1.013793 0.978645 1.133077 1.115508 1.188833 0.748924 0.748923 0.748923
1.019997 1.109715 1.006916 0.972006 1.079120 1.107940 1.180768 0.741565 0.741564 0.741564
0.943186 1.091435 0.993728 0.939061 1.064987 1.093430 1.091850 0.716787 0.716785 0.716785
0.990026 1.141678 1.042076 0.981714 1.112946 1.143573 1.145312 0.752860 0.752858 0.752858
0.991596 1.133647 1.042858 0.983065 1.103064 1.143671 1.147738 0.753646 0.753644 0.753644
1.000030 1.141797 1.052305 0.991668 1.114388 1.155896 1.159459 0.758955 0.758954 0.758954
1.000899 1.145103 1.054967 0.986401 1.116049 1.156925 1.163728 0.761647 0.761646 0.761646
1.000602 1.141779 1.051129 0.983205 1.115936 1.157121 1.158501 0.757497 0.757496 0.757496
0.978620 1.116695 1.011246 0.948993 1.076538 1.118397 1.119731 0.738575 0.738574 0.738574
0.997045 1.140910 1.030700 0.967727 1.094400 1.144202 1.144608 0.751555 0.751553 0.751553
0.969890 1.113345 1.001474 0.941774 1.072577 1.100619 1.114944 0.724755 0.724754 0.724754
0.998071 1.154622 1.034601 0.973292 1.104023 1.140480 1.148411 0.753608 0.753606 0.753606
0.994946 1.150185 1.014121 0.972056 1.103008 1.137656 1.146065 0.745761 0.745760 0.745760
0.993043 1.146647 1.011169 0.969226 1.099797 1.102706 1.141538 0.725853 0.725851 0.725851
0.986825 1.177230 1.038139 0.994523 1.129130 1.132117 1.170468 0.743776 0.743775 0.743775
0.950042 1.158096 1.024293 0.975188 1.115824 1.109020 1.154292 0.727440 0.727438 0.727438
0.936663 1.151477 1.016776 0.969614 1.108955 1.085262 1.134883 0.725056 0.725055 0.725055
0.940464 1.155246 1.012595 0.972788 1.112585 1.084151 1.138599 0.723144 0.723143 0.723143
0.977779 1.200548 1.050293 1.011022 1.153307 1.126762 1.183471 0.750052 0.750050 0.750050
