0.962080 0.961329 0.954252 0.961329 0.961329 0.957212 0.961329 0.955666 0.955666 0.955666
0.975507 0.980948 0.973144 0.978529 0.979315 0.974948 0.979872 0.964743 0.964743 0.964743
0.985867 0.989056 0.979607 0.992616 0.991963 0.984331 0.992866 0.977997 0.977997 0.977997
0.986235 0.993301 0.982118 0.995026 0.996013 0.988520 0.996106 0.979565 0.979565 0.979565
0.935249 0.982384 0.965071 0.943586 0.983384 0.977655 0.985158 0.966096 0.966096 0.966096
0.955371 0.998917 0.983448 0.963731 1.003270 0.996729 1.003901 0.985579 0.985579 0.985579
0.958132 1.000145 0.985089 0.962430 1.006752 0.994673 1.007596 0.985631 0.985631 0.985631
0.967399 1.009369 0.992276 0.971389 1.013481 1.003933 1.017080 0.992802 0.992802 0.992802
0.955507 0.993515 0.979136 0.955571 0.996608 0.987999 1.003910 0.981218 0.981218 0.981218
0.955448 0.992036 0.978141 0.955855 0.991280 0.985639 1.004189 0.978409 0.978409 0.978409
0.927708 0.966280 0.948649 0.928501 0.969718 0.946344 0.976357 0.941776 0.941776 0.941776
0.952623 0.989878 0.971900 0.951258 0.993401 0.971084 0.996403 0.941383 0.941383 0.941383
0.976391 1.013251 0.996695 0.975229 1.019963 0.997468 1.022991 0.963473 0.963473 0.963473
0.969070 1.008571 0.993094 0.953564 1.015521 0.993424 1.010669 0.959916 0.959915 0.959915
0.961026 0.999269 0.987561 0.950060 1.008828 0.985369 1.004316 0.957648 0.957648 0.957648
0.980570 1.019591 1.007465 0.969381 1.027122 1.005228 1.024558 0.973735 0.973735 0.973735
0.942880 0.980401 0.968741 0.907935 0.987642 0.966590 0.985177 0.914460 0.914460 0.914460
0.993701 1.033245 1.020956 0.956873 1.040876 1.018690 1.038278 0.962972 0.962973 0.962973
0.993577 1.033116 1.020829 0.956754 1.040747 1.018563 1.038149 0.961623 0.961624 0.961624
0.992252 1.031738 1.019467 0.955478 1.039359 1.017204 1.036764 0.956961 0.956961 0.956961
0.974494 1.009193 0.999582 0.937119 1.020640 0.994148 1.016286 0.927112 0.927112 0.927112
0.924106 1.017216 1.007528 0.944569 0.986457 1.002052 1.024366 0.931621 0.931620 0.931620
0.947333 1.042783 1.032852 0.968310 1.011251 1.027238 1.050112 0.948103 0.948103 0.948103
0.938037 1.030580 1.022937 0.954781 0.994454 0.997294 1.036268 0.932547 0.932546 0.932546
0.930770 1.039556 1.033239 0.963097 1.004468 1.007337 1.045293 0.933476 0.933475 0.933475
0.892000 1.007042 0.995613 0.922660 0.970223 0.968298 1.009656 0.911459 0.911458 0.911458
0.927099 1.046752 1.033792 0.957322 1.006211 1.003090 1.046510 0.945159 0.945158 0.945158
0.911412 1.025658 1.005856 0.932413 0.974831 0.987544 1.020146 0.922879 0.922878 0.922878
0.920728 1.025824 1.016498 0.939462 0.979801 0.996988 1.028943 0.921442 0.921441 0.921441
0.922715 1.028339 1.018806 0.941596 0.978427 0.999955 1.031919 0.928533 0.928532 0.928532
0.941118 1.047182 1.039568 0.959293 0.998567 1.018283 1.048348 0.944419 0.944418 0.944418
0.935537 1.037831 1.035934 0.952332 0.993482 1.012293 1.043120 0.939161 0.939159 0.939159
0.931864 1.029672 1.033202 0.949092 0.985719 1.007119 1.038325 0.926114 0.926113 0.926113
0.940976 1.041485 1.036984 0.960158 1.000134 1.018799 1.053509 0.937082 0.937081 0.937081
0.909003 1.014635 1.008602 0.935404 0.973918 0.976854 1.014892 0.915163 0.915162 0.915162
0.929458 1.038580 1.023381 0.952514 0.999715 1.002646 1.039068 0.933471 0.933470 0.933470
0.851565 1.012083 1.000695 0.911772 0.977553 0.980419 0.951989 0.893987 0.893986 0.893986
0.895073 1.059928 1.049236 0.954879 1.028156 1.031649 0.998419 0.936812 0.936811 0.936811
0.898450 1.062424 1.052229 0.952535 1.030597 1.033951 1.000600 0.935827 0.935826 0.935826
0.905806 1.072828 1.061101 0.961999 1.036991 1.039648 1.010764 0.944892 0.944891 0.944891
0.903000 1.071658 1.059945 0.960950 1.035860 1.036428 1.009662 0.934046 0.934045 0.934045
0.902821 1.072175 1.059668 0.961507 1.031782 1.037078 1.007855 0.932466 0.932465 0.932465
0.902822 1.072177 1.059670 0.961508 1.031784 1.037080 1.002549 0.917607 0.917606 0.917606
0.909512 1.080121 1.067522 0.968633 1.034975 1.044764 1.009977 0.916251 0.916250 0.916250
0.909379 1.078922 1.061179 0.967811 1.035483 1.042557 1.007287 0.915586 0.915585 0.915585
0.901214 1.077566 1.055762 0.963232 1.026447 1.040385 0.999174 0.916848 0.916847 0.916847
0.895047 1.063404 1.043820 0.957515 1.021517 1.030662 0.989608 0.908938 0.908937 0.908937
0.900516 1.069138 1.032644 0.965164 1.030039 1.037641 0.996742 0.907813 0.907811 0.907811
0.896592 1.064478 1.028144 0.831450 0.999318 1.033119 0.992398 0.899246 0.899245 0.899245
0.891978 1.082123 1.048285 0.842493 1.020498 1.045816 1.011344 0.908846 0.908844 0.908844
0.916566 1.111804 1.077211 0.866714 1.048902 1.075345 1.040050 0.934500 0.934499 0.934499
0.881502 1.098740 1.062436 0.856649 1.019764 1.059535 1.026987 0.924777 0.924776 0.924776
0.870744 1.085331 1.032328 0.835095 0.993583 1.034301 1.002528 0.910678 0.910677 0.910677
0.902068 1.124374 1.069465 0.863802 1.027347 1.069448 1.036596 0.936262 0.936261 0.936261
0.891034 1.111425 1.056377 0.849482 1.012568 1.051820 1.023453 0.918625 0.918623 0.918623
0.897119 1.125964 1.069267 0.860595 1.025714 1.064654 1.030442 0.923333 0.923332 0.923332
0.891504 1.122940 1.064475 0.856310 1.022975 1.058806 1.023623 0.916204 0.916203 0.916203
0.889545 1.123614 1.062564 0.855195 1.018486 1.060882 1.024772 0.913066 0.913065 0.913065
0.895481 1.127624 1.067194 0.861208 1.024848 1.063960 1.028449 0.915178 0.915176 0.915176
0.907192 1.142371 1.081150 0.872471 1.003575 1.077874 1.041899 0.925144 0.925142 0.925142
0.895260 1.129026 1.068520 0.862279 0.991851 1.031749 0.999085 0.911322 0.911320 0.911320
0.903226 1.139071 1.064475 0.869951 1.000676 1.029688 0.997088 0.902986 0.902984 0.902984
0.915156 1.150063 1.079660 0.883176 1.015581 1.042516 1.012263 0.913055 0.913054 0.913054
0.906820 1.139586 0.907147 0.875131 1.006330 1.033019 1.003042 0.897384 0.897383 0.897383
0.946837 1.189875 0.947178 0.913749 1.050738 1.078605 1.047305 0.935183 0.935181 0.935181
0.931880 1.171079 0.932216 0.899316 1.034140 1.061567 1.030762 0.898752 0.898751 0.898751
0.946234 1.186018 0.943412 0.910479 1.050275 1.078422 1.042248 0.907893 0.907891 0.907891
0.948862 1.190131 0.946362 0.913004 1.050388 1.082201 1.045020 0.911280 0.911278 0.911278
0.902416 1.152294 0.910031 0.883629 1.000020 1.049494 1.011339 0.862833 0.862832 0.862832
0.825166 1.006730 0.824339 0.801805 0.914416 0.917035 0.924766 0.783645 0.783644 0.783644
0.928171 1.132878 0.922578 0.904278 1.028561 1.034464 1.044787 0.877561 0.877559 0.877559
0.944834 1.156245 0.938349 0.923498 1.048070 1.056991 1.059633 0.887917 0.887915 0.887915
0.948659 1.150936 0.941363 0.927043 1.041319 1.059680 1.064488 0.891029 0.891028 0.891028
0.915896 1.109259 0.927674 0.902030 1.025809 1.042296 1.047025 0.877012 0.877011 0.877011
0.918874 1.112866 0.930690 0.904963 1.029145 1.045685 1.050430 0.836647 0.836646 0.836646
0.941833 1.146389 0.959508 0.935077 1.057468 1.075976 1.085048 0.862936 0.862933 0.862933
0.953714 1.160851 0.971612 0.946873 1.070808 1.087947 1.098735 0.864917 0.864915 0.864915
0.952693 1.158912 0.970580 0.944663 1.068594 1.088025 1.099178 0.864864 0.864862 0.864862
0.950829 1.160276 0.969352 0.946566 1.069393 1.089512 1.092209 0.865855 0.865853 0.865853
0.953185 1.165505 0.973367 0.943053 1.072709 1.092235 1.097992 0.870323 0.870321 0.870321
0.956612 1.169696 0.976867 0.946444 1.076566 1.096162 1.101940 0.867273 0.867271 0.867271
0.920284 1.128169 0.954425 0.902707 1.037846 1.060133 1.060926 0.842698 0.842696 0.842696
0.947173 1.165298 0.985835 0.932416 1.072002 1.095023 1.095841 0.861817 0.861815 0.861815
0.954273 1.174033 0.993225 0.939405 1.080038 1.071997 1.104056 0.867067 0.867065 0.867065
0.946007 1.163864 0.984622 0.931269 1.070683 1.062712 1.094493 0.840968 0.840967 0.840967
0.951392 1.105847 0.973691 0.936570 1.076777 1.068761 1.100723 0.841671 0.841670 0.841670
0.971149 1.128454 0.992562 0.955620 1.078136 1.088912 1.123396 0.859233 0.859232 0.859232
0.932417 1.089300 0.952976 0.922463 1.040727 1.051129 1.084418 0.786643 0.786642 0.786642
0.972235 1.135818 0.990237 0.961855 1.085170 1.096017 1.130727 0.803658 0.803657 0.803657
0.974816 1.143956 0.997841 0.970420 1.094833 1.105776 1.140795 0.807541 0.807540 0.807540
0.970222 1.138565 0.992861 0.965847 1.089313 1.100201 1.128024 0.785640 0.785639 0.785639
0.988672 1.160215 1.011741 0.984213 1.110027 1.121122 1.149474 0.793319 0.793318 0.793318
0.956247 1.159354 1.010990 0.982935 1.109203 1.120290 1.147134 0.791202 0.791201 0.791201
0.960383 1.164143 1.016246 0.980167 1.113384 1.122907 1.144478 0.794595 0.794594 0.794594
0.942470 1.142430 0.997292 0.961886 1.092619 1.101964 1.123132 0.750161 0.750160 0.750160
0.954726 1.155938 1.009250 0.973419 1.105720 1.084073 1.135415 0.741047 0.741046 0.741046
0.961597 1.185079 1.034694 0.997959 1.133595 1.111402 1.164039 0.750983 0.750982 0.750982
0.963579 1.187523 1.036827 1.000017 1.135932 1.113694 1.166439 0.739690 0.739688 0.739688
0.968131 1.190064 1.042829 1.005678 1.143366 1.117180 1.172904 0.742260 0.742258 0.742258
0.974390 1.196387 1.046653 1.007517 1.149309 1.122856 1.179369 0.747452 0.747451 0.747451
