0.987447 0.986854 0.987456 0.986198 0.986461 0.988577 0.988904 0.988445 0.988445 0.988445
0.989732 0.991140 0.991384 0.982378 0.989359 0.990886 0.993978 0.993384 0.993384 0.993384
0.993554 0.994967 0.995212 0.986171 0.993179 0.994712 0.997816 0.990164 0.990164 0.990164
0.979742 0.980434 0.964972 0.974276 0.981544 0.981528 0.985018 0.969268 0.969268 0.969268
0.987340 0.984622 0.971520 0.977865 0.984793 0.985556 0.991998 0.977402 0.977402 0.977402
0.946919 0.954537 0.936840 0.937506 0.951927 0.948067 0.958891 0.955061 0.955060 0.955060
0.987645 0.992995 0.973866 0.974948 0.993062 0.989303 0.995936 0.991003 0.991003 0.991003
0.976425 0.983177 0.964237 0.965308 0.983243 0.948688 0.956744 0.977970 0.977969 0.977969
0.979229 0.990943 0.972646 0.975911 0.988506 0.955109 0.966953 0.986936 0.986935 0.986935
0.989715 1.001554 0.983061 0.986361 0.994810 0.965336 0.977307 0.988705 0.988703 0.988703
0.946180 0.974771 0.950252 0.959606 0.952048 0.941045 0.950743 0.941026 0.941024 0.941024
0.965622 0.995092 0.969888 0.979434 0.968159 0.961165 0.970990 0.965669 0.965667 0.965667
0.966831 1.002678 0.976697 0.984467 0.973915 0.966709 0.977318 0.962627 0.962625 0.962625
0.948036 0.985715 0.972645 0.957066 0.956978 0.952950 0.959073 0.953373 0.953372 0.953372
0.954622 0.992562 0.963405 0.951075 0.950486 0.948290 0.954383 0.957040 0.957039 0.957039
0.964886 0.999936 0.963757 0.952402 0.946764 0.959872 0.956526 0.960784 0.960783 0.960783
0.996892 1.033105 0.995725 0.983994 0.978168 0.991711 0.988255 0.985447 0.985446 0.985446
0.966406 1.000730 0.957420 0.953158 0.947515 0.956519 0.957285 0.948942 0.948941 0.948941
0.995825 1.031895 0.986503 0.982937 0.972708 0.986451 0.984856 0.976369 0.976368 0.976368
1.002704 1.038695 0.991970 0.989315 0.960713 0.991405 0.991497 0.983210 0.983208 0.983208
1.000260 1.034809 0.990095 0.987142 0.960043 0.991129 0.990753 0.979392 0.979391 0.979391
0.995098 1.025853 0.986011 0.983980 0.956678 0.985284 0.987597 0.972360 0.972359 0.972359
0.997600 1.027440 0.982761 0.985761 0.959694 0.985818 0.987586 0.974239 0.974238 0.974238
0.987201 1.010281 0.968142 0.976377 0.951642 0.973083 0.974604 0.962352 0.962351 0.962351
1.001806 1.025228 0.982465 0.990822 0.965721 0.987480 0.983814 0.961025 0.961024 0.961024
0.999993 1.026060 0.979861 0.992238 0.964934 0.989395 0.978422 0.953489 0.953488 0.953488
0.984092 1.010173 0.959432 0.979041 0.949591 0.976453 0.967108 0.934169 0.934169 0.934169
0.970665 1.018145 0.969870 0.983570 0.961433 0.980010 0.977151 0.936076 0.936075 0.936075
0.986743 1.026102 0.985114 0.999653 0.967147 0.994751 0.993865 0.951067 0.951066 0.951066
1.002969 1.042976 1.001135 1.016091 0.980929 1.010928 1.010028 0.963354 0.963354 0.963354
0.903511 0.999328 0.962531 0.956324 0.943104 0.971947 0.909870 0.907140 0.907140 0.907140
0.937409 1.036821 0.998643 0.992204 0.978487 1.008412 0.944007 0.905431 0.905430 0.905430
0.956713 1.062932 1.024315 1.018948 1.004861 1.035593 0.969452 0.926081 0.926081 0.926081
0.950039 1.059312 1.018988 1.013143 1.001454 1.029161 0.962341 0.918268 0.918268 0.918268
0.945511 1.053282 1.016921 1.013018 0.998400 1.024454 0.959700 0.919363 0.919363 0.919363
0.954763 1.062086 1.025930 1.016584 1.006764 1.032890 0.967557 0.923897 0.923897 0.923897
0.964829 1.073283 1.036747 1.027302 0.983399 1.043780 0.977758 0.931621 0.931621 0.931621
0.956020 1.063485 1.026995 1.017923 0.974099 1.033908 0.962522 0.902333 0.902333 0.902333
0.960141 1.063768 1.029732 1.020939 0.978185 1.033323 0.964845 0.893955 0.893955 0.893955
0.968236 1.071206 1.037422 1.029915 0.981220 1.039609 0.973309 0.898966 0.898966 0.898966
0.984933 1.089194 1.052829 1.047299 0.995188 1.057157 0.989839 0.912298 0.912298 0.912298
0.963989 1.066033 0.873752 1.025029 0.974026 1.034677 0.968791 0.885642 0.885642 0.885642
0.982369 1.085092 0.889520 1.043527 0.991603 1.023970 0.985247 0.880117 0.880118 0.880118
1.011753 1.117549 0.916127 1.074741 1.021264 1.054599 1.014717 0.898223 0.898223 0.898223
0.886640 0.935738 0.795323 0.934632 0.894974 0.883143 0.889238 0.781834 0.781834 0.781834
0.997087 1.052302 0.894395 1.051058 1.006460 0.993155 1.000009 0.836041 0.836041 0.836041
1.035995 1.093451 0.928400 1.090200 1.043464 1.028517 1.036185 0.866680 0.866679 0.866679
1.031960 1.095957 0.929720 1.092698 1.045753 1.029979 1.032150 0.861844 0.861844 0.861844
1.018532 1.101043 0.934035 1.097769 1.050606 1.034759 1.036940 0.855876 0.855876 0.855876
1.019774 1.106703 0.937221 1.101365 1.055788 1.040041 1.041204 0.857973 0.857973 0.857973
1.014768 1.040451 0.917046 1.095958 1.050605 1.034936 1.036093 0.849638 0.849638 0.849638
1.010287 1.053036 0.929390 1.109215 1.064747 1.048867 1.048625 0.853339 0.853339 0.853339
0.980003 1.030140 0.907699 1.085097 1.041135 1.009852 1.014373 0.836833 0.836832 0.836832
1.001923 1.053181 0.916336 1.109368 1.064422 1.021290 1.025863 0.840249 0.840248 0.840248
1.014793 1.063421 0.925971 1.124018 1.077638 1.030533 1.035856 0.847356 0.847355 0.847355
1.020517 1.066668 0.932181 1.131411 1.085680 1.034701 1.042547 0.851075 0.851074 0.851074
1.017493 1.063507 0.926206 1.128059 1.082463 1.031636 1.039458 0.831403 0.831403 0.831403
0.984905 1.027660 0.915110 1.100474 1.069111 1.017349 1.025063 0.820451 0.820450 0.820450
1.008059 1.049811 0.936824 1.121614 1.086731 1.020930 1.045588 0.834145 0.834144 0.834144
1.022155 1.065225 0.950256 1.137293 1.098995 1.035958 1.060085 0.846614 0.846613 0.846613
1.017660 1.060541 0.946078 1.132292 1.094162 1.031403 1.055424 0.828507 0.828505 0.828505
1.011478 1.062312 0.944006 1.130237 1.087792 1.032270 1.049991 0.832079 0.832078 0.832078
1.007954 1.059378 0.940711 1.121344 1.081639 1.024246 1.045859 0.823634 0.823633 0.823633
1.026240 1.078597 0.957777 1.139926 1.099144 1.040822 1.062785 0.832198 0.832196 0.832196
0.991189 1.070469 0.948669 1.131492 1.073167 1.029894 1.053912 0.827051 0.827049 0.827049
0.992529 1.073067 0.942659 1.128356 1.078806 1.035220 1.056699 0.826146 0.826145 0.826145
1.006039 1.089405 0.955723 1.145697 1.091339 1.046526 1.073176 0.838637 0.838635 0.838635
1.004886 1.088156 0.954627 1.144383 1.090088 1.043788 1.071945 0.829139 0.829137 0.829137
0.989382 1.068826 0.937750 1.124152 1.070724 1.026968 1.048905 0.794663 0.794662 0.794662
1.006968 1.090981 0.958155 1.127168 1.093208 1.048850 1.062660 0.811890 0.811888 0.811888
0.975285 1.062362 0.928009 1.097600 1.064531 1.021336 1.034783 0.749818 0.749816 0.749816
0.968887 1.100696 0.955305 1.090399 1.101059 1.058190 1.072122 0.774707 0.774705 0.774705
0.997101 1.132749 0.983124 1.122151 1.133122 1.058173 1.103343 0.796155 0.796153 0.796153
0.994130 1.131648 0.982168 1.121061 1.132021 1.055020 1.102270 0.787109 0.787107 0.787107
0.999752 1.137896 0.987750 1.128700 1.138719 1.061677 1.109387 0.792071 0.792069 0.792069
0.984222 1.115794 0.973664 1.111751 1.116655 1.043941 1.091417 0.771965 0.771963 0.771963
1.008067 1.142827 0.997253 1.138686 1.143708 1.069233 1.117859 0.789658 0.789656 0.789656
0.992017 1.121238 0.983778 1.119060 1.126447 1.052260 1.101106 0.777369 0.777367 0.777367
0.996302 1.130121 0.991573 1.127926 1.135371 1.060596 1.109830 0.775773 0.775771 0.775771
0.998725 1.132650 0.994849 1.122630 1.137503 1.061070 1.105172 0.777631 0.777629 0.777629
1.000200 1.132520 0.996743 1.123021 1.139898 1.060954 1.102438 0.776614 0.776612 0.776612
0.996390 1.130099 0.986931 1.120827 1.141005 1.058817 1.103509 0.775238 0.775236 0.775236
1.008620 1.143971 0.999046 1.134586 1.155011 1.071814 1.117055 0.783245 0.783243 0.783243
0.994594 1.125435 0.981275 1.122988 1.141536 1.055867 1.104399 0.774737 0.774734 0.774734
1.006825 1.139274 0.993341 1.136797 1.155574 1.068851 1.117980 0.781504 0.781501 0.781501
0.999416 1.129018 0.984832 1.123662 1.147735 1.055747 1.110629 0.773559 0.773556 0.773556
0.968208 1.093763 0.954079 1.060329 1.111895 1.022779 1.075948 0.731917 0.731915 0.731915
1.003230 1.133326 0.988590 1.098683 1.152114 1.059775 1.114866 0.741991 0.741989 0.741989
0.983187 1.147493 1.000948 1.111799 1.166516 1.073023 1.127342 0.749818 0.749816 0.749816
0.983032 1.150915 1.001483 1.116046 1.169493 1.076425 1.122214 0.752030 0.752029 0.752029
0.988534 1.156033 1.004289 1.117124 1.174558 1.080961 1.127426 0.756638 0.756637 0.756637
0.947442 1.111481 0.961433 1.071145 1.134176 1.024467 1.082026 0.718906 0.718905 0.718905
0.921927 1.149589 0.994396 1.107870 1.124832 1.059591 1.119124 0.741277 0.741275 0.741275
0.932283 1.162502 1.005566 1.120315 1.137467 1.071494 1.131695 0.731965 0.731963 0.731963
0.930071 1.159744 1.003180 0.967031 1.105743 1.068951 1.129010 0.726503 0.726502 0.726502
0.959551 1.192158 1.032433 0.994064 1.141522 1.104052 1.162224 0.747258 0.747256 0.747256
0.964624 1.192964 1.035378 0.999156 1.146104 1.107710 1.165520 0.750217 0.750215 0.750215
0.955269 1.184707 1.025750 0.990354 1.132499 1.101539 1.158057 0.742027 0.742025 0.742025
0.950024 1.166470 1.020480 0.982323 1.120570 1.094778 1.149877 0.729350 0.729348 0.729348
0.981532 1.205156 1.054325 1.014902 1.157733 1.131086 1.188013 0.752931 0.752929 0.752929
