0.978205 0.978913 0.978199 0.973901 0.976072 0.973994 0.977762 0.971662 0.971662 0.971662
0.984555 0.985268 0.984275 0.980223 0.982084 0.979992 0.977699 0.955952 0.955952 0.955952
0.973832 0.974949 0.968659 0.972110 0.971388 0.972097 0.971313 0.941350 0.941350 0.941350
0.953661 0.971978 0.959126 0.968766 0.952265 0.970706 0.967916 0.917767 0.917767 0.917767
0.993415 1.014535 1.001120 1.011182 0.993959 1.011171 1.010295 0.947988 0.947988 0.947988
0.992604 1.013707 1.000303 1.010356 0.993147 1.010346 1.009470 0.931049 0.931049 0.931049
0.946471 1.008085 0.988351 0.963398 0.985952 1.004742 1.003871 0.923302 0.923302 0.923302
0.948690 1.010745 0.990780 0.965765 0.984753 1.007920 1.006962 0.930581 0.930580 0.930580
0.971341 1.034550 1.013060 0.988412 0.988999 1.030052 1.030835 0.952892 0.952892 0.952892
0.946271 1.007849 0.970794 0.950272 0.950337 0.991671 0.992425 0.925441 0.925441 0.925441
0.961707 1.023336 0.989344 0.970277 0.967503 1.008042 1.010662 0.946168 0.946168 0.946168
0.977636 1.040286 1.005731 0.984827 0.981637 1.022768 1.025426 0.954524 0.954523 0.954523
0.974933 1.036786 1.002959 0.980862 0.977946 1.021107 1.024099 0.952847 0.952847 0.952847
0.975103 1.032212 1.000706 0.980874 0.976879 1.019281 1.021781 0.951756 0.951755 0.951755
0.935962 0.989060 0.980429 0.948868 0.956743 0.996741 0.999185 0.931346 0.931345 0.931345
0.957141 1.014375 1.006540 0.955950 0.981491 1.022832 1.017114 0.956073 0.956071 0.956071
0.917275 0.982651 0.969889 0.915816 0.948031 0.983194 0.982439 0.933525 0.933524 0.933524
0.943192 1.013248 0.997694 0.942536 0.972677 1.015187 1.013559 0.958720 0.958719 0.958719
0.949456 1.019977 1.004320 0.948796 0.979137 1.021929 1.020290 0.944217 0.944216 0.944216
0.954356 1.022148 1.011976 0.952420 0.985020 1.027253 1.026530 0.949436 0.949435 0.949435
0.923763 0.992511 0.978408 0.922284 0.960594 0.983229 0.994971 0.911042 0.911042 0.911042
0.965334 1.037175 1.022438 0.963788 1.003823 1.025964 1.039747 0.942339 0.942338 0.942338
0.951052 1.021830 0.854139 0.949529 0.988972 1.010785 1.024363 0.920851 0.920851 0.920851
0.952843 1.057683 0.884108 0.982298 1.023672 1.046250 1.058933 0.951324 0.951323 0.951323
0.943261 1.055206 0.878638 0.976588 1.013635 1.042936 1.049262 0.951599 0.951598 0.951598
0.924568 1.033487 0.854218 0.956487 0.992772 1.017095 1.027666 0.926522 0.926521 0.926521
0.945442 1.059596 0.872768 0.981255 1.016198 1.043964 1.047003 0.941715 0.941714 0.941714
0.944846 1.054663 0.870788 0.979320 1.015439 1.038239 1.044366 0.928380 0.928379 0.928379
0.927017 1.037422 0.867679 0.952615 0.998359 1.024056 1.025464 0.919990 0.919989 0.919989
0.957488 1.068729 0.893205 0.981031 1.031377 1.058211 1.054727 0.945333 0.945332 0.945332
0.955960 1.065516 0.890962 0.973389 1.028296 1.054900 1.051378 0.939288 0.939287 0.939287
0.958265 1.067055 0.887934 0.975050 1.031432 1.055363 1.051259 0.941007 0.941006 0.941006
0.956539 1.061452 0.885483 0.969361 1.025033 1.049646 1.048669 0.939907 0.939906 0.939906
0.964749 1.072729 0.894565 0.971645 1.034473 1.058677 1.060642 0.950510 0.950509 0.950509
0.966923 1.075146 0.896581 0.973835 1.036804 1.061063 1.063032 0.944012 0.944011 0.944011
0.940812 1.046114 0.872370 0.947538 1.008807 1.032410 1.034326 0.873406 0.873404 0.873404
0.974240 1.080759 0.899809 0.984870 1.047023 1.068038 1.073874 0.907229 0.907228 0.907228
0.982079 1.088210 0.904529 0.988223 1.054119 1.075152 1.081491 0.915012 0.915011 0.915011
0.974390 1.079690 0.894344 0.980485 1.045866 1.066734 1.073023 0.889500 0.889499 0.889499
0.967568 1.072130 0.888082 0.842406 1.011979 1.059265 1.065510 0.878767 0.878765 0.878765
0.983094 1.107401 0.918536 0.870120 1.046681 1.095588 1.100563 0.900735 0.900734 0.900734
0.978900 1.106641 0.916253 0.867524 1.045979 1.091756 1.095473 0.895573 0.895572 0.895572
0.974685 1.094887 0.908204 0.864579 1.043615 1.084316 1.087757 0.890115 0.890113 0.890113
0.992014 1.114138 0.925156 0.873694 1.061583 1.101409 1.099776 0.905908 0.905906 0.905906
0.986281 1.046525 0.904448 0.868644 1.055447 1.095043 1.093420 0.896322 0.896320 0.896320
1.011736 1.073535 0.927792 0.891063 1.082688 1.123306 1.121641 0.918282 0.918280 0.918280
1.009722 1.070922 0.923765 0.888970 1.077336 1.120667 1.119120 0.914279 0.914277 0.914277
1.013823 1.075271 0.927517 0.892580 1.081711 1.125218 1.123665 0.917251 0.917250 0.917250
0.967064 1.034382 0.890791 0.858638 1.040116 1.065330 1.068870 0.884536 0.884534 0.884534
0.958656 1.047777 0.905001 0.866938 1.058371 1.074575 1.085389 0.890789 0.890787 0.890787
0.948055 1.064748 0.917831 0.881102 1.058070 1.088720 1.102067 0.906450 0.906448 0.906448
0.966249 1.085181 0.935278 0.898011 1.076046 1.109415 1.123016 0.920641 0.920640 0.920640
0.959939 1.076309 0.928039 0.888375 1.069638 1.096727 1.116563 0.912041 0.912040 0.912040
0.969776 1.087339 0.937549 0.897479 1.080599 1.107966 1.128005 0.918146 0.918144 0.918144
0.964440 1.082101 0.932716 0.892537 1.071793 1.102669 1.121667 0.913962 0.913961 0.913961
0.960548 1.077734 0.928952 0.888935 1.067467 1.098219 1.111257 0.895766 0.895765 0.895765
0.965413 1.080406 0.934647 0.894270 1.074818 1.102031 1.117795 0.899183 0.899182 0.899182
0.849311 0.908146 0.814547 0.780704 0.945559 0.926443 0.983367 0.785705 0.785704 0.785704
0.981765 1.048106 0.941980 0.901442 1.093708 1.069229 1.132243 0.905714 0.905713 0.905713
0.964688 1.029876 0.925596 0.885762 1.074685 1.050631 1.112550 0.856162 0.856161 0.856161
0.986287 1.050925 0.946523 0.901791 1.091203 1.053177 1.133586 0.869501 0.869499 0.869499
0.990095 1.059727 0.954938 0.910914 1.102243 1.063832 1.145055 0.874752 0.874750 0.874750
0.978588 1.044928 0.941683 0.898271 1.086850 1.050737 1.124776 0.841622 0.841620 0.841620
0.985898 1.042251 0.949054 0.902598 1.089417 1.057898 1.131386 0.838024 0.838022 0.838022
1.003549 1.057058 0.963670 0.915425 1.109631 1.078027 1.149099 0.850440 0.850438 0.850438
0.999906 1.054350 0.952801 0.908345 1.109911 1.078211 1.146404 0.845282 0.845281 0.845281
0.943444 1.057398 0.955555 0.910971 1.067355 1.081328 1.149718 0.845130 0.845128 0.845128
0.958207 1.078151 0.972632 0.927126 1.088077 1.102511 1.171083 0.859410 0.859408 0.859408
0.959615 1.078325 0.974595 0.928713 1.091576 1.106521 1.174788 0.859426 0.859424 0.859424
0.964662 1.083996 0.979721 0.933598 1.097318 1.112342 1.180967 0.857834 0.857832 0.857832
0.956332 1.070860 0.972273 0.927357 1.089653 1.101919 1.173092 0.848699 0.848697 0.848697
0.951184 1.064334 0.950874 0.924087 1.086191 1.096707 1.168051 0.837965 0.837963 0.837963
0.963122 1.078426 0.962748 0.936413 1.095712 1.111389 1.180829 0.847215 0.847213 0.847213
0.967899 1.085501 0.967758 0.942688 1.098980 1.113936 1.189005 0.852683 0.852681 0.852681
0.969040 1.086635 0.968925 0.944887 1.100562 1.115975 1.191355 0.854238 0.854236 0.854236
0.969448 1.087092 0.969333 0.945284 1.064252 1.116445 1.191856 0.852751 0.852750 0.852750
0.963260 1.076822 0.960929 0.939584 1.057010 1.105161 1.180618 0.843638 0.843636 0.843636
0.968960 1.087081 0.970084 0.948536 1.067081 1.115690 1.191866 0.843246 0.843245 0.843245
0.950284 1.062623 0.941609 0.921642 1.031326 1.095768 1.159057 0.821396 0.821395 0.821395
0.885495 1.053174 0.936439 0.897267 1.025663 1.089752 1.080035 0.800070 0.800069 0.800069
0.940936 1.119113 0.995069 0.953445 1.089880 1.125196 1.147655 0.848977 0.848976 0.848976
0.907322 1.079134 0.959522 0.895530 1.050945 1.085000 1.106657 0.799546 0.799546 0.799546
0.935380 1.114163 0.990667 0.924598 1.085058 1.084956 1.108578 0.822778 0.822777 0.822777
0.935526 1.134267 1.008543 0.941282 1.104637 1.104533 1.128581 0.827982 0.827981 0.827981
0.945136 1.145918 1.018903 0.950951 1.115985 1.115879 1.140174 0.830415 0.830414 0.830414
0.934756 1.133333 1.007712 0.940506 1.103728 1.103623 1.127651 0.801969 0.801968 0.801968
0.944443 1.148673 1.018861 0.954034 1.118188 1.118773 1.134333 0.812798 0.812797 0.812797
0.941793 1.147372 1.009848 0.953129 1.120401 1.117644 1.136579 0.812175 0.812174 0.812174
0.935098 1.139216 0.990064 0.946354 1.112437 1.097714 1.116312 0.791978 0.791977 0.791977
0.950539 1.158121 1.005444 0.960332 1.128353 1.112173 1.131638 0.803217 0.803216 0.803216
0.943810 1.145378 0.999617 0.954035 1.115991 1.102984 1.122869 0.789551 0.789550 0.789550
0.949922 1.159956 1.011460 0.966177 1.130084 1.116052 1.130141 0.793320 0.793319 0.793319
0.948762 1.148570 1.009384 0.964796 1.116913 1.113020 1.129362 0.791923 0.791922 0.791922
0.965975 1.169407 1.027696 0.982299 1.137176 1.133212 1.149851 0.804740 0.804738 0.804738
0.957298 1.158903 1.018465 0.973476 1.122132 1.123034 1.139522 0.790476 0.790475 0.790475
0.945262 1.150067 1.011524 0.969011 1.110763 1.113221 1.133944 0.785437 0.785435 0.785435
0.947646 1.151323 1.013107 0.971804 1.107681 1.113431 1.137189 0.785212 0.785211 0.785211
0.941906 1.143017 1.005964 0.964952 1.099871 1.074745 1.127995 0.761078 0.761077 0.761077
0.928958 1.133393 0.992136 0.956827 1.090610 1.065695 1.118497 0.715749 0.715747 0.715747
0.956477 1.174394 1.027412 0.988996 1.128181 1.102214 1.157688 0.733712 0.733710 0.733710
