0.986225 0.985273 0.980509 0.985531 0.986853 0.984284 0.983741 0.985653 0.985653 0.985653
0.988306 0.984813 0.983619 0.988532 0.990728 0.984797 0.986620 0.986504 0.986504 0.986504
0.944549 0.958189 0.950506 0.961429 0.947856 0.959728 0.959515 0.938649 0.938649 0.938649
0.862760 0.836242 0.860073 0.871459 0.865782 0.837693 0.876430 0.851583 0.851583 0.851583
0.961684 0.934522 0.973639 0.963065 0.967068 0.938701 0.977689 0.958737 0.958737 0.958737
1.001923 0.973625 1.014378 1.003362 1.007532 0.977978 1.018598 0.998047 0.998048 0.998048
0.990392 0.965872 1.006302 0.995373 0.999510 0.970191 1.010487 0.980302 0.980303 0.980303
0.990273 0.966414 1.006118 0.996028 0.995653 0.970876 1.008758 0.978720 0.978721 0.978721
0.981406 0.958453 0.997102 0.982765 0.984586 0.958040 0.999272 0.963468 0.963469 0.963469
1.000213 0.976511 1.014832 1.001181 0.984280 0.974571 1.018254 0.982027 0.982028 0.982028
0.999457 0.973230 1.010676 0.997479 0.983729 0.974289 1.013216 0.976228 0.976229 0.976229
0.989832 0.959976 0.999302 0.986547 0.974143 0.960220 1.001562 0.953738 0.953739 0.953739
0.990844 0.958679 0.998037 0.985298 0.972826 0.960533 0.996410 0.929355 0.929356 0.929356
0.971890 0.938709 0.999220 0.974013 0.973630 0.959853 0.995705 0.929333 0.929334 0.929334
0.983748 0.967156 1.029501 1.003530 1.003135 0.988941 1.025879 0.946474 0.946474 0.946474
0.974262 0.951754 1.014987 0.994761 0.995503 0.976936 1.013193 0.935663 0.935663 0.935663
0.964967 0.943073 1.000249 0.987875 0.986006 0.970389 1.007949 0.922629 0.922630 0.922630
0.981969 0.959690 1.005077 1.005281 1.003378 0.976822 1.014631 0.922093 0.922093 0.922093
1.008256 0.985380 1.031982 1.032192 1.030238 1.002971 1.041792 0.943445 0.943445 0.943445
0.985583 0.963222 0.855381 1.008981 1.007071 0.980418 1.018365 0.914734 0.914734 0.914734
1.003778 0.985920 0.876252 1.035919 1.028199 1.002396 1.045230 0.937469 0.937469 0.937469
1.016955 1.000454 0.887971 1.051337 1.039648 1.012859 1.061021 0.951189 0.951188 0.951188
1.005336 0.993472 0.882224 1.045803 1.034175 1.007527 1.055436 0.942361 0.942361 0.942361
0.991835 0.986366 0.875391 1.035763 1.025069 0.998479 1.046738 0.925618 0.925618 0.925618
1.008571 1.005041 0.891640 1.046738 1.043014 1.015350 1.067392 0.943755 0.943755 0.943755
0.998786 0.995290 0.882743 1.036583 1.032553 1.005167 1.050152 0.913559 0.913559 0.913559
1.012392 1.008243 0.894776 1.049375 1.045574 1.020025 1.066028 0.926940 0.926940 0.926940
0.965152 0.971604 0.857687 1.000062 1.004649 0.975370 1.024302 0.900347 0.900347 0.900347
0.998400 1.003156 0.887424 1.030167 1.032122 0.989266 1.055979 0.925159 0.925159 0.925159
1.005422 1.006663 0.894597 1.039454 1.041112 0.995486 1.065518 0.929775 0.929775 0.929775
1.009623 1.006232 0.896159 1.043627 1.044138 0.997683 1.067361 0.932427 0.932427 0.932427
1.001743 0.997665 0.874302 1.037415 1.038287 0.990546 1.060186 0.918392 0.918392 0.918392
1.016825 1.012490 0.888237 1.045546 1.053337 1.003468 1.069032 0.932185 0.932185 0.932185
1.002114 0.996913 0.877794 1.035225 1.039887 0.989141 1.055705 0.924199 0.924198 0.924198
0.920346 0.973822 0.860406 0.993335 1.019287 0.969547 0.969565 0.887242 0.887242 0.887242
0.979181 1.035614 0.913253 1.056455 1.081238 1.031155 1.031281 0.941720 0.941719 0.941719
0.953211 1.004833 0.879895 1.018916 1.037286 1.005258 0.995480 0.910539 0.910539 0.910539
0.962747 1.014885 0.888698 0.890417 1.020865 1.015315 1.005439 0.914957 0.914957 0.914957
0.984713 1.046130 0.912528 0.914637 1.044424 1.045707 1.029340 0.945614 0.945613 0.945613
0.926121 1.045780 0.912222 0.914330 1.001147 1.045357 1.028995 0.942402 0.942401 0.942401
0.944280 1.064893 0.930619 0.932485 1.022559 1.068162 1.050947 0.959488 0.959487 0.959487
0.942505 1.062977 0.927975 0.929137 1.018422 1.062649 1.046099 0.955497 0.955496 0.955496
0.942616 1.066439 0.928727 0.932943 1.021301 1.066311 1.041626 0.958579 0.958578 0.958578
0.941586 1.063769 0.926862 0.926142 1.018764 1.063511 1.038842 0.952930 0.952929 0.952929
0.946921 1.069796 0.932114 0.931390 1.020146 1.069537 1.044728 0.949875 0.949874 0.949874
0.944528 1.063803 0.927619 0.929367 1.017137 1.062837 1.038895 0.943371 0.943369 0.943369
0.952883 1.071506 0.936223 0.936531 1.026777 1.070539 1.043949 0.949069 0.949068 0.949068
0.959353 1.078781 0.942579 0.942890 1.033749 1.047293 1.051037 0.954181 0.954179 0.954179
0.966323 1.086619 0.949428 0.949740 1.041260 1.054902 1.058674 0.959887 0.959885 0.959885
0.950905 1.066055 0.936567 0.933339 1.025509 1.038121 1.042771 0.944915 0.944913 0.944913
0.960908 1.077270 0.946419 0.943158 1.036297 1.049042 1.053741 0.946196 0.946194 0.946194
0.933219 1.045411 0.911668 0.915265 1.005650 1.013657 1.022578 0.912804 0.912802 0.912802
0.965330 1.081382 0.943038 0.946758 1.040253 1.046993 1.057764 0.934590 0.934588 0.934588
0.930831 1.048367 0.909335 0.917853 1.008494 1.015028 1.025470 0.859328 0.859326 0.859326
0.940311 1.068031 0.924880 0.935069 1.026955 1.017731 1.033042 0.877593 0.877592 0.877592
0.976109 1.108692 0.960091 0.970668 1.030447 1.056477 1.072371 0.909036 0.909034 0.909034
0.949586 1.078566 0.934003 0.944293 1.002447 1.027770 1.043232 0.840899 0.840897 0.840897
0.935746 1.108471 0.953720 0.930530 1.028481 1.056266 1.072157 0.861803 0.861800 0.861800
0.951482 1.127111 0.969758 0.946178 1.045777 1.074028 1.090187 0.857345 0.857343 0.857343
0.944935 1.119356 0.963085 0.939668 1.038581 1.066638 1.082686 0.819110 0.819108 0.819108
0.960148 1.140566 0.978985 0.955652 1.052985 1.088327 1.103776 0.831273 0.831271 0.831271
0.966328 1.147907 0.981879 0.961803 1.059763 1.095331 1.110880 0.819715 0.819712 0.819712
0.944617 1.122116 0.959819 0.915799 1.035953 1.070722 1.085922 0.782601 0.782599 0.782599
0.982671 1.167320 0.998485 0.952692 1.077686 1.113856 1.129668 0.800234 0.800232 0.800232
0.979566 1.164882 0.987690 0.945771 1.078468 1.114573 1.127552 0.795758 0.795756 0.795756
0.982346 1.168188 0.990494 0.948456 1.081529 1.117737 1.130752 0.779238 0.779237 0.779237
0.975913 1.179785 1.001677 0.957872 1.093740 1.130356 1.141978 0.780956 0.780954 0.780954
0.971091 1.175704 0.998211 0.954558 1.089956 1.090988 1.104162 0.775689 0.775687 0.775687
0.981850 1.192181 1.013223 0.950823 1.105524 1.106904 1.111282 0.787292 0.787289 0.787289
0.984742 1.200375 1.018432 0.955583 1.112891 1.114473 1.117776 0.790581 0.790579 0.790579
0.980465 1.129157 0.997075 0.951432 1.108057 1.109632 1.112920 0.783346 0.783344 0.783344
0.997573 1.149651 1.014828 0.968029 1.124391 1.129813 1.132208 0.797772 0.797770 0.797770
0.989833 1.136788 1.005986 0.956638 1.110746 1.116986 1.122677 0.792084 0.792082 0.792082
0.982063 1.126551 0.997090 0.948179 1.100924 1.076230 1.111591 0.766353 0.766351 0.766351
1.002839 1.146206 1.015681 0.964726 1.124936 1.100213 1.132602 0.780192 0.780190 0.780190
0.970204 1.112410 0.981496 0.933731 1.096489 1.052532 1.097229 0.748266 0.748264 0.748264
1.006278 1.151085 1.013983 0.972068 1.139843 1.090592 1.141001 0.778484 0.778482 0.778482
1.006044 1.152749 1.007607 0.973652 1.145046 1.092303 1.146210 0.779894 0.779892 0.779892
0.997649 1.147240 1.000986 0.966772 1.139592 1.084024 1.136236 0.772249 0.772247 0.772247
1.001983 1.142309 1.004497 0.970769 1.132585 1.087102 1.141779 0.775185 0.775183 0.775183
1.014627 1.155400 1.014345 0.978492 1.145433 1.099306 1.155092 0.785381 0.785379 0.785379
1.011623 1.150071 1.010110 0.971470 1.142702 1.090638 1.152580 0.780840 0.780838 0.780838
1.017376 1.156612 1.015855 0.975489 1.146992 1.094732 1.156907 0.779308 0.779306 0.779306
1.020844 1.160400 1.019346 0.979942 1.151201 1.099179 1.161775 0.782469 0.782467 0.782467
0.982299 1.147358 1.005885 0.969062 1.119800 1.083580 1.147777 0.774728 0.774726 0.774726
0.985788 1.149791 1.008495 0.972854 1.117840 1.084898 1.152245 0.775302 0.775300 0.775300
0.984572 1.143836 1.008553 0.972164 1.112103 1.082269 1.150047 0.766598 0.766596 0.766596
1.007894 1.170930 1.032442 0.995192 1.138445 1.107905 1.177288 0.783247 0.783245 0.783245
0.998640 1.162516 1.025024 0.988041 1.130265 1.097734 1.168829 0.769532 0.769530 0.769530
0.976750 1.137033 0.986180 0.953708 1.090416 1.061050 1.129769 0.750346 0.750344 0.750344
0.988007 1.150475 0.997658 0.964808 1.099065 1.074154 1.143627 0.763188 0.763186 0.763186
1.011960 1.178367 1.021845 0.988198 1.125710 1.100195 1.171352 0.776160 0.776158 0.776158
1.005569 1.170925 1.015392 0.981957 1.118600 1.093247 1.157824 0.758966 0.758964 0.758964
0.972039 1.156595 1.005938 0.966796 1.109930 1.075315 1.146484 0.745326 0.745324 0.745324
0.977233 1.151197 1.011673 0.969403 1.110203 1.080357 1.150788 0.740573 0.740571 0.740571
0.991723 1.175521 1.032152 0.989886 1.133550 1.102227 1.167850 0.750282 0.750280 0.750280
1.004048 1.190131 1.044794 1.002189 1.145160 1.115727 1.182154 0.756973 0.756971 0.756971
0.988252 1.174483 1.027490 0.989622 1.128267 1.102298 1.159277 0.740561 0.740559 0.740559
0.966988 1.187299 1.038702 0.999864 1.140578 1.114326 1.170409 0.747198 0.747197 0.747197
0.974916 1.197033 1.047218 1.008061 1.149930 1.123462 1.180005 0.747856 0.747854 0.747854
