0.896794 0.953851 0.957125 0.936956 0.957125 0.957125 0.896794 0.937422 0.937422 0.937422
0.933276 0.991498 0.995065 0.974096 0.995065 0.967311 0.931371 0.951333 0.951334 0.951334
0.955570 1.015182 1.018835 0.997365 1.018835 0.990418 0.948597 0.958535 0.958535 0.958535
0.967725 1.028096 1.031795 1.010052 1.031795 1.003017 0.960664 0.963681 0.963681 0.963681
0.941971 1.000735 0.987931 0.970276 0.990641 0.964846 0.924104 0.935146 0.935146 0.935146
0.970342 1.030257 1.017696 0.998235 1.019459 0.995043 0.953342 0.964286 0.964286 0.964286
0.954789 1.020195 1.007154 0.986048 1.007822 0.983511 0.942995 0.944659 0.944659 0.944659
0.975392 1.042208 1.028886 1.007325 1.029569 1.004733 0.963343 0.958215 0.958215 0.958215
0.961528 1.023257 1.012600 0.991674 1.014817 0.985642 0.947856 0.931808 0.931808 0.931808
0.981553 1.044428 1.033717 1.013494 1.036222 1.006825 0.968368 0.951827 0.951828 0.951828
0.984219 1.046799 1.034085 1.015881 1.035963 1.009197 0.970748 0.952147 0.952148 0.952148
0.963213 1.022028 1.009702 0.991927 1.011448 0.986971 0.944178 0.907075 0.907076 0.907076
0.974233 1.041777 1.025246 1.007577 1.023281 1.005209 0.955872 0.927041 0.927042 0.927042
0.944217 1.012872 0.992513 0.976951 0.999191 0.963368 0.927678 0.890698 0.890699 0.890699
0.979415 1.050629 1.025952 1.013369 1.036438 0.999280 0.962259 0.905229 0.905229 0.905229
0.988560 1.064244 1.039248 1.026501 1.049869 1.012229 0.974729 0.907884 0.907885 0.907885
1.000040 1.076603 1.051316 1.038422 1.062061 1.023984 0.986048 0.917687 0.917688 0.917688
0.969795 1.040610 1.009042 0.997694 1.014993 0.994450 0.948179 0.883910 0.883910 0.883910
0.993790 1.064849 1.033060 1.016036 1.038657 1.017490 0.970102 0.901426 0.901427 0.901427
0.992674 1.060444 1.034427 1.013541 1.038365 1.016397 0.969933 0.900742 0.900743 0.900743
1.002994 1.071469 1.045181 1.024078 1.049160 1.026963 0.980016 0.901852 0.901853 0.901853
0.994234 1.065193 1.040110 1.000081 1.043291 1.021527 0.967007 0.897404 0.897405 0.897405
0.995066 1.062400 1.039979 0.996874 1.039558 1.018678 0.967174 0.898724 0.898724 0.898724
0.985731 1.041953 1.030588 0.984922 1.024584 1.008465 0.956585 0.879913 0.879914 0.879914
1.008977 1.068684 1.056643 1.001925 1.049398 1.032269 0.981895 0.903073 0.903074 0.903074
1.009991 1.071461 1.057962 1.004670 1.048386 1.030563 0.984803 0.905325 0.905325 0.905325
0.973188 1.060872 1.045422 0.994877 1.021187 1.017330 0.974272 0.897598 0.897598 0.897598
0.918337 1.064058 1.048562 0.997865 0.982142 1.020385 0.977198 0.897536 0.897536 0.897536
0.922687 1.062317 1.048789 1.003508 0.988822 1.022635 0.979126 0.900167 0.900167 0.900167
0.947041 1.090356 1.076472 1.029996 1.014921 1.049627 1.004970 0.922150 0.922149 0.922149
0.904288 1.046756 1.027875 0.988809 0.974337 1.007655 0.964784 0.839618 0.839617 0.839617
0.933985 1.080127 1.064552 1.026046 1.008071 1.040949 0.998492 0.872384 0.872384 0.872384
0.943597 1.088436 1.076648 1.037572 1.020291 1.049994 1.009590 0.880266 0.880266 0.880266
0.945995 1.091201 1.079384 1.040208 1.018500 1.052662 1.012155 0.874718 0.874717 0.874717
0.953447 1.099797 1.087886 1.048402 0.992238 1.060954 1.020128 0.879703 0.879702 0.879702
0.952415 1.100819 1.088897 1.049377 0.993160 1.059806 1.021076 0.871364 0.871363 0.871363
0.912710 1.053097 1.065113 1.013498 0.971119 1.034697 0.996885 0.851302 0.851301 0.851301
0.915311 1.056099 1.068149 1.016387 0.973887 1.037646 0.999727 0.811796 0.811794 0.811794
0.948428 1.090335 1.104074 1.049340 1.009769 1.076377 1.033610 0.838615 0.838614 0.838614
0.908988 1.056308 1.063945 1.005354 0.975413 1.034736 0.998442 0.818895 0.818893 0.818893
0.953670 1.108232 1.116046 1.054773 1.021151 1.085406 1.047335 0.856169 0.856168 0.856168
0.939445 1.091702 1.099092 1.039040 1.005586 1.068863 1.024994 0.824411 0.824409 0.824409
0.934793 1.104313 1.113289 1.051043 1.018575 1.082669 1.036834 0.827557 0.827556 0.827556
0.943189 1.114231 1.123288 1.060483 1.027724 1.090785 1.046147 0.826480 0.826479 0.826479
0.937902 1.107985 1.116991 1.054538 1.021962 1.084671 1.040282 0.804074 0.804073 0.804073
0.941513 1.112251 1.121292 1.058598 1.025897 1.088847 1.044287 0.788177 0.788176 0.788176
0.837864 0.945725 0.988509 0.934851 0.912958 0.925944 0.929324 0.696672 0.696672 0.696672
0.935597 1.056040 1.103815 1.016812 1.019451 1.033953 1.037726 0.759784 0.759784 0.759784
0.977429 1.100381 1.149313 1.059147 1.065240 1.080685 1.079575 0.789664 0.789664 0.789664
0.971034 1.099971 1.147887 1.058752 1.064738 1.079345 1.072512 0.783171 0.783170 0.783170
0.970456 1.095927 1.144565 1.058499 1.063654 1.074661 1.068589 0.779315 0.779314 0.779314
0.971598 1.095122 1.146159 1.055294 1.057594 1.054914 1.066204 0.775035 0.775034 0.775034
0.975258 1.104191 1.156240 1.065871 1.068194 1.065487 1.076890 0.779642 0.779642 0.779642
0.939785 1.087261 1.141886 1.046126 1.056594 1.044726 1.063001 0.763232 0.763231 0.763231
0.956373 1.102565 1.163252 1.066686 1.077034 1.062379 1.083911 0.775126 0.775126 0.775126
0.944107 1.107891 1.168871 1.071839 1.082236 1.067511 1.089147 0.769904 0.769904 0.769904
0.949968 1.114553 1.177152 1.070824 1.088353 1.072011 1.088662 0.774656 0.774655 0.774655
0.939917 1.106726 1.166779 1.060859 1.080726 1.061486 1.076755 0.765332 0.765331 0.765331
0.938221 1.106374 1.166409 1.060522 1.080382 1.027746 1.044381 0.762567 0.762566 0.762566
0.945431 1.114079 1.155724 1.070666 1.091099 1.036324 1.053555 0.762814 0.762813 0.762813
0.955903 1.125333 1.161753 1.081765 1.103888 1.045742 1.062543 0.770817 0.770815 0.770815
0.949039 1.118061 1.153404 1.069271 1.093572 1.033763 1.054435 0.760163 0.760162 0.760162
0.972157 1.145296 1.181501 1.095318 1.120211 1.058945 1.080121 0.777686 0.777685 0.777685
0.962737 1.132319 1.168627 1.080118 1.109998 1.043504 1.070497 0.767971 0.767970 0.767970
0.955143 1.124594 1.150509 1.067186 1.105535 1.039224 1.063424 0.760053 0.760052 0.760052
0.968967 1.140871 1.167161 1.080962 1.119379 1.052237 1.076741 0.765188 0.765188 0.765188
0.954739 1.124118 0.975150 1.065089 1.102942 1.036786 1.060930 0.747824 0.747823 0.747823
0.968049 1.140124 0.988856 1.080059 1.114345 1.052098 1.076508 0.762439 0.762439 0.762439
0.971319 1.149708 0.997982 1.092473 1.120874 1.059752 1.088543 0.769818 0.769816 0.769816
0.980171 1.154865 1.004639 1.102251 1.129658 1.067311 1.095786 0.775808 0.775807 0.775807
0.972555 1.141364 0.998122 1.094261 1.116505 1.057757 1.086538 0.762078 0.762077 0.762077
0.970277 1.138691 0.995784 0.944571 1.085398 1.055279 1.083993 0.756415 0.756414 0.756414
0.993008 1.168635 1.019523 0.967567 1.108389 1.084502 1.113079 0.773184 0.773182 0.773182
0.968368 1.149308 1.001026 0.951565 1.089575 1.049717 1.082451 0.762262 0.762261 0.762261
0.968579 1.187657 1.034427 0.982769 1.125931 1.084743 1.117122 0.786178 0.786176 0.786176
0.919820 1.176284 1.017926 0.933295 1.113244 1.074356 1.106424 0.776477 0.776475 0.776475
0.940704 1.201420 1.041608 0.954716 1.140506 1.101127 1.133459 0.792956 0.792955 0.792955
0.908142 1.162816 1.021235 0.913780 1.103328 1.068657 1.095085 0.773180 0.773178 0.773178
0.933817 1.195691 1.050107 0.939614 1.134521 1.098870 1.126045 0.781472 0.781470 0.781470
0.934677 1.186493 1.050198 0.940283 1.123703 1.098235 1.127682 0.781769 0.781767 0.781767
0.924555 1.173645 1.038826 0.930101 1.111534 1.086342 1.115470 0.743935 0.743933 0.743933
0.950055 1.206835 1.067410 0.956497 1.137920 1.117225 1.144411 0.763311 0.763309 0.763309
0.958049 1.216990 1.076392 0.964546 1.147496 1.094730 1.154041 0.768661 0.768659 0.768659
0.959235 1.217104 1.074729 0.961292 1.147470 1.094577 1.154376 0.770018 0.770017 0.770017
0.951057 1.140084 1.047771 0.953096 1.137687 1.085245 1.144533 0.759767 0.759765 0.759765
0.973771 1.167312 1.072795 0.975859 1.164858 1.111164 1.171868 0.775175 0.775173 0.775173
0.962954 1.158867 1.063201 0.967001 1.156190 1.103085 1.162200 0.767506 0.767504 0.767504
0.966157 1.163522 1.067110 0.970213 1.156947 1.107557 1.165929 0.770791 0.770789 0.770789
0.965215 1.160540 1.066524 0.968176 1.156545 1.104725 1.160197 0.767899 0.767897 0.767897
0.958297 1.150578 1.057869 0.961581 1.142188 1.094254 1.152272 0.760259 0.760258 0.760258
0.942129 1.131645 1.034791 0.947857 1.122918 1.078876 1.137824 0.744120 0.744119 0.744119
0.963636 1.159421 1.052003 0.971301 1.154064 1.105493 1.169383 0.762664 0.762662 0.762662
0.957338 1.154870 1.044248 0.968084 1.147665 1.102394 1.157469 0.753101 0.753099 0.753099
0.920845 1.130885 1.015592 0.947606 1.105074 1.081250 1.132919 0.721183 0.721182 0.721182
0.963954 1.183453 1.061695 0.991554 1.134704 1.129749 1.185762 0.755019 0.755017 0.755017
0.951810 1.168544 1.035141 0.979062 1.120408 1.103469 1.158179 0.732173 0.732171 0.732171
0.967511 1.187916 1.051203 0.993507 1.136420 1.117984 1.174061 0.742550 0.742549 0.742549
0.966120 1.183445 1.045560 0.995785 1.137364 1.115277 1.175436 0.743771 0.743770 0.743770
0.943300 1.154589 1.012556 0.971505 1.109631 1.083422 1.146775 0.721361 0.721359 0.721359
0.970152 1.191184 1.042101 1.003136 1.144311 1.117973 1.174239 0.744202 0.744200 0.744200
