0.983984 0.981692 0.980111 0.987660 0.986219 0.983014 0.986555 0.987021 0.987021 0.987021
0.978422 0.977191 0.967090 0.978034 0.984467 0.981187 0.982245 0.979045 0.979045 0.979045
0.983964 0.979274 0.973581 0.985509 0.991691 0.986014 0.989769 0.982592 0.982592 0.982592
0.987988 0.983948 0.977502 0.990309 0.992024 0.990864 0.992234 0.985137 0.985137 0.985137
0.983657 0.976679 0.975599 0.984651 0.988507 0.986568 0.988822 0.981175 0.981175 0.981175
0.990963 0.982368 0.983264 0.990847 0.996473 0.992320 0.992237 0.985714 0.985714 0.985714
0.984388 0.981911 0.981953 0.990385 0.995911 0.990997 0.985653 0.977517 0.977517 0.977517
0.991869 0.990948 0.989655 0.999641 1.001505 0.995877 0.995085 0.986411 0.986410 0.986410
0.994058 0.993136 0.991840 1.001848 1.003716 0.998076 0.997282 0.981411 0.981411 0.981411
0.991750 0.990637 0.990397 0.992414 1.000832 0.993786 0.988387 0.979096 0.979095 0.979095
0.987857 0.983165 0.984084 0.984933 0.997542 0.990978 0.982333 0.972295 0.972294 0.972294
0.992732 0.991562 0.992489 0.993345 1.006061 0.999442 0.990723 0.970894 0.970894 0.970894
0.992280 0.990514 0.992045 0.991636 1.004599 1.000130 0.991732 0.971433 0.971432 0.971432
0.993980 0.994210 0.995746 0.995335 1.008347 1.001843 0.995432 0.964916 0.964916 0.964916
0.961913 0.988652 0.988211 0.989908 0.986446 0.993268 0.989057 0.960829 0.960828 0.960828
0.921108 0.987351 0.980557 0.947915 0.983466 0.991961 0.987756 0.956887 0.956887 0.956887
0.935120 1.005279 0.999371 0.948065 1.001588 1.010545 0.998187 0.975169 0.975168 0.975168
0.825920 0.848344 0.874404 0.830946 0.884626 0.852899 0.881622 0.855477 0.855476 0.855476
0.947970 0.970344 1.002655 0.949886 1.010874 0.975390 1.011233 0.982517 0.982516 0.982516
0.939014 0.961176 0.993181 0.940912 1.001323 0.966174 1.001679 0.936272 0.936271 0.936271
0.941310 0.963934 0.990604 0.945706 1.003772 0.971313 1.008553 0.934403 0.934402 0.934402
0.949495 0.972315 0.999217 0.825369 0.986602 0.979759 1.017323 0.937720 0.937719 0.937719
0.978949 1.002478 1.030214 0.850972 1.017207 1.010151 1.048881 0.945901 0.945900 0.945900
0.992925 1.016789 1.044921 0.863121 1.031728 1.023065 1.063855 0.949628 0.949627 0.949627
0.947052 0.987309 1.007711 0.837766 0.985096 0.995014 1.032544 0.901742 0.901742 0.901742
0.966119 1.003876 1.017435 0.846722 0.990345 1.016514 1.044468 0.913672 0.913671 0.913671
1.002129 1.041293 1.055357 0.878282 1.027258 1.054403 1.083399 0.945904 0.945903 0.945903
0.973705 1.028538 1.043837 0.867524 1.016044 1.042892 1.070128 0.927173 0.927172 0.927172
0.990518 1.046298 1.061861 0.882503 1.033588 1.060900 1.088606 0.942421 0.942421 0.942421
0.990387 1.046159 1.061720 0.882386 1.033451 1.060759 1.088462 0.941094 0.941093 0.941093
0.978251 1.031880 1.047748 0.866166 1.019365 1.046152 1.073423 0.925094 0.925093 0.925093
0.991653 1.046016 1.062102 0.878033 1.033330 1.060484 1.088129 0.934467 0.934467 0.934467
0.952267 1.004471 1.019919 0.821283 0.992289 1.018364 1.044911 0.876415 0.876414 0.876414
0.978422 1.031100 1.050814 0.847776 1.021301 1.046537 1.075791 0.905878 0.905878 0.905878
0.990800 1.044144 1.064108 0.858501 1.029789 1.059777 1.089401 0.909246 0.909245 0.909245
0.988534 1.041757 1.058005 0.856538 1.027435 1.057354 1.086910 0.888832 0.888832 0.888832
0.984629 1.036432 1.052771 0.852301 1.022352 1.022777 1.080406 0.863338 0.863338 0.863338
1.002766 1.055523 1.072163 0.868000 1.041183 1.041617 1.100307 0.858552 0.858551 0.858551
1.001716 1.054418 0.908178 0.867091 1.040093 1.040527 1.099155 0.850682 0.850682 0.850682
1.030579 1.081455 0.932196 0.892393 1.069609 1.066497 1.127361 0.871402 0.871402 0.871402
1.043313 1.094672 0.943741 0.904461 1.083108 1.080378 1.142200 0.882739 0.882739 0.882739
1.034197 1.089357 0.937543 0.898400 1.077625 1.075095 1.135492 0.876101 0.876101 0.876101
0.986134 1.049977 0.898858 0.856350 1.035650 1.028231 1.091262 0.851135 0.851135 0.851135
0.985669 1.072397 0.920772 0.871800 1.062568 1.045758 1.117320 0.864262 0.864262 0.864262
1.001787 1.087852 0.936030 0.882334 1.072529 1.042102 1.131724 0.872544 0.872544 0.872544
1.009533 1.098105 0.937555 0.890814 1.086010 1.052053 1.145949 0.881090 0.881089 0.881089
1.017463 1.106380 0.943637 0.897437 1.073626 1.058331 1.154761 0.888097 0.888097 0.888097
1.006588 1.099478 0.938228 0.893378 1.068770 1.053545 1.149538 0.880511 0.880511 0.880511
0.916703 1.065005 0.911931 0.850039 1.038813 1.024015 1.046889 0.838213 0.838213 0.838213
0.971644 1.127542 0.963898 0.896835 1.099686 1.083894 1.108581 0.888918 0.888918 0.888918
0.970505 1.123285 0.959550 0.893146 1.098611 1.083129 1.102636 0.883300 0.883300 0.883300
0.948867 1.098240 0.922833 0.861779 1.059471 1.046531 1.065379 0.860948 0.860947 0.860947
0.977918 1.126673 0.948784 0.888020 1.090527 1.076455 1.095320 0.886136 0.886135 0.886135
0.968538 1.118996 0.940063 0.880292 1.077697 1.070573 1.088424 0.876557 0.876557 0.876557
0.985395 1.138470 0.956423 0.895612 1.059833 1.089205 1.107366 0.889886 0.889885 0.889885
0.978217 1.067763 0.933602 0.889089 1.052113 1.081272 1.099301 0.879138 0.879138 0.879138
0.982881 1.072085 0.922371 0.894994 1.059473 1.087139 1.105746 0.876877 0.876876 0.876876
0.985677 1.070806 0.923480 0.896336 1.062365 1.084937 1.106797 0.867467 0.867467 0.867467
0.992025 1.077702 0.917743 0.902108 1.069207 1.080132 1.101895 0.857439 0.857438 0.857438
1.008048 1.092292 0.933555 0.917533 1.088445 1.095837 1.120605 0.870204 0.870203 0.870203
0.943197 1.086317 0.928448 0.912514 1.037985 1.089843 1.114475 0.862793 0.862792 0.862792
0.920424 1.058250 0.924795 0.897450 1.033531 1.083502 1.107991 0.858361 0.858360 0.858360
0.918391 1.090907 0.953334 0.924630 1.065425 1.116939 1.140705 0.883144 0.883142 0.883142
0.919704 1.092554 0.953777 0.924364 1.064633 1.114858 1.139207 0.882385 0.882384 0.882384
0.908832 1.085051 0.948000 0.920827 1.054651 1.105960 1.134495 0.877429 0.877428 0.877428
0.886419 1.061012 0.939039 0.890429 1.030789 1.084412 1.107385 0.864366 0.864364 0.864364
0.906986 1.084082 0.959910 0.911416 1.049134 1.106992 1.133464 0.881944 0.881943 0.881943
0.901404 1.074856 0.951823 0.903738 1.040205 1.099414 1.119550 0.853236 0.853234 0.853234
0.925471 1.104315 0.977578 0.927863 1.065135 1.129587 1.149308 0.876850 0.876849 0.876849
0.910283 1.079302 0.957209 0.913470 1.049807 1.108249 1.127337 0.860910 0.860909 0.860909
0.891055 1.062210 0.936990 0.899004 1.033182 1.090699 1.109484 0.803579 0.803577 0.803577
0.908583 1.082258 0.947647 0.915972 1.052683 1.106525 1.130425 0.813923 0.813921 0.813921
0.934823 1.112440 0.969364 0.941763 1.083774 1.136242 1.160143 0.836943 0.836942 0.836942
0.928397 1.108765 0.964422 0.936494 1.080211 1.129301 1.151753 0.829968 0.829966 0.829966
0.941586 1.124518 0.978123 0.949799 1.095558 1.145345 1.168116 0.834125 0.834123 0.834123
0.929629 1.111042 0.965697 0.933612 1.079287 1.125933 1.152760 0.818024 0.818023 0.818023
0.908648 1.095181 0.950358 0.920284 1.063409 1.092327 1.123619 0.808325 0.808323 0.808323
0.939144 1.134229 0.983885 0.945299 1.099782 1.129012 1.164595 0.837690 0.837688 0.837688
0.935105 1.129351 0.979653 0.941233 1.095052 1.124157 1.153478 0.820794 0.820792 0.820792
0.945430 1.141821 0.990470 0.950159 1.105015 1.134384 1.163972 0.823545 0.823543 0.823543
0.938682 1.123916 0.982581 0.943180 1.085665 1.124600 1.156279 0.817225 0.817223 0.817223
0.920893 1.102616 0.963960 0.925306 1.065091 1.103287 1.134366 0.762358 0.762356 0.762356
0.949648 1.140032 0.993223 0.957294 1.099443 1.142011 1.165485 0.781412 0.781410 0.781410
0.940406 1.129268 0.983668 0.948084 1.084875 1.131819 1.154988 0.778083 0.778081 0.778081
0.921167 1.109664 0.962434 0.929087 1.070651 1.096295 1.132894 0.755566 0.755564 0.755564
0.965243 1.162759 1.008485 0.973541 1.121880 1.148750 1.187100 0.786116 0.786114 0.786114
0.967969 1.166042 1.011333 0.976291 1.125048 1.119379 1.190453 0.787237 0.787235 0.787235
0.962595 1.159569 1.005718 0.970870 1.118802 1.113164 1.183843 0.769507 0.769505 0.769505
0.976629 1.176474 1.020198 0.985025 1.132662 1.129192 1.200889 0.778018 0.778016 0.778016
0.961648 1.158427 1.004269 0.969915 1.114918 1.111503 1.174766 0.748836 0.748834 0.748834
0.959542 1.144381 1.002426 0.965243 1.106836 1.108347 1.170340 0.738486 0.738484 0.738484
0.963347 1.169467 1.024400 0.986402 1.131100 1.132644 1.195996 0.745987 0.745985 0.745985
0.968062 1.173244 1.028160 0.987039 1.137293 1.132566 1.202797 0.747517 0.747515 0.747515
0.957572 1.169575 1.020995 0.980529 1.125256 1.128090 1.190875 0.747144 0.747143 0.747143
0.964950 1.177047 1.029426 0.988324 1.135905 1.139243 1.202081 0.751811 0.751809 0.751809
0.961674 1.176733 1.026641 0.988886 1.135115 1.139154 1.192737 0.751587 0.751585 0.751585
0.970484 1.186986 1.033608 0.997587 1.142125 1.149177 1.203355 0.756672 0.756670 0.756670
0.953268 1.167665 1.016784 0.981350 1.123535 1.094887 1.148542 0.741902 0.741900 0.741900
0.960468 1.171837 1.025788 0.989282 1.127603 1.101843 1.156436 0.740026 0.740025 0.740025
0.956477 1.174394 1.027412 0.988996 1.128181 1.102214 1.157688 0.733712 0.733710 0.733710
