0.975520 0.972461 0.970121 0.975951 0.972585 0.974648 0.976735 0.976735 0.976735 0.976735
0.974955 0.963277 0.966798 0.962874 0.969254 0.967917 0.969964 0.969964 0.969964 0.969964
0.941880 0.942700 0.941064 0.936102 0.935990 0.939963 0.934875 0.934875 0.934875 0.934875
0.976971 0.980338 0.983694 0.974336 0.974561 0.949413 0.978532 0.978532 0.978533 0.978533
0.981246 0.986445 0.989757 0.974552 0.977365 0.951951 0.985396 0.985396 0.985396 0.985396
0.971677 0.972369 0.972685 0.964946 0.965564 0.939811 0.968317 0.968317 0.968317 0.968317
0.973421 0.967960 0.960151 0.967244 0.963208 0.923440 0.972449 0.972449 0.972449 0.972449
0.990442 0.987024 0.986741 0.994617 0.986997 0.950524 1.001555 1.001555 1.001555 1.001555
0.986874 0.982085 0.981230 0.988855 0.979823 0.944665 0.997541 0.997541 0.997541 0.997541
0.980334 0.979454 0.975312 0.985401 0.975913 0.941794 0.995354 0.995354 0.995354 0.995354
0.981718 0.982044 0.958414 0.988244 0.974885 0.938086 1.000477 1.000477 1.000478 1.000478
0.981106 0.978814 0.959235 0.973733 0.973007 0.936963 0.999781 0.999781 0.999781 0.999781
0.987851 0.983296 0.963765 0.977662 0.978231 0.940179 1.003289 1.003289 1.003289 1.003289
0.983552 0.973774 0.963527 0.972839 0.970501 0.938249 1.004455 1.004455 1.004455 1.004455
0.980738 0.972483 0.914836 0.973139 0.968550 0.927350 1.005498 1.005498 1.005499 1.005499
0.917125 0.921792 0.865498 0.911728 0.915381 0.862482 0.909622 0.909622 0.909622 0.909622
1.002724 1.008542 0.946333 0.999362 1.002490 0.945513 0.995799 0.995799 0.995799 0.995799
0.978903 0.975131 0.900038 0.943151 0.973295 0.914113 0.959785 0.959785 0.959785 0.959785
1.000206 1.003476 0.921150 0.959228 1.000683 0.933471 0.985330 0.985330 0.985330 0.985330
1.005407 0.995792 0.927718 0.966274 1.007442 0.936342 0.991313 0.991313 0.991313 0.991313
1.009386 1.004551 0.934123 0.973146 1.014377 0.944390 0.999211 0.999211 0.999211 0.999211
0.970719 0.962028 0.898277 0.938251 0.959598 0.905050 0.950796 0.950796 0.950796 0.950796
0.994209 0.978440 0.918092 0.962156 0.984795 0.932200 0.984238 0.984238 0.984238 0.984238
0.970550 0.956694 0.892288 0.950165 0.948907 0.910287 0.969105 0.969105 0.969105 0.969105
1.000102 0.991779 0.922973 0.983906 0.982099 0.940201 1.003294 1.003294 1.003295 1.003295
0.978434 0.968622 0.906862 0.965081 0.964304 0.923339 0.978933 0.978933 0.978933 0.978933
0.988572 0.975466 0.917721 0.964950 0.972994 0.934395 0.986799 0.986799 0.986800 0.986800
0.985929 0.980293 0.924672 0.969647 0.978126 0.940263 0.994866 0.994866 0.994866 0.994866
0.989037 0.972390 0.930341 0.970199 0.983604 0.942345 1.001288 1.001288 1.001288 1.001288
0.974457 0.958634 0.926402 0.962263 0.974648 0.931030 0.998023 0.998023 0.998023 0.998023
0.983973 0.968487 0.932164 0.963340 0.981754 0.942451 1.011169 1.011169 1.011169 1.011169
0.984722 0.968299 0.931899 0.959064 0.981591 0.941509 1.012903 1.012903 1.012902 1.012902
0.991394 0.973850 0.938035 0.965647 0.988405 0.946496 1.021111 1.021111 1.021111 1.021111
0.981334 0.969069 0.930884 0.955997 0.983911 0.942501 1.017948 1.017948 1.017947 1.017947
0.976786 0.968469 0.929576 0.941256 0.981046 0.930179 1.016810 1.016810 1.016809 1.016809
0.981666 0.963883 0.929454 0.942189 0.983558 0.930432 1.020419 1.020419 1.020418 1.020418
0.953234 0.929924 0.906656 0.914877 0.952040 0.901016 0.981439 0.981439 0.981439 0.981439
0.993356 0.967827 0.943242 0.950346 0.990669 0.937811 1.023530 1.023530 1.023530 1.023530
0.944423 0.907595 0.894433 0.900282 0.936519 0.898418 0.969590 0.969590 0.969590 0.969590
0.923502 0.854761 0.872346 0.874427 0.888248 0.901883 0.953799 0.953799 0.953799 0.953799
0.979833 0.907507 0.927504 0.919087 0.943227 0.956188 1.020170 1.020170 1.020169 1.020169
0.987054 0.910611 0.934181 0.924596 0.944660 0.960390 1.024778 1.024778 1.024777 1.024777
0.986144 0.909953 0.935796 0.926201 0.932822 0.958983 1.021147 1.021147 1.021146 1.021146
0.985784 0.913167 0.941091 0.935725 0.939753 0.965863 1.033628 1.033628 1.033628 1.033628
0.957214 0.889067 0.916533 0.908819 0.917875 0.941581 0.990965 0.990965 0.990965 0.990965
0.997318 0.925782 0.954567 0.938227 0.954371 0.976334 1.028736 1.028736 1.028736 1.028736
0.996592 0.924278 0.944719 0.928837 0.952239 0.964525 1.031527 1.031527 1.031527 1.031527
0.973339 0.898173 0.928199 0.898264 0.934866 0.954089 1.022169 1.022169 1.022169 1.022169
0.990428 0.913290 0.944259 0.911485 0.946487 0.970317 1.037654 1.037654 1.037654 1.037654
0.960790 0.883514 0.934092 0.892683 0.932034 0.953722 1.021364 1.021364 1.021364 1.021364
0.970070 0.891937 0.941689 0.902196 0.943614 0.965149 1.031014 1.031014 1.031014 1.031014
0.961377 0.885987 0.936481 0.892619 0.917509 0.948471 1.029782 1.029782 1.029782 1.029782
0.986132 0.908377 0.961390 0.915480 0.940824 0.971795 1.057779 1.057779 1.057779 1.057779
0.968727 0.893513 0.945859 0.895220 0.926067 0.955771 1.043953 1.043953 1.043953 1.043953
0.976434 0.900606 0.953190 0.904109 0.934100 0.965809 1.054323 1.054323 1.054323 1.054323
0.963478 0.889545 0.944672 0.893706 0.926743 0.957564 1.045322 1.045322 1.045322 1.045322
0.957692 0.876660 0.926071 0.891147 0.912695 0.936993 1.038528 1.038528 1.038528 1.038528
0.948484 0.870135 0.910793 0.876728 0.906593 0.929333 1.029494 1.029494 1.029494 1.029494
0.947539 0.868636 0.914680 0.871581 0.900525 0.926698 1.024610 1.024610 1.024610 1.024610
0.966430 0.886040 0.932174 0.881754 0.919715 0.951507 1.049906 1.049906 1.049906 1.049906
