0.942839 0.935849 0.943055 0.926644 0.939302 0.937057 0.923701 0.911597 0.911597 0.911597
0.966697 0.970732 0.972472 0.954340 0.966566 0.966777 0.952552 0.940975 0.940975 0.940975
0.902037 0.909294 0.909211 0.428334 0.872442 0.900749 0.888516 0.885062 0.885062 0.885062
0.941618 1.009974 0.987445 0.472432 0.961996 0.981190 0.995316 0.979857 0.979857 0.979857
0.891002 1.002042 0.978210 0.468309 0.949441 0.971425 0.981351 0.944384 0.944384 0.944384
0.948496 1.064993 1.024233 0.494625 1.004966 1.038499 1.013165 1.008243 1.008243 1.008243
0.915903 0.895888 1.002287 0.486743 0.993430 1.030205 1.001238 0.997637 0.997636 0.997636
0.916357 0.901039 1.014078 0.483628 0.999046 1.035558 1.015731 1.003512 1.003512 1.003512
0.936461 0.881409 1.046683 0.497504 1.021549 1.060535 1.034704 1.035594 1.035594 1.035594
0.930670 0.859712 1.048845 0.496803 1.003249 1.043462 1.027019 1.005682 1.005682 1.005682
0.895237 0.790774 1.013907 0.473730 0.985228 1.026091 0.989631 0.944754 0.944754 0.944754
0.958221 0.844219 1.065771 0.507750 1.058208 1.095873 1.051686 1.019675 1.019675 1.019675
0.960174 0.845071 1.069387 0.506249 1.057512 1.095525 1.020497 1.018715 1.018714 1.018714
0.836546 0.736263 0.931696 0.441066 0.921350 0.954469 0.802139 0.767046 0.767045 0.767045
0.949912 0.827981 1.047398 0.492772 1.044888 0.262128 0.909870 0.867863 0.867863 0.867863
1.136915 0.987828 1.251656 0.587111 1.211014 0.313203 1.082333 1.039388 1.039388 1.039388
1.104455 0.961057 1.230204 0.582262 1.194754 0.309317 1.065106 1.034987 1.034987 1.034987
1.034884 0.928162 1.200108 0.565395 1.160094 0.296805 1.032530 0.953748 0.953747 0.953747
1.091763 0.985252 1.270207 0.592992 1.231104 0.311397 1.095035 1.007673 1.007673 1.007673
1.071852 0.972385 1.240698 0.588753 1.216934 0.308889 1.074844 0.996375 0.996374 0.996374
1.020736 0.898779 1.187193 0.457030 1.147625 0.273647 1.032773 0.952256 0.952256 0.952256
1.092029 0.985932 1.292343 0.499272 1.257459 0.299457 1.126167 1.045641 1.045640 1.045640
1.087894 0.971885 1.291552 0.498838 1.234640 0.294220 1.120981 1.045704 1.045703 1.045703
1.097220 0.978490 1.301734 0.505464 1.254054 0.298640 1.135559 1.062438 1.062437 1.062437
1.094907 0.971591 1.283300 0.506441 1.248515 0.293463 1.122599 1.060837 1.060837 1.060837
1.092480 0.978569 1.290283 0.509264 1.257881 0.296291 1.130660 1.071968 1.071967 1.071967
0.865988 0.770246 1.016312 0.399654 0.990553 0.231627 0.891265 0.571764 0.571764 0.571764
1.218929 1.080225 1.437111 0.556975 1.377150 0.326345 1.243482 0.809637 0.809636 0.809636
1.232642 1.101535 1.466812 0.568651 1.396301 0.333093 1.262305 0.822411 0.822411 0.822411
1.178096 0.938641 1.417896 0.525281 1.351137 0.311378 1.214989 0.791518 0.791518 0.791518
1.200607 0.945273 1.438863 0.524768 1.035555 0.305730 1.208397 0.806155 0.806154 0.806154
1.299257 1.022078 1.542002 0.563488 1.117553 0.331087 1.300614 0.871016 0.871015 0.871015
1.045286 0.827946 1.227773 0.456934 0.901635 0.243668 1.030126 0.532082 0.532081 0.532081
1.354669 1.070354 1.544121 0.587308 1.121805 0.313053 1.335282 0.684993 0.684992 0.684992
1.148738 1.084578 1.475707 0.588537 1.138788 0.318421 1.343352 0.692933 0.692932 0.692932
1.195503 1.118622 1.530175 0.608199 1.182120 0.330291 1.393063 0.715246 0.715245 0.715245
1.168441 1.121348 1.528787 0.609758 1.178497 0.332268 1.400323 0.706501 0.706500 0.706500
1.061462 1.008661 1.389098 0.107063 1.071610 0.303025 1.279059 0.643869 0.643868 0.643868
1.262500 1.199472 1.657671 0.128196 1.287380 0.362853 1.529364 0.774653 0.774653 0.774653
1.232647 1.177071 1.627219 0.125897 1.244273 0.356869 1.500671 0.739703 0.739702 0.739702
0.962852 1.189230 1.641096 0.128906 1.266970 0.363935 1.528785 0.756390 0.756389 0.756389
0.986226 1.204898 1.666105 0.132432 1.315340 0.375998 1.579930 0.777884 0.777883 0.777883
0.945784 1.153149 1.599230 0.120034 1.254508 0.348997 0.298806 0.745455 0.745454 0.745454
1.161069 1.414533 1.956946 0.147017 1.501598 0.428708 0.366667 0.910557 0.910556 0.910556
1.142341 1.395716 1.935725 0.139318 1.486462 0.425035 0.364011 0.908882 0.908881 0.908881
1.171177 1.425686 1.994589 0.143333 1.530073 0.434630 0.373669 0.936490 0.936489 0.936489
1.040230 1.259898 1.730585 0.125196 1.422529 0.380280 0.339552 0.850027 0.850026 0.850026
1.135061 1.362410 1.883910 0.136997 1.556292 0.415132 0.338392 0.930369 0.930368 0.930368
1.112868 1.358345 1.900863 0.136002 1.527126 0.412252 0.334828 0.936878 0.936877 0.936877
1.109425 1.357496 1.819873 0.136319 1.525738 0.392680 0.334081 0.920478 0.920477 0.920477
1.085361 1.302088 1.801731 0.130475 1.476603 0.373789 0.317361 0.881954 0.881953 0.881953
1.099423 1.399501 1.946337 0.140448 1.591834 0.403933 0.341221 0.954044 0.954044 0.954044
1.105117 1.400755 1.963459 0.141698 1.597678 0.407386 0.344919 0.964982 0.964981 0.964981
1.063280 1.359692 1.899236 0.138014 1.487463 0.399855 0.334988 0.948354 0.948353 0.948353
1.085827 1.381305 1.938918 0.140732 1.499026 0.410316 0.341425 0.971090 0.971088 0.971088
1.090730 1.386049 1.937085 0.141231 1.481741 0.409529 0.342475 0.974764 0.974763 0.974763
1.058825 1.328443 1.882381 0.131562 1.431008 0.389268 0.333370 0.947271 0.947271 0.947271
1.089460 1.333991 1.950448 0.134899 1.480474 0.386141 0.344233 0.978883 0.978882 0.978882
0.987475 1.216450 1.772879 0.123218 1.334951 0.336746 0.312999 0.811561 0.811560 0.811560
1.126289 1.395722 2.028806 0.141082 1.531005 0.386032 0.360789 0.932226 0.932225 0.932225
