0.986548 0.986635 0.987557 0.986329 0.987557 0.986312 0.982558 0.982558 0.982558 0.982558
0.979155 0.981331 0.982248 0.977699 0.981553 0.980910 0.967181 0.967181 0.967181 0.967181
0.991176 0.993378 0.966175 0.989702 0.993603 0.992953 0.972410 0.972410 0.972410 0.972410
0.993302 1.002500 0.974646 0.998653 1.002412 0.991790 0.978797 0.978797 0.978797 0.978797
0.989554 0.999288 0.973822 0.997644 1.001399 0.990951 0.974271 0.974271 0.974271 0.974271
0.996677 1.005422 0.976991 1.004825 1.008608 0.998084 0.977942 0.977942 0.977942 0.977942
0.992226 1.000932 0.972628 1.000338 1.004103 0.993626 0.966588 0.966588 0.966587 0.966587
1.001544 1.010332 0.981762 1.009732 1.013532 1.002957 0.971868 0.971868 0.971868 0.971868
0.999157 1.008134 0.979836 1.007259 1.011231 1.000382 0.966003 0.966003 0.966003 0.966003
1.004046 1.012129 0.984600 1.012156 1.005173 0.993987 0.969851 0.969851 0.969851 0.969851
0.984574 0.998038 0.970305 0.998563 0.989311 0.978287 0.945185 0.945185 0.945185 0.945185
0.991211 1.004765 0.976846 1.005294 0.995980 0.984881 0.940177 0.940177 0.940176 0.940176
0.980674 0.991877 0.964316 0.992400 0.984695 0.974411 0.928868 0.928868 0.928868 0.928868
1.005725 1.014769 0.986771 1.017929 1.007636 0.997632 0.948496 0.948496 0.948496 0.948496
1.006907 1.016056 0.988328 1.020455 1.008573 0.996523 0.946719 0.946719 0.946719 0.946719
1.018458 1.027713 0.999666 1.032162 1.020143 1.007955 0.954538 0.954538 0.954538 0.954538
1.011240 1.020429 0.992581 1.024846 1.012913 1.000811 0.940802 0.940802 0.940802 0.940802
1.021111 1.030389 1.000556 1.034850 1.022800 1.010580 0.946523 0.946523 0.946523 0.946523
1.021814 1.031135 1.001073 1.035048 1.023430 1.011119 0.943751 0.943751 0.943751 0.943751
1.018143 1.027430 0.997476 1.031329 1.019753 1.007486 0.933893 0.933893 0.933893 0.933893
1.011773 1.020152 0.990411 1.024876 1.013333 1.000350 0.918405 0.918405 0.918405 0.918405
1.010400 1.026102 0.996009 1.022680 1.019603 1.006977 0.918308 0.918308 0.918308 0.918308
0.997905 1.013413 0.983692 1.010034 1.006994 0.994524 0.889950 0.889950 0.889951 0.889951
1.030757 1.048323 1.016658 1.044752 1.041528 1.027853 0.919815 0.919815 0.919815 0.919815
0.986633 1.018127 0.984141 1.014659 0.996943 0.983854 0.881036 0.881036 0.881036 0.881036
1.036629 1.069720 1.034011 1.066076 1.047462 1.033710 0.925240 0.925240 0.925240 0.925240
0.949693 0.980008 0.912166 0.976670 0.959617 0.947018 0.818385 0.818385 0.818385 0.818385
1.017532 1.064811 0.991197 1.039608 1.038923 1.028674 0.878273 0.878273 0.878273 0.878273
1.023733 1.071508 0.994879 1.046740 1.045255 1.035344 0.873315 0.873315 0.873316 0.873316
1.025266 1.071909 0.994381 1.048307 1.034222 1.025478 0.867898 0.867898 0.867898 0.867898
1.030602 1.089046 1.010279 1.036786 1.050757 1.041872 0.880824 0.880824 0.880824 0.880824
1.035475 1.094196 1.015056 1.042294 1.055725 1.046799 0.878158 0.878158 0.878158 0.878158
1.041049 1.101324 1.020214 1.048528 1.060937 1.051146 0.882138 0.882138 0.882138 0.882138
1.022983 1.080234 1.002510 1.028450 1.042525 1.032664 0.862427 0.862427 0.862426 0.862426
0.991935 1.045444 0.970223 0.991142 1.008950 0.995204 0.819717 0.819717 0.819717 0.819717
1.058033 1.115107 1.034874 1.057187 1.076181 1.061519 0.870037 0.870037 0.870037 0.870037
1.040894 1.094958 1.016181 1.040930 1.056325 1.042338 0.845175 0.845175 0.845175 0.845175
1.040778 1.088370 1.010066 1.020722 1.029288 1.037409 0.834608 0.834608 0.834609 0.834609
1.075962 1.125163 1.044212 1.055228 1.064084 1.072480 0.858078 0.858078 0.858078 0.858078
1.082542 1.132044 1.050598 1.061682 1.070591 1.079039 0.860352 0.860352 0.860352 0.860352
1.009924 1.078945 0.991898 1.015165 1.023685 1.018749 0.811005 0.811005 0.811004 0.811004
1.056003 1.128298 1.037154 1.061728 1.060703 1.056762 0.842779 0.842779 0.842779 0.842779
1.009199 1.083393 0.989593 1.013040 1.012062 1.008301 0.826391 0.826391 0.826391 0.826391
1.052649 1.128474 1.030771 1.057101 1.054623 1.052155 0.855066 0.855066 0.855066 0.855066
1.064000 1.136116 1.041885 1.068499 1.065995 1.063501 0.860962 0.860962 0.860961 0.860961
1.049109 1.120216 1.027304 1.053546 1.051076 1.048617 0.838115 0.838115 0.838115 0.838115
1.048695 1.093435 1.026584 1.052807 1.050340 1.047882 0.825163 0.825163 0.825164 0.825164
1.073504 1.119887 1.051758 1.078144 1.075399 1.069575 0.841053 0.841053 0.841052 0.841052
1.080481 1.129154 1.060563 1.085852 1.084402 1.077829 0.846861 0.846861 0.846861 0.846861
1.056361 1.103867 1.044233 1.062206 1.067705 1.060629 0.826356 0.826356 0.826356 0.826356
1.058242 1.105832 1.046092 1.064097 1.069606 1.062517 0.816161 0.816161 0.816160 0.816160
1.077117 1.125523 1.064728 1.083476 1.088651 1.079636 0.825394 0.825394 0.825394 0.825394
1.054593 1.098057 1.042978 1.060894 1.066412 1.054830 0.795083 0.795083 0.795083 0.795083
1.079386 1.123872 1.067497 1.085835 1.091483 1.079629 0.805042 0.805042 0.805042 0.805042
1.094150 1.138720 1.082099 1.100181 1.105903 1.094396 0.812135 0.812135 0.812134 0.812134
1.088621 1.111990 1.076576 1.094761 1.100333 1.088804 0.800975 0.800975 0.800975 0.800975
1.108758 1.123039 1.096491 1.115012 1.120687 1.108945 0.813809 0.813809 0.813808 0.813808
1.099620 1.113783 1.087454 1.105822 1.111451 1.099805 0.801027 0.801027 0.801027 0.801027
1.102649 1.116851 1.079198 1.094924 1.103012 1.102834 0.804581 0.804581 0.804581 0.804581
1.100306 1.116177 1.078547 1.089018 1.097064 1.100603 0.798903 0.798903 0.798903 0.798903
1.099918 1.117092 1.079719 1.090202 1.098394 1.104697 0.794232 0.794232 0.794232 0.794232
1.120748 1.138247 1.100167 1.110848 1.119195 1.125618 0.807390 0.807390 0.807389 0.807389
1.093355 1.112846 1.075616 1.086059 1.091840 1.100499 0.779869 0.779869 0.779868 0.779868
1.113379 1.129883 1.086090 1.096635 1.106554 1.121057 0.792107 0.792107 0.792107 0.792107
1.097094 1.113356 1.070204 1.080595 1.090369 1.104659 0.768053 0.768053 0.768053 0.768053
1.125663 1.142349 1.097852 1.108734 1.117332 1.133197 0.783823 0.783823 0.783822 0.783822
1.128328 1.142258 1.101625 1.112462 1.120453 1.132729 0.783969 0.783969 0.783968 0.783968
1.092836 1.106327 1.029382 1.077468 1.085208 1.097098 0.744737 0.744737 0.744737 0.744737
1.141723 1.155707 1.075134 1.126337 1.134663 1.146900 0.775118 0.775118 0.775118 0.775118
1.138775 1.157218 1.077260 1.128494 1.136599 1.149168 0.774369 0.774369 0.774369 0.774369
1.087537 1.113232 1.032548 1.081656 1.087734 1.105488 0.730938 0.730938 0.730938 0.730938
1.150332 1.177510 1.092167 1.144111 1.150540 1.169319 0.772273 0.772273 0.772273 0.772273
1.132655 1.159415 1.075384 1.126529 1.132860 1.151350 0.753736 0.753736 0.753736 0.753736
0.994318 1.039922 1.035489 1.084737 1.090833 1.108637 0.720561 0.720561 0.720561 0.720561
1.032028 1.083596 1.086811 1.133164 1.132400 1.151951 0.749982 0.749982 0.749981 0.749981
1.031391 1.082927 1.088230 1.132465 1.122883 1.151240 0.737669 0.737669 0.737668 0.737668
1.021892 1.057962 1.077704 1.106358 1.112021 1.140638 0.719544 0.719544 0.719543 0.719543
1.075184 1.098861 1.118362 1.162540 1.167861 1.200122 0.756120 0.756120 0.756120 0.756120
1.085002 1.108895 1.128574 1.173157 1.178526 1.211081 0.760726 0.760726 0.760726 0.760726
1.063080 1.069517 1.096203 1.149454 1.154714 1.186612 0.742691 0.742691 0.742691 0.742691
1.081999 1.088550 1.115711 1.169909 1.175264 1.207729 0.750889 0.750889 0.750888 0.750888
1.064229 1.061385 1.097387 1.152625 1.155962 1.181874 0.732309 0.732309 0.732308 0.732308
0.998568 0.995899 1.029681 1.081510 1.084641 1.108955 0.652820 0.652820 0.652820 0.652820
1.112576 1.110102 1.147757 1.205530 1.209020 1.236122 0.725496 0.725496 0.725495 0.725495
1.079180 1.076780 1.113305 1.169344 1.172729 1.199017 0.690748 0.690748 0.690747 0.690747
1.089038 1.086616 1.123475 1.180026 1.183442 1.209970 0.685490 0.685490 0.685489 0.685489
1.121750 1.119256 1.157222 1.215472 1.218990 1.246315 0.702823 0.702823 0.702823 0.702823
1.099458 1.103980 1.141427 1.198882 1.202210 1.229159 0.687538 0.687538 0.687537 0.687537
1.113147 1.117138 1.154669 1.214390 1.215894 1.239693 0.692730 0.692730 0.692730 0.692730
1.121822 1.101373 1.163668 1.223854 1.225370 1.249354 0.695366 0.695366 0.695365 0.695365
1.101324 1.083075 1.141940 1.207387 1.208397 1.218494 0.679265 0.679265 0.679265 0.679265
1.113429 1.094980 1.154492 1.220658 1.221679 1.233234 0.679993 0.679993 0.679993 0.679993
1.124272 1.105644 1.165735 1.231158 1.233577 1.245244 0.682006 0.682006 0.682006 0.682006
1.129916 1.112619 1.173089 1.238959 1.241245 1.253134 0.683968 0.683968 0.683968 0.683968
1.114114 1.097059 1.049969 1.221632 1.223886 1.235610 0.670058 0.670058 0.670058 0.670058
1.120556 1.105072 1.060983 1.232806 1.239798 1.243243 0.672780 0.672780 0.672780 0.672780
1.136523 1.121511 1.076766 1.251144 1.258241 1.260959 0.680009 0.680009 0.680009 0.680009
1.141468 1.126695 1.081744 1.256929 1.263716 1.266788 0.679076 0.679076 0.679076 0.679076
1.108591 1.112486 1.068102 1.220725 1.227317 1.250813 0.667788 0.667788 0.667788 0.667788
1.130214 1.134971 1.085409 1.245149 1.251585 1.276031 0.677950 0.677950 0.677950 0.677950
