0.991795 0.990876 0.991764 0.991764 0.981053 0.980656 0.990896 0.990896 0.990897 0.990897
0.994035 0.993149 0.993834 0.993510 0.983197 0.982718 0.989545 0.989545 0.989545 0.989545
0.991307 0.990424 0.963065 0.990783 0.980499 0.980021 0.980132 0.980132 0.980132 0.980132
0.968152 0.971084 0.951117 0.973905 0.957762 0.958185 0.959918 0.959918 0.959918 0.959918
0.976252 0.984672 0.963842 0.988025 0.969333 0.969747 0.961987 0.961987 0.961987 0.961987
0.968806 0.977161 0.958330 0.980489 0.954445 0.962351 0.939557 0.939557 0.939557 0.939557
0.996956 1.012617 0.992694 1.015925 0.988765 0.987037 0.971125 0.971125 0.971125 0.971125
0.997246 1.014408 0.993551 1.017650 0.990367 0.987889 0.972006 0.972006 0.972005 0.972005
0.993234 1.007899 0.987375 1.013734 0.984222 0.982269 0.963928 0.963928 0.963928 0.963928
0.986352 1.001111 0.978215 1.007477 0.977402 0.975842 0.946081 0.946081 0.946080 0.946080
1.003760 1.005715 0.981832 1.023924 0.992823 0.993064 0.961573 0.961573 0.961573 0.961573
1.005111 1.007069 0.983154 1.024148 0.994160 0.994401 0.956403 0.956403 0.956403 0.956403
1.019807 1.021794 0.997529 1.039123 1.008696 1.008940 0.969296 0.969296 0.969296 0.969296
0.968026 0.984101 0.957586 1.000791 0.957479 0.957711 0.920702 0.920702 0.920702 0.920702
1.004317 1.021084 0.994501 1.038079 0.994390 0.993377 0.951355 0.951355 0.951355 0.951355
0.933350 0.948932 0.889954 0.964726 0.924124 0.923183 0.853610 0.853610 0.853610 0.853610
1.008325 1.032538 0.968190 1.041401 1.005899 1.005312 0.923335 0.923335 0.923335 0.923335
0.887331 0.928379 0.934546 1.005212 0.970944 0.970377 0.884847 0.884847 0.884847 0.884847
0.923859 0.964451 0.970857 1.044269 1.010199 1.010324 0.919972 0.919972 0.919972 0.919972
0.945245 0.986777 0.993331 1.068442 1.033584 1.033711 0.933012 0.933012 0.933012 0.933012
0.923849 0.964441 0.936643 1.044258 1.010188 1.010313 0.894393 0.894393 0.894394 0.894394
0.955105 0.997069 0.968331 1.079587 1.044364 1.044494 0.914730 0.914730 0.914730 0.914730
0.965277 1.008386 0.975474 1.091622 1.055765 1.056298 0.920585 0.920585 0.920585 0.920585
0.952010 1.000842 0.968176 1.083455 1.047741 1.048270 0.906194 0.906194 0.906193 0.906193
0.943621 0.992022 0.959645 1.073908 1.038509 1.039033 0.881652 0.881652 0.881652 0.881652
0.958254 1.018212 0.984979 1.072990 1.065926 1.066464 0.903953 0.903953 0.903953 0.903953
0.965500 1.022884 0.984069 1.071998 1.068883 1.074914 0.908444 0.908444 0.908444 0.908444
0.970544 1.028505 0.989477 1.077890 1.074466 1.080821 0.907985 0.907985 0.907985 0.907985
0.953561 1.008662 0.972164 1.057094 1.055666 1.061662 0.887566 0.887566 0.887566 0.887566
0.986263 1.043253 1.005503 1.093346 1.091869 1.098071 0.917566 0.917566 0.917566 0.917566
0.956888 1.013891 0.975159 1.065987 1.064119 1.058390 0.885811 0.885811 0.885810 0.885810
0.972447 1.031013 0.991627 1.083989 1.082090 1.075600 0.897104 0.897104 0.897104 0.897104
0.966226 1.024417 0.985283 1.077054 1.075167 1.068719 0.880705 0.880705 0.880704 0.880704
0.989398 1.048985 1.008912 1.102884 1.100951 1.094348 0.899726 0.899726 0.899725 0.899725
0.981175 1.040266 1.000527 1.093718 1.091801 1.085253 0.886113 0.886113 0.886112 0.886112
0.974846 1.032697 0.993246 1.086664 1.084717 1.077357 0.871247 0.871247 0.871246 0.871246
0.969844 1.018486 0.988149 1.082900 1.079150 1.066396 0.859443 0.859443 0.859443 0.859443
0.994265 1.045471 1.014331 1.111623 1.107641 1.094681 0.879206 0.879206 0.879205 0.879205
0.990602 1.041619 1.010593 1.107527 1.103560 1.090648 0.869374 0.869374 0.869373 0.869373
0.987498 1.038355 1.007427 1.104057 1.100102 1.088419 0.858147 0.858147 0.858146 0.858146
1.003784 1.054369 1.020032 1.122265 1.118245 1.106369 0.869328 0.869328 0.869328 0.869328
1.003685 1.050081 1.019931 1.122154 1.118135 1.106260 0.865899 0.865899 0.865899 0.865899
1.000393 1.046637 1.016585 1.118473 1.114467 1.102631 0.856711 0.856711 0.856710 0.856710
1.003419 1.053896 1.024321 1.126915 1.122644 1.111022 0.860694 0.860694 0.860694 0.860694
1.008858 1.059608 1.029873 1.133022 1.128728 1.117044 0.862752 0.862752 0.862752 0.862752
1.010621 1.052537 1.031673 1.135003 1.130701 1.118996 0.862159 0.862159 0.862159 0.862159
0.987779 1.030990 1.010552 1.111767 1.105145 1.096088 0.834342 0.834342 0.834342 0.834342
0.983759 1.041266 1.020727 1.100018 1.112165 1.106698 0.832301 0.832301 0.832301 0.832301
1.004309 1.064892 1.043987 1.123722 1.137509 1.131182 0.850031 0.850031 0.850030 0.850030
0.997125 1.057373 1.036936 1.117140 1.129095 1.120526 0.841381 0.841381 0.841381 0.841381
1.008426 1.069358 1.048689 1.129802 1.141892 1.133226 0.848214 0.848214 0.848214 0.848214
0.982892 1.036125 1.016098 1.079937 1.084613 1.099432 0.816492 0.816492 0.816492 0.816492
1.017680 1.049479 1.052061 1.118160 1.123000 1.138344 0.842044 0.842044 0.842045 0.842045
1.000036 1.007027 1.033506 1.098439 1.103194 1.118267 0.814981 0.814981 0.814982 0.814982
1.023249 1.030371 1.057473 1.124349 1.128767 1.142285 0.828554 0.828554 0.828555 0.828555
0.975591 0.980502 1.006292 1.065432 1.074136 1.082429 0.774346 0.774346 0.774346 0.774346
1.010592 1.012057 1.042908 1.103735 1.113221 1.118897 0.789171 0.789171 0.789172 0.789172
1.040298 1.042401 1.076719 1.139330 1.149122 1.155171 0.811675 0.811675 0.811676 0.811676
1.037845 1.039943 1.074180 1.137304 1.146412 1.152447 0.803511 0.803511 0.803511 0.803511
1.043425 1.046711 1.079632 1.144100 1.152064 1.157226 0.807148 0.807148 0.807149 0.807149
1.025146 1.028374 1.060718 1.124056 1.131881 1.136953 0.780340 0.780340 0.780340 0.780340
0.964313 0.967349 0.997775 1.057354 1.064714 1.069485 0.697386 0.697386 0.697386 0.697386
1.066075 1.069431 1.091686 1.154235 1.164926 1.182345 0.772273 0.772273 0.772273 0.772273
1.049483 1.052787 1.074695 1.136271 1.146795 1.163944 0.747637 0.747637 0.747637 0.747637
1.078847 1.079603 1.105945 1.169223 1.179384 1.193192 0.766884 0.766884 0.766884 0.766884
1.021381 1.026934 1.045352 1.105164 1.114768 1.127820 0.744933 0.744933 0.744933 0.744933
1.071227 1.077275 1.096831 1.159022 1.169304 1.182642 0.778428 0.778428 0.778428 0.778428
1.069327 1.075365 1.094886 1.156966 1.167230 1.180545 0.771471 0.771471 0.771471 0.771471
1.062738 1.071019 1.090462 1.148384 1.161691 1.175655 0.760417 0.760417 0.760418 0.760418
1.076768 1.084660 1.104859 1.163010 1.176487 1.191176 0.766756 0.766756 0.766756 0.766756
1.060873 1.066616 1.086484 1.146797 1.156465 1.171360 0.745933 0.745933 0.745933 0.745933
1.080008 1.086421 1.107015 1.167947 1.177556 1.189044 0.756122 0.756122 0.756122 0.756122
1.089556 1.096026 1.114893 1.178273 1.187967 1.199557 0.760027 0.760027 0.760027 0.760027
1.068291 1.074635 1.093134 1.155276 1.164781 1.176145 0.734691 0.734691 0.734691 0.734691
1.069489 1.075761 1.102111 1.157217 1.174347 1.185129 0.734093 0.734093 0.734093 0.734093
1.081681 1.067881 1.114620 1.170559 1.187755 1.198573 0.735979 0.735979 0.735979 0.735979
1.099751 1.086208 1.133750 1.190649 1.208140 1.219143 0.746362 0.746362 0.746362 0.746362
1.066229 1.053099 1.099191 1.154356 1.171314 1.181982 0.710048 0.710048 0.710048 0.710048
1.105509 1.091896 1.139686 1.196883 1.214466 1.225527 0.733341 0.733341 0.733342 0.733342
1.087340 1.073951 1.017537 1.177213 1.194506 1.205386 0.716642 0.716642 0.716642 0.716642
1.117075 1.103319 1.045362 1.209405 1.227171 1.238348 0.732190 0.732190 0.732190 0.732190
1.100904 1.070360 1.021314 1.191897 1.209406 1.220421 0.719011 0.719011 0.719011 0.719011
1.115914 1.083452 1.033806 1.208656 1.224720 1.237582 0.722976 0.722976 0.722976 0.722976
1.102570 1.072117 1.026227 1.198198 1.218761 1.223265 0.713110 0.713110 0.713110 0.713110
1.121726 1.090743 1.044056 1.219015 1.239935 1.244517 0.720681 0.720681 0.720681 0.720681
1.075518 1.053459 1.004704 1.173068 1.191350 1.201977 0.682968 0.682968 0.682967 0.682967
1.122805 1.099199 1.047998 1.225231 1.242418 1.250015 0.709546 0.709546 0.709546 0.709546
1.130087 1.106221 1.054503 1.233910 1.251478 1.258917 0.711455 0.711455 0.711455 0.711455
1.057720 1.057775 0.998834 1.183699 1.200552 1.192456 0.672837 0.672837 0.672837 0.672837
1.067543 1.052681 1.007638 1.177999 1.211134 1.203530 0.668556 0.668556 0.668556 0.668556
1.105018 1.088412 1.040930 1.219352 1.238563 1.232063 0.686705 0.686705 0.686704 0.686704
1.119262 1.104123 1.055955 1.231024 1.250419 1.248071 0.692118 0.692118 0.692118 0.692118
1.133675 1.118341 1.069553 1.246876 1.266521 1.264143 0.697797 0.697797 0.697797 0.697797
1.124443 1.109358 1.060844 1.237009 1.244838 1.243881 0.687848 0.687848 0.687848 0.687848
1.124291 1.110509 1.062229 1.238623 1.246619 1.248780 0.683975 0.683975 0.683975 0.683975
1.101582 1.106218 1.058125 1.213605 1.221440 1.243955 0.678566 0.678566 0.678565 0.678565
1.110471 1.115145 1.066663 1.223398 1.231296 1.253993 0.675341 0.675341 0.675341 0.675341
1.136234 1.141016 1.091410 1.251781 1.259862 1.283086 0.688629 0.688629 0.688629 0.688629
1.131574 1.136336 1.086714 1.246646 1.253091 1.277566 0.682123 0.682123 0.682122 0.682122
1.135717 1.140497 1.090694 1.251211 1.257679 1.282244 0.681251 0.681251 0.681251 0.681251
