0.998858 0.998858 0.998858 0.998858 0.998858 0.998858 0.998287 0.998287 0.998287 0.998287
0.999383 0.999383 0.999383 0.999383 0.999383 0.999383 0.998390 0.998390 0.998390 0.998390
0.989350 0.989350 0.989350 0.989350 0.989350 0.989350 0.982849 0.982849 0.982849 0.982849
0.984322 0.984322 0.984322 0.984322 0.984322 0.984322 0.968765 0.968765 0.968765 0.968765
1.005156 1.005156 1.005156 1.005156 1.005156 1.005156 0.988678 0.988678 0.988678 0.988678
1.002284 1.002284 1.002284 1.002284 1.002284 1.002284 0.983734 0.983734 0.983734 0.983734
0.996203 0.996203 0.996203 0.996203 0.996203 0.996203 0.972255 0.972255 0.972254 0.972254
1.007129 1.007129 1.007129 1.007129 1.007129 1.007129 0.981662 0.981662 0.981662 0.981662
1.006448 1.006448 1.006448 1.006448 1.006448 1.006448 0.979167 0.979167 0.979166 0.979166
0.999738 0.999738 0.999738 0.999738 0.999738 0.999738 0.967198 0.967198 0.967198 0.967198
1.012252 1.012252 1.012252 1.012252 1.012252 1.012252 0.978853 0.978853 0.978852 0.978852
1.011162 1.011162 1.011162 1.011162 1.011162 1.011162 0.976733 0.976733 0.976731 0.976731
0.969681 0.969681 0.969681 0.969681 0.969681 0.969681 0.915446 0.915446 0.915445 0.915445
1.022323 1.022323 1.022323 1.022323 1.022323 1.022323 0.964879 0.964879 0.964879 0.964879
1.017647 1.017647 1.017647 1.017647 1.017647 1.017647 0.957961 0.957961 0.957960 0.957960
1.020519 1.020519 1.020519 1.020519 1.020519 1.020519 0.959027 0.959027 0.959026 0.959026
1.014739 1.014739 1.014739 1.014739 1.014739 1.014739 0.948950 0.948950 0.948949 0.948949
1.011069 1.011069 1.011069 1.011069 1.011069 1.011069 0.938303 0.938303 0.938303 0.938303
1.026720 1.026720 1.026720 1.026720 1.026720 1.026720 0.951484 0.951484 0.951484 0.951484
1.019881 1.019881 1.019881 1.019881 1.019881 1.019881 0.940410 0.940410 0.940409 0.940409
1.031189 1.031189 1.031189 1.031189 1.031189 1.031189 0.950388 0.950388 0.950388 0.950388
1.032252 1.032252 1.032252 1.032252 1.032252 1.032252 0.951319 0.951319 0.951319 0.951319
1.023503 1.023503 1.023503 1.023503 1.023503 1.023503 0.939207 0.939207 0.939207 0.939207
1.025771 1.025771 1.025771 1.025771 1.025771 1.025771 0.937521 0.937521 0.937522 0.937522
1.033916 1.033916 1.033916 1.033916 1.033916 1.033916 0.944186 0.944186 0.944187 0.944187
1.028660 1.028660 1.028660 1.028660 1.028660 1.028660 0.936087 0.936087 0.936088 0.936088
1.036402 1.036402 1.036402 1.036402 1.036402 1.036402 0.942710 0.942710 0.942711 0.942711
1.001924 1.001924 1.001924 1.001924 1.001924 1.001924 0.895349 0.895349 0.895350 0.895350
1.036680 1.036680 1.036680 1.036680 1.036680 1.036680 0.922987 0.922987 0.922988 0.922988
1.038044 1.038044 1.038044 1.038044 1.038044 1.038044 0.920760 0.920760 0.920761 0.920761
1.005887 1.005887 1.005887 1.005887 1.005887 1.005887 0.874125 0.874125 0.874126 0.874126
1.042390 1.042390 1.042390 1.042390 1.042390 1.042390 0.900333 0.900333 0.900334 0.900334
1.056589 1.056589 1.056589 1.056589 1.056589 1.056589 0.912144 0.912144 0.912145 0.912145
1.055942 1.055942 1.055942 1.055942 1.055942 1.055942 0.910778 0.910778 0.910779 0.910779
1.052203 1.052203 1.052203 1.052203 1.052203 1.052203 0.905015 0.905015 0.905016 0.905016
1.052544 1.052544 1.052544 1.052544 1.052544 1.052544 0.902467 0.902467 0.902468 0.902468
1.056927 1.056927 1.056927 1.056927 1.056927 1.056927 0.904727 0.904727 0.904729 0.904729
1.061121 1.061121 1.061121 1.061121 1.061121 1.061121 0.908318 0.908318 0.908319 0.908319
1.051340 1.051340 1.051340 1.051340 1.051340 1.051340 0.895836 0.895836 0.895837 0.895837
1.055445 1.055445 1.055445 1.055445 1.055445 1.055445 0.896222 0.896222 0.896224 0.896224
1.057614 1.057614 1.057614 1.057614 1.057614 1.057614 0.895313 0.895313 0.895315 0.895315
1.065372 1.065372 1.065372 1.065372 1.065372 1.065372 0.901870 0.901870 0.901872 0.901872
1.060293 1.060293 1.060293 1.060293 1.060293 1.060293 0.895450 0.895450 0.895451 0.895451
1.024780 1.024780 1.024780 1.024780 1.024780 1.024780 0.848280 0.848280 0.848280 0.848280
1.068594 1.068594 1.068594 1.068594 1.068594 1.068594 0.882363 0.882363 0.882364 0.882364
1.072547 1.072547 1.072547 1.072547 1.072547 1.072547 0.884663 0.884663 0.884664 0.884664
1.030759 1.030759 1.030759 1.030759 1.030759 1.030759 0.832232 0.832232 0.832233 0.832233
1.082209 1.082209 1.082209 1.082209 1.082209 1.082209 0.873276 0.873276 0.873277 0.873277
1.082186 1.082186 1.082186 1.082186 1.082186 1.082186 0.872666 0.872666 0.872667 0.872667
1.079687 1.079687 1.079687 1.079687 1.079687 1.079687 0.868977 0.868977 0.868978 0.868978
1.076707 1.076707 1.076707 1.076707 1.076707 1.076707 0.863453 0.863453 0.863454 0.863454
1.044412 1.044412 1.044412 1.044412 1.044412 1.044412 0.821302 0.821302 0.821302 0.821302
1.085697 1.085697 1.085697 1.085697 1.085697 1.085697 0.850809 0.850809 0.850810 0.850810
1.076741 1.076741 1.076741 1.076741 1.076741 1.076741 0.836938 0.836938 0.836939 0.836939
1.043132 1.043132 1.043132 1.043132 1.043132 1.043132 0.790210 0.790210 0.790211 0.790211
1.106135 1.106135 1.106135 1.106135 1.106135 1.106135 0.837473 0.837473 0.837475 0.837475
1.103840 1.103840 1.103840 1.103840 1.103840 1.103840 0.834354 0.834354 0.834356 0.834356
1.105289 1.105289 1.105289 1.105289 1.105289 1.105289 0.834375 0.834375 0.834376 0.834376
1.097138 1.097138 1.097138 1.097138 1.097138 1.097138 0.823998 0.823998 0.823999 0.823999
1.100031 1.100031 1.100031 1.100031 1.100031 1.100031 0.822332 0.822332 0.822333 0.822333
