0.877280 0.899909 0.861810 0.862189 0.880780 0.846601 0.907639 0.907639 0.907639 0.907639
0.945934 0.974823 0.922956 0.922446 0.940415 0.908258 0.977209 0.977209 0.977209 0.977209
0.917511 0.939548 0.895654 0.723359 0.915972 0.726070 0.955598 0.955598 0.955599 0.955599
0.706387 0.637265 0.856711 0.685540 0.885429 0.675635 0.933698 0.933698 0.933699 0.933699
0.668929 0.737976 0.993735 0.793591 1.019399 0.783044 1.094775 1.094775 1.094776 1.094776
0.691582 0.767751 1.035568 0.827514 1.058474 0.809224 1.140688 1.140688 1.140689 1.140689
0.663475 0.716863 0.993934 0.782080 0.965277 0.771300 1.093007 1.093007 1.093008 1.093008
0.672842 0.725875 1.006825 0.779068 0.971033 0.782321 1.112613 1.112613 1.112614 1.112614
0.684440 0.743348 1.028547 0.802647 1.002479 0.806079 1.153675 1.153675 1.153676 1.153676
0.643967 0.699486 0.966969 0.746880 0.730528 0.762482 1.093109 1.093109 1.093110 1.093110
0.669935 0.740626 1.013816 0.780478 0.761117 0.668176 1.158268 1.158268 1.158269 1.158269
0.651447 0.668335 0.991220 0.758999 0.686195 0.608978 1.118083 1.118083 1.118084 1.118084
0.580967 0.708368 0.962209 0.800493 0.721001 0.647110 1.187921 1.187921 1.187922 1.187922
0.539324 0.704517 0.973110 0.781707 0.657487 0.648169 1.202547 1.202547 1.202548 1.202548
0.537793 0.698165 0.959157 0.781319 0.607931 0.595893 1.187140 1.187140 1.187142 1.187142
0.535135 0.686521 0.951970 0.625986 0.592651 0.490167 1.188002 1.188002 1.188003 1.188003
0.557248 0.704579 0.977706 0.638102 0.518061 0.393256 1.243101 1.243101 1.243103 1.243103
0.614940 0.751100 1.075085 0.694308 0.570907 0.432606 1.375019 1.375019 1.375021 1.375021
0.577642 0.611937 1.015286 0.654547 0.533129 0.370403 1.304370 1.304370 1.304372 1.304372
0.526010 0.535611 0.961412 0.582147 0.514098 0.324118 1.142660 1.142660 1.142662 1.142662
0.571244 0.587546 1.045318 0.244979 0.562814 0.354956 1.255529 1.255529 1.255531 1.255531
0.628100 0.645163 1.119271 0.209150 0.619609 0.389203 1.393919 1.393919 1.393920 1.393920
0.667852 0.637559 1.184092 0.221672 0.656404 0.412663 1.485554 1.485554 1.485556 1.485556
0.589313 0.553070 1.061776 0.198023 0.579241 0.364681 1.212148 1.212148 1.212150 1.212150
0.689229 0.643745 1.243765 0.232794 0.678531 0.426354 1.422415 1.422415 1.422417 1.422417
0.660862 0.613104 1.194729 0.164017 0.651329 0.409207 1.370530 1.370530 1.370532 1.370532
0.581418 0.547118 1.035001 0.137110 0.610315 0.358390 1.288582 1.288582 1.288584 1.288584
0.612311 0.570748 0.769905 0.143486 0.488447 0.375809 1.364900 1.364900 1.364902 1.364902
0.617101 0.593211 0.650404 0.143916 0.468843 0.340444 1.396397 1.396397 1.396400 1.396400
0.714747 0.681394 0.750112 0.163375 0.539644 0.390777 1.615995 1.615995 1.615998 1.615998
0.701226 0.669202 0.729733 0.160421 0.532919 0.383155 1.591281 1.591281 1.591284 1.591284
0.649187 0.624019 0.582900 0.145310 0.497937 0.279875 1.501566 1.501566 1.501569 1.501569
0.713937 0.681989 0.638656 0.159330 0.545183 0.305896 1.653813 1.653813 1.653816 1.653816
0.703360 0.670465 0.625538 0.157976 0.535284 0.303603 1.642368 1.642368 1.642371 1.642371
0.708976 0.677374 0.626518 0.159053 0.538599 0.303564 1.656487 1.656487 1.656489 1.656489
0.706425 0.673849 0.623030 0.158681 0.531755 0.303291 1.651240 1.651240 1.651243 1.651243
0.678558 0.638855 0.591596 0.116696 0.506856 0.290148 1.592028 1.592028 1.592031 1.592031
0.665131 0.624217 0.577396 0.100316 0.498405 0.227224 1.567036 1.567036 1.567039 1.567039
0.711198 0.671394 0.615576 0.107806 0.532145 0.245179 1.696297 1.696297 1.696299 1.696299
0.634119 0.634799 0.557591 0.097672 0.504291 0.219378 1.553366 1.553366 1.553369 1.553369
0.657979 0.639209 0.560114 0.098574 0.503429 0.229878 1.621276 1.621276 1.621278 1.621278
0.648399 0.577372 0.553645 0.082370 0.497048 0.225679 1.619134 1.619134 1.619137 1.619137
0.683097 0.619041 0.589363 0.087212 0.531080 0.241458 1.736731 1.736731 1.736734 1.736734
0.675575 0.605531 0.578658 0.085007 0.525536 0.236118 1.720127 1.720127 1.720130 1.720130
0.637419 0.581472 0.529411 0.076485 0.495820 0.211634 1.568985 1.568985 1.568988 1.568988
0.690569 0.633117 0.578322 0.083080 0.526558 0.230644 1.703715 1.703715 1.703719 1.703719
0.662130 0.617874 0.561891 0.077144 0.512476 0.210705 1.678240 1.678240 1.678244 1.678244
0.516535 0.488768 0.505733 0.066794 0.422177 0.185653 1.503971 1.503971 1.503974 1.503974
0.591983 0.570166 0.584655 0.077718 0.483404 0.216997 1.770317 1.770317 1.770320 1.770320
0.435735 0.448259 0.511368 0.069178 0.427380 0.154084 1.561103 1.561103 1.561106 1.561106
0.465350 0.454577 0.524009 0.075002 0.444454 0.155171 1.693406 1.693406 1.693410 1.693410
0.508180 0.495800 0.571283 0.082032 0.485149 0.165217 1.857650 1.857650 1.857655 1.857655
0.438464 0.449038 0.518823 0.072702 0.437121 0.144308 1.615434 1.615434 1.615438 1.615438
0.479921 0.482017 0.572082 0.079985 0.476821 0.158614 1.803283 1.803283 1.803287 1.803287
0.480305 0.483039 0.570498 0.078699 0.472321 0.159164 1.798717 1.798717 1.798721 1.798721
0.469115 0.419551 0.553617 0.075356 0.458385 0.139135 1.765193 1.765193 1.765197 1.765197
0.429613 0.373756 0.522616 0.071298 0.404146 0.125801 1.650598 1.650598 1.650602 1.650602
0.483996 0.419831 0.584088 0.080423 0.453332 0.142171 1.877773 1.877773 1.877776 1.877776
0.471426 0.412288 0.570614 0.078282 0.447271 0.138527 1.852754 1.852754 1.852757 1.852757
0.450182 0.411313 0.547748 0.078011 0.434064 0.137403 1.853190 1.853190 1.853194 1.853194
