0.995297 0.995297 0.995297 0.995297 0.995297 0.995297 0.992945 0.992945 0.992945 0.992945
0.996661 0.996661 0.996661 0.996661 0.996661 0.996661 0.992169 0.992169 0.992169 0.992169
0.992136 0.992136 0.992136 0.992136 0.992136 0.992136 0.982854 0.982854 0.982854 0.982854
0.997638 0.997638 0.997638 0.997638 0.997638 0.997638 0.985278 0.985278 0.985278 0.985278
0.989852 0.989852 0.989852 0.989852 0.989852 0.989852 0.970128 0.970128 0.970129 0.970129
1.005840 1.005840 1.005840 1.005840 1.005840 1.005840 0.984724 0.984724 0.984725 0.984725
1.007614 1.007614 1.007614 1.007614 1.007614 1.007614 0.986045 0.986045 0.986045 0.986045
1.001689 1.001689 1.001689 1.001689 1.001689 1.001689 0.976856 0.976856 0.976857 0.976857
1.009913 1.009913 1.009913 1.009913 1.009913 1.009913 0.984826 0.984826 0.984828 0.984828
1.009032 1.009032 1.009032 1.009032 1.009032 1.009032 0.983479 0.983479 0.983480 0.983480
1.007384 1.007384 1.007384 1.007384 1.007384 1.007384 0.980487 0.980487 0.980489 0.980489
1.009671 1.009671 1.009671 1.009671 1.009671 1.009671 0.982170 0.982170 0.982171 0.982171
1.005751 1.005751 1.005751 1.005751 1.005751 1.005751 0.975804 0.975804 0.975805 0.975805
1.004970 1.004970 1.004970 1.004970 1.004970 1.004970 0.971622 0.971622 0.971624 0.971624
1.004241 1.004241 1.004241 1.004241 1.004241 1.004241 0.966484 0.966484 0.966485 0.966485
0.975475 0.975475 0.975475 0.975475 0.975475 0.975475 0.919743 0.919743 0.919743 0.919743
1.012008 1.012008 1.012008 1.012008 1.012008 1.012008 0.948861 0.948861 0.948862 0.948862
1.024201 1.024201 1.024201 1.024201 1.024201 1.024201 0.959644 0.959644 0.959644 0.959644
1.023214 1.023214 1.023214 1.023214 1.023214 1.023214 0.957487 0.957487 0.957487 0.957487
0.981530 0.981530 0.981530 0.981530 0.981530 0.981530 0.897673 0.897673 0.897673 0.897673
1.031828 1.031828 1.031828 1.031828 1.031828 1.031828 0.942065 0.942065 0.942064 0.942064
1.028311 1.028311 1.028311 1.028311 1.028311 1.028311 0.935359 0.935359 0.935359 0.935359
1.035786 1.035786 1.035786 1.035786 1.035786 1.035786 0.941382 0.941382 0.941381 0.941381
1.035162 1.035162 1.035162 1.035162 1.035162 1.035162 0.939612 0.939612 0.939612 0.939612
1.034314 1.034314 1.034314 1.034314 1.034314 1.034314 0.937038 0.937038 0.937037 0.937037
1.039065 1.039065 1.039065 1.039065 1.039065 1.039065 0.941331 0.941331 0.941331 0.941331
1.039095 1.039095 1.039095 1.039095 1.039095 1.039095 0.941358 0.941358 0.941357 0.941357
1.022291 1.022291 1.022291 1.022291 1.022291 1.022291 0.918612 0.918612 0.918613 0.918613
1.041287 1.041287 1.041287 1.041287 1.041287 1.041287 0.935241 0.935241 0.935241 0.935241
1.030698 1.030698 1.030698 1.030698 1.030698 1.030698 0.920512 0.920512 0.920512 0.920512
1.001746 1.001746 1.001746 1.001746 1.001746 1.001746 0.875752 0.875752 0.875753 0.875753
1.051753 1.051753 1.051753 1.051753 1.051753 1.051753 0.918945 0.918945 0.918945 0.918945
1.051980 1.051980 1.051980 1.051980 1.051980 1.051980 0.918620 0.918620 0.918621 0.918621
1.001645 1.001645 1.001645 1.001645 1.001645 1.001645 0.852440 0.852440 0.852441 0.852441
1.059790 1.059790 1.059790 1.059790 1.059790 1.059790 0.900433 0.900433 0.900434 0.900434
1.053044 1.053044 1.053044 1.053044 1.053044 1.053044 0.890138 0.890138 0.890139 0.890139
1.058480 1.058480 1.058480 1.058480 1.058480 1.058480 0.891634 0.891634 0.891635 0.891635
1.065992 1.065992 1.065992 1.065992 1.065992 1.065992 0.897424 0.897424 0.897425 0.897425
1.061468 1.061468 1.061468 1.061468 1.061468 1.061468 0.891117 0.891117 0.891118 0.891118
1.064540 1.064540 1.064540 1.064540 1.064540 1.064540 0.892028 0.892028 0.892028 0.892028
1.068337 1.068337 1.068337 1.068337 1.068337 1.068337 0.894808 0.894808 0.894809 0.894809
1.068479 1.068479 1.068479 1.068479 1.068479 1.068479 0.894513 0.894513 0.894514 0.894514
1.056529 1.056529 1.056529 1.056529 1.056529 1.056529 0.879125 0.879125 0.879126 0.879126
1.065167 1.065167 1.065167 1.065167 1.065167 1.065167 0.883531 0.883531 0.883532 0.883532
1.063104 1.063104 1.063104 1.063104 1.063104 1.063104 0.877722 0.877722 0.877723 0.877723
1.033005 1.033005 1.033005 1.033005 1.033005 1.033005 0.835943 0.835943 0.835943 0.835943
1.062361 1.062361 1.062361 1.062361 1.062361 1.062361 0.851708 0.851708 0.851708 0.851708
1.075091 1.075091 1.075091 1.075091 1.075091 1.075091 0.857594 0.857594 0.857595 0.857595
1.082558 1.082558 1.082558 1.082558 1.082558 1.082558 0.861417 0.861417 0.861419 0.861419
1.047203 1.047203 1.047203 1.047203 1.047203 1.047203 0.817115 0.817115 0.817116 0.817116
1.093901 1.093901 1.093901 1.093901 1.093901 1.093901 0.852623 0.852623 0.852623 0.852623
1.088490 1.088490 1.088490 1.088490 1.088490 1.088490 0.845272 0.845272 0.845273 0.845273
1.090054 1.090054 1.090054 1.090054 1.090054 1.090054 0.843433 0.843433 0.843434 0.843434
1.095772 1.095772 1.095772 1.095772 1.095772 1.095772 0.846457 0.846457 0.846457 0.846457
1.091124 1.091124 1.091124 1.091124 1.091124 1.091124 0.839493 0.839493 0.839494 0.839494
1.063106 1.063106 1.063106 1.063106 1.063106 1.063106 0.803577 0.803577 0.803578 0.803578
1.095556 1.095556 1.095556 1.095556 1.095556 1.095556 0.823472 0.823472 0.823473 0.823473
1.100533 1.100533 1.100533 1.100533 1.100533 1.100533 0.823662 0.823662 0.823663 0.823663
1.111264 1.111264 1.111264 1.111264 1.111264 1.111264 0.831466 0.831466 0.831468 0.831468
1.109959 1.109959 1.109959 1.109959 1.109959 1.109959 0.829753 0.829753 0.829755 0.829755
