0.996846 0.997083 0.996846 0.997178 0.995989 0.996846 0.997178 0.995475 0.995475 0.995475
0.991124 0.990409 0.993059 0.993308 0.992231 0.993252 0.991867 0.985753 0.985753 0.985753
0.956361 0.952601 0.855889 0.954349 0.954353 0.922243 0.954002 0.946188 0.946187 0.946187
0.992456 0.993619 0.892304 0.985394 0.994795 0.941694 0.990808 0.984843 0.984843 0.984843
1.002542 1.002978 0.899729 0.992933 1.001733 0.951316 0.998524 0.986757 0.986757 0.986757
0.991151 0.990719 0.891071 0.980073 0.986178 0.936507 0.983041 0.943205 0.943204 0.943204
1.014221 1.017339 0.915015 1.002664 1.013571 0.955600 1.008420 0.963536 0.963536 0.963536
1.029525 1.031151 0.928848 1.016453 1.026777 0.970168 1.022047 0.977621 0.977621 0.977621
1.025309 1.027873 0.924194 1.010371 1.022725 0.966339 1.014839 0.972251 0.972251 0.972251
1.024693 1.027255 0.923638 1.009213 1.022110 0.965231 1.013675 0.961086 0.961087 0.961087
1.031753 1.034290 0.930653 1.016380 1.029798 0.972492 1.017289 0.963175 0.963175 0.963175
1.013479 1.015971 0.921421 1.004110 1.020324 0.962442 1.007667 0.938954 0.938954 0.938954
1.010258 1.012742 0.918493 1.000919 1.017082 0.959383 0.987042 0.908765 0.908766 0.908766
1.014282 1.028794 0.935176 1.014983 1.033773 0.974980 0.992270 0.916652 0.916653 0.916653
1.032350 1.046640 0.951138 1.033989 1.052328 0.993236 1.010103 0.927673 0.927674 0.927674
1.037647 1.051284 0.956160 1.038910 1.056783 0.997955 1.012127 0.929505 0.929506 0.929506
1.018153 1.022909 0.938197 1.016836 1.034330 0.973635 0.993112 0.888728 0.888728 0.888728
1.043971 1.047587 0.962458 1.042813 1.060853 0.998324 1.018578 0.905974 0.905974 0.905974
1.043779 1.049840 0.959799 1.045106 1.063074 0.995592 1.020652 0.902153 0.902154 0.902154
1.024446 1.028679 0.940453 1.025528 1.033760 0.978351 1.000084 0.856777 0.856777 0.856777
1.047373 1.051700 0.953644 1.052713 1.050399 1.004681 1.017603 0.870271 0.870272 0.870272
1.058092 1.063939 0.963021 1.062607 1.060378 1.015194 1.024188 0.872470 0.872470 0.872470
1.052972 1.060659 0.940054 1.035568 1.055655 1.006249 1.019914 0.866729 0.866730 0.866730
1.041189 1.047528 0.910059 1.023979 1.042586 0.993793 1.007288 0.831319 0.831319 0.831319
1.077471 1.069753 0.940435 1.050579 1.078918 1.028424 1.042040 0.853389 0.853389 0.853389
1.087484 1.079755 0.949228 1.060342 1.089006 1.038040 1.051724 0.854993 0.854993 0.854993
1.081921 1.078721 0.947069 1.056014 1.088209 1.038568 1.049974 0.853415 0.853415 0.853415
1.040882 1.048921 0.923894 1.030809 1.057221 1.013780 1.023403 0.808937 0.808938 0.808938
1.074895 1.083943 0.954693 1.063628 1.092960 1.049167 1.059407 0.832207 0.832208 0.832208
1.083322 1.094040 0.963515 1.071572 1.101266 1.057393 1.069196 0.839776 0.839777 0.839777
1.077104 1.088300 0.957400 1.047199 1.091815 1.051487 1.063059 0.833087 0.833088 0.833088
1.085864 1.097321 0.965336 1.055716 1.100676 1.059939 1.071604 0.836159 0.836160 0.836160
1.068327 1.082437 0.949601 1.038666 1.084346 1.042612 1.054087 0.821074 0.821075 0.821075
1.080008 1.089663 0.955550 1.050023 1.092925 1.053935 1.065612 0.821583 0.821585 0.821585
1.089696 1.098593 0.964140 1.058764 1.102130 1.063016 1.075294 0.826536 0.826538 0.826538
1.079030 1.090177 0.926655 1.049711 1.090963 1.054232 1.066413 0.813376 0.813378 0.813378
1.081674 1.093869 0.929106 1.052428 1.087022 1.056960 1.064874 0.808914 0.808915 0.808915
1.085185 1.079222 0.934224 1.060210 1.088542 1.064596 1.072698 0.809232 0.809234 0.809234
1.080618 1.081795 0.931116 1.047470 1.091032 1.064070 1.076616 0.809569 0.809571 0.809571
1.094326 1.096152 0.942642 1.061279 1.104212 1.074459 1.090518 0.819091 0.819093 0.819093
1.072915 1.086553 0.934930 1.054358 1.095277 1.066021 1.083534 0.806046 0.806048 0.806048
1.069904 1.078054 0.927597 1.048787 1.090440 1.060083 1.078687 0.797822 0.797824 0.797824
1.093248 1.101576 0.947851 1.071671 1.114249 1.083229 1.102240 0.811441 0.811442 0.811442
1.086784 1.094780 0.935882 1.066344 1.089684 1.078189 1.097194 0.805491 0.805493 0.805493
1.087953 1.094344 0.936855 1.067130 1.090607 1.079175 1.097765 0.796699 0.796701 0.796701
1.096065 1.098052 0.940715 1.075559 1.099222 1.086729 1.105916 0.799210 0.799211 0.799211
1.086812 1.082694 0.937100 1.070183 1.071751 1.081388 1.100248 0.793116 0.793117 0.793117
1.080080 1.075987 0.931296 1.063936 1.065495 1.074690 1.093826 0.763681 0.763682 0.763682
1.111020 1.098761 0.957974 1.094414 1.096892 1.097436 1.125160 0.786184 0.786185 0.786185
1.081915 1.069085 0.928592 1.060848 1.063249 1.068611 1.091643 0.752471 0.752473 0.752473
1.104297 1.093796 0.949850 1.078328 1.063556 1.086133 1.112210 0.769670 0.769671 0.769671
1.075213 1.064988 0.924833 0.994504 0.984552 1.058823 1.083130 0.732777 0.732778 0.732778
1.085429 1.071111 0.929048 1.000977 1.012376 1.089284 1.086497 0.745812 0.745813 0.745813
1.122173 1.109797 0.963252 1.037475 1.041880 1.127099 1.124166 0.765146 0.765148 0.765148
1.134673 1.122159 0.973247 1.048678 1.052878 1.139410 1.136305 0.768267 0.768269 0.768269
1.143337 1.130692 0.980678 1.055404 1.060767 1.148142 1.144797 0.773857 0.773858 0.773858
1.137366 1.119861 0.975567 1.049328 1.053842 1.139864 1.136771 0.766467 0.766468 0.766468
1.134579 1.117117 0.973177 1.037670 1.050719 1.135568 1.126194 0.754002 0.754003 0.754003
1.131335 1.117335 0.970597 1.039016 1.053231 1.137327 1.128322 0.746252 0.746253 0.746253
1.139494 1.127108 0.978931 1.047985 1.060853 1.146865 1.136354 0.744875 0.744877 0.744877
