0.964041 0.967271 0.968190 0.959729 0.967561 0.967394 0.966406 0.973935 0.973935 0.973935
0.972968 0.969092 0.978076 0.964713 0.976347 0.976265 0.971708 0.980023 0.980022 0.980022
0.973662 0.971887 0.979459 0.964413 0.978639 0.980994 0.973807 0.983486 0.983486 0.983486
0.972496 0.974939 0.981858 0.965179 0.983685 0.979863 0.969822 0.982820 0.982820 0.982820
0.970049 0.974637 0.981638 0.969325 0.980798 0.976690 0.966659 0.978477 0.978477 0.978477
0.983629 0.985942 0.996505 0.980770 0.994403 0.988508 0.980185 0.988449 0.988449 0.988449
0.975802 0.978332 0.988365 0.950223 0.990469 0.983139 0.971621 0.985291 0.985291 0.985291
0.958882 0.963606 0.962838 0.932507 0.968058 0.963775 0.946226 0.961063 0.961063 0.961063
0.980550 0.982922 0.972741 0.954603 0.987335 0.984215 0.962036 0.980690 0.980689 0.980689
0.988292 0.986129 0.980023 0.957852 0.994787 0.991096 0.955266 0.991090 0.991090 0.991090
0.985192 0.982990 0.975599 0.955448 0.991924 0.989496 0.950292 0.988739 0.988739 0.988739
0.931833 0.937084 0.925349 0.915401 0.954076 0.938561 0.912025 0.940024 0.940023 0.940023
0.971045 0.975959 0.962984 0.952695 0.991886 0.964250 0.948133 0.975076 0.975075 0.975075
0.980746 0.986869 0.970526 0.965666 1.001946 0.970254 0.957817 0.979862 0.979861 0.979861
0.978046 0.974382 0.961440 0.945783 0.996071 0.967869 0.949767 0.978895 0.978895 0.978895
0.971091 0.968964 0.954763 0.943938 0.993491 0.965202 0.944207 0.975815 0.975815 0.975815
0.973086 0.965591 0.953075 0.937339 0.995050 0.971401 0.925318 0.970030 0.970030 0.970030
0.910814 0.350003 0.893192 0.874664 0.931036 0.908363 0.860226 0.909444 0.909444 0.909444
1.029296 0.385478 1.008978 0.989181 1.000261 0.982482 0.922737 1.031151 1.031151 1.031151
1.035326 0.385054 1.003792 0.993525 1.004954 0.980904 0.921310 1.019775 1.019775 1.019775
1.055116 0.395999 1.028325 1.016726 1.034520 0.996405 0.942340 1.022445 1.022445 1.022445
1.048576 0.389023 1.019793 0.998895 1.008290 0.993214 0.923156 0.996686 0.996685 0.996685
1.075298 0.398935 1.045421 1.026371 1.040088 1.030965 0.940573 1.033797 1.033797 1.033797
1.072454 0.399369 1.044793 1.027532 1.043013 1.029502 0.940691 1.034468 1.034468 1.034468
1.082770 0.396526 1.057263 1.042579 1.051557 1.038971 0.951115 1.046933 1.046933 1.046933
1.089385 0.400536 1.067355 1.049640 1.059068 1.039861 0.957391 1.056059 1.056059 1.056059
1.079255 0.396103 1.052918 1.030645 1.041005 1.015422 0.947637 1.047657 1.047657 1.047657
1.098563 0.402323 1.069046 1.047376 1.058395 1.032114 0.963190 1.064946 1.064946 1.064946
1.098509 0.402346 1.066820 1.047115 1.056412 1.029667 0.960017 1.060351 1.060351 1.060351
1.093699 0.399716 1.050665 1.044903 1.048021 1.021860 0.954146 1.052197 1.052197 1.052197
1.103438 0.405722 1.060202 1.056735 1.061794 1.036032 0.966895 1.069042 1.069043 1.069043
1.093877 0.397500 1.047918 1.047063 1.046585 1.017750 0.957210 1.059876 1.059876 1.059876
1.065186 0.384768 1.013497 1.025061 1.010977 0.977350 0.935185 1.025022 1.025022 1.025022
1.087088 0.392118 1.032194 1.047186 1.024984 0.999911 0.954629 1.040862 1.040863 1.040863
1.098284 0.396021 1.047635 1.060868 1.039017 1.011208 0.968221 1.056359 1.056359 1.056359
1.103755 0.396990 1.050525 1.060436 1.042354 1.006509 0.968891 1.057320 1.057321 1.057321
1.100787 0.393308 1.035849 1.049388 1.037561 1.001310 0.960597 1.053761 1.053761 1.053761
1.090888 0.389285 1.025237 1.032544 1.032868 1.000819 0.951756 1.053583 1.053584 1.053584
1.093346 0.391082 1.028970 1.039287 1.035635 1.001962 0.956811 1.058937 1.058938 1.058938
1.072896 0.389998 1.026252 1.033730 1.026038 0.999015 0.950042 1.049937 1.049938 1.049938
1.080772 0.393406 1.034204 1.041962 1.029298 1.003335 0.939938 1.052392 1.052392 1.052392
1.068461 0.396946 1.038540 1.047910 1.032056 1.011344 0.940116 1.062873 1.062873 1.062873
1.067493 0.398185 1.028831 1.050799 1.032349 1.005539 0.928782 1.068140 1.068141 1.068141
1.066714 0.395724 1.020322 1.050063 1.035889 1.007567 0.930334 1.068331 1.068332 1.068332
1.052201 0.392414 1.008448 1.027928 1.021154 0.992439 0.921059 1.020343 1.020344 1.020344
1.072227 0.402501 1.039180 1.052897 1.051467 1.023774 0.949691 1.042896 1.042896 1.042896
1.057510 0.391515 1.005412 1.037825 1.037871 1.014974 0.930830 1.035664 1.035664 1.035664
1.080831 0.400035 1.026153 1.030061 1.061348 1.034359 0.951803 1.055945 1.055945 1.055945
1.081139 0.401846 1.029206 1.032099 1.062559 1.038047 0.956250 1.057295 1.057296 1.057296
1.077082 0.391765 1.028635 1.025335 1.048815 1.015371 0.950631 1.053689 1.053689 1.053689
1.032943 0.368033 0.972935 0.984617 1.002708 0.964007 0.907735 0.913499 0.913499 0.913499
1.094693 0.388460 1.034795 1.051895 1.074256 1.010354 0.969086 0.975989 0.975989 0.975989
1.110553 0.392930 1.042048 1.064621 1.087995 1.026197 0.978081 0.985029 0.985029 0.985029
1.119315 0.400598 1.063303 1.083336 1.109799 1.048605 0.989383 1.004429 1.004430 1.004430
1.075485 0.390090 1.034906 1.048423 1.087931 1.010620 0.968036 0.958272 0.958273 0.958273
1.093577 0.396492 1.055894 1.068081 1.110554 1.018852 0.988484 0.981178 0.981178 0.981178
1.060202 0.362836 0.986829 0.982315 1.048982 0.994516 0.957332 0.923295 0.923296 0.923296
1.116595 0.384005 1.043469 1.037190 1.110165 1.053751 1.009597 0.974369 0.974370 0.974370
1.122323 0.386168 1.037693 1.036934 1.113611 1.055587 1.014027 0.979686 0.979687 0.979687
1.108367 0.382154 0.996409 1.027026 1.111072 1.045159 0.992103 0.948827 0.948828 0.948828
