0.947797 0.936910 0.945796 0.936983 0.929528 0.950654 0.934293 0.929681 0.929681 0.929681
0.995101 0.981190 0.990804 0.978472 0.974201 0.988538 0.976737 0.972126 0.972127 0.972127
0.992653 0.972312 0.977186 0.968500 0.969944 0.983658 0.968597 0.969077 0.969077 0.969077
0.991330 0.970462 0.974565 0.965966 0.966373 0.968481 0.964996 0.963335 0.963335 0.963335
0.947782 0.935148 0.934367 0.935489 0.939556 0.928565 0.936155 0.925778 0.925779 0.925779
1.001541 0.988296 0.985358 0.988353 0.991037 0.978957 0.986044 0.974117 0.974118 0.974118
0.979329 0.968627 0.955182 0.965151 0.963844 0.954950 0.955543 0.945485 0.945486 0.945486
1.001504 0.990515 0.975462 0.987626 0.985925 0.978065 0.975152 0.967636 0.967636 0.967636
0.994871 0.995305 0.981027 0.990517 0.991202 0.985031 0.972216 0.972487 0.972487 0.972487
0.975155 0.979230 0.963556 0.974563 0.976875 0.966697 0.955596 0.956362 0.956362 0.956362
0.964456 0.977333 0.957963 0.967877 0.975926 0.952983 0.948553 0.930558 0.930558 0.930558
0.985757 0.989003 0.972634 0.971561 0.994370 0.974320 0.964009 0.952796 0.952796 0.952796
0.989571 0.971568 0.979531 0.972578 0.989017 0.960327 0.965676 0.956811 0.956811 0.956811
0.983698 0.967310 0.973880 0.971831 0.987623 0.958815 0.961159 0.954929 0.954929 0.954929
0.992078 0.977708 0.984433 0.986803 0.995618 0.966283 0.968624 0.961227 0.961227 0.961227
0.944125 0.911438 0.923985 0.940347 0.944549 0.910366 0.917823 0.826947 0.826947 0.826947
1.030874 0.993024 0.997975 1.029086 1.027645 0.990814 1.000406 0.899925 0.899926 0.899926
1.033267 0.995047 0.998897 1.001669 1.030602 0.990244 1.003198 0.899834 0.899834 0.899834
1.028344 0.992641 0.995515 1.001153 1.026128 0.984434 1.001466 0.898074 0.898075 0.898075
1.024628 0.983591 0.988135 0.988530 1.021926 0.985154 0.975881 0.887702 0.887702 0.887702
1.030856 0.986661 0.986812 0.992196 1.026417 0.992307 0.976774 0.888497 0.888497 0.888497
1.036741 0.986881 0.984955 0.997889 1.036572 1.000714 0.984710 0.894381 0.894382 0.894382
1.052183 1.007659 0.999797 1.015181 1.056430 1.020618 1.003792 0.914096 0.914097 0.914097
1.035453 0.989866 0.979702 0.990167 1.031493 0.989989 0.986944 0.900780 0.900781 0.900781
1.025757 0.980593 0.970194 0.982829 1.027865 0.992697 0.971394 0.902571 0.902571 0.902571
1.028068 0.981396 0.970366 0.986030 1.023410 0.997392 0.973802 0.900077 0.900078 0.900078
1.018284 0.947346 0.960747 0.977375 0.963681 0.945512 0.915530 0.894463 0.894464 0.894464
1.043958 0.975983 0.988903 1.004560 0.992796 0.975215 0.939865 0.918866 0.918867 0.918867
1.020781 0.947713 0.956376 0.980826 0.969629 0.946489 0.912234 0.883379 0.883381 0.883381
1.048841 0.977027 0.986894 1.003279 0.999921 0.975889 0.939609 0.916978 0.916979 0.916979
1.045544 0.973564 0.987137 1.002022 1.000673 0.964521 0.940618 0.920462 0.920463 0.920463
1.029899 0.953281 0.965757 0.992315 0.977809 0.936950 0.929606 0.900491 0.900492 0.900492
1.066007 0.990628 1.003030 1.027782 1.013130 0.964736 0.962665 0.934478 0.934479 0.934479
1.072499 0.994303 1.010279 1.031807 1.019171 0.968793 0.968521 0.936638 0.936639 0.936639
1.059273 0.986204 1.000504 1.020807 1.007464 0.959983 0.960773 0.926007 0.926008 0.926008
1.064165 0.979165 1.002163 1.025017 1.006339 0.955679 0.963894 0.930369 0.930370 0.930370
1.040426 0.977066 0.995251 1.019484 0.997893 0.952669 0.953430 0.929257 0.929259 0.929259
1.040636 0.977751 0.984889 1.014235 0.996081 0.949650 0.952917 0.929747 0.929748 0.929748
1.059361 0.993207 1.000076 1.030804 1.012823 0.965358 0.968655 0.945186 0.945187 0.945187
1.036903 0.970940 0.977639 1.001764 0.995823 0.952999 0.947919 0.933386 0.933388 0.933388
1.025784 0.962513 0.940372 0.993913 0.995276 0.945220 0.929032 0.905553 0.905554 0.905554
1.041694 0.983840 0.965678 1.014535 1.021278 0.971693 0.954600 0.922368 0.922370 0.922370
1.046411 0.971911 0.972277 1.024202 1.024452 0.975686 0.960311 0.928775 0.928777 0.928777
1.050371 0.975824 0.975747 1.004046 1.032476 0.981872 0.963188 0.936765 0.936767 0.936767
1.029149 0.942955 0.937840 0.983173 1.012432 0.967038 0.937858 0.924159 0.924161 0.924161
1.049421 0.954500 0.957214 0.998500 1.032190 0.985999 0.952755 0.939552 0.939554 0.939554
1.011497 0.868416 0.889419 0.912999 0.969312 0.956869 0.917381 0.879001 0.879002 0.879002
1.072470 0.924475 0.935065 0.971584 1.028967 1.009642 0.961827 0.937456 0.937457 0.937457
1.055614 0.914782 0.922205 0.949068 1.012159 0.992354 0.950200 0.893430 0.893431 0.893431
1.087477 0.942073 0.954423 0.980393 1.046212 1.023318 0.982698 0.924578 0.924579 0.924579
1.048285 0.920338 0.931950 0.951878 1.028926 0.989451 0.964616 0.884954 0.884955 0.884955
1.081953 0.947525 0.950300 0.983504 1.059184 1.019842 0.989863 0.911433 0.911433 0.911433
1.090606 0.950712 0.957511 0.986951 1.067286 1.027075 0.982997 0.921192 0.921193 0.921193
1.056021 0.916848 0.930471 0.963361 1.044727 0.983522 0.958835 0.899240 0.899241 0.899241
1.074233 0.933954 0.946901 0.980581 1.058352 0.997488 0.957966 0.910205 0.910206 0.910206
1.083244 0.945878 0.958330 0.990777 1.074018 1.005900 0.963201 0.918318 0.918319 0.918319
1.084545 0.948128 0.957430 0.995526 1.075469 1.003354 0.964571 0.914794 0.914795 0.914795
1.058577 0.940451 0.949803 0.984916 1.059814 0.995061 0.952632 0.902176 0.902177 0.902177
0.987389 0.339705 0.887030 0.915864 0.988185 0.927253 0.882539 0.842887 0.842888 0.842888
1.139203 0.392786 1.024130 1.055599 1.141984 1.074236 1.019704 0.975225 0.975225 0.975225
