0.993312 0.993366 0.993617 0.993101 0.993617 0.993101 0.991900 0.991900 0.991900 0.991900
0.989270 0.989324 0.983508 0.987209 0.989575 0.987936 0.983943 0.983943 0.983943 0.983943
0.973902 0.972229 0.968229 0.971214 0.972475 0.971929 0.954148 0.954148 0.954148 0.954148
0.996283 0.994572 0.992234 0.995705 0.996875 0.996150 0.977868 0.977868 0.977868 0.977868
1.005707 1.003912 1.001552 1.004481 1.005587 1.004924 0.986400 0.986400 0.986400 0.986400
0.988680 0.987868 0.986756 0.980602 0.988153 0.971253 0.966817 0.966817 0.966818 0.966818
1.001389 1.000624 0.999498 0.993264 1.000855 0.983738 0.975154 0.975154 0.975154 0.975154
1.001880 0.999260 0.999228 0.993751 1.000430 0.983380 0.972235 0.972235 0.972236 0.972236
1.006336 1.003802 0.999392 0.998116 1.004638 0.987849 0.972860 0.972860 0.972860 0.972860
1.002701 1.000066 0.994715 0.994401 0.999569 0.982866 0.966260 0.966260 0.966259 0.966259
1.015656 1.013728 1.008702 1.008383 1.013069 0.996686 0.979376 0.979376 0.979376 0.979376
0.992780 0.994379 0.985982 0.985670 0.993733 0.977662 0.951764 0.951764 0.951764 0.951764
0.963948 0.965501 0.957347 0.956296 0.964874 0.948527 0.903472 0.903472 0.903472 0.903472
1.020678 1.018804 1.013320 1.011926 1.021659 1.004349 0.953626 0.953626 0.953627 0.953627
1.008067 1.008786 1.006803 1.002651 1.006176 0.989129 0.941090 0.941090 0.941091 0.941091
1.013350 1.013730 1.011978 1.007565 1.008705 0.994044 0.939843 0.939843 0.939844 0.939844
1.006267 1.003511 1.006949 1.007992 1.009951 0.995272 0.935455 0.935455 0.935456 0.935456
1.015550 1.014081 1.016541 1.016214 1.021925 1.004453 0.942543 0.942543 0.942544 0.942544
1.010468 1.008143 1.005630 1.009097 1.015470 0.998571 0.937156 0.937156 0.937157 0.937157
1.014223 1.010965 1.010658 1.014300 1.020462 1.003720 0.939937 0.939937 0.939937 0.939937
1.017114 1.013397 1.013539 1.013603 1.022232 1.007073 0.943232 0.943232 0.943233 0.943233
1.024219 1.023317 1.023196 1.023683 1.029372 1.016578 0.953160 0.953160 0.953161 0.953161
1.018074 1.017244 1.016461 1.016944 1.024534 1.010594 0.948718 0.948718 0.948719 0.948719
1.013866 1.012302 1.008434 1.011241 1.016991 1.005759 0.944021 0.944021 0.944022 0.944022
1.019347 1.017775 1.013886 0.996182 1.022489 1.011000 0.946479 0.946479 0.946479 0.946479
1.021810 1.022663 0.993462 0.976115 1.027400 1.015856 0.951025 0.951025 0.951026 0.951026
1.014824 1.023571 0.994344 0.976982 1.028312 1.016757 0.946585 0.946585 0.946586 0.946586
1.025901 1.037394 1.007773 0.986231 1.039837 1.029808 0.958816 0.958816 0.958817 0.958817
1.016523 1.028583 0.999391 0.977922 1.031190 1.020395 0.946030 0.946030 0.946031 0.946031
1.002007 1.024228 0.998451 0.977950 1.030053 1.020425 0.941834 0.941834 0.941835 0.941835
1.006274 1.031272 1.003355 0.984675 1.033631 1.027516 0.946932 0.946932 0.946933 0.946933
0.978618 1.003396 0.976234 0.958059 0.999952 0.994036 0.902446 0.902446 0.902447 0.902447
1.005732 1.018406 1.001576 0.974459 1.021532 1.024313 0.923720 0.923720 0.923721 0.923721
1.009224 1.016290 1.005146 0.976174 1.024860 1.028130 0.920094 0.920094 0.920095 0.920095
1.028444 1.035204 1.024288 0.994764 1.044222 1.047710 0.934312 0.934312 0.934313 0.934313
1.023316 1.030446 1.018612 0.987304 1.038710 1.042179 0.928819 0.928819 0.928820 0.928820
1.020876 1.027062 1.016184 0.983336 1.028483 1.037991 0.924055 0.924055 0.924057 0.924057
1.010684 1.016581 1.005814 0.973302 1.017988 1.026653 0.901453 0.901453 0.901454 0.901454
1.032179 1.033216 1.027205 0.994065 1.039638 1.048555 0.914647 0.914647 0.914648 0.914648
1.042479 1.045064 1.038984 1.005143 1.051560 1.060579 0.923338 0.923338 0.923339 0.923339
1.035731 1.039887 1.032016 0.998555 1.043614 1.055324 0.918096 0.918096 0.918097 0.918097
1.045468 1.049195 1.042389 1.006657 1.052081 1.064770 0.927016 0.927016 0.927017 0.927017
0.962070 0.968657 0.951185 0.891311 0.947893 0.959325 0.846217 0.846217 0.846219 0.846219
1.047334 1.054167 1.035152 0.961199 1.031570 1.044345 0.920517 0.920517 0.920519 0.920519
1.043306 1.053876 1.017921 0.960934 1.031314 1.042987 0.916262 0.916262 0.916263 0.916263
1.052583 1.062360 1.027315 0.969793 1.038803 1.052459 0.923474 0.923474 0.923475 0.923475
1.058691 1.067661 1.032536 0.973855 1.044830 1.054518 0.927545 0.927545 0.927547 0.927547
1.038339 1.046439 1.006708 0.953461 1.024745 1.034247 0.900272 0.900272 0.900273 0.900273
1.050136 1.058324 1.017852 0.959673 1.037693 1.045997 0.911044 0.911044 0.911046 0.911046
1.060806 1.069184 1.028297 0.969916 1.048500 1.056731 0.918883 0.918883 0.918885 0.918885
1.058948 1.067547 1.026718 0.968566 1.046664 1.055300 0.913335 0.913335 0.913336 0.913336
1.041510 1.057001 1.016575 0.953736 1.034482 1.044880 0.897380 0.897380 0.897382 0.897382
1.062113 1.060397 1.036685 0.972603 1.054945 1.065549 0.914637 0.914637 0.914638 0.914638
1.058286 1.054703 1.032764 0.966146 1.050956 1.061438 0.908241 0.908241 0.908242 0.908242
1.039005 1.034798 1.014483 0.947912 1.032353 1.041405 0.878788 0.878788 0.878789 0.878789
1.050452 1.048265 1.016519 0.956711 1.043530 1.053709 0.887050 0.887050 0.887051 0.887051
1.059951 1.056917 1.022547 0.962384 1.054417 1.063238 0.891898 0.891898 0.891899 0.891899
1.074331 1.071255 1.036419 0.975440 1.068721 1.077662 0.900408 0.900408 0.900410 0.900410
1.061709 1.060462 1.023118 0.965547 1.057288 1.065296 0.889904 0.889904 0.889905 0.889905
1.071396 1.070138 1.030365 0.972386 1.064777 1.074519 0.892704 0.892704 0.892706 0.892706
