0.990041 0.990041 0.990041 0.985371 0.990041 0.990027 0.990041 0.977951 0.977951 0.977951
0.993078 0.990166 0.992514 0.987476 0.992923 0.992633 0.990398 0.976204 0.976205 0.976205
0.982111 0.978957 0.979365 0.976648 0.979991 0.981277 0.980336 0.942709 0.942709 0.942709
0.946200 0.943161 0.943554 0.940936 0.944157 0.945396 0.944489 0.822650 0.822651 0.822651
1.023755 1.022320 1.021270 1.017479 1.022993 1.022302 1.021618 0.887918 0.887918 0.887918
1.005857 1.001120 1.000093 0.983202 1.003075 1.006858 1.006184 0.864704 0.864705 0.864705
1.022470 1.017753 1.018498 1.003188 1.018736 1.025300 1.024417 0.865700 0.865701 0.865701
1.048900 1.044061 1.044826 1.029120 1.045069 1.051803 1.050898 0.885681 0.885681 0.885681
1.032700 1.029793 1.027325 1.014406 1.030729 1.037535 1.036752 0.866114 0.866114 0.866114
0.928563 0.937152 0.923731 0.912114 0.938004 0.944198 0.943485 0.741972 0.741972 0.741972
0.768148 0.800458 0.874788 0.863787 0.801186 0.806475 0.893496 0.703271 0.703271 0.703271
0.940878 0.980701 1.074341 1.060376 0.979969 0.985566 1.097019 0.849013 0.849013 0.849013
0.965569 1.006011 1.102089 1.088993 1.005926 1.012389 1.127141 0.870736 0.870735 0.870735
0.957774 0.997889 1.093191 1.080201 0.997805 1.004215 1.118041 0.845898 0.845898 0.845898
0.969512 1.010119 1.106589 1.093439 1.010033 1.016523 1.131743 0.846078 0.846079 0.846079
0.935009 0.977489 1.070604 1.062567 0.981515 0.984426 1.095185 0.790833 0.790833 0.790833
0.980787 1.025471 1.123021 1.114725 1.029695 1.032749 1.138127 0.825872 0.825871 0.825871
0.906858 0.926023 1.014113 1.029859 0.947459 0.954903 1.027754 0.774113 0.774113 0.774113
0.971393 0.996494 1.086402 1.103791 1.018894 1.027572 1.106191 0.824880 0.824880 0.824880
0.944349 0.968751 1.056156 1.073061 0.990527 0.904526 1.075394 0.770396 0.770395 0.770395
1.003019 1.028937 1.121772 1.139727 1.052066 0.960722 1.142205 0.808298 0.808297 0.808297
0.978063 1.013431 1.105043 1.119517 1.040602 0.948813 1.129759 0.782875 0.782875 0.782875
0.981102 1.016417 1.107495 1.117783 1.045379 0.951201 1.132603 0.765245 0.765245 0.765245
1.006101 1.042315 1.135714 1.146264 1.072015 0.975438 1.161462 0.774356 0.774355 0.774355
1.010906 1.048752 1.141364 1.150931 1.077128 0.981384 1.168542 0.777161 0.777160 0.777160
1.002261 1.041452 1.105844 1.139601 1.067890 0.970799 1.139622 0.768263 0.768262 0.768262
1.013159 1.052776 1.117868 1.151992 1.079502 0.981354 1.152013 0.764900 0.764899 0.764899
0.986996 1.040456 1.104787 1.075121 1.066869 0.956012 1.138532 0.748352 0.748351 0.748351
0.991545 1.045253 1.109879 1.080076 1.071787 0.960419 1.143780 0.719331 0.719330 0.719330
1.020036 1.071674 1.141771 1.111111 1.102583 0.983429 1.176645 0.729869 0.729868 0.729868
1.002181 1.062549 1.132355 1.102940 1.090848 0.972962 1.166942 0.712152 0.712151 0.712151
0.998669 1.059942 1.124999 1.097981 1.088559 0.971524 1.167788 0.694154 0.694153 0.694153
1.005114 1.066782 1.130894 1.105066 1.095583 0.977793 1.175324 0.669486 0.669485 0.669485
0.993289 1.054231 1.117589 1.092065 1.082694 0.966289 1.161496 0.616344 0.616344 0.616344
1.044249 1.099250 1.165313 1.149274 1.128928 1.007553 1.221087 0.638192 0.638192 0.638192
1.060379 1.114692 1.183313 1.167002 1.146365 1.021706 1.238896 0.642332 0.642331 0.642331
1.055766 1.106880 1.175925 1.161939 1.126161 1.017262 1.231139 0.627721 0.627721 0.627721
1.050682 1.101549 1.170262 1.156343 1.120738 1.012363 1.156030 0.609678 0.609678 0.609678
1.031239 1.108724 1.177884 1.102845 1.068887 1.018957 1.163560 0.606184 0.606183 0.606183
1.072943 1.152965 1.224885 1.142306 1.107133 1.060165 1.210649 0.625987 0.625986 0.625986
1.025813 1.080007 1.171081 1.092129 1.048086 1.006648 1.144275 0.573627 0.573627 0.573627
1.100156 1.158277 1.255951 1.171278 1.124043 1.079601 1.227203 0.612495 0.612494 0.612494
1.089302 1.146346 1.244842 1.154395 1.112233 1.069671 1.212074 0.603566 0.603566 0.603566
1.049826 1.104803 1.198711 1.115682 1.074934 1.033799 1.171426 0.564395 0.564395 0.564395
1.080706 1.133837 1.230723 1.148499 1.100839 1.060966 1.201946 0.573073 0.573073 0.573073
1.105276 1.159615 1.255293 1.174610 1.125867 1.085088 1.229273 0.580898 0.580897 0.580897
1.110514 1.165111 1.261242 1.180177 1.131203 1.090230 1.235098 0.578576 0.578576 0.578576
1.105600 1.158013 1.256519 1.173277 1.126208 1.086148 1.228722 0.570173 0.570173 0.570173
1.104295 1.157650 1.256252 1.173164 1.126692 1.083448 1.226005 0.567283 0.567283 0.567283
1.119187 1.173262 1.273194 1.188984 1.141886 1.098059 1.242539 0.572428 0.572428 0.572428
1.086360 1.112645 1.224601 1.146888 1.098478 1.047867 1.208078 0.554788 0.554788 0.554788
1.090983 1.125568 1.239354 1.158911 1.113395 1.055983 1.217651 0.556794 0.556793 0.556793
1.112615 1.150233 1.267610 1.185438 1.136457 1.080424 1.242472 0.567487 0.567487 0.567487
1.114452 1.151157 1.266410 1.187395 1.137281 1.082244 1.244523 0.565478 0.565477 0.565477
1.076625 1.112084 1.223425 1.147092 1.069612 1.045511 1.170473 0.524159 0.524159 0.524159
1.133401 1.170729 1.287942 1.207584 1.126018 1.100645 1.232198 0.546383 0.546383 0.546383
1.119718 1.156595 1.272393 1.193005 1.112423 1.087357 1.217322 0.525997 0.525997 0.525997
1.132323 1.169616 1.286718 1.206436 1.124947 1.099599 1.231026 0.522602 0.522602 0.522602
1.134053 1.167955 1.289318 1.211759 1.131251 1.105761 1.237925 0.522198 0.522197 0.522197
1.096500 1.135254 1.253219 1.177831 1.093957 1.074801 1.203207 0.485229 0.485229 0.485229
1.139391 1.179527 1.302081 1.221833 1.136479 1.117378 1.246622 0.499471 0.499470 0.499470
1.137991 1.178077 1.300481 1.220332 1.135082 1.116005 1.245090 0.489258 0.489258 0.489258
1.137989 1.175048 1.298979 1.220874 1.135033 1.115095 1.245088 0.480965 0.480965 0.480965
1.151186 1.188201 1.312378 1.230443 1.142652 1.126770 1.257338 0.485239 0.485238 0.485238
1.103078 1.136260 1.256170 1.176656 1.094093 1.080681 1.196005 0.445812 0.445811 0.445811
1.136659 1.171055 1.294637 1.212477 1.127401 1.113580 1.232629 0.442164 0.442163 0.442163
1.156989 1.192565 1.308262 1.232764 1.147832 1.133277 1.253814 0.443158 0.443158 0.443158
1.146789 1.182647 1.289934 1.223732 1.132956 1.124974 1.243640 0.428153 0.428152 0.428152
1.176101 1.212875 1.322905 1.255010 1.161915 1.153728 1.275427 0.433061 0.433060 0.433060
1.183854 1.220870 1.331625 1.263283 1.169574 1.161333 1.283834 0.432195 0.432195 0.432195
1.146086 1.181921 1.266809 1.222981 1.115125 1.124284 1.242877 0.401779 0.401778 0.401778
1.188943 1.226263 1.308515 1.267595 1.154396 1.166688 1.285422 0.415748 0.415748 0.415748
1.161997 1.198471 1.278859 1.238866 1.128233 1.140246 1.256289 0.389179 0.389179 0.389179
1.205175 1.243004 1.326429 1.283381 1.170085 1.180590 1.299358 0.401879 0.401879 0.401879
1.109964 1.144804 1.251152 1.210273 1.017851 1.087321 1.228091 0.378354 0.378354 0.378354
1.196938 1.234508 1.349189 1.305107 1.097607 1.172520 1.324321 0.403750 0.403749 0.403749
1.163158 1.200051 1.311531 1.268680 1.066971 1.139794 1.282881 0.376171 0.376171 0.376171
1.205901 1.238881 1.359728 1.308752 1.106180 1.173100 1.330025 0.388188 0.388188 0.388188
1.193630 1.223803 1.345080 1.295234 1.095998 1.162130 1.318650 0.379112 0.379111 0.379111
1.214152 1.244844 1.368206 1.317503 1.114841 1.182244 1.341322 0.383278 0.383277 0.383277
1.192830 1.223725 1.342659 1.295040 1.093303 1.162247 1.317558 0.372934 0.372934 0.372934
1.196160 1.227141 1.346406 1.298655 1.094660 1.165492 1.321236 0.364832 0.364832 0.364832
1.212766 1.244178 1.365099 1.316684 1.058574 1.181673 1.339579 0.366733 0.366733 0.366733
1.193460 1.223140 1.341451 1.295463 1.038613 1.163203 1.285750 0.354460 0.354460 0.354460
1.190150 1.226092 1.344440 1.299090 1.041681 1.165225 1.288755 0.344971 0.344971 0.344971
1.214416 1.251092 1.371767 1.327936 1.060875 1.188950 1.314953 0.347237 0.347237 0.347237
1.224657 1.261642 1.383335 1.339134 1.069821 1.198976 1.326041 0.344688 0.344688 0.344688
1.204049 1.244038 1.361135 1.320819 1.054074 1.178508 1.309248 0.333556 0.333555 0.333555
1.221976 1.261762 1.382615 1.341945 1.065619 1.197321 1.330808 0.335432 0.335432 0.335432
1.225031 1.264917 1.386072 1.345300 1.068284 1.200315 1.334135 0.330262 0.330261 0.330261
1.212005 1.251466 1.371333 1.273615 1.011359 1.187552 1.319949 0.322100 0.322100 0.322100
1.220555 1.257772 1.380046 1.280032 0.989047 1.185562 1.329260 0.315434 0.315433 0.315433
1.248221 1.274352 1.408251 1.309560 1.011465 1.207779 1.362046 0.320698 0.320698 0.320698
1.249250 1.280291 1.413550 1.314176 1.017489 1.212915 1.367239 0.319675 0.319675 0.319675
1.257233 1.281082 1.422583 1.322574 1.023991 1.220666 1.368084 0.318572 0.318571 0.318571
1.258178 1.282045 1.423652 1.323568 1.024761 1.221584 1.369112 0.314054 0.314054 0.314054
1.254607 1.278407 1.419612 1.319812 1.021852 1.218117 1.365227 0.307076 0.307076 0.307076
1.267835 1.289579 1.434579 1.333727 1.032741 1.220383 1.379774 0.308657 0.308657 0.308657
1.272792 1.294621 1.440188 1.338942 1.036778 1.225154 1.385168 0.307362 0.307361 0.307361
1.268210 1.282277 1.435098 1.334210 1.033033 1.217296 1.380273 0.303757 0.303757 0.303757
