0.910667 0.910667 0.932668 0.932457 0.860137 0.910667 0.934550 0.930902 0.930902 0.930902
0.985135 0.985135 1.008935 1.008707 0.930473 0.985135 1.010972 0.998270 0.998270 0.998270
0.966681 0.966681 0.990035 0.989811 0.913043 0.966681 0.936019 0.956017 0.956017 0.956017
0.993402 0.993519 1.013015 1.016274 0.936312 0.993710 0.958960 0.979958 0.979958 0.979958
0.994654 0.994771 1.014292 1.017555 0.937492 0.994962 0.960169 0.962313 0.962313 0.962313
0.997023 0.994578 1.015535 1.020434 0.939685 0.996520 0.962456 0.948257 0.948256 0.948256
0.990465 0.986058 1.008153 1.011693 0.906514 0.981384 0.956125 0.916061 0.916061 0.916061
0.995244 0.999882 1.022563 1.027077 0.917250 0.993005 0.969791 0.914139 0.914139 0.914139
1.024360 1.029134 1.052478 1.057124 0.944084 1.022171 0.998162 0.935143 0.935143 0.935143
1.021985 1.024915 1.050038 1.054674 0.942000 1.011040 0.995959 0.927993 0.927993 0.927993
1.014611 1.017519 1.042461 1.047063 0.933757 1.003744 0.988772 0.898773 0.898773 0.898773
1.030678 1.032758 1.056224 1.063645 0.947667 1.019673 1.004431 0.908273 0.908273 0.908273
1.030187 1.030538 1.056443 1.061621 0.947225 1.019885 1.003209 0.898633 0.898633 0.898633
1.021224 1.021670 1.049195 1.056329 0.938148 1.012801 0.996050 0.877349 0.877349 0.877349
1.030918 1.033241 1.059548 1.065749 0.948397 1.021833 1.005224 0.883527 0.883527 0.883527
1.005386 1.007651 1.033306 1.039354 0.900439 0.996526 0.954392 0.826748 0.826749 0.826749
1.060854 1.063244 1.090314 1.096696 0.950117 1.051505 1.007046 0.865317 0.865317 0.865317
1.066207 1.068609 1.095816 1.102230 0.954911 1.056811 1.012128 0.865894 0.865894 0.865894
1.042017 1.041184 1.068136 1.077222 0.928428 1.029688 0.985935 0.834707 0.834708 0.834708
1.059523 1.058676 1.086081 1.095320 0.944026 1.046987 1.002499 0.831232 0.831233 0.831233
1.046296 1.045794 1.072864 1.081992 0.932538 1.034247 0.986857 0.786996 0.786998 0.786998
1.061902 1.061578 1.089057 1.098131 0.946448 1.049674 1.001751 0.768795 0.768796 0.768796
1.092699 1.092365 1.120642 1.124648 0.973897 1.080102 1.030804 0.781431 0.781433 0.781433
1.067753 1.075250 1.103555 1.105788 0.960499 1.059111 1.010951 0.763105 0.763106 0.763106
1.088100 1.095739 1.124583 1.126859 0.978802 1.079293 1.030215 0.763749 0.763750 0.763750
1.028805 1.036028 1.063301 1.065453 0.925464 1.020479 0.974075 0.654079 0.654080 0.654080
1.098591 1.109538 1.136327 1.141371 0.990358 1.089429 1.044552 0.687456 0.687457 0.687457
1.127722 1.138960 1.166459 1.171637 1.016620 1.118318 1.072251 0.699663 0.699664 0.699664
1.121358 1.132533 1.159876 1.165025 1.010882 1.112007 1.066200 0.683529 0.683530 0.683530
1.123680 1.134877 1.162277 1.167437 1.012975 1.114309 1.068407 0.671632 0.671633 0.671633
1.053004 1.038652 1.063729 1.093116 0.944655 1.044223 0.977818 0.638037 0.638038 0.638038
1.144108 1.128037 1.155294 1.188552 1.026629 1.135643 1.063675 0.692795 0.692796 0.692796
1.138831 1.122835 1.149966 1.183071 1.021895 1.130405 1.058770 0.679196 0.679197 0.679197
1.133703 1.122061 1.148147 1.180920 1.022508 1.129169 1.057148 0.673425 0.673427 0.673427
1.141490 1.128212 1.156033 1.189007 1.029531 1.135359 1.063507 0.672068 0.672069 0.672069
1.138488 1.121465 1.152994 1.185881 1.026824 1.127117 1.060710 0.661124 0.661125 0.661125
1.137392 1.120386 1.151884 1.184740 1.025835 1.126033 1.059689 0.643615 0.643616 0.643616
1.110373 1.097496 1.128099 1.165414 1.009102 1.103857 1.038039 0.608970 0.608971 0.608971
1.157984 1.141200 1.175803 1.214258 1.052207 1.150690 1.079629 0.632009 0.632010 0.632010
1.149606 1.130660 1.166593 1.205287 1.045620 1.143316 1.073577 0.619065 0.619067 0.619067
1.155789 1.138566 1.146169 1.210190 1.051218 1.146875 1.061718 0.620576 0.620577 0.620577
1.145829 1.129040 1.139307 1.202429 1.040699 1.134392 1.055075 0.606372 0.606373 0.606373
1.171531 1.154366 1.164863 1.229402 1.064043 1.159838 1.078742 0.611452 0.611453 0.611453
1.145509 1.128725 1.138989 1.202094 1.040408 1.134076 1.054781 0.572048 0.572049 0.572049
1.136029 1.119384 1.128604 1.195490 1.034693 1.127846 1.048986 0.550444 0.550445 0.550445
1.181897 1.163843 1.175204 1.245113 1.072294 1.174626 1.093037 0.567442 0.567443 0.567443
1.189402 1.171233 1.182667 1.253020 1.079103 1.182084 1.099978 0.562524 0.562525 0.562525
1.200811 1.182611 1.194011 1.265192 1.089586 1.193568 1.100208 0.565400 0.565401 0.565401
1.152578 1.141116 1.152115 1.220799 1.045981 1.151688 1.061553 0.521541 0.521542 0.521542
1.185666 1.174586 1.183849 1.256498 1.074082 1.185530 1.091854 0.531366 0.531366 0.531366
1.206033 1.194764 1.204185 1.278083 1.092533 1.205895 1.110610 0.535187 0.535188 0.535188
1.173614 1.162647 1.170403 1.243727 1.063165 1.173480 1.080756 0.499073 0.499074 0.499074
0.893561 0.913990 1.020136 1.084046 0.835784 0.922506 0.941999 0.435376 0.435377 0.435377
1.061394 1.063685 1.211744 1.287657 0.982997 1.088264 1.106174 0.495668 0.495669 0.495669
1.130680 1.133120 1.287346 1.371713 1.047165 1.159303 1.178383 0.523334 0.523335 0.523335
1.078370 1.108244 1.259085 1.271251 0.970472 1.133853 1.152514 0.505619 0.505620 0.505620
1.119782 1.150298 1.308784 1.314006 1.007089 1.178190 1.193797 0.522538 0.522539 0.522539
1.100925 1.131498 1.280003 1.293820 0.985990 1.160091 1.174525 0.500758 0.500759 0.500759
1.127539 1.158718 1.310784 1.322855 1.009585 1.188704 1.199406 0.508043 0.508044 0.508044
1.107413 1.136891 1.285552 1.298982 0.988605 1.167830 1.148952 0.490078 0.490079 0.490079
1.150234 1.180852 1.335261 1.349211 1.026833 1.212987 1.193379 0.507654 0.507655 0.507655
1.120562 1.150390 1.300815 1.257740 0.957218 1.181696 1.162594 0.487521 0.487521 0.487521
1.125104 1.155053 1.306089 1.262839 0.961098 1.186486 1.167307 0.468840 0.468841 0.468841
1.164617 1.195618 1.351958 1.307189 0.994852 1.228155 1.208302 0.480249 0.480249 0.480249
1.160932 1.191835 1.347679 1.303052 0.991703 1.224268 1.204479 0.471241 0.471241 0.471241
1.155369 1.186124 1.341139 1.299116 0.985053 1.218369 1.198635 0.462632 0.462632 0.462632
1.167791 1.198877 1.355558 1.313083 0.949637 1.231468 1.211522 0.463606 0.463606 0.463606
1.184613 1.216147 1.375085 1.331998 0.963317 1.249207 1.228974 0.468217 0.468217 0.468217
1.176223 1.200341 1.365436 1.322651 0.956482 1.236856 1.220350 0.461109 0.461110 0.461110
1.169394 1.190186 1.354926 1.314986 0.938250 1.229674 1.210935 0.449961 0.449962 0.449962
1.152374 1.174100 1.331197 1.294557 0.925898 1.214241 1.198375 0.433726 0.433727 0.433727
1.181230 1.204544 1.365853 1.328412 0.950613 1.243018 1.227115 0.442856 0.442856 0.442856
1.187196 1.203684 1.372752 1.335122 0.955415 1.249297 1.226240 0.440740 0.440740 0.440740
1.158208 1.186109 1.352921 1.312069 0.945452 1.234397 1.213454 0.427080 0.427080 0.427080
1.172979 1.190095 1.367191 1.329325 0.957510 1.245339 1.231331 0.429999 0.429999 0.429999
1.165518 1.182194 1.355466 1.320973 0.949514 1.236920 1.224591 0.417211 0.417212 0.417212
1.141434 1.157765 1.327457 1.293677 0.929893 1.096844 1.199286 0.392530 0.392531 0.392531
1.210859 1.228183 1.408196 1.372361 0.986452 1.163557 1.272230 0.411451 0.411452 0.411452
1.152113 1.168596 1.339876 1.305779 0.938593 1.107106 1.210506 0.364705 0.364705 0.364705
1.191788 1.204835 1.381426 1.328467 0.968950 1.148000 1.255219 0.373938 0.373939 0.373939
1.199931 1.185156 1.378206 1.329174 0.966843 1.136341 1.265875 0.375917 0.375918 0.375918
1.198746 1.190145 1.383750 1.335282 0.971436 1.140354 1.271106 0.366509 0.366509 0.366509
1.234622 1.225763 1.425163 1.375244 1.000509 1.174483 1.309148 0.372481 0.372481 0.372481
1.095302 1.100599 1.264341 1.220055 0.898346 1.054555 1.175469 0.314832 0.314832 0.314832
1.200642 1.223938 1.406030 1.281237 0.999019 1.155977 1.307198 0.346595 0.346595 0.346595
1.239592 1.263643 1.451696 1.321237 1.031364 1.191432 1.345862 0.356277 0.356277 0.356277
1.210600 1.233890 1.416488 1.284346 1.008732 1.162882 1.313611 0.339055 0.339055 0.339055
1.237503 1.263889 1.452184 1.316829 1.032044 1.192591 1.343535 0.346378 0.346378 0.346378
1.241202 1.269431 1.456810 1.319837 1.035120 1.197726 1.349319 0.347014 0.347014 0.347014
1.181864 1.206317 1.385661 1.254217 0.984908 1.141521 1.275440 0.316817 0.316817 0.316817
1.232523 1.258619 1.434603 1.306494 1.027363 1.190219 1.329195 0.325321 0.325321 0.325321
1.248737 1.274668 1.451634 1.318762 1.035853 1.204534 1.344341 0.328717 0.328717 0.328717
1.213099 1.238290 1.385775 1.281126 0.991061 1.170158 1.305975 0.306645 0.306645 0.306645
1.259382 1.284869 1.437901 1.324048 1.024265 1.214802 1.355839 0.315966 0.315966 0.315966
1.248953 1.280101 1.426154 1.313849 1.019797 1.210295 1.351082 0.311716 0.311716 0.311716
1.265183 1.291244 1.444687 1.324295 1.033049 1.217122 1.368639 0.314304 0.314304 0.314304
1.264887 1.290942 1.444348 1.323985 1.032807 1.216837 1.368318 0.310405 0.310405 0.310405
1.253341 1.268691 1.419454 1.313249 1.015006 1.195864 1.355828 0.302933 0.302932 0.302932
1.262967 1.280745 1.428461 1.324877 1.024592 1.207350 1.368995 0.303198 0.303198 0.303198
1.266017 1.280060 1.432616 1.331902 1.031246 1.215191 1.377886 0.303232 0.303232 0.303232
