0.925061 0.937776 0.926886 0.937679 0.938632 0.930889 0.925470 0.925470 0.925470 0.925470
0.943837 0.956845 0.935358 0.958924 0.964076 0.935483 0.962323 0.962323 0.962323 0.962323
0.944651 0.952277 0.936272 0.965982 0.961659 0.937464 0.973541 0.973541 0.973541 0.973541
0.870422 0.948815 0.927205 0.963478 0.958696 0.925158 0.975267 0.975267 0.975267 0.975267
0.883281 0.958497 0.938637 0.969121 0.965739 0.936648 0.990326 0.990326 0.990326 0.990326
0.793357 0.901689 0.877613 0.897869 0.880264 0.844162 0.915899 0.915899 0.915899 0.915899
0.841029 0.960902 0.945993 0.939268 0.934200 0.904788 0.993815 0.993815 0.993815 0.993815
0.579154 0.904928 0.871431 0.873009 0.886234 0.850242 0.962841 0.962841 0.962841 0.962841
0.596827 0.950934 0.907363 0.911815 0.932609 0.869448 1.022499 1.022499 1.022499 1.022499
0.579129 0.956380 0.912559 0.917037 0.937950 0.843667 1.014316 1.014316 1.014316 1.014316
0.601492 0.975420 0.929218 0.876446 0.958189 0.875711 1.037245 1.037245 1.037244 1.037244
0.611073 0.983711 0.940393 0.891509 0.944683 0.878423 1.058716 1.058716 1.058716 1.058716
0.613420 0.993168 0.940882 0.893967 0.950374 0.888663 1.077136 1.077136 1.077136 1.077136
0.550262 0.972168 0.920988 0.875065 0.930279 0.819352 1.043285 1.043285 1.043285 1.043285
0.525945 0.929207 0.872785 0.822356 0.881590 0.806928 1.008932 1.008932 1.008932 1.008932
0.558323 0.989479 0.947266 0.878954 0.940649 0.862375 1.087817 1.087817 1.087817 1.087817
0.530402 0.942318 0.890407 0.750536 0.896027 0.788015 1.061615 1.061615 1.061615 1.061615
0.549132 0.963845 0.956058 0.805874 0.962091 0.815842 1.138543 1.138543 1.138543 1.138543
0.519427 0.875013 0.813030 0.762580 0.904195 0.767279 1.105969 1.105969 1.105969 1.105969
0.458262 0.847266 0.828196 0.780638 0.879808 0.780606 1.123533 1.123533 1.123533 1.123533
0.492730 0.911107 0.892026 0.839133 0.946969 0.840734 1.214437 1.214437 1.214436 1.214436
0.493420 0.909333 0.895755 0.840262 0.950092 0.843023 1.221395 1.221395 1.221395 1.221395
0.458230 0.850137 0.841654 0.796236 0.847638 0.785935 1.154841 1.154841 1.154841 1.154841
0.486543 0.899840 0.875584 0.846887 0.903228 0.825282 1.232403 1.232403 1.232403 1.232403
0.488385 0.904732 0.879842 0.851052 0.905321 0.830511 1.243208 1.243208 1.243208 1.243208
0.474765 0.887443 0.850597 0.831684 0.809125 0.809512 1.224070 1.224070 1.224070 1.224070
0.487199 0.912860 0.869627 0.848323 0.833419 0.829248 1.263201 1.263201 1.263201 1.263201
0.488159 0.906630 0.864722 0.847316 0.833467 0.828741 1.265627 1.265627 1.265628 1.265628
0.486706 0.908186 0.865322 0.850158 0.834376 0.824405 1.272412 1.272412 1.272412 1.272412
0.480061 0.898419 0.857600 0.841042 0.827669 0.818331 1.264439 1.264439 1.264439 1.264439
0.477075 0.892832 0.852267 0.835812 0.822523 0.813243 1.237311 1.237311 1.237311 1.237311
0.478129 0.902178 0.836503 0.844561 0.784612 0.821755 1.250184 1.250184 1.250184 1.250184
0.447006 0.867933 0.821431 0.806516 0.752393 0.810731 1.237272 1.237272 1.237272 1.237272
0.423817 0.855339 0.808665 0.762639 0.734746 0.799485 1.234890 1.234890 1.234890 1.234890
0.444183 0.846411 0.831118 0.799350 0.764891 0.834168 1.298141 1.298141 1.298140 1.298140
0.442927 0.843430 0.822042 0.788330 0.749417 0.822881 1.300733 1.300733 1.300733 1.300733
0.435550 0.829179 0.814661 0.785083 0.752065 0.825073 1.305815 1.305815 1.305815 1.305815
0.430018 0.823019 0.808681 0.783601 0.739089 0.820867 1.305580 1.305580 1.305580 1.305580
0.427971 0.819974 0.812774 0.782900 0.744634 0.785544 1.314863 1.314863 1.314864 1.314864
0.420868 0.827052 0.794079 0.790318 0.725741 0.778600 1.321121 1.321121 1.321121 1.321121
0.346725 0.648083 0.622246 0.622576 0.362191 0.610116 1.078469 1.078469 1.078470 1.078470
0.447445 0.841181 0.803536 0.799596 0.466359 0.791104 1.400238 1.400238 1.400239 1.400239
0.453509 0.852582 0.803470 0.810434 0.454037 0.801826 1.418950 1.418950 1.418950 1.418950
0.434777 0.833215 0.790141 0.798901 0.448961 0.788095 1.402132 1.402132 1.402132 1.402132
0.444814 0.852450 0.808382 0.817344 0.459325 0.806289 1.428673 1.428673 1.428674 1.428674
0.430860 0.828627 0.776954 0.783131 0.421377 0.780063 1.393532 1.393532 1.393532 1.393532
0.443486 0.852908 0.799721 0.806079 0.433725 0.802921 1.424474 1.424474 1.424475 1.424475
0.422977 0.842340 0.788057 0.784163 0.426698 0.793371 1.409278 1.409278 1.409279 1.409279
0.422924 0.835938 0.791808 0.780696 0.424123 0.794086 1.421918 1.421918 1.421920 1.421920
0.430469 0.850850 0.805932 0.794623 0.431688 0.787910 1.444251 1.444251 1.444252 1.444252
0.411477 0.798491 0.770758 0.748706 0.409956 0.741332 1.396523 1.396523 1.396524 1.396524
0.403292 0.808132 0.755427 0.749678 0.398788 0.722948 1.394004 1.394004 1.394005 1.394005
0.421011 0.840154 0.755725 0.779383 0.398637 0.748758 1.455308 1.455308 1.455309 1.455309
0.419246 0.835273 0.735202 0.775863 0.396548 0.746284 1.458014 1.458014 1.458015 1.458015
0.422509 0.836851 0.740924 0.784516 0.400971 0.754607 1.468868 1.468868 1.468870 1.468870
0.422571 0.838484 0.739242 0.783134 0.397324 0.755475 1.470330 1.470330 1.470331 1.470331
0.398384 0.787503 0.693864 0.742638 0.377038 0.701413 1.402458 1.402458 1.402460 1.402460
0.418028 0.828713 0.722326 0.771173 0.395957 0.731718 1.482006 1.482006 1.482007 1.482007
0.391665 0.794606 0.692089 0.705829 0.378477 0.679357 1.421716 1.421716 1.421717 1.421717
0.380679 0.764722 0.667655 0.698149 0.365492 0.674767 1.358805 1.358805 1.358807 1.358807
0.414889 0.835225 0.725813 0.722474 0.398003 0.734635 1.484244 1.484244 1.484246 1.484246
0.404368 0.809675 0.708730 0.697109 0.390143 0.715360 1.456283 1.456283 1.456285 1.456285
0.410741 0.818696 0.712911 0.706931 0.392227 0.711261 1.486971 1.486971 1.486973 1.486973
0.389901 0.779381 0.707790 0.683630 0.385469 0.704884 1.486029 1.486029 1.486030 1.486030
0.400595 0.799952 0.727226 0.703405 0.395043 0.723742 1.529741 1.529741 1.529743 1.529743
0.387781 0.784606 0.712104 0.690403 0.388275 0.683398 1.508266 1.508266 1.508268 1.508268
0.374819 0.664362 0.688300 0.586071 0.365504 0.660553 1.445878 1.445878 1.445879 1.445879
0.401710 0.715520 0.739445 0.628071 0.393261 0.711113 1.557482 1.557482 1.557483 1.557483
0.389792 0.698507 0.724684 0.584850 0.381305 0.696413 1.526544 1.526544 1.526545 1.526545
0.398416 0.709175 0.742204 0.594160 0.390970 0.711158 1.564668 1.564668 1.564669 1.564669
0.386169 0.668632 0.723856 0.542138 0.382525 0.676093 1.529196 1.529196 1.529197 1.529197
0.362272 0.639030 0.691600 0.507857 0.363338 0.661144 1.507861 1.507861 1.507863 1.507863
0.379032 0.634586 0.719947 0.530961 0.377840 0.691855 1.579918 1.579918 1.579919 1.579919
0.361441 0.619450 0.674223 0.518472 0.351055 0.631512 1.546155 1.546155 1.546157 1.546157
0.361342 0.611462 0.681221 0.514593 0.347386 0.630434 1.554547 1.554547 1.554549 1.554549
0.371911 0.627250 0.689439 0.483272 0.356311 0.642300 1.597663 1.597663 1.597665 1.597665
0.326858 0.590847 0.652728 0.449443 0.335771 0.556309 1.499133 1.499133 1.499134 1.499134
0.333908 0.600193 0.666334 0.451683 0.333234 0.563609 1.532713 1.532713 1.532714 1.532714
0.296120 0.561275 0.596005 0.407723 0.299415 0.509363 1.438121 1.438121 1.438122 1.438122
0.319854 0.595559 0.650237 0.443025 0.276835 0.544801 1.591888 1.591888 1.591889 1.591889
0.329427 0.607691 0.664463 0.456260 0.280008 0.561616 1.651434 1.651434 1.651435 1.651435
0.336867 0.621415 0.679469 0.466564 0.268832 0.574300 1.678464 1.678464 1.678465 1.678465
0.334283 0.605771 0.672975 0.432449 0.263383 0.563568 1.674650 1.674650 1.674650 1.674650
0.336369 0.609978 0.673875 0.437107 0.262677 0.566024 1.697202 1.697202 1.697202 1.697202
0.324463 0.586515 0.645478 0.411210 0.247786 0.533001 1.659478 1.659478 1.659478 1.659478
0.337488 0.612111 0.667627 0.427885 0.257400 0.550948 1.735527 1.735527 1.735526 1.735526
0.321397 0.570871 0.606765 0.413473 0.248239 0.531622 1.672752 1.672752 1.672752 1.672752
0.313143 0.563705 0.603545 0.407634 0.245666 0.514303 1.686216 1.686216 1.686215 1.686215
0.315502 0.579581 0.607033 0.419994 0.252958 0.529347 1.748728 1.748728 1.748728 1.748728
0.319078 0.588458 0.614839 0.424594 0.255329 0.537116 1.776128 1.776128 1.776128 1.776128
0.282387 0.568892 0.598849 0.407475 0.249293 0.523127 1.738938 1.738938 1.738938 1.738938
0.287889 0.578318 0.606881 0.415496 0.253064 0.531559 1.780549 1.780549 1.780549 1.780549
0.283581 0.565549 0.595007 0.407687 0.248883 0.498861 1.761134 1.761134 1.761134 1.761134
0.287114 0.573085 0.588379 0.410088 0.251641 0.503899 1.791859 1.791859 1.791859 1.791859
0.252030 0.532131 0.547139 0.385776 0.234795 0.467503 1.678682 1.678682 1.678682 1.678682
0.260226 0.547559 0.554041 0.398295 0.221644 0.461014 1.735362 1.735362 1.735363 1.735363
0.269855 0.564369 0.571924 0.411527 0.230093 0.476072 1.799764 1.799764 1.799764 1.799764
0.256595 0.536427 0.542264 0.392208 0.218460 0.448214 1.677005 1.677005 1.677005 1.677005
0.258479 0.552331 0.563599 0.404432 0.226308 0.460323 1.753807 1.753807 1.753807 1.753807
0.260841 0.556643 0.568069 0.408663 0.227699 0.459613 1.771427 1.771427 1.771427 1.771427
