0.879385 0.918435 0.909157 0.885752 0.882713 0.864828 0.842087 0.870915 0.870915 0.870915
0.936636 0.988433 0.980839 0.833259 0.939888 0.927075 0.900664 0.928442 0.928441 0.928441
0.900717 0.987512 0.856859 0.767606 0.928345 0.834868 0.889297 0.891839 0.891838 0.891838
1.008444 1.104722 0.955380 0.856169 1.033038 0.933765 0.991076 0.999521 0.999520 0.999520
0.929399 1.024931 0.885280 0.578792 0.953892 0.864862 0.921790 0.925432 0.925431 0.925431
0.978650 1.070949 0.925599 0.604687 1.001286 0.904046 0.976052 0.960991 0.960990 0.960990
0.992369 1.078833 0.939127 0.600404 0.838899 0.915684 0.991791 0.971779 0.971779 0.971779
0.963434 0.860903 0.865465 0.549782 0.777449 0.877611 0.968211 0.926424 0.926424 0.926424
1.022753 0.793755 0.921926 0.587727 0.837192 0.826177 1.026022 0.997316 0.997315 0.997315
0.940888 0.731502 0.885012 0.558437 0.747246 0.810967 0.948684 0.941487 0.941487 0.941487
1.041688 0.795388 0.977664 0.623760 0.790170 0.892954 0.916741 1.046755 1.046755 1.046755
1.050665 0.790668 0.834735 0.623793 0.791924 0.749996 0.928881 1.052420 1.052419 1.052419
1.036582 0.780561 0.776451 0.588937 0.732989 0.703281 0.925170 1.021699 1.021698 1.021698
1.171062 0.881435 0.876003 0.666043 0.827252 0.793724 1.039214 1.148927 1.148926 1.148926
1.162415 0.876873 0.875149 0.664350 0.823187 0.792337 1.014834 1.150945 1.150944 1.150944
1.138145 0.848776 0.823108 0.659198 0.816632 0.777642 0.999044 1.133003 1.133002 1.133002
1.018908 0.768007 0.555758 0.593902 0.736670 0.704028 0.677007 1.020393 1.020392 1.020392
1.157535 0.878781 0.634275 0.582132 0.831525 0.788278 0.711426 1.164482 1.164481 1.164481
1.219637 0.814900 0.672553 0.613662 0.872689 0.831763 0.746332 1.233897 1.233896 1.233896
1.242157 0.823589 0.688146 0.627826 0.890455 0.847605 0.754947 1.266630 1.266629 1.266629
1.207933 0.771061 0.667911 0.608310 0.858786 0.821226 0.682658 1.207470 1.207469 1.207469
1.102661 0.701884 0.615873 0.559879 0.812793 0.707308 0.635901 1.052164 1.052163 1.052163
1.222638 0.775054 0.685567 0.612205 0.899996 0.569760 0.709571 1.169588 1.169587 1.169587
1.323828 0.841924 0.742257 0.663570 0.975240 0.617205 0.769357 1.267083 1.267082 1.267082
1.235846 0.773846 0.690955 0.614108 0.905021 0.566148 0.707797 1.015744 1.015743 1.015743
1.337048 0.838973 0.752227 0.599401 0.990725 0.524275 0.771808 1.110647 1.110646 1.110646
1.330961 0.814127 0.749108 0.428285 0.984740 0.503994 0.770896 1.099548 1.099548 1.099548
1.388262 0.508816 0.782686 0.447540 1.023328 0.524334 0.800103 1.147503 1.147502 1.147502
1.453837 0.544789 0.839776 0.473163 1.080356 0.553963 0.836419 1.231564 1.231562 1.231562
1.471505 0.552037 0.847097 0.481688 1.090497 0.563019 0.843410 1.252536 1.252535 1.252535
1.479287 0.561136 0.854563 0.481411 1.101841 0.570885 0.853768 1.273625 1.273625 1.273625
1.387409 0.527150 0.745234 0.449903 1.030409 0.415549 0.791906 1.208129 1.208128 1.208128
1.457248 0.553982 0.783286 0.461910 1.086997 0.439954 0.817226 1.252509 1.252507 1.252507
1.316304 0.511873 0.783727 0.453807 1.088515 0.440741 0.817950 1.264434 1.264433 1.264433
1.365139 0.533111 0.812630 0.466300 1.100042 0.459477 0.847338 1.292168 1.292167 1.292167
1.376952 0.538827 0.818950 0.468952 1.101137 0.464374 0.844874 1.302017 1.302016 1.302016
1.140511 0.457677 0.728261 0.426161 1.017119 0.415555 0.757299 1.139754 1.139753 1.139753
1.227616 0.477516 0.773972 0.459743 1.043771 0.453392 0.826029 1.220961 1.220960 1.220960
1.317269 0.510928 0.830230 0.491138 0.937817 0.480068 0.870898 1.311146 1.311145 1.311145
1.275763 0.469149 0.796028 0.433415 0.907880 0.387995 0.824811 1.268131 1.268131 1.268131
1.139003 0.502798 0.846391 0.461758 0.957140 0.412038 0.886542 1.354554 1.354554 1.354554
1.110614 0.482842 0.777056 0.441269 0.937001 0.352991 0.860495 1.284722 1.284721 1.284721
1.105618 0.504174 0.809376 0.464527 0.958170 0.368328 0.821594 1.339680 1.339679 1.339679
1.104246 0.510742 0.815830 0.471694 0.943794 0.365301 0.769303 1.249214 1.249213 1.249213
1.085380 0.499497 0.816056 0.467928 0.932378 0.357315 0.760347 1.145574 1.145574 1.145574
1.174417 0.539653 0.861289 0.513432 0.956781 0.377456 0.798149 1.125767 1.125767 1.125767
1.332691 0.609222 0.975385 0.580927 1.072154 0.427588 0.903073 1.275559 1.275558 1.275558
1.325024 0.602897 0.963377 0.575059 1.065146 0.421276 0.898157 1.252476 1.252475 1.252475
1.262003 0.574129 0.920704 0.552293 1.021056 0.310024 0.858206 1.201312 1.201312 1.201312
1.351781 0.616524 0.984244 0.585081 1.095050 0.331167 0.921392 1.284842 1.284841 1.284841
1.162231 0.595148 0.952154 0.564681 0.895802 0.318476 0.885471 1.243929 1.243928 1.243928
1.141295 0.603715 0.957938 0.572149 0.896332 0.285843 0.896519 1.259770 1.259769 1.259769
1.216582 0.648566 1.021618 0.610983 0.964572 0.306728 0.959449 1.346396 1.346394 1.346394
1.134856 0.464576 0.950460 0.568545 0.904914 0.290338 0.910409 1.275495 1.275494 1.275494
1.192973 0.489325 1.009611 0.598438 0.964940 0.308125 0.972530 1.353349 1.353347 1.353347
1.043846 0.425530 0.867656 0.511633 0.824701 0.263268 0.840618 1.175018 1.175017 1.175017
1.170070 0.476354 0.958461 0.575667 0.905310 0.265775 0.800649 1.314025 1.314024 1.314024
1.193798 0.485391 0.973789 0.587991 0.912595 0.221238 0.818878 1.337107 1.337107 1.337107
1.243138 0.503452 1.011348 0.606861 0.948098 0.227791 0.851979 1.381499 1.381498 1.381498
1.130501 0.491543 0.878033 0.555349 0.904238 0.222203 0.832512 1.356154 1.356154 1.356154
