0.959184 0.960275 0.955930 0.964741 0.956563 0.963160 0.955589 0.963806 0.963806 0.963806
0.951292 0.956406 0.947863 0.947972 0.924442 0.960218 0.946656 0.941897 0.941897 0.941897
0.935155 0.563345 0.933365 0.933593 0.905391 0.941491 0.925987 0.926416 0.926416 0.926416
1.020070 0.616493 1.018049 1.019437 0.988370 1.027465 1.011463 1.011093 1.011093 1.011093
0.972583 0.592026 0.975120 0.838618 0.936309 0.965504 0.892040 0.968398 0.968398 0.968398
1.021083 0.547019 1.030255 0.880865 0.979132 1.015107 0.932447 1.022440 1.022440 1.022440
0.917747 0.489192 0.942345 0.799048 0.884509 0.907941 0.842722 0.857373 0.857373 0.857373
1.032626 0.529922 1.058284 0.895803 0.987027 1.017843 0.881708 0.945693 0.945693 0.945693
0.998535 0.421195 0.971400 0.817016 0.911091 0.971647 0.857325 0.897973 0.897973 0.897973
1.078780 0.446906 1.047149 0.890520 0.940132 1.044009 0.808426 0.974236 0.974236 0.974236
1.054977 0.454051 0.930278 0.834248 0.944310 0.956093 0.811740 0.951674 0.951674 0.951674
1.124007 0.484020 0.991831 0.868822 1.010486 1.026791 0.849734 1.000812 1.000812 1.000812
1.081106 0.458365 0.951260 0.828428 0.966148 0.970395 0.805435 0.826605 0.826605 0.826605
1.235163 0.520980 1.084615 0.943718 1.090028 1.106769 0.917525 0.942973 0.942973 0.942973
1.145955 0.499305 1.030965 0.903412 1.030463 0.938525 0.877690 0.902262 0.902262 0.902262
1.187036 0.511307 1.025837 0.948341 1.081484 0.974486 0.914093 0.939656 0.939656 0.939656
1.143814 0.427914 0.991899 0.920222 1.057101 0.832702 0.879266 0.918194 0.918194 0.918194
1.175056 0.433260 0.862587 0.937330 1.079086 0.712354 0.907424 0.940275 0.940275 0.940275
1.162775 0.429001 0.804759 0.887602 1.001767 0.669982 0.906502 0.915559 0.915559 0.915559
1.300846 0.481010 0.906133 0.997843 1.123510 0.753794 0.997719 1.033708 1.033707 1.033707
1.219369 0.444055 0.799731 0.916690 1.057334 0.620798 0.930954 0.942500 0.942500 0.942500
1.292828 0.470183 0.835605 0.975587 1.097851 0.592783 0.838691 0.996944 0.996943 0.996943
1.252188 0.475625 0.836738 0.951760 1.067364 0.564644 0.777872 0.956304 0.956303 0.956303
1.409244 0.534846 0.937799 1.067092 1.193913 0.634817 0.871409 1.077345 1.077345 1.077345
1.378696 0.520816 0.911417 1.039395 1.167111 0.615428 0.852784 1.040906 1.040905 1.040905
1.341007 0.517929 0.908262 1.020653 1.144412 0.603904 0.828009 1.037606 1.037605 1.037605
1.293893 0.497678 0.879794 0.971164 1.102692 0.423314 0.803994 1.003675 1.003674 1.003674
1.132483 0.446694 0.826729 0.932588 1.076310 0.400291 0.761519 0.928411 0.928410 0.928410
1.136896 0.503487 0.933835 1.050946 1.028059 0.449478 0.854502 1.049515 1.049514 1.049514
1.058991 0.474018 0.656044 0.985175 0.964937 0.423402 0.602498 0.983465 0.983464 0.983464
1.191601 0.505695 0.730812 1.010083 1.085306 0.397576 0.662957 1.105135 1.105134 1.105134
1.163206 0.529989 0.681068 0.992219 1.111108 0.416300 0.695379 1.164524 1.164523 1.164523
1.063898 0.485593 0.650010 0.937309 0.985986 0.406268 0.639238 1.092965 1.092965 1.092965
1.196416 0.542494 0.731406 1.032124 0.916134 0.456356 0.720355 1.225720 1.225719 1.225719
1.189400 0.525734 0.727415 0.736503 0.909401 0.438125 0.718556 1.211874 1.211873 1.211873
1.173740 0.544182 0.751073 0.768571 0.921849 0.453180 0.680098 1.252712 1.252711 1.252711
1.238638 0.572633 0.792348 0.807481 0.814578 0.471911 0.705187 1.323003 1.323002 1.323002
1.237193 0.577931 0.801633 0.712363 0.813375 0.474401 0.707312 1.322637 1.322636 1.322636
1.285831 0.607340 0.836070 0.736050 0.849652 0.497310 0.740232 1.390427 1.390426 1.390426
1.287433 0.612847 0.837513 0.738287 0.858824 0.501245 0.744094 1.395813 1.395812 1.395812
1.112117 0.541528 0.801380 0.693652 0.822457 0.480208 0.712221 1.347552 1.347552 1.347552
1.152441 0.562314 0.829716 0.716690 0.845807 0.498609 0.729586 1.394984 1.394984 1.394984
1.088268 0.514709 0.773610 0.678310 0.761482 0.477265 0.698167 1.311036 1.311036 1.311036
1.100409 0.527887 0.789459 0.697326 0.759367 0.479217 0.661847 1.237679 1.237680 1.237680
1.215590 0.578674 0.876133 0.773807 0.840410 0.529680 0.726154 1.378054 1.378054 1.378054
1.183420 0.559030 0.846914 0.747425 0.815599 0.511899 0.710880 1.323024 1.323025 1.323025
1.151567 0.547616 0.828597 0.533496 0.795170 0.500603 0.698106 1.293362 1.293362 1.293362
1.235709 0.585303 0.886783 0.567399 0.851282 0.531139 0.748461 1.377028 1.377028 1.377028
1.188845 0.563015 0.856079 0.550449 0.824302 0.394829 0.722406 1.334142 1.334142 1.334142
1.200666 0.569807 0.870017 0.501539 0.842355 0.341313 0.735353 1.361783 1.361783 1.361783
1.189027 0.563428 0.840400 0.503661 0.791124 0.329987 0.706476 1.224792 1.224792 1.224792
1.097701 0.624394 0.923987 0.554863 0.862440 0.362365 0.785199 1.352794 1.352794 1.352794
1.075462 0.612750 0.841731 0.541686 0.842518 0.275537 0.760803 1.340487 1.340486 1.340486
1.112498 0.633039 0.867060 0.560960 0.861083 0.232547 0.788924 1.382964 1.382963 1.382963
1.014346 0.573646 0.776468 0.499749 0.766871 0.207044 0.710578 1.251200 1.251200 1.251200
1.191288 0.675412 0.910105 0.580475 0.901761 0.242493 0.836468 1.467254 1.467254 1.467254
1.163950 0.661207 0.898544 0.567891 0.893742 0.239194 0.830507 1.446984 1.446983 1.446983
1.021735 0.578787 0.796741 0.502619 0.813415 0.198107 0.743935 1.212484 1.212483 1.212483
1.198602 0.678676 0.933402 0.590245 0.953264 0.232167 0.867718 1.415813 1.415812 1.415812
1.126486 0.489797 0.874915 0.553376 0.901026 0.221414 0.829555 1.351337 1.351337 1.351337
