0.925650 0.912296 0.783572 0.917791 0.919779 0.770815 0.929895 0.922708 0.922708 0.922708
0.953556 0.891026 0.799121 0.861486 0.947103 0.662639 0.936751 0.949251 0.949251 0.949251
1.044951 0.978891 0.873976 0.933681 1.039168 0.724157 1.028919 1.038674 1.038673 1.038673
1.027033 0.846741 0.864451 0.918118 1.017332 0.712763 1.006875 1.026639 1.026638 1.026638
1.027846 0.841849 0.865646 0.899723 0.841225 0.712521 1.009767 1.024623 1.024622 1.024622
1.028597 0.844232 0.871714 0.812300 0.851807 0.610326 1.018488 1.036311 1.036311 1.036311
1.083122 0.890962 0.923851 0.859532 0.899193 0.646328 1.055108 1.101294 1.101294 1.101294
0.942019 0.770138 0.789172 0.730429 0.763881 0.548909 0.906502 0.950418 0.950417 0.950417
1.037870 0.845012 0.872886 0.793611 0.840453 0.439350 1.005084 1.049763 1.049762 1.049762
1.052785 0.858565 0.823286 0.802149 0.850059 0.345883 1.008279 1.076980 1.076979 1.076979
1.142158 0.938726 0.893605 0.871803 0.931017 0.377744 1.098212 1.171473 1.171472 1.171472
1.086526 0.891858 0.846507 0.830257 0.875051 0.293183 1.047270 1.111450 1.111449 1.111449
1.110747 0.904732 0.859257 0.842113 0.891748 0.297531 1.076588 1.120508 1.120507 1.120507
1.134878 0.921752 0.877644 0.856604 0.762917 0.299974 1.080795 1.145741 1.145740 1.145740
1.063206 0.905765 0.860286 0.848621 0.734185 0.294564 0.971132 1.124357 1.124356 1.124356
1.049410 0.923517 0.869952 0.864254 0.738388 0.265738 0.988293 1.144517 1.144515 1.144515
1.056139 0.713713 0.873207 0.867669 0.747367 0.271382 1.011759 1.169782 1.169781 1.169781
1.065447 0.724811 0.885690 0.642064 0.755401 0.275138 1.030060 1.185544 1.185543 1.185543
1.150496 0.776674 0.960822 0.696459 0.817217 0.297271 1.104726 1.290316 1.290315 1.290315
1.139834 0.766430 0.949394 0.683884 0.807756 0.291204 1.093532 1.268377 1.268375 1.268375
1.063005 0.742582 0.804331 0.610966 0.773730 0.254318 1.047108 1.181561 1.181559 1.181559
1.056546 0.738533 0.753727 0.581111 0.721467 0.240248 1.050670 1.155589 1.155587 1.155587
1.177162 0.823780 0.836924 0.651202 0.801634 0.268785 1.166228 1.293716 1.293714 1.293714
1.192042 0.833824 0.846362 0.660128 0.810953 0.271909 1.174210 1.304029 1.304027 1.304027
1.052271 0.732362 0.760320 0.588120 0.719500 0.238861 1.042270 1.073974 1.073973 1.073973
1.143685 0.783706 0.824019 0.633679 0.777363 0.255089 1.116367 1.002349 1.002348 1.002348
1.238174 0.854563 0.896199 0.591904 0.836184 0.272180 1.117942 1.090084 1.090082 1.090082
1.164695 0.812475 0.635809 0.560329 0.792577 0.258917 0.796014 1.031548 1.031546 1.031546
1.199778 0.939696 0.736942 0.647938 0.776822 0.298327 0.916543 1.196568 1.196566 1.196566
1.257150 0.986651 0.771511 0.676926 0.807789 0.313213 0.949364 1.252505 1.252503 1.252503
1.191166 0.920709 0.688288 0.628605 0.768439 0.260743 0.895423 1.154354 1.154352 1.154352
1.144363 0.904810 0.732459 0.656841 0.818435 0.277817 0.953195 1.239434 1.239432 1.239432
1.074839 0.912408 0.656783 0.620818 0.806198 0.279898 0.961991 1.256636 1.256635 1.256635
1.142462 0.980611 0.700552 0.656028 0.861280 0.300077 1.029627 1.351043 1.351042 1.351042
1.097134 0.951528 0.681436 0.556438 0.826851 0.290031 0.992914 1.298596 1.298595 1.298595
1.065551 0.937339 0.667927 0.549440 0.791982 0.279714 0.904078 1.177508 1.177507 1.177507
0.966007 1.020071 0.721145 0.594404 0.847839 0.301632 0.986739 1.277165 1.277164 1.277164
0.936826 0.813130 0.663861 0.543699 0.784883 0.288777 0.962235 1.216239 1.216238 1.216238
0.854761 0.760807 0.650297 0.544262 0.798621 0.284662 0.950083 1.172785 1.172784 1.172784
0.994257 0.887843 0.756373 0.633750 0.929676 0.331274 1.106660 1.364932 1.364931 1.364931
0.859129 0.765021 0.660191 0.552139 0.832890 0.270081 0.975801 1.125846 1.125846 1.125846
0.977345 0.870754 0.751550 0.613971 0.951627 0.309698 1.090663 1.264174 1.264173 1.264173
0.996725 0.891781 0.766290 0.620367 0.945690 0.317487 1.111035 1.270389 1.270388 1.270388
1.002429 0.898643 0.778756 0.624727 0.964783 0.322357 1.135488 1.289601 1.289600 1.289600
1.033705 0.925928 0.799738 0.641787 0.988818 0.332076 1.165527 1.331193 1.331192 1.331192
0.944679 0.844901 0.712892 0.594761 0.857006 0.296278 1.033336 1.104875 1.104874 1.104874
1.072081 0.953901 0.807398 0.673003 0.960428 0.335657 1.169276 1.251992 1.251991 1.251991
1.042057 0.916615 0.753859 0.662924 0.945846 0.327034 1.142706 1.223505 1.223504 1.223504
1.027910 0.902974 0.732833 0.656395 0.913713 0.290534 0.957781 1.204073 1.204073 1.204073
1.027371 0.783845 0.734979 0.660654 0.926374 0.257508 0.955600 1.220390 1.220390 1.220390
1.040004 0.793356 0.746569 0.674375 0.943840 0.201414 0.970480 1.244104 1.244104 1.244104
1.056295 0.482815 0.759551 0.686190 0.955071 0.204041 0.980800 1.264272 1.264271 1.264271
1.145783 0.521280 0.818464 0.741069 1.035166 0.219321 1.064223 1.354353 1.354352 1.354352
1.072661 0.473039 0.756546 0.695341 0.923934 0.208124 1.009621 1.261885 1.261884 1.261884
1.123158 0.486450 0.790413 0.734547 0.924010 0.216734 0.922703 1.326872 1.326871 1.326871
1.016472 0.441017 0.746440 0.686603 0.811339 0.209288 0.839294 1.232248 1.232247 1.232247
1.133304 0.473389 0.830649 0.762739 0.897139 0.232487 0.870133 1.346818 1.346818 1.346818
1.144196 0.488648 0.859217 0.777437 0.913107 0.236799 0.876947 1.393547 1.393547 1.393547
1.064285 0.474703 0.826266 0.728376 0.852549 0.216615 0.781103 1.283736 1.283735 1.283735
1.105349 0.480607 0.858498 0.542992 0.884119 0.217259 0.813989 1.325981 1.325980 1.325980
