0.993223 0.993223 0.993223 0.993223 0.993223 0.993223 0.989834 0.989834 0.989834 0.989834
0.977880 0.977880 0.977880 0.977880 0.977880 0.977880 0.962845 0.962845 0.962845 0.962845
0.998195 0.998195 0.998195 0.998195 0.998195 0.998195 0.978920 0.978920 0.978920 0.978920
0.994501 0.994501 0.994501 0.994501 0.994501 0.994501 0.968800 0.968800 0.968800 0.968800
0.996398 0.996398 0.996398 0.996398 0.996398 0.996398 0.963827 0.963827 0.963827 0.963827
1.004555 1.004555 1.004555 1.004555 1.004555 1.004555 0.967530 0.967530 0.967530 0.967530
1.009442 1.009442 1.009442 1.009442 1.009442 1.009442 0.969589 0.969589 0.969589 0.969589
1.012233 1.012233 1.012233 1.012233 1.012233 1.012233 0.970448 0.970448 0.970449 0.970449
1.014633 1.014633 1.014633 1.014633 1.014633 1.014633 0.971721 0.971721 0.971722 0.971722
1.007219 1.007219 1.007219 1.007219 1.007219 1.007219 0.959862 0.959862 0.959863 0.959863
1.017750 1.017750 1.017750 1.017750 1.017750 1.017750 0.969225 0.969225 0.969227 0.969227
0.996276 0.996276 0.996276 0.996276 0.996276 0.996276 0.937810 0.937810 0.937812 0.937812
1.021240 1.021240 1.021240 1.021240 1.021240 1.021240 0.960003 0.960003 0.960005 0.960005
1.018899 1.018899 1.018899 1.018899 1.018899 1.018899 0.955153 0.955153 0.955156 0.955156
1.023160 1.023160 1.023160 1.023160 1.023160 1.023160 0.957981 0.957981 0.957984 0.957984
1.017183 1.017183 1.017183 1.017183 1.017183 1.017183 0.948221 0.948221 0.948224 0.948224
1.016506 1.016506 1.016506 1.016506 1.016506 1.016506 0.942336 0.942336 0.942339 0.942339
1.024687 1.024687 1.024687 1.024687 1.024687 1.024687 0.947451 0.947451 0.947454 0.947454
1.028443 1.028443 1.028443 1.028443 1.028443 1.028443 0.949713 0.949713 0.949716 0.949716
1.024266 1.024266 1.024266 1.024266 1.024266 1.024266 0.942507 0.942507 0.942510 0.942510
1.031842 1.031842 1.031842 1.031842 1.031842 1.031842 0.948959 0.948959 0.948962 0.948962
0.951859 0.951859 0.951859 0.951859 0.951859 0.951859 0.838405 0.838405 0.838407 0.838407
1.039030 1.039030 1.039030 1.039030 1.039030 1.039030 0.910401 0.910401 0.910403 0.910403
1.037021 1.037021 1.037021 1.037021 1.037021 1.037021 0.902138 0.902138 0.902140 0.902140
1.044601 1.044601 1.044601 1.044601 1.044601 1.044601 0.904334 0.904334 0.904336 0.904336
1.050728 1.050728 1.050728 1.050728 1.050728 1.050728 0.907070 0.907070 0.907073 0.907073
1.047145 1.047145 1.047145 1.047145 1.047145 1.047145 0.899435 0.899435 0.899437 0.899437
1.039870 1.039870 1.039870 1.039870 1.039870 1.039870 0.884783 0.884783 0.884784 0.884784
1.057937 1.057937 1.057937 1.057937 1.057937 1.057937 0.897859 0.897859 0.897860 0.897860
1.059045 1.059045 1.059045 1.059045 1.059045 1.059045 0.896559 0.896559 0.896561 0.896561
1.052850 1.052850 1.052850 1.052850 1.052850 1.052850 0.886113 0.886113 0.886114 0.886114
1.052461 1.052461 1.052461 1.052461 1.052461 1.052461 0.879532 0.879532 0.879533 0.879533
1.050663 1.050663 1.050663 1.050663 1.050663 1.050663 0.869977 0.869977 0.869979 0.869979
1.050944 1.050944 1.050944 1.050944 1.050944 1.050944 0.860928 0.860928 0.860930 0.860930
1.044204 1.044204 1.044204 1.044204 1.044204 1.044204 0.841909 0.841909 0.841910 0.841910
1.079557 1.079557 1.079557 1.079557 1.079557 1.079557 0.868665 0.868665 0.868667 0.868667
1.080888 1.080888 1.080888 1.080888 1.080888 1.080888 0.868216 0.868216 0.868217 0.868217
1.077875 1.077875 1.077875 1.077875 1.077875 1.077875 0.862839 0.862839 0.862841 0.862841
1.084974 1.084974 1.084974 1.084974 1.084974 1.084974 0.867842 0.867842 0.867843 0.867843
1.078655 1.078655 1.078655 1.078655 1.078655 1.078655 0.859529 0.859529 0.859530 0.859530
1.084002 1.084002 1.084002 1.084002 1.084002 1.084002 0.862065 0.862065 0.862066 0.862066
1.082752 1.082752 1.082752 1.082752 1.082752 1.082752 0.858574 0.858574 0.858575 0.858575
1.089016 1.089016 1.089016 1.089016 1.089016 1.089016 0.863047 0.863047 0.863048 0.863048
1.084396 1.084396 1.084396 1.084396 1.084396 1.084396 0.857027 0.857027 0.857028 0.857028
1.070551 1.070551 1.070551 1.070551 1.070551 1.070551 0.838014 0.838014 0.838016 0.838016
1.088603 1.088603 1.088603 1.088603 1.088603 1.088603 0.849654 0.849654 0.849655 0.849655
1.092559 1.092559 1.092559 1.092559 1.092559 1.092559 0.851341 0.851341 0.851342 0.851342
1.079485 1.079485 1.079485 1.079485 1.079485 1.079485 0.834576 0.834576 0.834578 0.834578
1.080767 1.080767 1.080767 1.080767 1.080767 1.080767 0.828425 0.828425 0.828427 0.828427
1.100510 1.100510 1.100510 1.100510 1.100510 1.100510 0.842627 0.842627 0.842629 0.842629
1.101420 1.101420 1.101420 1.101420 1.101420 1.101420 0.842580 0.842580 0.842582 0.842582
1.097611 1.097611 1.097611 1.097611 1.097611 1.097611 0.837387 0.837387 0.837389 0.837389
1.102410 1.102410 1.102410 1.102410 1.102410 1.102410 0.840176 0.840176 0.840178 0.840178
1.092624 1.092624 1.092624 1.092624 1.092624 1.092624 0.828091 0.828091 0.828093 0.828093
1.095930 1.095930 1.095930 1.095930 1.095930 1.095930 0.826451 0.826451 0.826453 0.826453
1.100592 1.100592 1.100592 1.100592 1.100592 1.100592 0.826866 0.826866 0.826868 0.826868
1.110472 1.110472 1.110472 1.110472 1.110472 1.110472 0.834289 0.834289 0.834291 0.834291
1.102019 1.102019 1.102019 1.102019 1.102019 1.102019 0.824865 0.824865 0.824866 0.824866
1.100135 1.100135 1.100135 1.100135 1.100135 1.100135 0.819215 0.819215 0.819217 0.819217
1.092405 1.092405 1.092405 1.092405 1.092405 1.092405 0.805776 0.805776 0.805778 0.805778
1.100950 1.100950 1.100950 1.100950 1.100950 1.100950 0.806272 0.806272 0.806274 0.806274
1.075422 1.075422 1.075422 1.075422 1.075422 1.075422 0.771882 0.771882 0.771884 0.771884
1.127269 1.127269 1.127269 1.127269 1.127269 1.127269 0.809095 0.809095 0.809097 0.809097
1.111976 1.111976 1.111976 1.111976 1.111976 1.111976 0.792835 0.792835 0.792836 0.792836
1.019284 1.019284 1.019284 1.019284 1.019284 1.019284 0.689040 0.689040 0.689042 0.689042
1.140935 1.140935 1.140935 1.140935 1.140935 1.140935 0.768703 0.768703 0.768704 0.768704
1.138997 1.138997 1.138997 1.138997 1.138997 1.138997 0.763823 0.763823 0.763825 0.763825
1.125937 1.125937 1.125937 1.125937 1.125937 1.125937 0.746797 0.746797 0.746799 0.746799
1.136645 1.136645 1.136645 1.136645 1.136645 1.136645 0.747879 0.747879 0.747882 0.747882
1.146083 1.146083 1.146083 1.146083 1.146083 1.146083 0.750194 0.750194 0.750196 0.750196
1.158752 1.158752 1.158752 1.158752 1.158752 1.158752 0.757996 0.757996 0.757999 0.757999
1.150331 1.150331 1.150331 1.150331 1.150331 1.150331 0.749300 0.749300 0.749303 0.749303
1.130812 1.130812 1.130812 1.130812 1.130812 1.130812 0.726899 0.726899 0.726901 0.726901
1.097501 1.097501 1.097501 1.097501 1.097501 1.097501 0.684380 0.684380 0.684383 0.684383
0.967532 0.967532 0.967532 0.967532 0.967532 0.967532 0.542033 0.542033 0.542035 0.542035
1.191884 1.191884 1.191884 1.191884 1.191884 1.191884 0.662047 0.662047 0.662049 0.662049
1.196814 1.196814 1.196814 1.196814 1.196814 1.196814 0.659717 0.659717 0.659719 0.659719
1.218464 1.218464 1.218464 1.218464 1.218464 1.218464 0.671568 0.671568 0.671571 0.671571
1.203389 1.203389 1.203389 1.203389 1.203389 1.203389 0.659272 0.659272 0.659274 0.659274
1.205948 1.205948 1.205948 1.205948 1.205948 1.205948 0.656863 0.656863 0.656865 0.656865
1.220568 1.220568 1.220568 1.220568 1.220568 1.220568 0.664287 0.664287 0.664289 0.664289
1.213316 1.213316 1.213316 1.213316 1.213316 1.213316 0.657885 0.657885 0.657888 0.657888
1.214254 1.214254 1.214254 1.214254 1.214254 1.214254 0.655880 0.655880 0.655882 0.655882
1.191337 1.191337 1.191337 1.191337 1.191337 1.191337 0.634902 0.634902 0.634904 0.634904
1.206073 1.206073 1.206073 1.206073 1.206073 1.206073 0.636861 0.636861 0.636864 0.636864
1.172368 1.172368 1.172368 1.172368 1.172368 1.172368 0.604227 0.604227 0.604229 0.604229
1.212776 1.212776 1.212776 1.212776 1.212776 1.212776 0.618412 0.618412 0.618414 0.618414
1.201038 1.201038 1.201038 1.201038 1.201038 1.201038 0.602286 0.602286 0.602288 0.602288
1.237097 1.237097 1.237097 1.237097 1.237097 1.237097 0.617575 0.617575 0.617577 0.617577
1.247562 1.247562 1.247562 1.247562 1.247562 1.247562 0.622119 0.622119 0.622122 0.622122
1.231987 1.231987 1.231987 1.231987 1.231987 1.231987 0.609988 0.609988 0.609990 0.609990
1.218205 1.218205 1.218205 1.218205 1.218205 1.218205 0.595163 0.595163 0.595166 0.595166
1.233409 1.233409 1.233409 1.233409 1.233409 1.233409 0.597206 0.597206 0.597209 0.597209
1.258884 1.258884 1.258884 1.258884 1.258884 1.258884 0.609300 0.609300 0.609302 0.609302
1.259230 1.259230 1.259230 1.259230 1.259230 1.259230 0.609277 0.609277 0.609278 0.609278
1.260176 1.260176 1.260176 1.260176 1.260176 1.260176 0.609735 0.609735 0.609737 0.609737
1.248025 1.248025 1.248025 1.248025 1.248025 1.248025 0.601130 0.601130 0.601132 0.601132
1.224042 1.224042 1.224042 1.224042 1.224042 1.224042 0.581220 0.581220 0.581222 0.581222
1.265927 1.265927 1.265927 1.265927 1.265927 1.265927 0.601108 0.601108 0.601111 0.601111
1.258783 1.258783 1.258783 1.258783 1.258783 1.258783 0.596146 0.596146 0.596148 0.596148
