0.994501 0.994501 0.994501 0.994501 0.994501 0.994501 0.991752 0.991752 0.991752 0.991752
0.985367 0.985367 0.985367 0.985367 0.985367 0.985367 0.974797 0.974797 0.974798 0.974798
1.004309 1.004309 1.004309 1.004309 1.004309 1.004309 0.993536 0.993536 0.993536 0.993536
0.978133 0.978133 0.978133 0.978133 0.978133 0.978133 0.954710 0.954710 0.954710 0.954710
0.994079 0.994079 0.994079 0.994079 0.994079 0.994079 0.962687 0.962687 0.962687 0.962687
1.005301 1.005301 1.005301 1.005301 1.005301 1.005301 0.969941 0.969941 0.969942 0.969942
0.993075 0.993075 0.993075 0.993075 0.993075 0.993075 0.947965 0.947965 0.947966 0.947966
1.009346 1.009346 1.009346 1.009346 1.009346 1.009346 0.959148 0.959148 0.959150 0.959150
1.014755 1.014755 1.014755 1.014755 1.014755 1.014755 0.961671 0.961671 0.961673 0.961673
1.016276 1.016276 1.016276 1.016276 1.016276 1.016276 0.960713 0.960713 0.960715 0.960715
1.015377 1.015377 1.015377 1.015377 1.015377 1.015377 0.956586 0.956586 0.956588 0.956588
1.023709 1.023709 1.023709 1.023709 1.023709 1.023709 0.964435 0.964435 0.964438 0.964438
0.992165 0.992165 0.992165 0.992165 0.992165 0.992165 0.919967 0.919967 0.919970 0.919970
1.023937 1.023937 1.023937 1.023937 1.023937 1.023937 0.946652 0.946652 0.946654 0.946654
1.011907 1.011907 1.011907 1.011907 1.011907 1.011907 0.926727 0.926727 0.926729 0.926729
1.020352 1.020352 1.020352 1.020352 1.020352 1.020352 0.927895 0.927895 0.927897 0.927897
1.022995 1.022995 1.022995 1.022995 1.022995 1.022995 0.923730 0.923730 0.923732 0.923732
1.036169 1.036169 1.036169 1.036169 1.036169 1.036169 0.933747 0.933747 0.933749 0.933749
0.863066 0.863066 0.863066 0.863066 0.863066 0.863066 0.698732 0.698732 0.698733 0.698733
1.071134 1.071134 1.071134 1.071134 1.071134 1.071134 0.862717 0.862717 0.862718 0.862718
1.075059 1.075059 1.075059 1.075059 1.075059 1.075059 0.862210 0.862210 0.862212 0.862212
1.080349 1.080349 1.080349 1.080349 1.080349 1.080349 0.864242 0.864242 0.864243 0.864243
1.074104 1.074104 1.074104 1.074104 1.074104 1.074104 0.854232 0.854232 0.854233 0.854233
1.060520 1.060520 1.060520 1.060520 1.060520 1.060520 0.832337 0.832337 0.832338 0.832338
1.063144 1.063144 1.063144 1.063144 1.063144 1.063144 0.822568 0.822568 0.822568 0.822568
1.098229 1.098229 1.098229 1.098229 1.098229 1.098229 0.849227 0.849227 0.849228 0.849228
1.097270 1.097270 1.097270 1.097270 1.097270 1.097270 0.847559 0.847559 0.847560 0.847560
1.089281 1.089281 1.089281 1.089281 1.089281 1.089281 0.837315 0.837315 0.837316 0.837316
1.085944 1.085944 1.085944 1.085944 1.085944 1.085944 0.828781 0.828781 0.828782 0.828782
1.098465 1.098465 1.098465 1.098465 1.098465 1.098465 0.836054 0.836054 0.836055 0.836055
1.101917 1.101917 1.101917 1.101917 1.101917 1.101917 0.837304 0.837304 0.837305 0.837305
1.100296 1.100296 1.100296 1.100296 1.100296 1.100296 0.833876 0.833876 0.833878 0.833878
1.070603 1.070603 1.070603 1.070603 1.070603 1.070603 0.797939 0.797939 0.797940 0.797940
1.092692 1.092692 1.092692 1.092692 1.092692 1.092692 0.806934 0.806934 0.806935 0.806935
1.105534 1.105534 1.105534 1.105534 1.105534 1.105534 0.812390 0.812390 0.812392 0.812392
1.116251 1.116251 1.116251 1.116251 1.116251 1.116251 0.819415 0.819415 0.819417 0.819417
1.107176 1.107176 1.107176 1.107176 1.107176 1.107176 0.808555 0.808555 0.808557 0.808557
1.096033 1.096033 1.096033 1.096033 1.096033 1.096033 0.791652 0.791652 0.791654 0.791654
1.080221 1.080221 1.080221 1.080221 1.080221 1.080221 0.764683 0.764683 0.764685 0.764685
1.124493 1.124493 1.124493 1.124493 1.124493 1.124493 0.793366 0.793366 0.793368 0.793368
1.041585 1.041585 1.041585 1.041585 1.041585 1.041585 0.703815 0.703815 0.703817 0.703817
1.121923 1.121923 1.121923 1.121923 1.121923 1.121923 0.749338 0.749338 0.749341 0.749341
1.141263 1.141263 1.141263 1.141263 1.141263 1.141263 0.758451 0.758451 0.758454 0.758454
1.148179 1.148179 1.148179 1.148179 1.148179 1.148179 0.760894 0.760894 0.760896 0.760896
1.134713 1.134713 1.134713 1.134713 1.134713 1.134713 0.745250 0.745250 0.745253 0.745253
1.156463 1.156463 1.156463 1.156463 1.156463 1.156463 0.758697 0.758697 0.758700 0.758700
1.131036 1.131036 1.131036 1.131036 1.131036 1.131036 0.733108 0.733108 0.733111 0.733111
1.162090 1.162090 1.162090 1.162090 1.162090 1.162090 0.752715 0.752715 0.752718 0.752718
1.157354 1.157354 1.157354 1.157354 1.157354 1.157354 0.747590 0.747590 0.747593 0.747593
1.158662 1.158662 1.158662 1.158662 1.158662 1.158662 0.746489 0.746489 0.746492 0.746492
1.156723 1.156723 1.156723 1.156723 1.156723 1.156723 0.742426 0.742426 0.742429 0.742429
1.165236 1.165236 1.165236 1.165236 1.165236 1.165236 0.747283 0.747283 0.747286 0.747286
1.162630 1.162630 1.162630 1.162630 1.162630 1.162630 0.744123 0.744123 0.744126 0.744126
1.168205 1.168205 1.168205 1.168205 1.168205 1.168205 0.747691 0.747691 0.747694 0.747694
1.167437 1.167437 1.167437 1.167437 1.167437 1.167437 0.746966 0.746966 0.746968 0.746968
1.168014 1.168014 1.168014 1.168014 1.168014 1.168014 0.747244 0.747244 0.747246 0.747246
1.157718 1.157718 1.157718 1.157718 1.157718 1.157718 0.737419 0.737419 0.737421 0.737421
1.165602 1.165602 1.165602 1.165602 1.165602 1.165602 0.741143 0.741143 0.741145 0.741145
1.163401 1.163401 1.163401 1.163401 1.163401 1.163401 0.737598 0.737598 0.737601 0.737601
1.168519 1.168519 1.168519 1.168519 1.168519 1.168519 0.739942 0.739942 0.739944 0.739944
1.149081 1.149081 1.149081 1.149081 1.149081 1.149081 0.720762 0.720762 0.720764 0.720764
1.175226 1.175226 1.175226 1.175226 1.175226 1.175226 0.737161 0.737161 0.737163 0.737163
1.160528 1.160528 1.160528 1.160528 1.160528 1.160528 0.723565 0.723565 0.723567 0.723567
1.120577 1.120577 1.120577 1.120577 1.120577 1.120577 0.681912 0.681912 0.681914 0.681914
1.171898 1.171898 1.171898 1.171898 1.171898 1.171898 0.709180 0.709180 0.709182 0.709182
1.166599 1.166599 1.166599 1.166599 1.166599 1.166599 0.699975 0.699975 0.699977 0.699977
1.180929 1.180929 1.180929 1.180929 1.180929 1.180929 0.705868 0.705868 0.705870 0.705870
1.180139 1.180139 1.180139 1.180139 1.180139 1.180139 0.702110 0.702110 0.702113 0.702113
1.179502 1.179502 1.179502 1.179502 1.179502 1.179502 0.697841 0.697841 0.697843 0.697843
1.180802 1.180802 1.180802 1.180802 1.180802 1.180802 0.694581 0.694581 0.694583 0.694583
1.185868 1.185868 1.185868 1.185868 1.185868 1.185868 0.694419 0.694419 0.694421 0.694421
1.196719 1.196719 1.196719 1.196719 1.196719 1.196719 0.700224 0.700224 0.700226 0.700226
1.197331 1.197331 1.197331 1.197331 1.197331 1.197331 0.700129 0.700129 0.700131 0.700131
1.196949 1.196949 1.196949 1.196949 1.196949 1.196949 0.699287 0.699287 0.699289 0.699289
1.182768 1.182768 1.182768 1.182768 1.182768 1.182768 0.686399 0.686399 0.686400 0.686400
1.183746 1.183746 1.183746 1.183746 1.183746 1.183746 0.682051 0.682051 0.682052 0.682052
1.194001 1.194001 1.194001 1.194001 1.194001 1.194001 0.685210 0.685210 0.685212 0.685212
1.195981 1.195981 1.195981 1.195981 1.195981 1.195981 0.683783 0.683783 0.683784 0.683784
1.182725 1.182725 1.182725 1.182725 1.182725 1.182725 0.669754 0.669754 0.669755 0.669755
1.196590 1.196590 1.196590 1.196590 1.196590 1.196590 0.674062 0.674062 0.674063 0.674063
1.206828 1.206828 1.206828 1.206828 1.206828 1.206828 0.678555 0.678555 0.678556 0.678556
1.208984 1.208984 1.208984 1.208984 1.208984 1.208984 0.678902 0.678902 0.678903 0.678903
1.209959 1.209959 1.209959 1.209959 1.209959 1.209959 0.678732 0.678732 0.678733 0.678733
1.204284 1.204284 1.204284 1.204284 1.204284 1.204284 0.673243 0.673243 0.673244 0.673244
1.187166 1.187166 1.187166 1.187166 1.187166 1.187166 0.656595 0.656595 0.656596 0.656596
1.198197 1.198197 1.198197 1.198197 1.198197 1.198197 0.657643 0.657643 0.657644 0.657644
1.210590 1.210590 1.210590 1.210590 1.210590 1.210590 0.661975 0.661975 0.661977 0.661977
1.217874 1.217874 1.217874 1.217874 1.217874 1.217874 0.665052 0.665052 0.665054 0.665054
1.210713 1.210713 1.210713 1.210713 1.210713 1.210713 0.658292 0.658292 0.658295 0.658295
1.221832 1.221832 1.221832 1.221832 1.221832 1.221832 0.663975 0.663975 0.663977 0.663977
1.210446 1.210446 1.210446 1.210446 1.210446 1.210446 0.654483 0.654483 0.654485 0.654485
1.224038 1.224038 1.224038 1.224038 1.224038 1.224038 0.661570 0.661570 0.661572 0.661572
1.206874 1.206874 1.206874 1.206874 1.206874 1.206874 0.647658 0.647658 0.647660 0.647660
1.218290 1.218290 1.218290 1.218290 1.218290 1.218290 0.651470 0.651470 0.651472 0.651472
1.194719 1.194719 1.194719 1.194719 1.194719 1.194719 0.630392 0.630392 0.630394 0.630394
1.209195 1.209195 1.209195 1.209195 1.209195 1.209195 0.632179 0.632179 0.632181 0.632181
1.161154 1.161154 1.161154 1.161154 1.161154 1.161154 0.588901 0.588901 0.588903 0.588903
1.119701 1.119701 1.119701 1.119701 1.119701 1.119701 0.538414 0.538414 0.538416 0.538416
1.244290 1.244290 1.244290 1.244290 1.244290 1.244290 0.594363 0.594363 0.594365 0.594365
1.241178 1.241178 1.241178 1.241178 1.241178 1.241178 0.587808 0.587808 0.587811 0.587811
