0.972489 0.974472 0.973640 0.967555 0.973495 0.969688 0.978653 0.978653 0.978653 0.978653
0.746552 0.937279 0.939529 0.930224 0.936079 0.935086 0.944349 0.944349 0.944349 0.944349
0.785680 0.964370 0.986923 0.936271 0.985400 0.984199 0.992658 0.992658 0.992658 0.992658
0.786376 0.966255 0.979597 0.943123 0.992542 0.988782 0.997225 0.997225 0.997225 0.997225
0.801358 0.982571 0.991704 0.961261 1.008472 1.005678 1.015110 1.015110 1.015110 1.015110
0.673538 0.919953 0.932961 0.905390 0.956758 0.857141 0.970868 0.970868 0.970868 0.970868
0.721652 0.986886 1.003348 0.966829 1.022579 0.921045 1.044326 1.044326 1.044327 1.044327
0.699795 0.955638 0.970418 0.934872 0.990646 0.887525 1.013226 1.013226 1.013227 1.013227
0.696834 0.948812 0.963082 0.921928 0.987473 0.872840 1.013127 1.013127 1.013128 1.013128
0.652395 0.912985 0.928022 0.869078 0.961998 0.852344 0.992904 0.992904 0.992905 0.992905
0.645063 0.901427 0.909253 0.872910 0.972252 0.851328 1.014127 1.014127 1.014128 1.014128
0.642506 0.894971 0.894916 0.870703 0.969794 0.846942 0.979524 0.979524 0.979525 0.979525
0.675727 0.954417 0.942163 0.915061 1.022805 0.882758 1.049847 1.049847 1.049848 1.049848
0.669509 0.946810 0.938509 0.907306 1.005211 0.877486 1.031392 1.031392 1.031393 1.031393
0.689369 0.974897 0.966349 0.934220 1.035030 0.831503 1.058305 1.058305 1.058306 1.058306
0.626225 0.885599 0.877834 0.714560 0.922240 0.755340 0.936663 0.936663 0.936664 0.936664
0.683881 0.968207 0.955544 0.784617 1.011447 0.829047 1.017912 1.017912 1.017912 1.017912
0.671630 0.927541 0.880710 0.746925 0.967193 0.795409 0.998894 0.998894 0.998895 0.998895
0.724570 0.997831 0.952186 0.808239 1.043024 0.850010 1.082414 1.082414 1.082414 1.082414
0.707927 0.958167 0.896273 0.784733 1.003701 0.813779 1.060329 1.060329 1.060329 1.060329
0.715645 0.960349 0.911059 0.798229 1.015823 0.828987 1.076959 1.076959 1.076959 1.076959
0.736296 0.988062 0.927842 0.821264 1.034536 0.844258 1.107410 1.107410 1.107410 1.107410
0.745572 1.000508 0.939530 0.831609 1.047568 0.854893 1.115842 1.115842 1.115842 1.115842
0.724991 0.974829 0.916734 0.807174 0.872886 0.830377 1.090816 1.090816 1.090817 1.090817
0.749125 0.999865 0.946338 0.831390 0.899370 0.849649 1.122937 1.122937 1.122937 1.122937
0.732445 0.972683 0.928019 0.815719 0.878568 0.823847 1.100609 1.100609 1.100609 1.100609
0.731831 0.964193 0.921339 0.813630 0.870291 0.815379 1.085204 1.085204 1.085205 1.085205
0.741770 0.985485 0.935561 0.827100 0.888773 0.832601 1.103593 1.103593 1.103594 1.103594
0.707264 0.948710 0.893779 0.781540 0.847429 0.759191 1.064105 1.064105 1.064106 1.064106
0.725715 0.975742 0.910343 0.783253 0.871196 0.783326 1.102688 1.102688 1.102689 1.102689
0.746114 1.002181 0.935605 0.775902 0.880644 0.803017 1.137114 1.137114 1.137115 1.137115
0.765381 1.028060 0.959765 0.795938 0.903385 0.823754 1.162964 1.162964 1.162965 1.162965
0.706812 0.967250 0.897757 0.729085 0.827038 0.757979 1.081156 1.081156 1.081157 1.081157
0.688175 0.941994 0.894146 0.719827 0.820784 0.743094 1.081118 1.081118 1.081119 1.081119
0.750866 1.027808 0.975601 0.785402 0.895555 0.810789 1.177421 1.177421 1.177422 1.177422
0.736856 1.004616 0.955959 0.771406 0.879348 0.792756 1.158235 1.158235 1.158236 1.158236
0.733299 0.997433 0.937925 0.769599 0.872042 0.786779 1.154274 1.154274 1.154274 1.154274
0.683749 0.933743 0.846116 0.728682 0.810007 0.724998 1.085644 1.085644 1.085645 1.085645
0.688242 0.874674 0.856740 0.719705 0.803828 0.735641 1.105661 1.105661 1.105662 1.105662
0.702970 0.898945 0.876920 0.733159 0.831860 0.762159 1.131272 1.131272 1.131272 1.131272
0.726158 0.924084 0.904235 0.752884 0.860027 0.785515 1.162972 1.162972 1.162972 1.162972
0.693900 0.882970 0.864066 0.645359 0.821823 0.723483 1.109650 1.109650 1.109651 1.109651
0.711139 0.868344 0.817556 0.635592 0.844022 0.720612 1.131605 1.131605 1.131605 1.131605
0.740985 0.895137 0.858297 0.651134 0.882518 0.754658 1.184788 1.184788 1.184788 1.184788
0.709348 0.846245 0.826539 0.607014 0.831655 0.716948 1.157388 1.157388 1.157388 1.157388
0.745954 0.893507 0.867255 0.633303 0.864438 0.752875 1.215996 1.215996 1.215997 1.215997
0.688336 0.892744 0.868987 0.634612 0.867192 0.744272 1.218660 1.218660 1.218661 1.218661
0.701444 0.906809 0.863637 0.634104 0.883114 0.759366 1.242339 1.242339 1.242341 1.242341
0.696246 0.900137 0.856796 0.629501 0.876704 0.754040 1.210434 1.210434 1.210435 1.210435
0.709302 0.921133 0.876333 0.636705 0.892914 0.770947 1.238068 1.238068 1.238070 1.238070
0.690548 0.870674 0.828050 0.601471 0.814322 0.740544 1.190232 1.190232 1.190234 1.190234
0.652378 0.846524 0.788077 0.580709 0.461384 0.682324 1.164195 1.164195 1.164196 1.164196
0.726121 0.938910 0.874521 0.648559 0.510912 0.757640 1.296653 1.296653 1.296655 1.296655
0.699248 0.902884 0.813937 0.609418 0.499680 0.705153 1.255043 1.255043 1.255045 1.255045
0.665974 0.882214 0.819611 0.608086 0.496911 0.708570 1.275068 1.275068 1.275070 1.275070
0.697515 0.924853 0.859690 0.636696 0.519336 0.744410 1.336966 1.336966 1.336967 1.336967
0.671406 0.912558 0.846890 0.632046 0.512853 0.729535 1.327330 1.327330 1.327331 1.327331
0.689544 0.937210 0.869768 0.649121 0.526707 0.749242 1.353785 1.353785 1.353787 1.353787
0.600736 0.905225 0.840242 0.625592 0.510301 0.724157 1.314080 1.314080 1.314082 1.314082
0.580626 0.883237 0.846682 0.619197 0.505246 0.706179 1.323280 1.323280 1.323282 1.323282
0.583610 0.877737 0.840193 0.615637 0.505254 0.700882 1.339028 1.339028 1.339030 1.339030
0.578845 0.824295 0.828018 0.528706 0.496630 0.693160 1.333913 1.333913 1.333915 1.333915
0.597607 0.858219 0.781305 0.550343 0.516582 0.723646 1.389402 1.389402 1.389404 1.389404
0.561752 0.795139 0.736343 0.522581 0.486309 0.690470 1.278502 1.278502 1.278504 1.278504
0.548531 0.788853 0.687674 0.509617 0.484928 0.696012 1.245699 1.245699 1.245701 1.245701
0.600246 0.854224 0.755680 0.552693 0.531739 0.760189 1.369688 1.369688 1.369690 1.369690
0.566291 0.862646 0.767047 0.559254 0.536373 0.771768 1.393924 1.393924 1.393926 1.393926
0.552267 0.849680 0.757004 0.550696 0.526343 0.758994 1.338503 1.338503 1.338505 1.338505
0.566106 0.873189 0.776058 0.565148 0.479502 0.779296 1.381464 1.381464 1.381466 1.381466
0.564479 0.875648 0.737979 0.559296 0.481497 0.786555 1.397364 1.397364 1.397366 1.397366
0.550044 0.852471 0.718305 0.545513 0.471641 0.770957 1.340205 1.340205 1.340207 1.340207
0.576156 0.891920 0.751373 0.572096 0.489904 0.810804 1.402627 1.402627 1.402629 1.402629
0.587346 0.909244 0.765966 0.583208 0.499419 0.826552 1.421226 1.421226 1.421228 1.421228
0.580832 0.899649 0.759974 0.574610 0.492915 0.819362 1.412539 1.412539 1.412541 1.412541
0.556852 0.879437 0.736735 0.551275 0.473451 0.796964 1.388159 1.388159 1.388161 1.388161
0.568428 0.884339 0.753643 0.562373 0.483989 0.807461 1.417424 1.417424 1.417426 1.417426
0.551839 0.862331 0.736385 0.543568 0.468923 0.788339 1.368909 1.368909 1.368911 1.368911
0.537361 0.841692 0.720699 0.447018 0.450702 0.723170 1.340332 1.340332 1.340334 1.340334
0.561349 0.873032 0.749320 0.470549 0.474510 0.753404 1.419407 1.419407 1.419409 1.419409
0.568829 0.888360 0.766006 0.479346 0.484385 0.761117 1.448737 1.448737 1.448740 1.448740
0.568082 0.887732 0.758551 0.472499 0.463618 0.753037 1.443062 1.443062 1.443064 1.443064
0.559481 0.879672 0.752811 0.467755 0.457521 0.740000 1.437329 1.437329 1.437331 1.437331
0.550622 0.869108 0.737103 0.461187 0.452813 0.725329 1.419728 1.419728 1.419730 1.419730
0.485581 0.863594 0.731461 0.458962 0.450212 0.719124 1.412020 1.412020 1.412021 1.412021
0.500487 0.881706 0.751816 0.472896 0.454952 0.743646 1.454597 1.454597 1.454599 1.454599
0.498235 0.877453 0.755232 0.475009 0.452372 0.738884 1.449208 1.449208 1.449210 1.449210
0.480677 0.870144 0.739237 0.457733 0.440439 0.724353 1.425341 1.425341 1.425343 1.425343
0.492945 0.893030 0.760372 0.470256 0.451785 0.746212 1.460754 1.460754 1.460756 1.460756
0.494459 0.892101 0.755425 0.468364 0.450771 0.746836 1.452732 1.452732 1.452734 1.452734
0.447490 0.820989 0.669887 0.437798 0.414839 0.687303 1.336329 1.336329 1.336331 1.336331
0.477516 0.870130 0.719548 0.464273 0.440089 0.729952 1.432265 1.432265 1.432267 1.432267
0.475026 0.868468 0.719832 0.459651 0.442893 0.636769 1.430386 1.430386 1.430388 1.430388
0.494546 0.894002 0.747292 0.472331 0.457285 0.657372 1.488050 1.488050 1.488052 1.488052
0.446783 0.785705 0.680068 0.392149 0.414280 0.596726 1.332675 1.332675 1.332677 1.332677
0.497850 0.871101 0.755280 0.436340 0.460588 0.664520 1.474155 1.474155 1.474157 1.474157
0.491889 0.864958 0.725656 0.429391 0.461246 0.634128 1.477210 1.477210 1.477213 1.477213
0.465839 0.818825 0.695936 0.408251 0.434429 0.599062 1.393789 1.393789 1.393790 1.393790
0.494465 0.868861 0.738101 0.434271 0.462851 0.631948 1.469989 1.469989 1.469991 1.469991
0.510895 0.891488 0.755574 0.446551 0.475700 0.649295 1.514166 1.514166 1.514168 1.514168
0.486849 0.815153 0.709691 0.426398 0.452455 0.602375 1.447074 1.447074 1.447075 1.447075
