0.954260 0.954260 0.954260 0.954260 0.954260 0.954260 0.931390 0.931390 0.931390 0.931390
0.998573 0.998573 0.998573 0.998573 0.998573 0.998573 0.969237 0.969237 0.969237 0.969237
0.980821 0.980821 0.980821 0.980821 0.980821 0.980821 0.936984 0.936984 0.936983 0.936983
1.012458 1.012458 1.012458 1.012458 1.012458 1.012458 0.964477 0.964477 0.964476 0.964476
1.013411 1.013411 1.013411 1.013411 1.013411 1.013411 0.962585 0.962585 0.962585 0.962585
1.005994 1.005994 1.005994 1.005994 1.005994 1.005994 0.948707 0.948707 0.948707 0.948707
0.965129 0.965129 0.965129 0.965129 0.965129 0.965129 0.882940 0.882940 0.882940 0.882940
1.031840 1.031840 1.031840 1.031840 1.031840 1.031840 0.942420 0.942420 0.942420 0.942420
1.016497 1.016497 1.016497 1.016497 1.016497 1.016497 0.919638 0.919638 0.919639 0.919639
1.031651 1.031651 1.031651 1.031651 1.031651 1.031651 0.929784 0.929784 0.929784 0.929784
1.038443 1.038443 1.038443 1.038443 1.038443 1.038443 0.934714 0.934714 0.934714 0.934714
1.031126 1.031126 1.031126 1.031126 1.031126 1.031126 0.923464 0.923464 0.923464 0.923464
1.037859 1.037859 1.037859 1.037859 1.037859 1.037859 0.926963 0.926963 0.926963 0.926963
1.035472 1.035472 1.035472 1.035472 1.035472 1.035472 0.920788 0.920788 0.920789 0.920789
1.032492 1.032492 1.032492 1.032492 1.032492 1.032492 0.912060 0.912060 0.912061 0.912061
1.047723 1.047723 1.047723 1.047723 1.047723 1.047723 0.924985 0.924985 0.924986 0.924986
1.038639 1.038639 1.038639 1.038639 1.038639 1.038639 0.912388 0.912388 0.912389 0.912389
1.034332 1.034332 1.034332 1.034332 1.034332 1.034332 0.901350 0.901350 0.901350 0.901350
1.024673 1.024673 1.024673 1.024673 1.024673 1.024673 0.880274 0.880274 0.880275 0.880275
1.050674 1.050674 1.050674 1.050674 1.050674 1.050674 0.898788 0.898788 0.898788 0.898788
1.050319 1.050319 1.050319 1.050319 1.050319 1.050319 0.893842 0.893842 0.893843 0.893843
1.052152 1.052152 1.052152 1.052152 1.052152 1.052152 0.890720 0.890720 0.890720 0.890720
1.063470 1.063470 1.063470 1.063470 1.063470 1.063470 0.899507 0.899507 0.899507 0.899507
1.050390 1.050390 1.050390 1.050390 1.050390 1.050390 0.882085 0.882085 0.882086 0.882086
1.040299 1.040299 1.040299 1.040299 1.040299 1.040299 0.862023 0.862023 0.862024 0.862024
1.057110 1.057110 1.057110 1.057110 1.057110 1.057110 0.869275 0.869275 0.869275 0.869275
1.051632 1.051632 1.051632 1.051632 1.051632 1.051632 0.854776 0.854776 0.854776 0.854776
1.070120 1.070120 1.070120 1.070120 1.070120 1.070120 0.865512 0.865512 0.865513 0.865513
1.077178 1.077178 1.077178 1.077178 1.077178 1.077178 0.868997 0.868997 0.868998 0.868998
1.080770 1.080770 1.080770 1.080770 1.080770 1.080770 0.870709 0.870709 0.870710 0.870710
1.063763 1.063763 1.063763 1.063763 1.063763 1.063763 0.848944 0.848944 0.848945 0.848945
1.086992 1.086992 1.086992 1.086992 1.086992 1.086992 0.867139 0.867139 0.867140 0.867140
1.085714 1.085714 1.085714 1.085714 1.085714 1.085714 0.865221 0.865221 0.865222 0.865222
1.072931 1.072931 1.072931 1.072931 1.072931 1.072931 0.849027 0.849027 0.849027 0.849027
1.076336 1.076336 1.076336 1.076336 1.076336 1.076336 0.846047 0.846047 0.846047 0.846047
1.087410 1.087410 1.087410 1.087410 1.087410 1.087410 0.852388 0.852388 0.852389 0.852389
1.084585 1.084585 1.084585 1.084585 1.084585 1.084585 0.846344 0.846344 0.846345 0.846345
1.090169 1.090169 1.090169 1.090169 1.090169 1.090169 0.848368 0.848368 0.848368 0.848368
1.091456 1.091456 1.091456 1.091456 1.091456 1.091456 0.847137 0.847137 0.847138 0.847138
1.077978 1.077978 1.077978 1.077978 1.077978 1.077978 0.829004 0.829004 0.829005 0.829005
1.097248 1.097248 1.097248 1.097248 1.097248 1.097248 0.842129 0.842129 0.842130 0.842130
1.094837 1.094837 1.094837 1.094837 1.094837 1.094837 0.837412 0.837412 0.837413 0.837413
1.060181 1.060181 1.060181 1.060181 1.060181 1.060181 0.794744 0.794744 0.794746 0.794746
1.103677 1.103677 1.103677 1.103677 1.103677 1.103677 0.824590 0.824590 0.824591 0.824591
1.091816 1.091816 1.091816 1.091816 1.091816 1.091816 0.808247 0.808247 0.808249 0.808249
1.115932 1.115932 1.115932 1.115932 1.115932 1.115932 0.826100 0.826100 0.826102 0.826102
1.113389 1.113389 1.113389 1.113389 1.113389 1.113389 0.823308 0.823308 0.823310 0.823310
1.092298 1.092298 1.092298 1.092298 1.092298 1.092298 0.799130 0.799130 0.799132 0.799132
1.119543 1.119543 1.119543 1.119543 1.119543 1.119543 0.818807 0.818807 0.818808 0.818808
1.118886 1.118886 1.118886 1.118886 1.118886 1.118886 0.817797 0.817797 0.817798 0.817798
1.120622 1.120622 1.120622 1.120622 1.120622 1.120622 0.819066 0.819066 0.819067 0.819067
1.112053 1.112053 1.112053 1.112053 1.112053 1.112053 0.809781 0.809781 0.809783 0.809783
1.102554 1.102554 1.102554 1.102554 1.102554 1.102554 0.796042 0.796042 0.796044 0.796044
1.122650 1.122650 1.122650 1.122650 1.122650 1.122650 0.809695 0.809695 0.809697 0.809697
1.119709 1.119709 1.119709 1.119709 1.119709 1.119709 0.805562 0.805562 0.805564 0.805564
1.112921 1.112921 1.112921 1.112921 1.112921 1.112921 0.796006 0.796006 0.796007 0.796007
1.122218 1.122218 1.122218 1.122218 1.122218 1.122218 0.800476 0.800476 0.800478 0.800478
1.038037 1.038037 1.038037 1.038037 1.038037 1.038037 0.709139 0.709139 0.709140 0.709140
1.119517 1.119517 1.119517 1.119517 1.119517 1.119517 0.756427 0.756427 0.756429 0.756429
1.147409 1.147409 1.147409 1.147409 1.147409 1.147409 0.774736 0.774736 0.774738 0.774738
1.142335 1.142335 1.142335 1.142335 1.142335 1.142335 0.769055 0.769055 0.769057 0.769057
1.141907 1.141907 1.141907 1.141907 1.141907 1.141907 0.766045 0.766045 0.766047 0.766047
1.137891 1.137891 1.137891 1.137891 1.137891 1.137891 0.758948 0.758948 0.758949 0.758949
1.128471 1.128471 1.128471 1.128471 1.128471 1.128471 0.744637 0.744637 0.744639 0.744639
1.157479 1.157479 1.157479 1.157479 1.157479 1.157479 0.763779 0.763779 0.763781 0.763781
1.151210 1.151210 1.151210 1.151210 1.151210 1.151210 0.757667 0.757667 0.757669 0.757669
1.141398 1.141398 1.141398 1.141398 1.141398 1.141398 0.745872 0.745872 0.745874 0.745874
0.955083 0.955083 0.955083 0.955083 0.955083 0.955083 0.560707 0.560707 0.560709 0.560709
1.175562 1.175562 1.175562 1.175562 1.175562 1.175562 0.683978 0.683978 0.683980 0.683980
1.198092 1.198092 1.198092 1.198092 1.198092 1.198092 0.696325 0.696325 0.696327 0.696327
1.177385 1.177385 1.177385 1.177385 1.177385 1.177385 0.677764 0.677764 0.677765 0.677765
1.199356 1.199356 1.199356 1.199356 1.199356 1.199356 0.689033 0.689033 0.689035 0.689035
1.203711 1.203711 1.203711 1.203711 1.203711 1.203711 0.691157 0.691157 0.691159 0.691159
1.203287 1.203287 1.203287 1.203287 1.203287 1.203287 0.690372 0.690372 0.690374 0.690374
1.190344 1.190344 1.190344 1.190344 1.190344 1.190344 0.678840 0.678840 0.678842 0.678842
1.189696 1.189696 1.189696 1.189696 1.189696 1.189696 0.673680 0.673680 0.673681 0.673681
1.197582 1.197582 1.197582 1.197582 1.197582 1.197582 0.674863 0.674863 0.674864 0.674864
1.197359 1.197359 1.197359 1.197359 1.197359 1.197359 0.670988 0.670988 0.670990 0.670990
1.204605 1.204605 1.204605 1.204605 1.204605 1.204605 0.672744 0.672744 0.672746 0.672746
1.204800 1.204800 1.204800 1.204800 1.204800 1.204800 0.670311 0.670311 0.670313 0.670313
1.210902 1.210902 1.210902 1.210902 1.210902 1.210902 0.672444 0.672444 0.672446 0.672446
1.206807 1.206807 1.206807 1.206807 1.206807 1.206807 0.667682 0.667682 0.667684 0.667684
1.183803 1.183803 1.183803 1.183803 1.183803 1.183803 0.646203 0.646203 0.646205 0.646205
1.217432 1.217432 1.217432 1.217432 1.217432 1.217432 0.663399 0.663399 0.663400 0.663400
1.210510 1.210510 1.210510 1.210510 1.210510 1.210510 0.656554 0.656554 0.656556 0.656556
1.212378 1.212378 1.212378 1.212378 1.212378 1.212378 0.654600 0.654600 0.654603 0.654603
1.215156 1.215156 1.215156 1.215156 1.215156 1.215156 0.653478 0.653478 0.653480 0.653480
1.226829 1.226829 1.226829 1.226829 1.226829 1.226829 0.659755 0.659755 0.659758 0.659758
1.193242 1.193242 1.193242 1.193242 1.193242 1.193242 0.633254 0.633254 0.633257 0.633257
1.227908 1.227908 1.227908 1.227908 1.227908 1.227908 0.650859 0.650859 0.650862 0.650862
1.200609 1.200609 1.200609 1.200609 1.200609 1.200609 0.628750 0.628750 0.628753 0.628753
1.235041 1.235041 1.235041 1.235041 1.235041 1.235041 0.646703 0.646703 0.646705 0.646705
1.215034 1.215034 1.215034 1.215034 1.215034 1.215034 0.631252 0.631252 0.631255 0.631255
1.195388 1.195388 1.195388 1.195388 1.195388 1.195388 0.610762 0.610762 0.610765 0.610765
1.231804 1.231804 1.231804 1.231804 1.231804 1.231804 0.626656 0.626656 0.626659 0.626659
1.242402 1.242402 1.242402 1.242402 1.242402 1.242402 0.631535 0.631535 0.631537 0.631537
1.231200 1.231200 1.231200 1.231200 1.231200 1.231200 0.622618 0.622618 0.622620 0.622620
1.236520 1.236520 1.236520 1.236520 1.236520 1.236520 0.622973 0.622973 0.622975 0.622975
1.121503 1.121503 1.121503 1.121503 1.121503 1.121503 0.535711 0.535711 0.535713 0.535713
1.241178 1.241178 1.241178 1.241178 1.241178 1.241178 0.587808 0.587808 0.587811 0.587811
