0.985846 0.986025 0.986391 0.985279 0.985866 0.986099 0.986614 0.986614 0.986614 0.986614
0.973934 0.976090 0.975341 0.977228 0.972656 0.972036 0.975248 0.975248 0.975247 0.975247
0.975114 0.980781 0.980028 0.982454 0.977331 0.976708 0.974942 0.974942 0.974942 0.974942
0.988193 0.993936 0.993173 0.995631 0.990440 0.989808 0.983195 0.983195 0.983195 0.983195
0.986187 0.991388 0.984828 0.993079 0.988429 0.981492 0.977764 0.977764 0.977764 0.977764
0.990148 0.995370 0.988051 0.996212 0.992402 0.985436 0.978209 0.978209 0.978210 0.978210
0.981386 0.987991 0.963778 0.988383 0.982535 0.976493 0.964873 0.964873 0.964874 0.964874
0.975302 0.981866 0.957803 0.982255 0.976443 0.970439 0.943056 0.943056 0.943057 0.943057
0.992335 0.998125 0.969932 0.994710 0.992172 0.983454 0.953599 0.953599 0.953600 0.953600
0.999780 1.005614 0.977209 0.996843 0.998683 0.990832 0.955745 0.955745 0.955746 0.955746
0.979812 0.985529 0.957692 0.976934 0.978737 0.971043 0.917057 0.917057 0.917057 0.917057
0.998194 1.005363 0.978816 0.996449 0.998120 0.991095 0.928121 0.928121 0.928120 0.928120
1.004446 1.015911 0.990844 1.006904 1.008592 1.001493 0.929555 0.929555 0.929555 0.929555
1.024407 1.036100 1.010534 1.026913 1.028636 1.021395 0.945198 0.945198 0.945198 0.945198
0.971626 0.915123 0.968748 0.974003 0.975636 0.902135 0.912664 0.912664 0.912664 0.912664
0.937732 0.889372 0.903443 0.931998 0.941603 0.870665 0.904983 0.904983 0.904983 0.904983
0.949714 0.913315 0.937027 0.933963 0.967292 0.903500 0.923155 0.923155 0.923155 0.923155
0.965289 0.928293 0.952394 0.949280 0.983156 0.918318 0.911027 0.911027 0.911027 0.911027
0.951226 0.912405 0.935521 0.929789 0.981251 0.915734 0.881242 0.881242 0.881242 0.881242
1.003426 0.963435 0.986798 0.983925 1.034916 0.969052 0.924083 0.924083 0.924084 0.924084
1.033217 0.992039 1.016096 1.013137 1.065642 0.997822 0.947907 0.947907 0.947907 0.947907
1.025899 0.988874 1.010568 1.010414 1.062878 0.995293 0.944107 0.944107 0.944107 0.944107
1.029448 0.992295 0.940050 1.013910 1.066556 0.998737 0.946672 0.946672 0.946673 0.946673
0.993462 0.957607 0.907188 0.978466 1.029272 0.963823 0.888926 0.888926 0.888927 0.888927
0.973412 0.938281 0.888880 0.894618 1.008499 0.944372 0.847854 0.847854 0.847855 0.847855
1.042195 1.008996 0.955651 0.952541 1.083352 1.014565 0.905799 0.905799 0.905800 0.905800
1.053220 1.019483 0.965760 0.960925 1.094054 1.025293 0.914964 0.914964 0.914965 0.914965
1.065867 1.031725 0.977357 0.972464 1.098506 1.037605 0.921695 0.921695 0.921697 0.921697
1.067343 1.033153 0.978710 0.973811 1.100027 1.039042 0.917625 0.917625 0.917627 0.917627
0.680390 1.000094 0.947393 0.942650 1.064827 1.005794 0.885148 0.885148 0.885149 0.885149
0.721482 1.060798 1.002967 0.997715 1.127273 1.064029 0.928686 0.928686 0.928687 0.928687
0.722539 1.063857 1.010589 1.006895 1.141914 1.062176 0.940128 0.940128 0.940130 0.940130
0.725527 1.068257 1.014768 1.011059 1.146636 1.066568 0.934890 0.934890 0.934891 0.934891
0.735449 1.082865 1.028645 1.024885 1.162316 1.081153 0.943218 0.943218 0.943219 0.943219
0.724200 1.066303 0.972809 1.009210 1.144539 1.064617 0.918145 0.918145 0.918147 0.918147
0.721345 1.064555 0.959453 0.995354 1.142663 1.053484 0.914795 0.914795 0.914797 0.914797
0.731924 1.078975 0.971129 1.009048 1.157986 1.070254 0.920979 0.920979 0.920981 0.920981
0.746653 1.101497 0.990672 1.030111 1.182158 1.091792 0.936557 0.936557 0.936559 0.936559
0.717265 1.078409 0.966242 1.008518 1.153006 1.062412 0.909516 0.909516 0.909518 0.909518
0.729386 1.093191 0.971973 1.024963 1.170627 1.079735 0.920161 0.920161 0.920163 0.920163
0.734795 1.101269 0.979105 1.024827 1.178783 1.087714 0.920751 0.920751 0.920754 0.920754
0.731845 1.096774 0.964768 1.019553 1.172481 1.081271 0.912150 0.912150 0.912152 0.912152
0.737693 1.105538 0.971859 1.027477 1.181098 1.089912 0.912405 0.912405 0.912407 0.912407
0.747257 1.119871 0.984458 1.040798 1.196410 1.104042 0.919151 0.919151 0.919152 0.919152
0.749414 1.121924 0.986033 1.044105 1.199771 1.107019 0.920259 0.920259 0.920261 0.920261
0.660527 1.055517 0.869081 0.982303 1.128756 1.041494 0.858669 0.858669 0.858670 0.858670
0.708713 1.134283 0.932645 1.055842 1.213504 1.116302 0.919711 0.919711 0.919713 0.919713
0.718262 1.149565 0.945210 1.070067 1.229853 1.131342 0.930844 0.930844 0.930846 0.930846
0.694702 1.110928 0.911672 1.034967 1.189512 1.094232 0.888263 0.888263 0.888265 0.888265
0.712412 1.137705 0.935016 1.061332 1.219100 1.123016 0.910619 0.910619 0.910620 0.910620
0.709932 1.132564 0.933079 1.057695 1.216584 1.116647 0.907402 0.907402 0.907404 0.907404
0.699923 1.116597 0.919211 1.042783 1.198502 1.100905 0.881117 0.881117 0.881119 0.881119
0.720193 1.147888 0.946332 1.072568 1.232734 1.124274 0.907793 0.907793 0.907795 0.907795
0.706226 1.118996 0.931254 1.055825 1.213093 1.105298 0.891449 0.891449 0.891451 0.891451
0.712000 1.127326 0.938186 1.063685 1.223010 1.105981 0.892935 0.892935 0.892937 0.892937
0.710512 1.125347 0.919800 1.042055 1.199596 1.103669 0.886281 0.886281 0.886284 0.886284
0.709341 1.123504 0.917325 1.035740 1.197620 1.101265 0.869973 0.869973 0.869976 0.869976
0.703418 1.122164 0.916792 1.034398 1.196757 1.093533 0.858814 0.858814 0.858817 0.858817
0.739562 1.179821 0.963901 1.087545 1.258247 1.149719 0.902617 0.902617 0.902620 0.902620
0.729041 1.163036 0.950188 1.072073 1.240346 1.133362 0.883004 0.883004 0.883006 0.883006
0.732728 1.168918 0.954993 1.077495 1.244959 1.139094 0.881654 0.881654 0.881657 0.881657
0.714295 1.139512 0.930969 1.048108 1.211006 1.109779 0.845413 0.845413 0.845416 0.845416
0.721862 1.151584 0.940831 1.059211 1.223835 1.121535 0.838621 0.838621 0.838623 0.838623
0.741877 1.183513 0.966746 1.077077 1.257768 1.152632 0.857505 0.857505 0.857507 0.857507
0.717701 1.110924 0.907452 1.041977 1.216780 1.115070 0.822837 0.822837 0.822840 0.822840
0.739070 1.146936 0.939193 1.078381 1.259528 1.155469 0.844547 0.844547 0.844549 0.844549
0.686157 1.064823 0.871953 1.001175 1.169354 1.072744 0.741878 0.741878 0.741881 0.741881
0.750704 1.164402 0.955239 1.095612 1.278528 1.169964 0.801761 0.801761 0.801764 0.801764
0.770604 1.195269 0.980560 1.124655 1.312420 1.200977 0.818039 0.818039 0.818042 0.818042
0.770907 1.195739 0.980946 1.125097 1.312936 1.201450 0.812766 0.812766 0.812769 0.812769
0.768920 1.192656 0.978417 1.122196 1.309551 1.198352 0.803203 0.803203 0.803206 0.803206
0.770468 1.190849 0.982058 1.120951 1.317232 1.204061 0.806153 0.806153 0.806156 0.806156
0.767952 1.188560 0.978531 1.115640 1.311879 1.198630 0.801848 0.801848 0.801852 0.801852
0.776736 1.202795 0.989165 1.128858 1.328059 1.211711 0.811369 0.811369 0.811372 0.811372
0.764563 1.183945 0.967039 1.104081 1.302044 1.192997 0.793788 0.793788 0.793791 0.793791
0.773051 1.196152 0.970922 1.116337 1.316498 1.206240 0.794922 0.794922 0.794925 0.794925
0.720530 1.114886 0.917340 1.054730 1.243845 1.124289 0.747506 0.747506 0.747509 0.747509
0.769301 1.191157 0.980602 1.127435 1.326961 1.199416 0.794913 0.794913 0.794916 0.794916
0.753352 1.166463 0.960273 1.104061 1.299451 1.174550 0.761684 0.761684 0.761686 0.761686
0.765400 1.184831 0.975971 1.121613 1.315955 1.190522 0.771531 0.771531 0.771534 0.771534
0.783478 1.212816 0.999023 1.148104 1.347037 1.218642 0.784683 0.784683 0.784686 0.784686
0.794932 1.230547 1.013629 1.164889 1.366730 1.236458 0.795841 0.795841 0.795844 0.795844
0.772900 1.195000 0.985535 1.132603 1.328849 1.202188 0.762987 0.762987 0.762989 0.762989
0.766732 1.190057 0.984747 1.129651 1.319104 1.193769 0.752608 0.752608 0.752611 0.752611
0.753654 1.169972 0.966909 1.110101 1.298636 1.173109 0.730602 0.730602 0.730604 0.730604
0.755074 1.184415 0.963303 1.123805 1.296252 1.187591 0.730735 0.730735 0.730737 0.730737
0.792793 1.243582 1.011423 1.179943 1.361005 1.246916 0.763705 0.763705 0.763708 0.763708
0.775002 1.218327 0.997455 1.143375 1.330463 1.218934 0.751211 0.751211 0.751214 0.751214
0.753376 1.184329 0.969621 1.111469 1.293337 1.184920 0.708724 0.708724 0.708726 0.708726
0.779613 1.207121 0.991318 1.131040 1.338147 1.215627 0.732760 0.732760 0.732762 0.732762
0.790412 1.223843 1.005051 1.146708 1.356684 1.232467 0.732963 0.732963 0.732965 0.732965
0.811844 1.257026 1.032302 1.177800 1.393469 1.265885 0.751022 0.751022 0.751024 0.751024
0.804892 1.246262 1.023462 1.167714 1.381536 1.255044 0.739456 0.739456 0.739458 0.739458
0.797545 1.234887 1.014120 1.157056 1.368927 1.243589 0.723658 0.723658 0.723660 0.723660
0.804165 1.243984 1.021890 1.166076 1.372674 1.253912 0.727882 0.727882 0.727884 0.727884
0.804964 1.255853 1.018319 1.177201 1.380005 1.253376 0.732710 0.732710 0.732713 0.732713
0.801169 1.249932 0.957574 1.171651 1.373499 1.247467 0.725329 0.725329 0.725331 0.725331
0.814962 1.251136 0.971217 1.191822 1.397145 1.268943 0.735630 0.735630 0.735633 0.735633
0.783370 1.212372 0.937263 1.145622 1.345642 1.224582 0.697885 0.697885 0.697887 0.697887
0.811558 1.257207 0.972809 1.189087 1.396353 1.271325 0.718693 0.718693 0.718695 0.718695
