0.981281 0.981281 0.981281 0.981281 0.981281 0.981281 0.971921 0.971921 0.971921 0.971921
0.907603 0.950382 0.905469 0.844742 0.950382 0.946075 0.945103 0.945103 0.945103 0.945103
0.840389 0.952613 0.910656 0.846725 0.952613 0.894743 0.961436 0.961436 0.961437 0.961437
0.828376 0.896945 0.898418 0.847282 0.885216 0.813998 0.970251 0.970251 0.970251 0.970251
0.887517 0.958769 0.967233 0.897283 0.937532 0.871839 1.042516 1.042516 1.042517 1.042517
0.882722 0.862234 0.961308 0.892436 0.931788 0.867129 1.023760 1.023760 1.023761 1.023761
0.893354 0.867798 0.974744 0.898509 0.934206 0.873498 1.042540 1.042540 1.042540 1.042540
0.897114 0.871786 0.985629 0.906286 0.948454 0.883254 1.055088 1.055088 1.055088 1.055088
0.890168 0.865786 0.978120 0.899172 0.936816 0.866411 1.045633 1.045633 1.045633 1.045633
0.906314 0.881593 0.990359 0.918390 0.950050 0.884501 1.069436 1.069436 1.069436 1.069436
0.899546 0.872882 0.985371 0.912476 0.941426 0.875408 1.054352 1.054352 1.054352 1.054352
0.908825 0.873253 0.990613 0.915270 0.951339 0.878143 1.067383 1.067383 1.067383 1.067383
0.919546 0.882300 1.001414 0.925996 0.959261 0.888677 1.079003 1.079003 1.079003 1.079003
0.881618 0.850325 0.961149 0.889892 0.924618 0.856675 1.030546 1.030546 1.030546 1.030546
0.901405 0.869410 0.982721 0.909864 0.945370 0.875902 1.037048 1.037048 1.037048 1.037048
0.916676 0.884703 0.995644 0.922825 0.945359 0.883768 1.054174 1.054174 1.054174 1.054174
0.914235 0.885554 0.999691 0.922488 0.947289 0.882885 1.055716 1.055716 1.055716 1.055716
0.906803 0.875679 0.991382 0.905303 0.940558 0.871731 1.040602 1.040602 1.040602 1.040602
0.871593 0.852106 0.973597 0.872776 0.886674 0.868151 1.036226 1.036226 1.036226 1.036226
0.889999 0.873735 0.995312 0.898397 0.912675 0.891141 1.068568 1.068568 1.068567 1.068567
0.827149 0.774772 0.925025 0.796642 0.848224 0.790207 0.987840 0.987840 0.987840 0.987840
0.908343 0.850825 1.003328 0.864077 0.931487 0.867775 1.074909 1.074909 1.074909 1.074909
0.836171 0.751934 0.886712 0.795422 0.823221 0.766914 0.996804 0.996804 0.996804 0.996804
0.932344 0.838061 0.987752 0.886343 0.914577 0.855697 1.113406 1.113406 1.113406 1.113406
0.931835 0.837604 0.991052 0.885859 0.917633 0.855230 1.116204 1.116204 1.116205 1.116205
0.809316 0.727475 0.860747 0.769385 0.796981 0.742783 0.886931 0.886931 0.886932 0.886932
0.958986 0.856716 1.023781 0.912015 0.945908 0.883113 1.056906 1.056906 1.056906 1.056906
0.841576 0.769487 0.919543 0.819156 0.849598 0.793196 0.916216 0.916216 0.916217 0.916217
0.950511 0.872327 1.043579 0.926550 0.960457 0.897312 1.039477 1.039477 1.039477 1.039477
0.953854 0.877397 1.047621 0.931209 0.964101 0.902904 1.047808 1.047808 1.047808 1.047808
0.950993 0.875521 1.044877 0.923251 0.957099 0.900775 1.049841 1.049841 1.049841 1.049841
0.944565 0.869119 1.035922 0.920436 0.951132 0.893231 1.045937 1.045937 1.045937 1.045937
0.937758 0.863842 1.028413 0.912804 0.943456 0.889433 1.040546 1.040546 1.040546 1.040546
0.909354 0.835235 0.983981 0.894348 0.884759 0.843599 1.022782 1.022782 1.022783 1.022783
0.944895 0.867751 1.019911 0.932079 0.909153 0.874370 1.067777 1.067777 1.067778 1.067778
0.944881 0.864910 1.011548 0.930822 0.900330 0.871791 1.069712 1.069712 1.069712 1.069712
0.950488 0.863733 1.014600 0.936128 0.904702 0.861795 1.078901 1.078901 1.078902 1.078902
0.948802 0.862363 1.012090 0.934708 0.903588 0.859576 1.075091 1.075091 1.075092 1.075092
0.928737 0.844126 0.990687 0.926057 0.895226 0.841398 1.061870 1.061870 1.061870 1.061870
0.946637 0.862727 1.006216 0.945410 0.910524 0.859624 1.087885 1.087885 1.087886 1.087886
0.852374 0.769942 0.897999 0.856428 0.840605 0.796502 1.012463 1.012463 1.012463 1.012463
0.912668 0.825283 0.965979 0.917834 0.882322 0.849286 1.086493 1.086493 1.086494 1.086494
0.915525 0.823709 0.970595 0.921060 0.882256 0.853063 1.085435 1.085435 1.085436 1.085436
0.934651 0.841383 0.988398 0.941047 0.900922 0.872099 1.111892 1.111892 1.111892 1.111892
0.913429 0.822279 0.967988 0.927724 0.888167 0.850559 1.090778 1.090778 1.090779 1.090779
0.904250 0.822588 0.968230 0.928198 0.885188 0.849510 1.088789 1.088789 1.088790 1.088790
0.895030 0.818799 0.955913 0.919249 0.881053 0.837966 1.089495 1.089495 1.089495 1.089495
0.838610 0.774122 0.908646 0.874265 0.833008 0.757501 1.017486 1.017486 1.017487 1.017487
0.883872 0.824759 0.965171 0.930511 0.884543 0.801691 1.074842 1.074842 1.074843 1.074843
0.885674 0.823438 0.969184 0.933912 0.884241 0.802676 1.064540 1.064540 1.064540 1.064540
0.867871 0.812531 0.943585 0.903947 0.862741 0.784014 1.054431 1.054431 1.054432 1.054432
0.873438 0.819470 0.946685 0.895927 0.859986 0.769881 1.065958 1.065958 1.065959 1.065959
0.857294 0.800796 0.935855 0.870906 0.848768 0.750223 1.067385 1.067385 1.067385 1.067385
0.898331 0.837092 0.980863 0.914598 0.887654 0.786057 1.127030 1.127030 1.127031 1.127031
0.910156 0.849739 0.995682 0.926637 0.899339 0.796404 1.144058 1.144058 1.144059 1.144059
0.872594 0.753527 0.952337 0.888351 0.846871 0.758819 1.095080 1.095080 1.095081 1.095081
0.913414 0.788777 0.996887 0.929909 0.886488 0.794317 1.140026 1.140026 1.140027 1.140027
0.858997 0.741785 0.937497 0.874508 0.833674 0.746994 1.029174 1.029174 1.029175 1.029175
0.798326 0.689393 0.871282 0.812742 0.769376 0.694234 0.949086 0.949086 0.949087 0.949087
0.929920 0.801380 1.015349 0.948438 0.894703 0.807747 1.105800 1.105800 1.105800 1.105800
0.942546 0.812261 1.029135 0.961315 0.906851 0.818714 1.118161 1.118161 1.118162 1.118162
0.777127 0.728576 0.929640 0.887518 0.829022 0.763357 1.023789 1.023789 1.023790 1.023790
0.844888 0.762428 1.013630 0.951127 0.903103 0.830260 1.118207 1.118207 1.118208 1.118208
0.740642 0.693380 0.888565 0.839311 0.803541 0.723358 1.007265 1.007265 1.007266 1.007266
0.674871 0.631806 0.818065 0.764778 0.739787 0.665966 0.968539 0.968539 0.968539 0.968539
0.808821 0.760082 0.983970 0.919875 0.884205 0.796195 1.167400 1.167400 1.167401 1.167401
0.803932 0.750680 0.979063 0.913176 0.875760 0.791859 1.161828 1.161828 1.161828 1.161828
0.808520 0.751458 0.964215 0.914122 0.876668 0.792679 1.162699 1.162699 1.162699 1.162699
0.798432 0.742357 0.944722 0.903547 0.830823 0.760042 1.158186 1.158186 1.158186 1.158186
0.786994 0.741153 0.939060 0.898944 0.832196 0.742372 1.167066 1.167066 1.167066 1.167066
0.797404 0.753622 0.949998 0.900905 0.846370 0.751673 1.187370 1.187370 1.187370 1.187370
0.778133 0.672490 0.927040 0.857456 0.825916 0.733507 1.138869 1.138869 1.138868 1.138868
0.812408 0.707662 0.971365 0.895916 0.867382 0.766985 1.194770 1.194770 1.194770 1.194770
0.808630 0.705367 0.966321 0.888418 0.865536 0.762933 1.190023 1.190023 1.190023 1.190023
0.814345 0.713938 0.976252 0.895162 0.875065 0.768260 1.204720 1.204720 1.204720 1.204720
0.788494 0.657527 0.948227 0.833189 0.851654 0.746775 1.173389 1.173389 1.173389 1.173389
0.807368 0.669552 0.971137 0.854722 0.870085 0.766075 1.201934 1.201934 1.201934 1.201934
0.806273 0.662879 0.971895 0.850351 0.871931 0.767412 1.196724 1.196724 1.196725 1.196725
0.787311 0.648003 0.950186 0.829664 0.707221 0.753546 1.176023 1.176023 1.176023 1.176023
0.830593 0.683627 1.002422 0.875274 0.746100 0.794971 1.233781 1.233781 1.233781 1.233781
0.785523 0.573350 0.951661 0.829854 0.674800 0.666734 1.174240 1.174240 1.174241 1.174241
0.774259 0.550558 0.900799 0.815708 0.659432 0.663261 1.185016 1.185016 1.185016 1.185016
0.822657 0.584997 0.952956 0.864226 0.699092 0.696041 1.250609 1.250609 1.250609 1.250609
0.738905 0.525440 0.866333 0.803998 0.627919 0.625179 1.161082 1.161082 1.161083 1.161083
0.826194 0.585177 0.962981 0.898977 0.696150 0.692173 1.298415 1.298415 1.298415 1.298415
0.811567 0.580633 0.953689 0.887194 0.684617 0.668916 1.288094 1.288094 1.288094 1.288094
0.793420 0.566605 0.911933 0.870205 0.664578 0.646892 1.240452 1.240452 1.240452 1.240452
0.824321 0.587319 0.942302 0.898213 0.689676 0.667115 1.285464 1.285464 1.285464 1.285464
0.830882 0.590954 0.949287 0.899591 0.695427 0.671359 1.299904 1.299904 1.299904 1.299904
0.750141 0.524844 0.889509 0.800946 0.619273 0.629083 1.212014 1.212014 1.212013 1.212013
0.801738 0.566147 0.961037 0.865305 0.672096 0.682277 1.315959 1.315959 1.315959 1.315959
0.797876 0.565181 0.963744 0.867125 0.673980 0.684898 1.323910 1.323910 1.323910 1.323910
0.793340 0.565663 0.959432 0.867432 0.669273 0.682502 1.325153 1.325153 1.325153 1.325153
0.752973 0.520744 0.893824 0.804720 0.632312 0.643533 1.267579 1.267579 1.267579 1.267579
0.783777 0.542117 0.926512 0.832551 0.658309 0.668543 1.313420 1.313420 1.313420 1.313420
0.794220 0.549340 0.938857 0.843644 0.667080 0.677451 1.315830 1.315830 1.315829 1.315829
0.802276 0.554912 0.948380 0.852201 0.673847 0.684322 1.316988 1.316988 1.316987 1.316987
0.798154 0.534312 0.947960 0.856566 0.674222 0.686924 1.322400 1.322400 1.322399 1.322399
0.796352 0.533370 0.946552 0.852526 0.672344 0.683088 1.323384 1.323384 1.323383 1.323383
0.797656 0.534358 0.948092 0.853983 0.672075 0.684072 1.332742 1.332742 1.332741 1.332741
