0.975559 0.976939 0.975027 0.971914 0.978031 0.974938 0.976222 0.976222 0.976222 0.976222
0.820117 0.893469 0.898032 0.914896 0.911623 0.926842 0.911355 0.911355 0.911355 0.911355
0.897821 0.978123 0.986942 1.001580 1.001879 1.014657 1.000757 1.000757 1.000757 1.000757
0.895748 0.978509 0.981188 1.000860 0.997424 1.014686 1.003566 1.003566 1.003566 1.003566
0.902125 0.985475 0.988173 1.007985 1.004524 1.021909 1.008318 1.008318 1.008319 1.008319
0.862921 0.943688 0.946374 0.963382 0.798130 0.982955 0.970643 0.970643 0.970644 0.970644
0.910052 0.995231 0.998062 1.015999 0.841722 1.036642 1.018048 1.018048 1.018048 1.018048
0.900907 0.985719 0.988799 1.003312 0.832823 1.022804 1.010851 1.010851 1.010851 1.010851
0.903503 0.951524 0.994524 0.991835 0.836887 1.026175 1.018454 1.018454 1.018455 1.018455
0.790740 0.832768 0.870401 0.868048 0.732438 0.898102 0.815479 0.815479 0.815479 0.815479
0.858918 0.868432 0.907677 0.942891 0.763806 0.936564 0.892326 0.892326 0.892326 0.892326
0.941006 0.961056 1.002580 1.037839 0.837773 1.009469 0.987316 0.987316 0.987316 0.987316
0.940518 0.958222 1.004515 1.038375 0.835980 1.006086 0.980205 0.980205 0.980205 0.980205
0.949460 0.973694 1.015301 1.054616 0.842827 1.017886 0.996117 0.996117 0.996117 0.996117
0.954490 0.978852 1.020679 1.060202 0.847291 1.023278 0.995830 0.995830 0.995830 0.995830
0.954271 0.978210 1.019469 1.059283 0.844027 1.023733 0.997351 0.997351 0.997352 0.997352
0.935104 0.958602 0.994659 1.035047 0.825232 0.990814 0.970736 0.970736 0.970737 0.970737
0.901863 0.935981 0.980150 1.001265 0.780610 0.990114 0.969954 0.969954 0.969954 0.969954
0.917896 0.953446 0.997699 1.018955 0.790862 0.996211 0.985984 0.985984 0.985985 0.985985
0.904960 0.944917 0.984703 1.006959 0.783890 0.987535 0.968374 0.968374 0.968375 0.968375
0.907190 0.945502 0.965499 1.012757 0.780268 0.979271 0.956239 0.956239 0.956239 0.956239
0.902548 0.912391 0.942848 0.984841 0.772722 0.967880 0.958798 0.958798 0.958798 0.958798
0.916193 0.928140 0.954126 0.984544 0.776915 0.958653 0.977662 0.977662 0.977662 0.977662
0.910280 0.928601 0.941862 0.966226 0.768582 0.949405 0.981865 0.981865 0.981865 0.981865
0.863417 0.866457 0.927219 0.903813 0.719056 0.934645 0.961811 0.961811 0.961811 0.961811
0.806471 0.809311 0.866065 0.844203 0.666937 0.873001 0.891428 0.891428 0.891428 0.891428
0.918861 0.918746 0.988845 0.963403 0.758076 0.993857 1.003874 1.003874 1.003874 1.003874
0.944285 0.944167 1.016206 0.990059 0.779051 1.021356 1.022191 1.022191 1.022191 1.022191
0.874404 0.882202 0.954652 0.930589 0.727948 0.912474 0.943457 0.943457 0.943457 0.943457
0.944104 0.956070 1.035721 1.006245 0.786698 0.986796 1.023253 1.023253 1.023253 1.023253
0.937458 0.952709 1.026826 0.988269 0.784093 0.979173 1.020231 1.020231 1.020231 1.020231
0.932406 0.947575 1.021292 0.982944 0.779868 0.973896 0.998720 0.998720 0.998720 0.998720
0.939223 0.955520 1.033529 0.991021 0.770083 0.976924 1.008261 1.008261 1.008261 1.008261
0.948388 0.965460 1.039724 0.998039 0.764635 0.978734 1.017673 1.017673 1.017673 1.017673
0.926816 0.953740 1.024014 0.984927 0.752839 0.960433 0.996788 0.996788 0.996788 0.996788
0.948968 0.973353 1.039908 1.007124 0.763364 0.980504 1.022477 1.022477 1.022477 1.022477
0.942274 0.958153 1.034781 0.996256 0.760619 0.976611 1.012237 1.012237 1.012237 1.012237
0.915347 0.928059 0.991824 0.977838 0.714558 0.927921 0.996714 0.996714 0.996715 0.996715
0.932308 0.950593 1.007623 0.996515 0.731859 0.941875 1.026304 1.026304 1.026305 1.026305
0.949349 0.970183 1.026406 1.016259 0.745443 0.961687 1.049747 1.049747 1.049748 1.049748
0.935773 0.957402 1.011685 1.000631 0.734144 0.950755 1.036875 1.036875 1.036876 1.036876
0.943206 0.965007 1.019721 1.008579 0.739975 0.958307 1.035142 1.035142 1.035143 1.035143
0.926919 0.943103 1.004025 0.986032 0.720407 0.937386 1.023599 1.023599 1.023600 1.023600
0.932572 0.952818 1.011322 1.000050 0.730625 0.948056 1.040021 1.040021 1.040022 1.040022
0.952367 0.974911 1.034772 1.021278 0.746134 0.968181 1.064136 1.064136 1.064137 1.064137
0.907562 0.941018 0.994426 0.982344 0.722557 0.914278 1.036699 1.036699 1.036699 1.036699
0.924891 0.959098 1.007814 1.004282 0.733452 0.934244 1.061293 1.061293 1.061294 1.061294
0.919158 0.947895 1.001786 0.999916 0.727272 0.930183 1.055116 1.055116 1.055117 1.055117
0.839591 0.858174 0.906964 0.918893 0.681126 0.874334 0.996155 0.996155 0.996155 0.996155
0.892501 0.824861 0.963420 0.976801 0.723524 0.929434 1.045529 1.045529 1.045530 1.045530
0.871921 0.805840 0.941204 0.954277 0.706841 0.908003 0.980516 0.980516 0.980517 0.980517
0.866715 0.764273 0.935584 0.905053 0.702620 0.861165 0.969492 0.969492 0.969493 0.969493
0.943366 0.831864 1.020469 0.993711 0.771448 0.935413 1.059246 1.059246 1.059248 1.059248
0.959700 0.845066 1.037221 1.010839 0.782114 0.951797 1.076617 1.076617 1.076619 1.076619
0.879669 0.754622 0.913005 0.923998 0.710757 0.880507 1.010380 1.010380 1.010381 1.010381
0.950524 0.816109 0.986921 0.992870 0.764723 0.952042 1.097172 1.097172 1.097174 1.097174
0.872016 0.783992 0.903278 0.847778 0.734629 0.910431 1.058234 1.058234 1.058236 1.058236
0.853082 0.732622 0.884432 0.841951 0.677517 0.822036 1.059899 1.059899 1.059900 1.059900
0.913999 0.782546 0.947413 0.892524 0.726646 0.876736 1.128500 1.128500 1.128502 1.128502
0.819616 0.701737 0.859897 0.828977 0.651610 0.786201 1.046016 1.046016 1.046017 1.046017
0.799874 0.700921 0.858897 0.828013 0.650852 0.785287 1.008394 1.008394 1.008395 1.008395
0.912714 0.796623 0.974301 0.944822 0.736377 0.887274 1.150800 1.150800 1.150801 1.150801
0.908302 0.792655 0.967194 0.943064 0.724698 0.880769 1.150647 1.150647 1.150648 1.150648
0.903106 0.783105 0.962685 0.936501 0.718010 0.876258 1.145528 1.145528 1.145530 1.145530
0.906920 0.778714 0.961970 0.933704 0.721196 0.873695 1.152693 1.152693 1.152695 1.152695
0.898247 0.769492 0.957397 0.914090 0.706102 0.865069 1.144960 1.144960 1.144961 1.144961
0.894765 0.766804 0.960294 0.914577 0.711099 0.867687 1.149411 1.149411 1.149412 1.149412
0.899909 0.773622 0.973223 0.926230 0.720664 0.880267 1.168632 1.168632 1.168633 1.168633
0.845397 0.723573 0.920832 0.861752 0.680762 0.821006 1.120014 1.120014 1.120015 1.120015
0.878385 0.751905 0.952776 0.889939 0.707466 0.851365 1.158413 1.158413 1.158415 1.158415
0.887202 0.765456 0.965812 0.899566 0.718783 0.861225 1.175687 1.175687 1.175689 1.175689
0.876992 0.763665 0.965085 0.898840 0.721489 0.863879 1.180621 1.180621 1.180622 1.180622
0.709366 0.617700 0.788726 0.727038 0.589645 0.706014 1.007734 1.007734 1.007735 1.007735
0.860440 0.749668 0.954314 0.882575 0.715409 0.857570 1.226522 1.226522 1.226524 1.226524
0.848538 0.739298 0.941114 0.870367 0.705513 0.845708 1.195843 1.195843 1.195843 1.195843
0.853993 0.744210 0.947154 0.876025 0.708604 0.850977 1.210060 1.210060 1.210060 1.210060
0.850695 0.740924 0.941776 0.875901 0.706240 0.846312 1.209076 1.209076 1.209076 1.209076
0.850155 0.740454 0.929597 0.864575 0.705792 0.845774 1.197282 1.197282 1.197282 1.197282
0.841814 0.733461 0.913262 0.856880 0.670689 0.813141 1.195855 1.195855 1.195855 1.195855
0.860907 0.750237 0.933321 0.876540 0.686274 0.830916 1.220825 1.220825 1.220825 1.220825
0.860466 0.746371 0.913483 0.872023 0.682737 0.826634 1.214186 1.214186 1.214185 1.214185
0.755334 0.679709 0.801874 0.770563 0.608303 0.721188 1.095222 1.095222 1.095222 1.095222
0.851647 0.765034 0.903630 0.863280 0.686126 0.811858 1.238885 1.238885 1.238885 1.238885
0.826821 0.706473 0.880041 0.805666 0.669559 0.791267 1.209899 1.209899 1.209898 1.209898
0.849097 0.723746 0.903946 0.829189 0.686250 0.812505 1.251996 1.251996 1.251996 1.251996
0.850246 0.728384 0.908055 0.830743 0.689869 0.813536 1.260267 1.260267 1.260267 1.260267
0.843380 0.720841 0.895828 0.818672 0.683520 0.800999 1.246890 1.246890 1.246890 1.246890
0.807576 0.612111 0.861084 0.785881 0.625920 0.680177 1.201535 1.201535 1.201534 1.201534
0.867010 0.652395 0.921777 0.843523 0.671265 0.717604 1.293370 1.293370 1.293369 1.293369
0.848380 0.645098 0.911353 0.834201 0.661283 0.708437 1.276093 1.276093 1.276093 1.276093
0.853851 0.645273 0.920696 0.839899 0.666632 0.715407 1.291596 1.291596 1.291596 1.291596
0.852108 0.646399 0.922127 0.841205 0.663458 0.712199 1.296314 1.296314 1.296313 1.296313
0.844716 0.620190 0.918442 0.842507 0.661468 0.712365 1.297013 1.297013 1.297012 1.297012
0.839863 0.613530 0.914665 0.837987 0.655565 0.709202 1.284284 1.284284 1.284284 1.284284
0.823950 0.556730 0.895216 0.822069 0.631692 0.691465 1.257925 1.257925 1.257925 1.257925
0.856007 0.577202 0.930456 0.855610 0.655175 0.717548 1.307185 1.307185 1.307185 1.307185
0.828463 0.510835 0.900517 0.807661 0.634093 0.694459 1.243498 1.243498 1.243497 1.243497
0.758639 0.506380 0.895675 0.800618 0.628563 0.649527 1.251020 1.251020 1.251020 1.251020
0.788608 0.526384 0.931058 0.842356 0.661332 0.675186 1.312197 1.312197 1.312197 1.312197
0.793904 0.531845 0.943632 0.849966 0.668914 0.680854 1.326473 1.326473 1.326473 1.326473
