0.963829 0.964665 0.963949 0.963725 0.959431 0.952826 0.962645 0.962645 0.962645 0.962645
0.971196 0.981873 0.979282 0.975636 0.967884 0.944572 0.979637 0.979637 0.979637 0.979637
0.976945 0.988315 0.981406 0.978809 0.957383 0.942725 0.985022 0.985022 0.985022 0.985022
0.970267 0.979302 0.979431 0.960887 0.939928 0.935989 0.981109 0.981109 0.981109 0.981109
0.953376 0.879926 0.962380 0.920879 0.923564 0.919694 0.947550 0.947550 0.947549 0.947549
0.923463 0.860026 0.945707 0.905410 0.902709 0.859475 0.914826 0.914826 0.914826 0.914826
0.969716 0.901439 0.971312 0.953882 0.941223 0.892770 0.946275 0.946275 0.946275 0.946275
1.007564 0.934469 1.003740 0.984662 0.976848 0.920755 0.980691 0.980691 0.980691 0.980691
1.003053 0.931276 1.003879 0.981136 0.953302 0.912808 0.978473 0.978473 0.978473 0.978473
0.960308 0.902637 0.981987 0.942158 0.895149 0.905479 0.970520 0.970520 0.970520 0.970520
0.996746 0.937063 1.018533 0.978160 0.929620 0.939083 1.005573 1.005573 1.005572 1.005572
0.923853 0.829639 0.944865 0.920378 0.812287 0.803341 0.954219 0.954219 0.954218 0.954218
1.000478 0.864790 1.026200 0.982483 0.881411 0.870330 1.038144 1.038144 1.038143 1.038143
1.004459 0.864198 1.008901 0.981811 0.880808 0.869735 1.037137 1.037137 1.037136 1.037136
0.976285 0.850783 0.988892 0.963208 0.869979 0.837686 1.030538 1.030538 1.030536 1.030536
0.997271 0.869071 1.010148 0.983913 0.888680 0.855693 1.042648 1.042648 1.042647 1.042647
0.989157 0.862111 0.997754 0.969979 0.881624 0.847063 1.029451 1.029451 1.029450 1.029450
0.916163 0.766593 0.887207 0.898400 0.783944 0.753212 0.960519 0.960519 0.960518 0.960518
0.889438 0.805641 0.935545 0.944162 0.823876 0.746876 1.024487 1.024487 1.024486 1.024486
0.936636 0.841078 0.987297 0.990523 0.870617 0.788953 1.075634 1.075634 1.075634 1.075634
0.901989 0.785621 0.933246 0.932360 0.834574 0.754794 1.043960 1.043960 1.043960 1.043960
0.958498 0.833654 0.990838 0.990696 0.883819 0.802240 1.108366 1.108366 1.108366 1.108366
0.947592 0.822168 0.979774 0.981572 0.872050 0.793032 1.104132 1.104132 1.104132 1.104132
0.948439 0.821212 0.981083 0.984241 0.871374 0.792835 1.105389 1.105389 1.105388 1.105388
0.948797 0.821522 0.981453 0.984613 0.871703 0.793134 1.095666 1.095666 1.095666 1.095666
0.947472 0.822938 0.987600 0.990073 0.877150 0.798917 1.106074 1.106074 1.106073 1.106073
0.909383 0.791523 0.944952 0.935838 0.833851 0.748178 1.066374 1.066374 1.066374 1.066374
0.939322 0.820553 0.982645 0.968874 0.865366 0.774099 1.106037 1.106037 1.106037 1.106037
0.939554 0.823813 0.987629 0.970540 0.866379 0.775538 1.111298 1.111298 1.111297 1.111297
0.924630 0.811038 0.978675 0.959352 0.861993 0.768508 1.102170 1.102170 1.102169 1.102169
0.915062 0.802646 0.968548 0.960959 0.863437 0.760556 1.100626 1.100626 1.100625 1.100625
0.911644 0.799944 0.957368 0.958250 0.825528 0.735697 1.106059 1.106059 1.106058 1.106058
0.906554 0.756644 0.955010 0.916008 0.825151 0.734445 1.106403 1.106403 1.106402 1.106402
0.818472 0.683127 0.862219 0.827007 0.744978 0.663085 0.913882 0.913882 0.913881 0.913881
0.961433 0.800003 1.012636 0.961175 0.876005 0.775367 1.066812 1.066812 1.066811 1.066811
0.974287 0.810699 1.026175 0.974027 0.887718 0.785734 1.068819 1.068819 1.068817 1.068817
0.821079 0.743271 0.947485 0.919159 0.829494 0.748823 1.000273 1.000273 1.000271 1.000271
0.886598 0.798552 1.024772 0.992885 0.892823 0.809638 1.075671 1.075671 1.075670 1.075670
0.877522 0.787506 1.016426 0.984307 0.881584 0.800702 1.052310 1.052310 1.052308 1.052308
0.908418 0.815233 1.052213 1.018963 0.912623 0.828893 1.083390 1.083390 1.083388 1.083388
0.901269 0.811887 1.047694 1.014587 0.902973 0.820357 1.080997 1.080997 1.080995 1.080995
0.884045 0.804757 1.038364 1.005813 0.891707 0.811846 1.069149 1.069149 1.069147 1.069147
0.886063 0.804634 1.043284 1.009154 0.892294 0.811393 1.064424 1.064424 1.064422 1.064422
0.785981 0.730514 0.947181 0.916195 0.810100 0.736651 0.932701 0.932701 0.932699 0.932699
0.808125 0.744446 0.965245 0.947716 0.854002 0.779400 0.991193 0.991193 0.991191 0.991191
0.873173 0.804463 1.037179 1.027255 0.919107 0.844404 1.075844 1.075844 1.075841 1.075841
0.873343 0.804501 1.034815 1.030524 0.909100 0.842448 1.081136 1.081136 1.081134 1.081134
0.870754 0.802115 1.019052 1.014827 0.906404 0.839950 1.068094 1.068094 1.068092 1.068092
0.810087 0.711989 0.948053 0.900800 0.843253 0.745573 0.988407 0.988407 0.988406 0.988406
0.885065 0.780649 1.034185 0.973445 0.924760 0.814017 1.084334 1.084334 1.084333 1.084333
0.895123 0.791659 1.042245 0.986076 0.933265 0.825196 1.102279 1.102279 1.102278 1.102278
0.870822 0.774516 1.011363 0.959844 0.912995 0.800042 1.084103 1.084103 1.084101 1.084101
0.888250 0.784288 1.028612 0.978825 0.930268 0.801937 1.108718 1.108718 1.108717 1.108717
0.851192 0.749377 0.972571 0.947730 0.862109 0.751646 1.076945 1.076945 1.076945 1.076945
0.834212 0.731208 0.960010 0.919888 0.849594 0.731361 1.076778 1.076778 1.076777 1.076777
0.877512 0.766654 1.001574 0.966345 0.885033 0.767065 1.134737 1.134737 1.134736 1.134736
0.868246 0.758559 0.993083 0.964504 0.883347 0.757417 1.127026 1.127026 1.127025 1.127025
0.846323 0.743266 0.969056 0.942363 0.865651 0.742323 1.094370 1.094370 1.094370 1.094370
0.873889 0.772522 1.001837 0.978968 0.892679 0.768188 1.137543 1.137543 1.137542 1.137542
0.853036 0.749921 0.979798 0.950661 0.863241 0.746375 1.117310 1.117310 1.117309 1.117309
0.704907 0.619698 0.818065 0.785580 0.720747 0.623172 0.974315 0.974315 0.974314 0.974314
0.834172 0.736401 0.969205 0.937139 0.859772 0.741322 1.164380 1.164380 1.164379 1.164379
0.852955 0.752982 0.991028 0.958240 0.879131 0.758014 1.187780 1.187780 1.187779 1.187779
0.774336 0.715798 0.897568 0.809667 0.835718 0.717316 1.133666 1.133666 1.133665 1.133665
0.814065 0.758472 0.947024 0.851865 0.883778 0.755271 1.197581 1.197581 1.197580 1.197580
0.820506 0.761436 0.948905 0.858606 0.883225 0.753776 1.207215 1.207215 1.207214 1.207214
0.740450 0.675957 0.888763 0.764121 0.786163 0.706001 1.125099 1.125099 1.125099 1.125099
0.779143 0.657896 0.932998 0.804011 0.812515 0.738304 1.181990 1.181990 1.181989 1.181989
0.812857 0.686364 0.977155 0.838801 0.850969 0.770250 1.236910 1.236910 1.236909 1.236909
0.817577 0.691674 0.984716 0.843671 0.855911 0.774723 1.246480 1.246480 1.246479 1.246479
0.695642 0.588517 0.837853 0.717844 0.723168 0.659179 1.052375 1.052375 1.052374 1.052374
0.802466 0.679666 0.966474 0.827172 0.833493 0.762667 1.216489 1.216489 1.216488 1.216488
0.804482 0.677039 0.969935 0.828218 0.832640 0.765044 1.221107 1.221107 1.221106 1.221106
0.806233 0.678135 0.970274 0.833121 0.834893 0.765461 1.227510 1.227510 1.227508 1.227508
0.785593 0.667946 0.952821 0.819774 0.819612 0.748954 1.198806 1.198806 1.198804 1.198804
0.805615 0.685560 0.977477 0.835990 0.836906 0.768536 1.235450 1.235450 1.235449 1.235449
0.801061 0.681831 0.971941 0.831324 0.830482 0.764042 1.235131 1.235131 1.235130 1.235130
0.794386 0.654411 0.968390 0.832898 0.828277 0.764484 1.236223 1.236223 1.236222 1.236222
0.793458 0.649633 0.970913 0.832240 0.828656 0.766162 1.241771 1.241771 1.241770 1.241770
0.757060 0.624168 0.920407 0.784351 0.787244 0.728667 1.197630 1.197630 1.197629 1.197629
0.775182 0.577881 0.941754 0.803125 0.805502 0.746109 1.210777 1.210777 1.210776 1.210776
0.803589 0.600428 0.976611 0.833811 0.835251 0.775544 1.260772 1.260772 1.260771 1.260771
0.806896 0.603234 0.978183 0.837906 0.838907 0.779822 1.270280 1.270280 1.270279 1.270279
0.789438 0.590183 0.957019 0.819778 0.820757 0.762950 1.223185 1.223185 1.223184 1.223184
0.762102 0.569746 0.923881 0.791391 0.792337 0.736531 1.133541 1.133541 1.133541 1.133541
0.825174 0.616636 0.999384 0.856340 0.854801 0.798024 1.229510 1.229510 1.229510 1.229510
0.815008 0.605679 0.987287 0.847365 0.842377 0.789660 1.214825 1.214825 1.214824 1.214824
0.756701 0.547847 0.880286 0.784582 0.775418 0.739958 1.154822 1.154822 1.154822 1.154822
0.811800 0.588031 0.945116 0.839637 0.831441 0.791191 1.242638 1.242638 1.242638 1.242638
0.711271 0.534501 0.828078 0.740547 0.739398 0.688965 1.118775 1.118775 1.118774 1.118774
0.789231 0.593111 0.914856 0.819373 0.818614 0.755064 1.233039 1.233039 1.233038 1.233038
0.805914 0.608706 0.937172 0.837129 0.839190 0.770959 1.265708 1.265708 1.265708 1.265708
0.808728 0.610831 0.940445 0.840052 0.842120 0.773652 1.263071 1.263071 1.263070 1.263070
0.764303 0.511935 0.892190 0.795896 0.761105 0.648394 1.201266 1.201266 1.201265 1.201265
0.789106 0.529131 0.922258 0.821043 0.652714 0.673172 1.248150 1.248150 1.248149 1.248149
0.814784 0.551418 0.962631 0.856939 0.684368 0.705336 1.309241 1.309241 1.309239 1.309239
0.816068 0.551318 0.963626 0.852819 0.685704 0.705328 1.315564 1.315564 1.315562 1.315562
0.716720 0.484200 0.856591 0.775779 0.602226 0.619461 1.194282 1.194282 1.194281 1.194281
0.791646 0.535575 0.945624 0.853678 0.666869 0.683785 1.320030 1.320030 1.320029 1.320029
0.794876 0.532496 0.944787 0.851007 0.669732 0.681688 1.328097 1.328097 1.328096 1.328096
