0.981905 0.981074 0.972390 0.974299 0.979196 0.982606 0.976594 0.980354 0.980353 0.980353
0.888041 0.878562 0.879614 0.170311 0.886428 0.892146 0.888060 0.889474 0.889474 0.889474
1.015336 1.009773 1.017029 0.193381 1.018716 1.024821 1.029545 1.022457 1.022457 1.022457
1.004926 0.870644 1.020086 0.195051 1.032166 1.042020 1.042828 1.036961 1.036961 1.036961
1.051262 0.909808 1.061320 0.203848 1.062510 1.083083 1.089348 1.083984 1.083984 1.083984
1.006051 0.893018 1.038258 0.200111 1.037177 1.066856 1.072204 1.048416 1.048416 1.048416
0.910926 0.811698 0.941937 0.087152 0.908420 0.964522 0.970471 0.956881 0.956881 0.956881
0.964512 0.885829 1.038355 0.095630 0.996741 1.045828 1.063098 0.996409 0.996409 0.996409
1.007976 0.923464 1.053062 0.099117 1.000031 1.083491 1.111221 1.034403 1.034403 1.034403
0.996567 0.895163 1.053618 0.095874 0.978087 1.042302 1.066800 1.001620 1.001620 1.001620
1.056072 0.957548 1.125099 0.102391 1.046583 1.117657 1.141144 1.074944 1.074944 1.074944
0.999179 0.961285 1.135214 0.102946 1.053821 1.128107 1.145991 1.086095 1.086095 1.086095
0.998351 0.968540 1.144836 0.103849 1.055713 1.137680 1.149442 1.090054 1.090054 1.090054
0.889950 0.859022 0.996915 0.091038 0.985077 0.999033 1.048290 0.993008 0.993008 0.993008
0.979071 0.942041 1.095053 0.099701 1.049431 1.097227 1.146218 1.093160 1.093160 1.093160
0.785875 0.750843 0.873410 0.079229 0.836823 0.868579 0.914921 0.590419 0.590419 0.590419
0.998808 0.960072 1.113208 0.101476 1.058062 1.062132 1.166506 0.686379 0.686379 0.686379
1.136318 1.092043 1.270670 0.116221 1.215829 1.216524 1.334130 0.789887 0.789887 0.789887
1.118257 1.028705 1.262973 0.115130 1.197190 1.199744 1.308739 0.784963 0.784963 0.784963
1.132954 1.048437 1.283815 0.117093 1.219611 1.221678 1.340016 0.800933 0.800933 0.800933
1.101693 1.045356 1.270242 0.116266 1.214627 1.215146 1.328115 0.799378 0.799378 0.799378
1.089226 1.039939 1.259972 0.114280 1.207995 1.194791 1.320023 0.791515 0.791515 0.791515
1.099872 1.024838 1.281224 0.114997 1.226482 1.163127 1.337656 0.802699 0.802699 0.802699
1.073727 1.005753 1.244406 0.113531 1.205532 1.147260 1.305591 0.789225 0.789225 0.789225
1.070673 0.990175 1.242158 0.108635 1.195926 1.120164 1.305453 0.787828 0.787829 0.787829
1.023657 0.937569 1.175758 0.102192 1.141966 0.259022 1.246796 0.750525 0.750526 0.750526
1.184257 1.076621 1.360534 0.116194 1.316172 0.297822 1.413127 0.839504 0.839504 0.839504
1.243699 1.120508 1.425465 0.122373 1.385870 0.312909 1.355420 0.884351 0.884352 0.884352
1.247989 1.121464 1.404720 0.122962 1.395482 0.313300 1.350375 0.894820 0.894820 0.894820
1.258625 1.129031 1.415726 0.124589 1.417356 0.317992 1.367869 0.909095 0.909095 0.909095
1.231825 1.095094 1.380521 0.121081 1.383632 0.310195 1.333977 0.882462 0.882462 0.882462
1.265489 1.124145 1.413690 0.124103 1.385940 0.318873 1.369852 0.902038 0.902039 0.902039
1.261856 1.116844 1.416129 0.122523 1.365001 0.318266 1.353915 0.904864 0.904864 0.904864
1.153875 1.086667 1.347252 0.118379 1.318462 0.303695 1.328572 0.877546 0.877547 0.877547
1.127130 1.015006 1.322539 0.114629 1.314827 0.303263 1.300029 0.837146 0.837146 0.837146
1.181570 1.082013 1.426792 0.121671 1.379475 0.322001 1.375363 0.901343 0.901344 0.901344
1.198362 1.091685 1.446627 0.123218 1.380678 0.328163 1.392189 0.916631 0.916631 0.916631
1.032096 0.940220 1.245916 0.106122 1.189117 0.282632 1.081753 0.682269 0.682270 0.682270
1.167738 1.061633 1.410936 0.113482 1.338042 0.309505 0.241374 0.771387 0.771387 0.771387
1.443571 1.306811 1.750495 0.140808 1.651623 0.383896 0.300069 0.959561 0.959561 0.959561
1.394391 1.247374 1.683690 0.133330 1.199806 0.357264 0.282869 0.926310 0.926310 0.926310
1.479665 1.322297 1.789071 0.140779 1.269753 0.378221 0.290673 0.980034 0.980033 0.980033
1.448390 1.154007 1.771234 0.133187 1.258399 0.362116 0.286544 0.966032 0.966032 0.966032
1.501419 1.194343 1.805932 0.136982 1.297063 0.376967 0.288075 1.004308 1.004308 1.004308
1.245034 1.183461 1.687763 0.134234 1.287592 0.374955 0.283409 0.993491 0.993490 0.993490
1.291336 1.241803 1.760584 0.139849 1.340324 0.391331 0.295649 1.037395 1.037394 1.037394
1.287487 1.244404 1.764819 0.140248 1.322862 0.393025 0.296242 1.011556 1.011555 1.011555
1.301483 1.244299 1.768265 0.142198 1.355392 0.400738 0.302146 1.026687 1.026686 1.026686
1.277824 1.223503 1.756517 0.142530 1.351471 0.399992 0.300512 1.033255 1.033255 1.033255
1.279199 1.227851 1.688710 0.143460 1.355890 0.382596 0.301095 1.019414 1.019414 1.019414
1.193313 1.200974 1.649253 0.140197 1.319264 0.373430 0.292671 0.968611 0.968610 0.968610
1.255649 1.267342 1.744728 0.142087 1.396714 0.395957 0.310741 1.034012 1.034012 1.034012
1.042787 1.059740 1.433998 0.118935 1.163209 0.300809 0.254055 0.652027 0.652026 0.652026
1.374786 1.382465 1.896572 0.157260 1.511441 0.391124 0.334664 0.862936 0.862936 0.862936
1.390021 1.390862 1.894427 0.159647 1.524654 0.389423 0.335218 0.873025 0.873024 0.873024
1.363254 1.338779 1.873369 0.157325 1.477646 0.378114 0.328352 0.836657 0.836656 0.836656
1.425698 1.394954 1.969053 0.165105 1.551505 0.394404 0.343824 0.879361 0.879360 0.879360
1.072713 1.357557 1.912848 0.162837 1.521735 0.387428 0.337390 0.866145 0.866145 0.866145
1.088120 1.389280 1.950702 0.167211 1.493652 0.400905 0.345461 0.897420 0.897419 0.897419
1.023438 1.268267 1.843539 0.128199 1.391196 0.350780 0.327842 0.847096 0.847096 0.847096
