0.951914 0.934259 0.959815 0.956487 0.940679 0.942418 0.950723 0.930171 0.930171 0.930171
0.986897 0.976713 1.004356 1.001163 0.977811 0.986161 0.989451 0.968674 0.968673 0.968673
0.889209 0.871551 0.895908 0.887537 0.879911 0.214900 0.890560 0.869653 0.869653 0.869653
1.027928 1.009019 1.047839 1.047426 1.033015 0.252554 1.042878 1.030485 1.030485 1.030485
0.978835 0.918762 1.002734 0.988723 1.004244 0.245849 0.994794 0.958307 0.958307 0.958307
0.956857 0.896314 0.981108 0.913500 0.976330 0.232609 0.191782 0.936124 0.936123 0.936123
1.162399 1.062653 1.200231 1.105878 1.192550 0.272424 0.233805 1.142117 1.142117 1.142117
1.120370 1.050506 1.182553 1.093373 1.172448 0.270263 0.231772 1.112546 1.112546 1.112546
1.134604 1.052322 1.187012 1.110590 1.203458 0.276067 0.236820 1.131236 1.131236 1.131236
1.093992 1.076616 1.220569 1.137943 1.234935 0.283973 0.242370 1.164810 1.164810 1.164810
1.065976 1.051642 1.142171 1.114841 1.205946 0.264382 0.236367 1.118572 1.118573 1.118573
1.063630 1.054863 1.133861 1.124953 1.211539 0.266537 0.235799 1.124098 1.124098 1.124098
1.092307 1.081396 1.163637 1.160680 1.253027 0.275475 0.243221 1.162910 1.162911 1.162911
1.008786 0.988886 1.074880 0.207183 1.158312 0.255405 0.225850 1.077427 1.077427 1.077427
1.167195 1.135687 1.243954 0.235599 1.335173 0.293699 0.256011 1.205307 1.205307 1.205307
1.204162 1.178926 1.287546 0.241643 1.385618 0.301335 0.265514 1.245341 1.245341 1.245341
1.214684 1.189003 1.303106 0.245391 1.411774 0.306022 0.269253 1.270720 1.270721 1.270721
1.178423 1.139878 1.258846 0.233373 1.030047 0.286036 0.254926 1.232042 1.232042 1.232042
1.235448 1.208990 1.327342 0.245761 1.083812 0.301753 0.268808 1.300382 1.300382 1.300382
1.202203 1.024870 1.308928 0.243711 1.079641 0.301653 0.267694 1.296635 1.296635 1.296635
1.055172 0.905717 1.136983 0.215601 0.950270 0.242197 0.231306 0.864122 0.864123 0.864123
1.394078 1.207890 1.513694 0.287072 1.267711 0.323788 0.308476 1.156206 1.156206 1.156206
1.253949 1.093067 1.365402 0.260218 1.134390 0.280217 0.278349 0.951269 0.951269 0.951269
1.406333 1.229424 1.539558 0.281091 1.280068 0.316685 0.314994 1.082367 1.082367 1.082367
1.411310 1.231799 1.519635 0.279877 1.277303 0.319155 0.306574 1.089351 1.089351 1.089351
1.301161 1.208379 1.457622 0.272635 1.243908 0.307050 0.303311 1.065159 1.065158 1.065158
1.320905 1.211160 1.481281 0.265592 1.256295 0.305215 0.308759 1.082487 1.082487 1.082487
1.330814 1.231079 1.500378 0.270882 1.224771 0.313696 0.314007 1.113988 1.113988 1.113988
1.036520 1.240191 1.508788 0.276553 1.243498 0.318980 0.318963 1.135817 1.135817 1.135817
1.076866 1.296145 1.572716 0.288426 1.299023 0.333077 0.334897 1.188418 1.188417 1.188417
1.086703 1.303176 1.595081 0.292076 1.316128 0.335245 0.338381 1.205279 1.205279 1.205279
0.863206 1.027889 1.259013 0.229691 1.038585 0.262627 0.267293 0.644212 0.644211 0.644211
1.220648 1.445967 1.779809 0.324322 1.449332 0.373179 0.377238 0.913440 0.913440 0.913440
1.184618 1.251133 1.746977 0.304205 1.424073 0.354230 0.368695 0.892680 0.892680 0.892680
1.200063 1.288865 1.821293 0.312033 1.443835 0.363466 0.376939 0.928807 0.928807 0.928807
1.190861 1.275827 1.753890 0.307094 1.375508 0.357555 0.374122 0.915571 0.915571 0.915571
1.212630 1.287514 1.779430 0.310514 1.397075 0.362891 0.379605 0.924684 0.924684 0.924684
1.100673 1.173149 1.618321 0.135568 1.226650 0.328889 0.344433 0.846029 0.846029 0.846029
1.266714 1.343435 1.839953 0.156650 1.408427 0.372726 0.392695 0.974242 0.974242 0.974242
1.259917 1.332770 1.797250 0.156022 1.405738 0.369914 0.387797 0.977115 0.977115 0.977115
1.241096 1.346145 1.801389 0.156935 1.418211 0.372723 0.389354 0.987909 0.987908 0.987908
1.234230 1.337323 1.793845 0.155289 1.406569 0.369790 0.374953 0.979521 0.979520 0.979520
1.261099 1.365281 1.815136 0.157441 1.433226 0.378110 0.381044 0.999263 0.999263 0.999263
1.255054 1.354415 1.803643 0.155977 1.381219 0.375664 0.376899 0.995119 0.995118 0.995118
1.250728 1.337627 1.793200 0.155881 1.380077 0.374535 0.343043 0.994737 0.994736 0.994736
1.255876 1.329028 1.806318 0.156980 1.365781 0.370903 0.344172 1.002688 1.002687 1.002687
1.281553 1.350422 1.849884 0.160784 1.391616 0.379755 0.353186 1.029587 1.029585 1.029585
1.268010 1.334713 1.820385 0.158931 1.354914 0.373335 0.348952 1.017964 1.017963 1.017963
1.216918 1.287658 1.766712 0.151476 1.307022 0.359975 0.339571 0.982213 0.982213 0.982213
1.138924 1.199054 1.615220 0.139416 1.280438 0.331882 0.325144 0.939424 0.939424 0.939424
1.152177 1.177332 1.641847 0.114966 1.282737 0.312332 0.331880 0.953760 0.953759 0.953759
1.267950 1.294624 1.801016 0.126227 1.376368 0.343933 0.365074 1.044339 1.044338 1.044338
1.036629 1.264767 1.659471 0.121953 1.347081 0.337280 0.354104 1.018545 1.018544 1.018544
1.078388 1.322414 1.735648 0.127609 1.387225 0.353439 0.370211 1.036274 1.036273 1.036273
0.946862 1.161125 1.523959 0.112045 1.218031 0.310332 0.293264 0.786349 0.786348 0.786348
1.050368 1.350534 1.769880 0.130208 1.409302 0.360192 0.338980 0.888490 0.888489 0.888489
1.111017 1.367396 1.890786 0.138636 1.491531 0.381802 0.357409 0.949017 0.949016 0.949016
1.035759 1.313903 1.835185 0.133938 1.440924 0.364502 0.344723 0.870096 0.870095 0.870095
1.103334 1.394538 1.963925 0.141266 1.516094 0.388659 0.363986 0.932442 0.932441 0.932441
1.053274 1.305241 1.897284 0.131936 1.431754 0.361007 0.337400 0.871792 0.871791 0.871791
