0.968969 0.945655 0.975775 0.965606 0.974275 0.934159 0.972408 0.973148 0.973148 0.973148
0.961193 0.940762 0.973144 0.922576 0.972398 0.933784 0.973316 0.979360 0.979360 0.979360
0.981565 0.959888 0.984140 0.934831 0.990268 0.954256 0.988569 0.998536 0.998536 0.998536
0.943822 0.822904 0.957093 0.868774 0.964053 0.897461 0.957288 0.966859 0.966859 0.966859
0.955842 0.827204 0.969504 0.864724 0.972667 0.903316 0.949800 0.946727 0.946727 0.946727
0.980093 0.832461 1.002354 0.890924 0.985575 0.916995 0.972681 0.948575 0.948575 0.948575
0.918245 0.772412 0.929728 0.821260 0.922215 0.207786 0.910328 0.885521 0.885521 0.885521
1.092886 0.919143 1.110225 0.984016 1.108643 0.248975 1.089200 1.066101 1.066102 1.066102
0.987522 0.828848 1.004099 0.840370 0.996286 0.217746 0.194096 0.962635 0.962635 0.962635
0.999058 0.844300 1.005341 0.856926 1.010765 0.201515 0.193313 0.739465 0.739465 0.739465
1.230323 1.043750 1.240496 0.507595 1.204064 0.247788 0.237976 0.917926 0.917926 0.917926
1.208374 1.025129 1.218365 0.498539 1.182583 0.243367 0.210869 0.779146 0.779146 0.779146
1.436597 1.220562 1.465492 0.605078 1.427823 0.294140 0.253956 0.949489 0.949489 0.949489
1.394204 1.256878 1.516744 0.624021 1.474719 0.304535 0.261602 0.984041 0.984041 0.984041
1.359430 1.228563 1.420294 0.611772 1.441087 0.283720 0.255297 0.945626 0.945627 0.945627
1.366769 1.220599 1.421907 0.602952 1.089637 0.274826 0.250496 0.950156 0.950157 0.950157
1.452973 1.295506 1.486766 0.635962 1.151784 0.293400 0.258263 1.013017 1.013017 1.013017
1.489846 1.323499 1.532180 0.654376 1.185732 0.300062 0.265151 1.043926 1.043926 1.043926
1.420881 1.268893 1.453823 0.631135 1.138594 0.289141 0.252825 1.002728 1.002728 1.002728
1.439394 1.271494 1.459772 0.641278 1.169084 0.295446 0.258414 1.019899 1.019899 1.019899
1.450902 1.277002 1.478224 0.640014 1.163968 0.298096 0.258191 1.034242 1.034243 1.034243
1.321552 1.219579 1.409622 0.610697 1.105805 0.284090 0.245046 0.959514 0.959514 0.959514
1.416263 1.300186 1.510183 0.653496 1.169467 0.305927 0.262095 1.031066 1.031066 1.031066
1.423503 1.305816 1.513025 0.655324 1.146085 0.307685 0.263323 1.031148 1.031148 1.031148
1.427202 1.302724 1.498634 0.659687 1.146404 0.303777 0.261546 1.034450 1.034451 1.034451
1.424624 1.312619 1.507408 0.663637 1.155479 0.306830 0.263532 1.045733 1.045733 1.045733
1.360970 1.092395 1.459346 0.646084 1.130010 0.301127 0.257647 1.023676 1.023676 1.023676
1.420062 1.137819 1.521671 0.677285 1.187435 0.316212 0.270015 1.075992 1.075992 1.075992
1.256135 0.996574 1.346288 0.115794 1.051355 0.280802 0.240150 0.954828 0.954828 0.954828
1.366578 1.153619 1.523819 0.133104 1.208185 0.318785 0.280366 1.101695 1.101695 1.101695
1.438571 1.224574 1.619034 0.141462 1.275175 0.338707 0.296271 1.164926 1.164927 1.164927
1.411652 1.190868 1.585002 0.139209 1.254603 0.332517 0.265527 1.146641 1.146641 1.146641
1.426009 1.210151 1.606433 0.141167 1.274350 0.337603 0.271075 1.166538 1.166538 1.166538
1.348791 1.122245 1.537651 0.130632 1.192391 0.310699 0.248965 1.080632 1.080632 1.080632
1.425642 1.173732 1.630442 0.138479 1.242164 0.323884 0.262934 1.146615 1.146615 1.146615
1.157103 0.945954 1.314953 0.111273 1.001568 0.259254 0.212219 0.626205 0.626204 0.626204
1.619733 1.322802 1.843183 0.154985 1.398239 0.362054 0.287672 0.873964 0.873964 0.873964
1.606730 1.318863 1.838265 0.154641 1.373037 0.361780 0.286790 0.847882 0.847882 0.847882
1.612146 1.320043 1.789925 0.153886 1.322611 0.359856 0.287812 0.845097 0.845096 0.845096
1.599883 1.343609 1.815802 0.156653 1.338834 0.367576 0.293761 0.847601 0.847601 0.847601
1.619658 1.368657 1.844255 0.157665 1.363411 0.370074 0.298964 0.859362 0.859361 0.859361
1.510948 1.239244 1.728716 0.119893 1.259527 0.321162 0.281401 0.804553 0.804553 0.804553
1.618510 1.361119 1.884193 0.131139 1.381804 0.351895 0.307234 0.884562 0.884562 0.884562
1.334506 1.341055 1.750900 0.127778 1.363921 0.348028 0.300540 0.870064 0.870063 0.870063
1.395895 1.342728 1.849747 0.134540 1.427480 0.364815 0.313363 0.919020 0.919020 0.919020
1.373787 1.343795 1.873466 0.134068 1.406035 0.363657 0.311238 0.928956 0.928956 0.928956
1.350109 1.303887 1.843092 0.126435 1.374702 0.349944 0.306714 0.913929 0.913929 0.913929
1.261267 1.211944 1.681968 0.116156 1.344278 0.322043 0.293146 0.872516 0.872516 0.872516
1.246567 1.205085 1.667078 0.115692 1.321743 0.306241 0.290648 0.788782 0.788782 0.788782
1.088495 1.361040 1.879463 0.132419 1.504484 0.349114 0.330993 0.901645 0.901645 0.901645
1.107823 1.401379 1.923822 0.135373 1.536757 0.357535 0.338818 0.923851 0.923850 0.923850
1.033697 1.347750 1.868904 0.130902 1.485932 0.341637 0.327081 0.847773 0.847772 0.847772
1.087620 1.405357 1.959216 0.136764 1.559452 0.358273 0.342919 0.884704 0.884703 0.884703
1.125686 1.448345 2.035087 0.142075 1.611612 0.372055 0.356918 0.921393 0.921392 0.921392
1.113352 1.427921 2.009679 0.139882 1.543514 0.367359 0.350850 0.911889 0.911889 0.911889
1.071002 1.380817 1.955007 0.133634 1.492454 0.355045 0.342219 0.881931 0.881931 0.881931
1.102939 1.418315 1.977188 0.137806 1.542300 0.364831 0.349906 0.915823 0.915822 0.915822
1.084983 1.407611 1.955405 0.137233 1.468107 0.366117 0.347453 0.920227 0.920226 0.920226
1.110844 1.439611 1.991129 0.140369 1.479088 0.372443 0.355225 0.941474 0.941474 0.941474
1.038927 1.287461 1.871440 0.130139 1.412252 0.356089 0.332804 0.859917 0.859916 0.859916
