0.941735 0.839626 0.952478 0.910187 0.953466 0.921103 0.948403 0.948324 0.948324 0.948324
0.954592 0.865473 0.993597 0.934174 0.967284 0.945693 0.970199 0.987301 0.987301 0.987301
0.938401 0.844485 0.976969 0.902555 0.947310 0.923951 0.934384 0.938395 0.938395 0.938395
0.950883 0.845606 0.985767 0.896536 0.721913 0.902022 0.924020 0.950303 0.950303 0.950303
1.032819 0.915094 1.076105 0.977186 0.787252 0.977197 1.004904 1.037357 1.037357 1.037357
1.015590 0.898244 1.057432 0.965373 0.779609 0.967044 0.992483 1.027567 1.027567 1.027567
0.990588 0.859882 1.039962 0.946131 0.751442 0.933828 0.966840 0.979378 0.979378 0.979378
0.994334 0.852188 1.044981 0.911344 0.750408 0.917831 0.973161 0.984141 0.984141 0.984141
0.934624 0.793136 0.982430 0.165567 0.706013 0.866086 0.919718 0.928003 0.928003 0.928003
1.009149 0.897920 1.110544 0.187276 0.795101 0.978436 1.034744 1.020587 1.020588 1.020588
0.999133 0.862862 1.104791 0.151141 0.779551 0.901174 1.033669 1.014076 1.014076 1.014076
0.995236 0.914533 1.144934 0.159071 0.820225 0.936721 1.104917 1.071301 1.071301 1.071301
1.035807 0.948355 1.197099 0.163919 0.843185 0.975852 1.139853 1.121685 1.121686 1.121686
0.993356 0.891708 1.161793 0.153797 0.799938 0.910587 1.061452 1.053545 1.053546 1.053546
1.025021 0.924986 1.192730 0.160492 0.831094 0.949363 1.095064 1.094909 1.094909 1.094909
0.844815 0.757013 0.976820 0.130956 0.680486 0.771675 0.897522 0.607217 0.607217 0.607217
1.185345 1.059405 1.345972 0.183992 0.958097 1.080349 1.250298 0.859098 0.859098 0.859098
1.179362 1.008959 1.352562 0.184274 0.953806 1.077190 1.240019 0.863151 0.863152 0.863152
1.178795 1.014731 1.356331 0.183111 0.958994 1.070754 1.245971 0.864027 0.864028 0.864028
1.205454 1.036802 1.373565 0.185802 0.977977 1.095751 1.267258 0.882172 0.882172 0.882172
1.143255 0.856606 1.320143 0.179578 0.949497 1.067599 1.229989 0.857312 0.857312 0.857312
1.074077 0.809655 1.243778 0.170019 0.887432 0.965030 1.159228 0.736727 0.736727 0.736727
1.218214 0.908664 1.415183 0.193400 0.992013 1.079477 1.313711 0.838819 0.838819 0.838819
1.190729 0.889488 1.399505 0.192985 0.984727 1.072658 1.300771 0.840417 0.840417 0.840417
1.215625 0.907379 1.424174 0.196566 0.980205 1.095775 1.327405 0.853692 0.853692 0.853692
1.198529 0.884922 1.391756 0.194384 0.979536 1.089722 1.320464 0.845089 0.845089 0.845089
1.227669 0.902576 1.430727 0.199848 1.001848 1.119958 1.360183 0.871049 0.871049 0.871049
1.127540 0.792668 1.320540 0.181951 0.939373 1.051525 1.251413 0.781284 0.781284 0.781284
1.189018 0.857079 1.416915 0.195922 1.014536 1.134225 1.345038 0.845616 0.845616 0.845616
1.105910 0.795558 1.319072 0.172231 0.938467 1.021061 0.246719 0.785952 0.785951 0.785951
1.355085 0.969979 1.596753 0.211891 1.147254 1.232025 0.299489 0.963617 0.963616 0.963616
1.329418 0.962716 1.575505 0.208807 1.129609 1.216248 0.295516 0.951747 0.951747 0.951747
1.337930 0.967885 1.587736 0.209096 1.133782 1.221157 0.288000 0.954992 0.954991 0.954991
1.342565 0.962517 1.589489 0.210417 1.140701 1.225931 0.263948 0.961245 0.961244 0.961244
1.351450 0.978012 1.612287 0.213463 1.159432 1.248702 0.268197 0.979929 0.979928 0.979928
1.106997 0.806620 1.307019 0.176237 0.952389 0.935665 0.216273 0.609472 0.609471 0.609471
1.349302 1.013357 1.658610 0.222613 1.202952 1.167902 0.272729 0.730586 0.730585 0.730585
1.414872 1.068011 1.748607 0.234797 1.248698 1.233633 0.287413 0.749241 0.749240 0.749240
1.424497 1.065647 1.754075 0.234735 1.253981 1.237929 0.288338 0.748170 0.748169 0.748169
1.453122 1.086855 1.795260 0.241059 1.292037 1.271337 0.295689 0.772012 0.772011 0.772011
1.456423 1.098456 1.816095 0.243928 1.298374 1.286105 0.297500 0.777231 0.777230 0.777230
1.304809 0.979144 1.589389 0.214910 1.217590 1.135045 0.272683 0.711594 0.711593 0.711593
1.433797 1.070344 1.745977 0.235806 1.320359 1.253304 0.299055 0.784059 0.784057 0.784057
1.435115 1.077714 1.753378 0.236934 1.328859 1.260821 0.302508 0.790359 0.790357 0.790357
1.361646 1.084984 1.774151 0.238892 1.341837 1.276212 0.304653 0.800818 0.800817 0.800817
1.349487 1.049423 1.770658 0.235937 1.337137 1.219378 0.303004 0.797090 0.797089 0.797089
1.329918 1.031654 1.693388 0.230604 1.265088 1.191289 0.298668 0.780321 0.780320 0.780320
1.321824 1.030760 1.702039 0.227621 1.263870 1.189601 0.300998 0.779753 0.779752 0.779752
1.373059 1.067308 1.765280 0.235373 1.271314 1.233630 0.310754 0.810503 0.810502 0.810502
1.317574 1.050452 1.731606 0.231685 1.244369 1.218443 0.306693 0.786034 0.786033 0.786033
1.358817 1.082168 1.776101 0.238706 1.262821 1.248534 0.315840 0.810049 0.810048 0.810048
1.341476 1.071002 1.683934 0.236944 1.249436 1.177725 0.312078 0.788150 0.788149 0.788149
1.371802 1.093460 1.693725 0.240403 1.270426 1.209462 0.309507 0.808308 0.808307 0.808307
1.363723 1.090144 1.692795 0.230185 1.270709 1.211580 0.310463 0.815218 0.815218 0.815218
1.053391 1.089154 1.688242 0.233065 1.279497 1.221824 0.312761 0.824337 0.824336 0.824336
0.890839 1.100638 1.609070 0.232920 1.295349 1.239409 0.313799 0.831633 0.831632 0.831632
0.801544 0.990314 1.447783 0.209573 1.165508 1.115175 0.254729 0.646680 0.646679 0.646679
0.957888 1.193985 1.739435 0.253538 1.347782 1.359526 0.307283 0.789384 0.789384 0.789384
0.922212 1.138436 1.657937 0.240164 1.295946 0.316563 0.295523 0.757252 0.757252 0.757252
0.976296 1.209848 1.758622 0.122294 1.327115 0.334623 0.312741 0.808077 0.808077 0.808077
