0.985306 0.985341 0.984235 0.986071 0.987352 0.989176 0.981594 0.987230 0.987230 0.987230
0.980432 0.979573 0.978565 0.980533 0.983668 0.985517 0.977348 0.985043 0.985043 0.985043
0.934164 0.954063 0.980225 0.982196 0.985337 0.987188 0.979005 0.980981 0.980981 0.980981
0.942638 0.960265 0.988317 0.988859 0.990538 0.994491 0.990191 0.991376 0.991377 0.991377
0.933696 0.951818 0.983424 0.972303 0.988322 0.984014 0.987376 0.986689 0.986689 0.986689
0.839559 0.899370 0.927747 0.907542 0.929676 0.920190 0.891444 0.928302 0.928302 0.928302
0.919818 0.985348 1.016437 0.994301 1.018550 1.008158 0.976663 1.012988 1.012989 1.012989
0.906134 0.971075 1.005211 0.982162 1.004369 0.995739 0.961816 0.992788 0.992789 0.992789
0.908907 0.974555 1.009192 0.988635 1.011424 0.995735 0.966591 0.994745 0.994746 0.994746
0.903892 0.985064 1.020075 0.983180 1.022330 1.006472 0.977014 1.005472 1.005472 1.005472
0.889740 0.978274 1.011789 0.977366 1.015550 0.996737 0.971557 1.000063 1.000064 1.000064
0.862753 0.944035 0.992620 0.941262 0.985768 0.973095 0.950441 0.981901 0.981902 0.981902
0.803714 0.879142 0.924387 0.876560 0.918007 0.911619 0.891028 0.925561 0.925562 0.925562
0.866892 0.954956 1.003089 0.944974 0.989818 0.987119 0.947758 1.003310 1.003311 1.003311
0.871243 0.958666 0.999400 0.945128 0.989360 0.990538 0.951981 0.990780 0.990781 0.990781
0.893757 0.983440 1.025227 0.969552 1.014927 1.016135 0.976583 1.006568 1.006569 1.006569
0.880159 0.968136 1.004427 0.952083 1.000252 1.000471 0.962180 0.985570 0.985572 0.985572
0.883239 0.972876 1.010980 0.961475 1.010749 1.007761 0.952195 0.994282 0.994284 0.994284
0.782935 0.837860 0.870676 0.852285 0.895964 0.893315 0.844059 0.749252 0.749252 0.749252
0.936496 1.002193 1.041446 1.019449 1.071694 1.068526 1.009609 0.877225 0.877226 0.877226
0.919705 0.988996 1.023661 1.005231 1.054644 1.051627 0.952272 0.852962 0.852962 0.852962
0.914578 0.846457 1.017955 0.999628 0.902643 1.045765 0.946963 0.848189 0.848190 0.848190
0.976035 0.907238 1.093795 1.070324 0.969384 1.111453 1.017509 0.910171 0.910172 0.910172
0.975643 0.905006 1.095281 1.069114 0.969647 1.111854 1.017098 0.908909 0.908910 0.908910
0.942406 0.905161 1.090274 1.069297 0.965214 1.110761 1.000468 0.905167 0.905167 0.905167
0.954357 0.921929 1.110471 1.089105 0.977454 1.131337 1.019002 0.921935 0.921936 0.921936
0.943959 0.911884 1.098373 1.077240 0.966805 1.119011 1.007900 0.895243 0.895244 0.895244
0.909403 0.877602 1.058164 1.042994 0.926535 1.057781 0.968397 0.856779 0.856780 0.856780
0.927812 0.894280 1.077737 1.053765 0.943737 0.998053 0.986372 0.872930 0.872931 0.872931
0.956270 0.917549 1.113685 1.087318 0.974686 1.031027 1.009656 0.901667 0.901669 0.901669
0.938494 0.887986 1.095596 1.068409 0.949580 1.015354 0.981483 0.883028 0.883029 0.883029
0.962593 0.910788 1.123729 1.095844 0.973963 1.041427 1.006686 0.885730 0.885731 0.885731
0.866474 0.821203 0.998150 0.932954 0.859722 0.925045 0.916869 0.773523 0.773524 0.773524
0.988194 0.933926 1.136794 1.063449 0.980639 1.052157 1.043450 0.882204 0.882205 0.882205
0.949091 0.896970 1.091812 1.021368 0.941835 1.010524 1.002161 0.785050 0.785051 0.785051
1.007061 0.951611 1.161353 1.084785 1.000948 1.073221 1.061110 0.833875 0.833875 0.833875
1.003157 0.950456 1.150997 1.084581 1.001508 1.071281 1.058352 0.833288 0.833289 0.833289
1.006608 0.953726 1.154957 1.088313 1.004954 1.074967 1.061993 0.820595 0.820596 0.820596
0.990952 0.944470 1.144105 1.069956 0.997239 1.062689 1.043847 0.803383 0.803384 0.803384
0.916821 0.873816 1.058517 0.989914 0.830451 0.983191 0.965759 0.661176 0.661176 0.661176
1.045640 0.995845 1.199588 1.134945 0.942168 1.117913 1.101630 0.756280 0.756280 0.756280
1.023806 0.975051 1.162885 1.111247 0.913341 1.083709 1.078627 0.727156 0.727157 0.727157
1.053340 1.002251 1.193992 1.144258 0.934555 1.114500 1.110125 0.747150 0.747151 0.747151
0.986258 0.926416 1.125344 1.070508 0.876808 1.035744 1.036565 0.678010 0.678011 0.678011
1.063803 1.001726 1.216487 1.156008 0.944359 1.117026 1.119507 0.728935 0.728936 0.728936
1.036800 0.974868 1.187049 1.127314 0.920024 1.090218 1.094602 0.688315 0.688315 0.688315
1.071977 1.006421 1.226208 1.160607 0.949205 1.125374 1.127234 0.706322 0.706323 0.706323
1.033934 0.937564 1.204050 1.142768 0.918504 1.095619 1.104331 0.694708 0.694709 0.694709
1.016900 0.918777 1.120825 1.125192 0.894934 1.049465 1.083001 0.667618 0.667618 0.667618
1.096171 0.990398 1.208197 1.212905 0.964697 1.131274 1.167424 0.713577 0.713578 0.713578
1.095785 0.990050 1.207772 1.212478 0.964357 1.130876 1.167014 0.705421 0.705422 0.705422
1.077737 0.959871 1.184346 1.192006 0.943182 1.103216 1.139389 0.682833 0.682833 0.682833
1.110715 0.987108 1.215288 1.225677 0.969686 1.136438 1.169341 0.701849 0.701850 0.701850
1.053956 0.932798 1.148424 1.147928 0.911104 1.075093 1.105004 0.641418 0.641418 0.641418
1.089240 0.966962 1.185254 1.189146 0.941087 1.111740 1.089618 0.654497 0.654497 0.654497
1.122823 0.998344 1.222577 1.226033 0.971572 1.144723 1.125444 0.670435 0.670436 0.670436
1.131584 1.005968 1.231922 1.233575 0.978339 1.149809 1.132929 0.677308 0.677308 0.677308
1.119812 0.990650 1.218892 1.222702 0.968473 1.137422 1.116521 0.667660 0.667660 0.667660
1.135979 1.004952 1.236489 1.240354 0.982454 1.153843 1.132640 0.670730 0.670731 0.670731
1.129954 0.998250 1.217273 1.225221 0.975833 1.139990 1.124731 0.664227 0.664228 0.664228
1.116237 0.988147 1.205222 1.213759 0.963904 1.121783 1.110194 0.646603 0.646603 0.646603
1.130400 1.000506 1.215115 1.228035 0.973884 1.127461 1.115890 0.648027 0.648027 0.648027
1.151368 1.020272 1.238289 1.251813 0.991882 1.147678 1.133808 0.660939 0.660939 0.660939
1.130174 1.004446 1.206490 1.225115 0.969938 1.123113 1.104782 0.649442 0.649443 0.649443
1.136136 1.013826 1.214731 1.234946 0.978574 1.132746 1.111173 0.649644 0.649644 0.649644
1.085700 0.971274 1.183680 1.187099 0.939476 1.094405 1.055306 0.618181 0.618181 0.618181
1.142830 1.017448 1.245084 1.243882 0.982287 1.139588 1.106410 0.650989 0.650990 0.650990
1.134929 1.008632 1.228369 1.229972 0.974596 1.130221 1.095628 0.642260 0.642261 0.642261
1.134106 1.006429 1.226181 1.224915 0.979226 1.122525 1.098642 0.638187 0.638187 0.638187
1.063502 0.968802 1.181892 1.146953 0.947925 1.071259 1.059953 0.613746 0.613746 0.613746
1.121926 1.022024 1.063038 1.195690 0.987438 1.130109 1.118182 0.643766 0.643766 0.643766
1.091766 0.945891 0.956551 1.138837 0.957669 1.092834 1.081973 0.615443 0.615443 0.615443
1.181711 1.024038 1.036633 1.231832 1.038016 1.183324 1.169157 0.663624 0.663624 0.663624
1.181424 1.015050 1.032804 1.226825 1.037388 1.181657 1.169062 0.656216 0.656217 0.656217
1.114638 0.989904 0.993867 1.158994 1.007240 1.142988 1.104424 0.634869 0.634870 0.634870
1.153311 1.029039 1.032048 1.203037 1.044721 1.186057 1.143446 0.649962 0.649963 0.649963
1.060845 0.946537 0.949304 1.106584 0.960961 1.090965 1.051770 0.517626 0.517626 0.517626
1.189389 1.060532 1.064446 1.242475 1.076374 1.164109 1.174357 0.574992 0.574992 0.574992
1.202863 1.072547 1.076505 1.256551 1.088567 1.177296 1.187661 0.568393 0.568393 0.568393
1.210906 1.079719 1.083704 1.264954 1.095847 1.185169 1.195603 0.561091 0.561091 0.561091
1.207749 1.078623 1.079413 1.266577 1.092595 1.173046 1.191927 0.559803 0.559804 0.559804
1.218529 1.087658 1.086625 1.276600 1.103739 1.181045 1.201199 0.559722 0.559722 0.559722
1.210149 1.081187 1.083190 1.270919 1.092736 1.176281 1.200404 0.556861 0.556861 0.556861
1.211994 1.070861 1.084841 1.272856 1.086894 1.176935 1.193987 0.546704 0.546704 0.546704
1.228744 1.085074 1.099649 1.292112 1.102151 1.193543 1.207878 0.552500 0.552499 0.552499
1.221366 1.079795 1.094695 1.285352 1.092823 1.182045 1.200792 0.545718 0.545718 0.545718
1.222886 1.076346 1.090176 1.287008 1.091066 1.183716 1.202450 0.545171 0.545171 0.545171
1.208922 1.033239 1.027449 1.272312 1.059575 1.170200 1.188719 0.535046 0.535046 0.535046
1.246317 1.061878 1.060817 1.312571 1.093957 1.207803 1.227861 0.552380 0.552380 0.552380
1.254147 1.066646 1.065177 1.320344 1.099979 1.212742 1.230711 0.555718 0.555718 0.555718
1.204295 1.029723 1.020238 1.271530 0.938781 1.167084 1.183024 0.523609 0.523609 0.523609
1.255771 1.077786 1.066385 1.322665 0.986811 1.200070 1.243261 0.549386 0.549386 0.549386
1.208264 1.090209 1.075805 1.338119 0.995557 1.210990 1.257505 0.554516 0.554516 0.554516
1.191459 1.075045 1.060842 1.319508 0.981710 1.194147 1.240015 0.527916 0.527916 0.527916
1.229900 1.109730 1.090162 1.360992 1.012574 1.231690 1.279000 0.543503 0.543503 0.543503
1.212620 1.094139 1.074845 1.341870 0.990283 1.214385 1.261030 0.524532 0.524533 0.524533
1.205289 1.087582 1.070335 1.332673 0.978853 1.209431 1.234422 0.521872 0.521872 0.521872
1.209222 1.091131 1.073828 1.337022 0.982047 1.213378 1.238450 0.506427 0.506427 0.506427
1.218336 1.101721 1.082174 1.354293 0.995853 1.224715 1.248568 0.505449 0.505449 0.505449
1.222888 1.105576 1.086056 1.358462 0.996684 1.223736 1.250818 0.502714 0.502714 0.502714
