0.976742 0.977654 0.980396 0.979128 0.973701 0.979539 0.982855 0.978479 0.978479 0.978479
0.876200 0.921611 0.922717 0.911765 0.913770 0.913853 0.885276 0.918414 0.918414 0.918414
0.940264 0.987251 0.983689 0.974223 0.979675 0.979379 0.947294 0.979118 0.979118 0.979118
0.940962 0.988672 0.988927 0.967803 0.987578 0.979069 0.954356 0.984551 0.984552 0.984552
0.947973 0.996038 0.996295 0.975014 0.986899 0.986364 0.961466 0.970906 0.970907 0.970907
0.964877 1.013800 1.014061 0.992401 1.004497 1.003952 0.978611 0.979865 0.979866 0.979866
0.949839 0.997999 0.851113 0.965410 0.976420 0.988305 0.963359 0.959086 0.959087 0.959087
0.979153 1.028800 0.877380 0.995205 1.006555 1.018807 0.993090 0.970636 0.970637 0.970637
0.979066 1.029117 0.880716 0.997813 1.007440 1.021361 0.992675 0.965561 0.965562 0.965562
0.980089 1.031374 0.882965 0.999632 1.005997 1.018695 0.993850 0.960472 0.960473 0.960473
0.866071 0.885464 0.758051 0.883341 0.888966 0.900186 0.878232 0.721513 0.721513 0.721513
1.026249 1.048859 0.893624 1.043732 1.054186 1.066457 1.041152 0.850054 0.850054 0.850054
1.019007 1.047644 0.892867 1.034983 1.055122 1.063374 1.032194 0.839406 0.839407 0.839407
1.022213 1.053087 0.897706 1.041166 1.058351 1.062582 1.034617 0.829777 0.829778 0.829778
1.040887 1.072161 0.916357 1.061195 1.079395 1.082977 1.051276 0.845822 0.845822 0.845822
0.955286 0.983988 0.840997 0.973924 0.990627 0.993914 0.964820 0.672097 0.672097 0.672097
1.031856 1.058469 0.904654 1.038315 1.059529 1.070322 1.037851 0.699189 0.699189 0.699189
1.092189 1.120358 0.957550 1.099026 1.121481 1.132905 1.098535 0.725710 0.725710 0.725710
1.070392 1.103322 0.939254 1.081461 1.101359 1.112685 1.034007 0.704181 0.704180 0.704180
1.046568 1.081498 0.936445 1.063641 1.081847 1.099924 1.004767 0.685598 0.685598 0.685598
1.088298 1.129880 0.977285 1.109585 1.127719 1.147081 1.045473 0.705409 0.705408 0.705408
1.045946 1.110015 0.987445 1.121120 1.139443 1.159006 1.056341 0.708601 0.708601 0.708601
1.049007 1.115041 0.988993 1.128787 1.142366 1.153516 1.058937 0.710898 0.710898 0.710898
0.960724 1.020863 0.905461 1.033448 1.045880 1.062399 0.975982 0.658795 0.658795 0.658795
1.054253 1.110683 0.990180 1.129722 1.147283 1.164466 1.071170 0.715035 0.715035 0.715035
1.064539 1.121519 0.999840 1.140744 1.158477 1.175827 1.081621 0.714010 0.714010 0.714010
1.062487 1.113955 0.997208 1.133368 1.148500 1.160924 1.075234 0.712940 0.712940 0.712940
1.058540 1.104406 0.993329 1.130971 1.144601 1.156179 1.066823 0.707535 0.707535 0.707535
1.067770 1.114276 1.003227 1.140067 1.156196 1.166711 1.074330 0.711002 0.711002 0.711002
1.049990 1.103469 0.992495 1.120500 1.136540 1.151762 1.041807 0.702659 0.702659 0.702659
1.051888 1.103851 0.993238 1.118721 1.144834 1.146818 1.047321 0.699972 0.699972 0.699972
1.040961 1.095711 0.981582 1.109702 1.132318 1.135575 0.988904 0.683929 0.683929 0.683929
1.075780 1.129172 1.013013 1.146212 1.170366 1.170405 1.019813 0.706820 0.706820 0.706820
1.072056 1.124419 1.003103 1.148256 1.160199 1.162793 1.016445 0.706432 0.706432 0.706432
1.049452 1.100710 0.972209 1.124045 1.124466 1.126980 0.995014 0.679087 0.679087 0.679087
1.058900 1.095195 0.983307 1.135551 1.126301 1.141052 0.994443 0.683746 0.683746 0.683746
1.086910 1.129021 1.016227 1.169441 1.163399 1.166425 1.027732 0.705699 0.705699 0.705699
1.048440 0.937325 0.980259 1.128050 0.965866 1.125141 0.991357 0.680707 0.680707 0.680707
1.127723 1.009400 1.054927 1.214323 1.038834 1.209490 1.063714 0.733172 0.733172 0.733172
1.058522 0.901105 0.915616 1.115602 0.971816 1.128152 0.992798 0.676080 0.676080 0.676080
1.035800 0.881762 0.895961 1.091654 0.855939 1.103936 0.971487 0.588486 0.588486 0.588486
1.181571 1.005855 1.022052 1.245286 0.976397 1.259296 1.108207 0.656168 0.656168 0.656168
1.119948 0.985488 0.988084 1.181892 0.952419 1.223738 1.051791 0.637768 0.637768 0.637768
1.121140 1.037143 1.037107 1.244036 0.999702 1.284792 1.106846 0.669744 0.669744 0.669744
1.112374 1.038195 1.036873 1.246527 1.000979 1.282495 1.109427 0.671445 0.671445 0.671445
1.111499 1.037920 1.036987 1.249930 1.004144 1.277571 1.110659 0.670189 0.670189 0.670189
1.115421 1.041019 1.040472 1.255959 1.007903 1.282447 1.112175 0.670418 0.670417 0.670417
1.103658 1.031474 1.032603 1.250596 1.004226 1.273711 1.085227 0.666877 0.666877 0.666877
1.124445 1.050901 1.052051 1.274151 1.023140 1.297701 1.105667 0.676728 0.676727 0.676727
1.097718 1.011307 1.023990 1.243342 0.993248 1.256566 1.071484 0.650197 0.650197 0.650197
1.107831 1.019473 1.024483 1.248736 0.996932 1.266181 1.080751 0.644756 0.644756 0.644756
1.138042 1.045016 1.047853 1.279862 1.021635 1.300098 1.105579 0.660572 0.660572 0.660572
1.073111 0.981823 0.935179 1.208184 0.954348 1.193949 1.039491 0.608621 0.608621 0.608621
1.145137 1.049370 0.998584 1.289510 1.019945 1.272646 1.111464 0.645389 0.645388 0.645388
1.096440 1.004745 0.956118 1.234673 0.976572 1.218526 1.064198 0.572547 0.572547 0.572547
1.128367 1.070653 1.014005 1.315664 1.035697 1.296959 1.115274 0.607488 0.607488 0.607488
1.127002 1.073390 1.015195 1.310886 1.042795 1.277402 1.122657 0.610528 0.610527 0.610527
1.133561 1.079050 1.018832 1.317193 1.050188 1.282153 1.127908 0.608559 0.608559 0.608559
1.131006 1.076617 1.016535 1.314224 1.047821 1.279263 1.125365 0.593798 0.593798 0.593798
1.152495 1.097073 1.031207 1.338123 1.066876 1.302527 1.145830 0.603476 0.603475 0.603475
1.018073 0.970724 0.898892 1.117981 0.924180 1.135398 1.024144 0.517200 0.517200 0.517200
1.168355 1.114017 1.031581 1.283011 1.060602 1.302999 1.175322 0.587814 0.587814 0.587814
1.115091 1.026930 1.002332 1.250061 1.015550 1.255262 1.139384 0.572095 0.572094 0.572094
1.140198 1.053151 1.017307 1.274404 1.034484 1.279607 1.156500 0.585579 0.585579 0.585579
1.139009 1.052108 1.018137 1.272039 1.027691 1.280801 1.137795 0.585541 0.585541 0.585541
1.152820 1.053090 1.030483 1.287463 1.033017 1.295078 1.143692 0.580947 0.580946 0.580946
1.175522 1.071915 1.048507 1.312347 1.052545 1.317703 1.161624 0.592245 0.592245 0.592245
1.079321 1.010294 0.989533 1.203160 0.997624 1.231265 1.097315 0.557671 0.557670 0.557670
1.144868 1.070179 1.038824 1.267378 1.056681 1.297239 1.161989 0.588926 0.588926 0.588926
1.111870 1.044889 1.006320 1.234411 0.912091 1.262606 1.129675 0.561213 0.561213 0.561213
1.085188 1.006767 0.988664 1.203802 0.892003 1.223121 1.099531 0.530866 0.530866 0.530866
1.171550 1.085897 1.066472 1.298729 0.964168 1.322114 1.187775 0.574687 0.574686 0.574686
1.168501 1.078182 1.066467 1.296819 0.963639 1.321701 1.176562 0.574442 0.574442 0.574442
1.147526 1.057542 1.045530 1.261161 0.944786 1.200386 1.153537 0.563360 0.563360 0.563360
1.191127 1.094302 1.086882 1.309983 0.982127 1.247448 1.199684 0.585597 0.585597 0.585597
1.173347 1.077967 1.070658 1.290428 0.967467 1.228827 1.181776 0.557963 0.557963 0.557963
1.198525 1.098831 1.095559 1.317157 0.988892 1.256153 1.207132 0.569375 0.569374 0.569374
1.194715 1.095337 1.092076 1.312969 0.985748 1.252159 1.203294 0.557003 0.557003 0.557003
1.189119 1.094613 1.088643 1.310394 0.984673 1.250389 1.198265 0.551656 0.551656 0.551656
1.189831 1.094549 1.089411 1.313087 0.984322 1.190736 1.194044 0.546892 0.546892 0.546892
1.190632 1.095286 1.090144 1.313970 0.984985 1.191538 1.194848 0.528357 0.528357 0.528357
1.225023 1.133425 1.128104 1.359725 1.013436 1.233029 1.236454 0.546755 0.546755 0.546755
1.218297 1.127202 1.121911 1.352259 1.007871 1.226259 1.229665 0.538480 0.538480 0.538480
1.198476 1.111250 1.103916 1.337363 0.997891 1.208471 1.210419 0.524740 0.524740 0.524740
1.206140 1.117322 1.108711 1.347039 0.998787 1.215687 1.218580 0.527403 0.527403 0.527403
1.219270 1.129301 1.120604 1.359473 1.008821 1.224825 1.230437 0.534439 0.534439 0.534439
1.211967 1.119677 1.112992 1.348268 0.999010 1.215470 1.225921 0.532041 0.532041 0.532041
1.215186 1.122690 1.114734 1.352896 1.003743 1.223484 1.224545 0.534496 0.534496 0.534496
1.209592 1.115834 1.108593 1.340944 0.996986 1.215872 1.214056 0.528039 0.528039 0.528039
1.208703 1.114751 1.107614 1.339081 0.993374 1.209489 1.210825 0.522843 0.522843 0.522843
1.211941 1.117537 1.105668 1.341439 0.993739 1.203596 1.205008 0.518814 0.518815 0.518815
1.219487 1.142927 1.130789 1.349791 1.016316 1.230942 1.232386 0.530602 0.530602 0.530602
1.161890 1.087830 1.077381 1.292471 0.963244 1.150756 1.171028 0.502205 0.502205 0.502205
1.210393 1.136043 1.124819 1.347977 1.001982 1.198630 1.221486 0.521465 0.521465 0.521465
1.179866 1.102060 1.109324 1.305024 0.977724 1.176366 1.201236 0.514693 0.514693 0.514693
1.205534 1.129046 1.127724 1.338354 1.003444 1.204456 1.228944 0.527566 0.527566 0.527566
1.188123 1.080513 1.059585 1.319024 0.971501 1.187060 1.211195 0.516184 0.516184 0.516184
1.217972 1.102748 1.080376 1.352221 0.993070 1.217089 1.241792 0.527964 0.527965 0.527965
1.221152 1.105628 1.083198 1.355752 0.995663 1.220267 1.245035 0.518131 0.518132 0.518132
1.190719 1.076493 1.057486 1.322727 0.970465 1.191545 1.217914 0.489490 0.489490 0.489490
