0.935740 0.956511 0.983752 0.983752 0.983752 0.983752 0.983752 0.978036 0.978036 0.978036
0.927435 0.953654 0.981118 0.973719 0.982821 0.979112 0.973501 0.964017 0.964017 0.964017
0.905300 0.899111 0.974997 0.970303 0.962492 0.964709 0.965212 0.959590 0.959590 0.959590
0.937583 0.926679 1.009051 1.000335 0.990138 0.988352 0.995649 0.994237 0.994237 0.994237
0.909730 0.903956 0.976588 0.973426 0.853874 0.961089 0.967078 0.946587 0.946587 0.946587
0.955436 0.949372 1.025653 1.022333 0.896774 1.009376 1.015666 0.974855 0.974854 0.974854
0.951591 0.946868 1.024605 1.024678 0.899392 1.009108 0.997589 0.976098 0.976098 0.976098
0.952960 0.943607 1.025899 1.027799 0.900975 1.010182 0.994906 0.973708 0.973708 0.973708
0.968500 0.958994 1.042629 1.044559 0.915667 1.026655 1.011129 0.981221 0.981221 0.981221
0.962060 0.951310 1.025036 1.030418 0.908265 1.012956 1.002710 0.970393 0.970393 0.970393
0.863237 0.855009 0.907588 0.874460 0.799177 0.896892 0.910341 0.844762 0.844762 0.844762
0.953381 0.939747 1.014132 0.959193 0.883546 0.997304 1.014317 0.944686 0.944686 0.944686
0.968552 0.954365 1.024962 0.971682 0.898295 1.012968 1.030947 0.954217 0.954217 0.954217
0.943210 0.799904 0.998145 0.946259 0.752909 0.986464 1.003973 0.929231 0.929231 0.929231
1.009487 0.856295 1.069600 1.012069 0.806940 1.056188 1.072726 0.990759 0.990760 0.990760
0.984404 0.835019 1.032673 0.986922 0.779081 1.019724 1.046072 0.948747 0.948748 0.948748
1.011161 0.857561 1.056050 1.012820 0.798412 1.039553 1.066486 0.964443 0.964444 0.964444
0.967173 0.780124 0.934032 0.948187 0.761117 0.988095 1.014326 0.906265 0.906265 0.906265
1.057227 0.852762 1.016425 1.035644 0.831320 1.079234 1.107884 0.988021 0.988021 0.988021
1.038749 0.841243 1.000205 1.020326 0.819738 1.063854 1.089072 0.965958 0.965959 0.965959
0.920216 0.724048 0.860865 0.903895 0.726197 0.942456 0.964797 0.727459 0.727459 0.727459
1.097919 0.864860 1.028655 1.079286 0.864290 1.120349 1.151269 0.862464 0.862464 0.862464
1.093994 0.861769 0.873896 1.062742 0.850382 1.116344 1.147154 0.854474 0.854474 0.854474
1.124304 0.886107 0.898914 1.096030 0.877396 1.143768 1.181174 0.877194 0.877194 0.877194
1.090137 0.889632 0.898211 1.100391 0.876709 1.146993 1.166285 0.876908 0.876908 0.876908
1.104152 0.901069 0.909758 1.114537 0.887981 1.161739 1.181279 0.879604 0.879604 0.879604
1.088776 0.896432 0.903955 1.109895 0.883642 1.152525 1.176746 0.876411 0.876411 0.876411
1.062648 0.873857 0.880752 1.072731 0.861020 1.040293 1.146613 0.854212 0.854212 0.854212
1.096657 0.900990 0.907087 1.107987 0.883723 1.073134 1.183717 0.880393 0.880392 0.880392
1.093485 0.899222 0.907847 1.107481 0.878423 1.073093 1.187679 0.879407 0.879407 0.879407
1.034184 0.879083 0.875750 1.048798 0.854973 1.040508 1.124747 0.852873 0.852873 0.852873
1.008591 0.846360 0.859725 1.022006 0.835501 1.007193 1.093894 0.806135 0.806135 0.806135
1.084680 0.909612 0.924682 1.100706 0.897675 1.030884 1.171572 0.858949 0.858949 0.858949
1.017764 0.876131 0.891818 1.031269 0.869503 0.984395 1.130993 0.826550 0.826550 0.826550
1.070695 0.920070 0.932048 1.080239 0.913879 1.034229 1.186421 0.863849 0.863849 0.863849
1.064179 0.887987 0.883158 1.073665 0.892290 1.027935 1.179201 0.852379 0.852379 0.852379
1.096827 0.915230 0.910253 1.106604 0.919665 1.059472 1.215378 0.862491 0.862492 0.862492
1.101833 0.919407 0.914407 1.111654 0.923862 1.064306 1.220924 0.850304 0.850305 0.850305
1.115562 0.929205 0.923802 1.125103 0.934651 1.075220 1.231272 0.860694 0.860695 0.860695
1.094990 0.912069 0.906766 1.104355 0.917414 1.055392 1.208566 0.815640 0.815641 0.815641
1.113105 0.923048 0.916821 1.122674 0.929934 1.073033 1.228726 0.827273 0.827274 0.827274
1.122581 0.928989 0.926255 1.131405 0.938482 1.082993 1.239184 0.833494 0.833495 0.833495
1.108347 0.917209 0.914510 1.117059 0.926582 1.069260 1.223471 0.795973 0.795974 0.795974
1.117308 0.923583 0.913928 1.120652 0.928979 1.076239 1.232674 0.788431 0.788432 0.788432
1.140054 0.941876 0.932378 1.144942 0.948095 1.098464 1.255057 0.801927 0.801928 0.801928
1.134647 0.935993 0.927112 1.134667 0.941580 1.091477 1.244131 0.792128 0.792129 0.792129
1.083701 0.896231 0.902932 1.090126 0.903479 1.053971 1.180951 0.753364 0.753365 0.753365
1.081577 0.891234 0.852926 1.089202 0.893287 1.024472 1.175234 0.734671 0.734672 0.734672
1.109442 0.913258 0.874900 1.122849 0.911502 1.031110 1.202276 0.748626 0.748627 0.748627
1.037060 0.897081 0.858027 1.089533 0.891342 1.002386 1.128416 0.732196 0.732197 0.732197
1.117045 0.968854 0.919528 1.177913 0.964365 1.081941 1.217007 0.791181 0.791182 0.791182
1.093835 0.951612 0.899196 1.156148 0.943807 1.060085 1.137060 0.764931 0.764932 0.764932
1.123391 0.972915 0.925897 1.188735 0.971305 1.091229 1.159778 0.787315 0.787315 0.787315
1.126301 0.975435 0.928295 1.191814 0.973821 1.094056 1.162782 0.771555 0.771555 0.771555
1.038556 0.899443 0.855976 1.098965 0.897955 1.008822 1.072195 0.615978 0.615978 0.615978
1.170877 1.015635 0.965651 1.239208 1.013896 1.136070 1.211203 0.690094 0.690094 0.690094
1.160299 1.009430 0.949837 1.224360 1.000932 1.122370 1.191466 0.684565 0.684565 0.684565
1.168743 1.020610 0.959032 1.230279 1.016355 1.114838 1.209544 0.693836 0.693836 0.693836
1.159315 1.010899 0.950290 1.216219 1.013681 1.099111 1.203961 0.684370 0.684370 0.684370
1.183349 1.031857 0.969991 1.241433 1.034697 1.121898 1.228921 0.690817 0.690817 0.690817
1.126812 0.978499 0.919833 1.166757 0.975592 1.065055 1.165374 0.633546 0.633546 0.633546
1.194741 1.036922 0.973115 1.235853 1.035710 1.126902 1.234222 0.665699 0.665699 0.665699
1.087031 0.943129 0.885093 1.124065 0.942026 1.031093 1.130091 0.612871 0.612871 0.612871
1.188144 1.030856 0.967421 1.228622 1.029651 1.127002 1.235209 0.655107 0.655107 0.655107
1.161149 1.005958 0.946590 1.201401 1.005859 1.102961 1.211030 0.620291 0.620291 0.620291
1.086885 0.941619 0.886048 1.124562 0.847452 1.032418 1.133576 0.516480 0.516479 0.516479
1.235758 1.070342 1.007262 1.277757 0.960744 1.168526 1.286360 0.581872 0.581872 0.581872
1.243713 1.076250 1.012919 1.285120 0.968111 1.177524 1.295450 0.587226 0.587226 0.587226
1.217700 1.039105 0.994104 1.259778 0.940938 1.156875 1.256317 0.573723 0.573723 0.573723
1.251945 1.068365 1.020949 1.296210 0.969408 1.194081 1.286781 0.591009 0.591009 0.591009
1.197205 1.074060 1.023659 1.303324 0.972010 1.197566 1.293552 0.592874 0.592873 0.592873
1.199171 1.072793 1.023923 1.304772 0.973750 1.196308 1.292927 0.593859 0.593859 0.593859
1.181954 1.057447 1.011100 1.284993 0.954462 1.181465 1.255062 0.585906 0.585906 0.585906
1.196322 1.058465 1.023391 1.300614 0.959438 1.194671 1.261605 0.581326 0.581326 0.581326
1.203271 1.082065 1.046209 1.308169 0.980830 1.221307 1.289733 0.594287 0.594287 0.594287
1.203484 1.082256 1.046394 1.308400 0.981003 1.221523 1.289961 0.588627 0.588627 0.588627
1.184450 1.065881 1.034559 1.278272 0.972554 1.200930 1.278074 0.582100 0.582100 0.582100
1.181876 1.065855 1.032552 1.282306 0.976721 1.200470 1.276098 0.575377 0.575376 0.575376
1.189508 1.075390 1.041500 1.292074 0.981586 1.208056 1.285995 0.577205 0.577205 0.577205
1.174450 1.063945 1.030646 1.279314 0.969077 1.188136 1.268705 0.561594 0.561594 0.561594
1.188377 1.078281 1.041453 1.299533 0.980215 1.193038 1.283148 0.568432 0.568432 0.568432
1.199581 1.085053 1.052847 1.312689 0.990912 1.205690 1.297752 0.574607 0.574606 0.574606
1.192580 1.077911 1.040064 1.311897 0.979964 1.194995 1.290385 0.572924 0.572923 0.572923
1.193914 1.079116 1.041227 1.313364 0.981060 1.196332 1.291828 0.561416 0.561416 0.561416
1.200634 1.082426 1.046241 1.317763 0.982874 1.201070 1.302131 0.565430 0.565430 0.565430
1.203258 1.075530 1.044908 1.315594 0.984665 1.202291 1.305187 0.560476 0.560476 0.560476
1.221920 1.092211 1.061114 1.335997 0.999936 1.220937 1.325429 0.566898 0.566898 0.566898
1.217837 1.094843 1.063671 1.339217 0.996595 1.223880 1.328623 0.568264 0.568265 0.568265
1.184521 1.072422 1.040837 1.301903 0.968988 1.195045 1.274376 0.555482 0.555483 0.555483
1.208477 1.093932 1.061721 1.326059 0.987764 1.215152 1.298664 0.568093 0.568094 0.568094
1.186747 1.058957 1.039528 1.301667 0.964591 1.183609 1.265975 0.549058 0.549058 0.549058
1.206163 1.076282 1.056536 1.322963 0.972453 1.202974 1.286687 0.546237 0.546237 0.546237
1.210950 1.080984 1.064856 1.331812 0.977258 1.210884 1.291369 0.545586 0.545586 0.545586
1.158969 1.034582 1.019147 1.274644 0.935309 1.158907 1.235936 0.483806 0.483807 0.483807
1.230495 1.103176 1.089451 1.357780 0.999305 1.225375 1.321188 0.516493 0.516494 0.516494
1.238788 1.108217 1.092034 1.363813 1.003602 1.233054 1.324529 0.518588 0.518588 0.518588
1.238428 1.109208 1.092276 1.364506 1.003242 1.231948 1.320905 0.519138 0.519138 0.519138
1.215933 1.094153 1.076292 1.344000 0.987414 1.213060 1.297709 0.504327 0.504328 0.504328
1.227773 1.104638 1.089449 1.358380 0.998612 1.225986 1.307557 0.509773 0.509773 0.509773
1.198143 1.083205 1.064079 1.330974 0.976516 1.198974 1.225507 0.492542 0.492542 0.492542
