0.965861 0.971598 0.971901 0.964571 0.973588 0.969914 0.964355 0.960541 0.960541 0.960541
0.995516 1.001430 0.997253 0.993392 1.002679 0.998895 0.993170 0.987408 0.987408 0.987408
0.970920 0.978683 0.974818 0.971579 0.977822 0.970436 0.967861 0.948979 0.948979 0.948979
0.972768 0.952148 0.931109 0.973428 0.962397 0.972283 0.969703 0.943905 0.943906 0.943906
0.997196 0.975156 0.952546 0.998706 0.981176 0.996279 0.994397 0.966339 0.966339 0.966339
0.998759 0.979098 0.956131 1.001424 0.981272 0.997703 0.997239 0.964699 0.964699 0.964699
0.993359 0.975901 0.951184 1.001329 0.982282 0.994088 0.992471 0.950465 0.950465 0.950465
0.996994 0.983166 0.956942 1.002556 0.993836 0.983871 1.003911 0.959878 0.959878 0.959878
0.998135 0.983393 0.957254 1.003029 0.996190 0.986232 1.005688 0.963615 0.963614 0.963614
1.002765 0.987417 0.959555 1.006671 1.002073 0.988737 1.009204 0.959380 0.959379 0.959379
0.993631 0.978423 0.950815 0.997501 0.992946 0.979731 1.000012 0.917805 0.917804 0.917804
0.890357 0.851790 0.827756 0.893825 0.889744 0.877902 0.896075 0.699134 0.699134 0.699134
1.074269 1.027735 0.998736 1.078453 1.073528 1.059241 1.081167 0.835400 0.835399 0.835399
1.067122 1.022505 0.992725 1.071474 1.068002 1.051006 1.076109 0.824627 0.824626 0.824626
1.075262 1.030136 1.000141 1.077880 1.075255 1.055494 1.083078 0.832935 0.832935 0.832935
1.070947 1.026002 0.996127 1.073554 1.070940 1.051258 1.078732 0.814448 0.814447 0.814447
1.083169 1.037711 1.007496 1.085806 1.083162 1.063256 1.091043 0.815754 0.815753 0.815753
0.961605 0.922778 0.882603 0.911698 0.942967 0.931450 0.980038 0.702617 0.702616 0.702616
1.102980 1.058445 1.012363 1.045737 1.081602 1.068392 1.124124 0.796985 0.796984 0.796984
1.099883 1.046462 1.006035 1.038813 1.078174 1.064149 1.121147 0.786066 0.786066 0.786066
1.089752 1.035310 0.995715 1.025757 1.074098 1.047927 1.114685 0.774448 0.774447 0.774447
1.067282 0.872690 0.975184 1.004607 0.905385 1.026320 1.091702 0.758464 0.758463 0.758463
1.140893 0.932913 1.041309 1.074727 0.969839 1.101414 1.162599 0.812358 0.812357 0.812357
1.142618 0.933819 1.042710 1.077741 0.971514 1.103397 1.161846 0.811002 0.811001 0.811001
1.091162 0.888083 0.991641 1.015831 0.918659 1.050509 1.104943 0.745912 0.745911 0.745911
1.146095 0.936561 1.043174 1.069888 0.968389 1.107020 1.161157 0.779594 0.779593 0.779593
1.150262 0.935799 1.041350 1.073825 0.969141 1.111232 1.165537 0.780673 0.780672 0.780672
1.058599 0.861227 0.958366 0.988253 0.891911 1.022680 1.072657 0.622052 0.622051 0.622051
1.183080 0.967001 1.074913 1.107991 0.999216 1.146235 1.199529 0.687861 0.687860 0.687860
1.130442 0.878770 0.949731 1.036211 0.951554 1.088369 1.139681 0.645698 0.645697 0.645697
1.190771 0.925668 0.990488 1.091510 0.992389 1.135076 1.200503 0.667911 0.667910 0.667910
1.193600 0.926507 0.994048 1.094734 0.994353 1.139387 1.207228 0.648654 0.648653 0.648653
1.176955 0.933866 1.030478 1.134854 1.030794 1.181144 1.251471 0.668520 0.668519 0.668519
1.182618 0.953741 1.052409 1.140315 1.052733 1.206282 1.278106 0.682748 0.682746 0.682746
1.122656 0.905384 0.999049 1.082498 0.999356 1.145120 1.213302 0.600516 0.600515 0.600515
1.141880 0.968126 1.065439 1.157696 1.065798 1.221539 1.297295 0.640742 0.640741 0.640741
1.128021 0.942750 1.049377 1.143163 1.046988 1.196911 1.272166 0.622957 0.622956 0.622956
1.133609 0.954121 1.060961 1.148230 1.051801 1.207537 1.260760 0.629174 0.629173 0.629173
1.158386 0.976130 1.084706 1.174264 1.074718 1.233181 1.285164 0.643794 0.643793 0.643793
1.140104 0.959030 1.060587 1.150763 1.056780 1.212123 1.261275 0.629490 0.629488 0.629488
1.107333 0.930510 1.030102 1.123275 1.021029 1.155150 1.221733 0.607361 0.607360 0.607360
1.052866 0.884447 0.979110 1.067670 0.970486 1.104528 1.169022 0.584339 0.584338 0.584338
1.145846 0.964091 1.064132 1.166490 1.055810 1.192884 1.271664 0.636142 0.636141 0.636141
1.153668 0.970524 1.074035 1.175572 1.064705 1.202120 1.277621 0.641157 0.641156 0.641156
1.141738 0.961156 1.067794 1.154890 1.061406 1.188428 1.272888 0.637574 0.637573 0.637573
1.153402 0.967947 1.080319 1.167493 1.073827 1.201968 1.288381 0.645003 0.645002 0.645002
1.160037 0.979133 1.092804 1.180984 1.080005 1.215858 1.303269 0.652457 0.652456 0.652456
1.144926 0.970553 1.085952 1.169452 1.072671 1.195091 1.295092 0.647505 0.647504 0.647504
1.129522 0.957157 1.065822 1.150433 1.059050 1.178772 1.278274 0.635131 0.635130 0.635130
1.140000 0.966036 1.075709 1.161105 1.068875 1.189707 1.290132 0.626887 0.626887 0.626887
1.120948 0.948737 1.055921 1.130603 1.049284 1.081870 1.266479 0.615569 0.615568 0.615568
1.156675 0.979366 1.093816 1.169800 1.083777 1.119251 1.306415 0.631924 0.631923 0.631923
1.159919 0.982625 1.097867 1.177208 1.091110 1.118960 1.312565 0.633008 0.633007 0.633007
1.151578 0.975559 0.929311 1.154957 1.069657 1.110914 1.303127 0.624868 0.624867 0.624867
1.196500 1.011429 0.961372 1.197274 1.108688 1.153707 1.348297 0.647512 0.647511 0.647511
1.183531 1.000465 0.950951 1.184295 1.087812 1.141201 1.333681 0.626945 0.626944 0.626944
1.184961 1.001016 0.952202 1.187452 1.088087 1.087420 1.329793 0.621910 0.621909 0.621909
1.204396 1.014569 0.966482 1.206289 1.106098 1.102285 1.348736 0.632123 0.632122 0.632122
1.167527 1.018373 0.965505 1.210811 1.104980 1.105141 1.331430 0.631772 0.631771 0.631771
1.171877 1.019562 0.968318 1.212567 1.104928 1.107418 1.339508 0.635084 0.635084 0.635084
1.169445 1.018612 0.967765 1.210991 1.099906 1.101084 1.336914 0.629768 0.629768 0.629768
1.161300 1.011518 0.961024 1.202556 1.092246 1.093415 1.327602 0.604900 0.604900 0.604900
1.155412 1.009455 0.954850 1.199272 1.086110 1.088515 1.260288 0.594212 0.594212 0.594212
1.182868 1.042642 0.985021 1.239922 1.122112 1.121154 1.303435 0.614684 0.614683 0.614683
1.185841 1.040218 0.986799 1.237386 1.117398 1.111869 1.301505 0.616494 0.616493 0.616493
1.183456 1.037347 0.978568 1.241397 1.109303 1.106246 1.299095 0.617053 0.617052 0.617052
1.178648 1.034097 0.978238 1.239374 1.101357 1.104907 1.301914 0.615639 0.615638 0.615638
1.172611 1.031836 0.966018 1.229358 1.091567 1.095892 1.285755 0.613117 0.613117 0.613117
1.203202 1.058755 0.991219 1.261430 1.120044 1.124482 1.319298 0.626603 0.626603 0.626603
1.179995 1.039779 0.975031 1.244947 1.106098 1.106955 1.275959 0.617787 0.617787 0.617787
1.126905 0.995513 0.949511 1.195961 1.061238 1.068815 1.211046 0.587498 0.587498 0.587498
1.170579 1.032929 0.977776 1.236311 1.096355 1.108520 1.257278 0.599636 0.599636 0.599636
1.120005 1.021569 0.954204 1.184453 1.079529 1.087391 1.204540 0.588324 0.588324 0.588324
1.170810 1.066443 0.987222 1.229595 1.126868 1.129056 1.257054 0.612296 0.612296 0.612296
1.169529 1.060083 0.985968 1.230221 1.125996 1.127399 1.250501 0.609252 0.609252 0.609252
1.174614 1.064692 0.990256 1.235570 1.130893 1.132301 1.255939 0.598941 0.598941 0.598941
1.100040 0.984340 0.933517 1.156179 1.061236 1.052508 1.172964 0.543630 0.543630 0.543630
1.183310 1.058661 0.999740 1.242560 1.138936 1.123653 1.252337 0.578725 0.578725 0.578725
1.195201 1.069300 1.009786 1.255046 1.150381 1.134945 1.264921 0.573198 0.573198 0.573198
1.210733 1.083196 1.022909 1.271356 1.165331 1.149694 1.281360 0.575738 0.575739 0.575739
1.205844 1.076600 1.020572 1.265298 1.161406 1.145924 1.276182 0.572848 0.572849 0.572849
1.185607 1.058588 1.005313 1.243052 1.135600 1.128922 1.235760 0.563787 0.563787 0.563787
1.199990 1.059582 1.017508 1.258132 1.141492 1.141512 1.242171 0.559365 0.559365 0.559365
1.207051 1.061007 1.026161 1.266971 1.150573 1.150865 1.240914 0.563885 0.563885 0.563885
1.215210 1.068408 1.034371 1.274678 1.159969 1.159092 1.247217 0.565546 0.565547 0.565547
1.209001 1.062949 1.029087 1.268165 1.154043 1.153170 1.240845 0.549970 0.549970 0.549970
1.179727 1.042756 1.001618 1.241039 1.000857 1.127710 1.212062 0.526577 0.526577 0.526577
1.201335 1.056743 1.031940 1.255157 1.020246 1.156196 1.245206 0.542952 0.542952 0.542952
1.202476 1.062874 1.033815 1.261444 1.023315 1.159784 1.197066 0.538083 0.538083 0.538083
1.189021 1.015100 1.040708 1.273345 1.015163 1.157565 1.202288 0.542568 0.542569 0.542569
1.099035 0.985984 1.009239 1.221767 0.981625 1.112752 1.115826 0.524735 0.524735 0.524735
1.099609 1.012661 1.037909 1.220590 1.013862 1.133024 1.148600 0.538422 0.538423 0.538423
1.161491 1.072510 1.090774 1.294057 1.075688 1.199274 1.214797 0.570535 0.570536 0.570536
1.163741 1.074588 1.092886 1.296563 1.077772 1.201597 1.217150 0.561003 0.561003 0.561003
1.178353 1.086143 1.104220 1.312373 1.090461 1.214033 1.227582 0.567911 0.567912 0.567912
1.110943 1.020297 0.985326 1.238674 1.018476 1.114730 1.154013 0.523163 0.523163 0.523163
1.159598 1.050192 1.030938 1.294503 1.055315 1.167568 1.193123 0.544916 0.544917 0.544917
1.183029 1.071158 1.051612 1.319794 1.073527 1.185777 1.214885 0.550861 0.550861 0.550861
1.075441 0.973744 0.955976 1.199768 0.878389 1.077939 1.104400 0.445446 0.445447 0.445447
1.227105 1.109389 1.089801 1.363147 1.000121 1.227956 1.255131 0.504448 0.504448 0.504448
