0.967316 0.981974 0.965488 0.981974 0.974481 0.969269 0.985449 0.985449 0.985449 0.985449
0.925319 0.974100 0.961412 0.971317 0.968826 0.963758 0.985465 0.985465 0.985465 0.985465
0.943250 0.993570 0.980628 0.988998 0.987101 0.982054 1.004276 1.004276 1.004276 1.004276
0.940532 0.990707 0.975479 0.983604 0.983602 0.975097 0.995851 0.995851 0.995851 0.995851
0.945643 0.999145 0.982748 0.983717 0.989207 0.982555 1.004959 1.004959 1.004959 1.004959
0.942071 0.997014 0.980732 0.979367 0.985470 0.980460 1.002013 1.002013 1.002012 1.002012
0.944332 1.000079 0.983998 0.980440 0.988499 0.968684 1.002829 1.002829 1.002829 1.002829
0.946820 0.999319 0.981365 0.982977 0.992611 0.972209 1.005599 1.005599 1.005599 1.005599
0.939737 0.986998 0.977350 0.979228 0.989091 0.967661 1.001726 1.001726 1.001725 1.001725
0.930339 0.981242 0.962792 0.964642 0.975197 0.953185 0.992017 0.992017 0.992016 0.992016
0.948197 1.000077 0.981382 0.981014 0.994392 0.971613 1.011627 1.011627 1.011626 1.011626
0.937923 0.984515 0.970182 0.970523 0.978571 0.961534 0.999608 0.999608 0.999607 0.999607
0.952822 1.000155 0.985594 0.981161 0.989297 0.972074 1.015543 1.015543 1.015543 1.015543
0.946152 0.993266 0.977474 0.972295 0.973825 0.961483 1.007682 1.007682 1.007682 1.007682
0.948596 0.992914 0.980074 0.970246 0.971365 0.959947 1.011058 1.011058 1.011057 1.011057
0.936544 0.980819 0.949446 0.960677 0.940354 0.949029 1.005545 1.005545 1.005544 1.005544
0.905018 0.951394 0.915539 0.948474 0.905452 0.932280 0.986901 0.986901 0.986901 0.986901
0.933904 0.981760 0.923378 0.974992 0.919856 0.939991 1.013257 1.013257 1.013257 1.013257
0.915551 0.949885 0.905465 0.967303 0.921608 0.931004 1.016383 1.016383 1.016382 1.016382
0.945112 0.980586 0.935835 0.996244 0.952190 0.961542 1.050382 1.050382 1.050381 1.050381
0.912924 0.961534 0.909070 0.947883 0.933691 0.940991 1.028694 1.028694 1.028694 1.028694
0.922991 0.962000 0.914201 0.951789 0.939544 0.942692 1.043458 1.043458 1.043457 1.043457
0.876657 0.913708 0.863555 0.904010 0.892379 0.895369 0.954996 0.954996 0.954996 0.954996
0.949476 0.987323 0.925448 0.978787 0.963474 0.965727 1.034274 1.034274 1.034273 1.034273
0.910326 0.986039 0.923986 0.976817 0.961952 0.964537 1.033946 1.033946 1.033945 1.033945
0.896017 0.979081 0.918910 0.970587 0.956241 0.917384 1.028155 1.028155 1.028155 1.028155
0.876707 0.958740 0.900645 0.951787 0.924517 0.899481 1.005739 1.005739 1.005739 1.005739
0.908061 0.994830 0.933273 0.986433 0.959040 0.932318 1.040727 1.040727 1.040726 1.040726
0.909087 0.996553 0.934258 0.988421 0.959911 0.932738 1.042021 1.042021 1.042020 1.042020
0.911878 0.998735 0.936337 0.988668 0.961993 0.935433 1.044602 1.044602 1.044601 1.044601
0.908690 0.992408 0.933363 0.985528 0.958938 0.934419 1.042177 1.042177 1.042177 1.042177
0.902563 0.987005 0.925941 0.977601 0.953834 0.920342 1.037871 1.037871 1.037871 1.037871
0.914540 0.997191 0.936014 0.989993 0.963775 0.929818 1.049747 1.049747 1.049746 1.049746
0.912430 0.997905 0.937740 0.991819 0.965552 0.930555 1.050826 1.050826 1.050826 1.050826
0.908113 0.995100 0.924167 0.989354 0.962338 0.924798 1.047204 1.047204 1.047204 1.047204
0.893012 0.988252 0.908012 0.978219 0.947937 0.913389 1.035999 1.035999 1.035998 1.035998
0.898611 0.988764 0.910148 0.976827 0.951832 0.920726 1.040879 1.040879 1.040879 1.040879
0.912185 1.001633 0.923064 0.992042 0.965504 0.933814 1.055968 1.055968 1.055967 1.055967
0.882538 0.969220 0.892985 0.952537 0.926889 0.902385 1.011575 1.011575 1.011575 1.011575
0.913647 1.003677 0.924621 0.986295 0.962727 0.934273 1.050857 1.050857 1.050857 1.050857
0.910073 0.993147 0.921357 0.982437 0.958988 0.930337 1.043049 1.043049 1.043048 1.043048
0.913268 0.996634 0.924146 0.985886 0.962355 0.932464 1.044123 1.044123 1.044122 1.044122
0.913831 0.998523 0.925898 0.984932 0.964249 0.934232 1.044878 1.044878 1.044878 1.044878
0.916130 1.000886 0.928088 0.979957 0.962861 0.935255 1.046078 1.046078 1.046078 1.046078
0.908894 0.993884 0.921968 0.973692 0.957799 0.927513 1.039911 1.039911 1.039910 1.039910
0.912540 0.962418 0.926197 0.971791 0.962432 0.931295 1.045706 1.045706 1.045706 1.045706
0.919910 0.970075 0.933677 0.979639 0.968981 0.938816 1.050540 1.050540 1.050540 1.050540
0.924525 0.975057 0.939511 0.985880 0.974548 0.944725 1.056923 1.056923 1.056923 1.056923
0.916236 0.965971 0.930869 0.978700 0.966698 0.936576 1.049417 1.049417 1.049417 1.049417
0.909256 0.955689 0.920961 0.959435 0.952693 0.927335 1.042220 1.042220 1.042221 1.042221
0.920786 0.967608 0.933937 0.970822 0.966115 0.920945 1.056510 1.056510 1.056511 1.056511
0.929500 0.976764 0.942775 0.980009 0.975258 0.929660 1.066509 1.066509 1.066509 1.066509
0.909744 0.957475 0.920805 0.961108 0.948981 0.908599 1.047212 1.047212 1.047213 1.047213
0.901531 0.964129 0.924135 0.953129 0.953357 0.912789 1.055333 1.055333 1.055334 1.055334
0.897589 0.957835 0.919940 0.948451 0.946265 0.908512 1.044249 1.044249 1.044250 1.044250
0.900116 0.943670 0.920845 0.939376 0.943652 0.909467 1.046356 1.046356 1.046356 1.046356
0.913123 0.957306 0.934151 0.952950 0.956262 0.922610 1.055489 1.055489 1.055489 1.055489
0.919709 0.964580 0.940888 0.960202 0.956471 0.929620 1.060469 1.060469 1.060470 1.060470
0.916560 0.957697 0.938836 0.958445 0.953438 0.925876 1.055897 1.055897 1.055897 1.055897
0.910279 0.933368 0.925694 0.949704 0.945871 0.914814 1.044614 1.044614 1.044614 1.044614
