0.978859 0.980364 0.976809 0.980826 0.973168 0.977457 0.982020 0.982020 0.982020 0.982020
0.989016 0.991803 0.988207 0.989434 0.984594 0.988862 0.992316 0.992316 0.992316 0.992316
0.990856 0.993444 0.991423 0.990480 0.987798 0.971556 0.995174 0.995174 0.995174 0.995174
0.953995 0.943983 0.954787 0.965078 0.971963 0.945042 0.980375 0.980375 0.980375 0.980375
0.982909 0.969763 0.981403 0.993744 0.998608 0.970826 1.008266 1.008266 1.008266 1.008266
0.971795 0.955874 0.967347 0.970562 0.980482 0.957674 0.997629 0.997629 0.997629 0.997629
0.970997 0.953022 0.966391 0.969243 0.976659 0.956587 0.990672 0.990672 0.990673 0.990673
0.965987 0.956448 0.971391 0.973391 0.981275 0.919582 0.995691 0.995691 0.995692 0.995692
0.978470 0.966047 0.984261 0.986287 0.994275 0.933721 1.009748 1.009748 1.009748 1.009748
0.977839 0.967177 0.984067 0.986258 0.995148 0.933788 1.008146 1.008146 1.008147 1.008147
0.990030 0.979235 0.996336 0.998554 1.007555 0.945430 1.020715 1.020715 1.020716 1.020716
0.972555 0.957251 0.982092 0.984552 0.993695 0.931364 1.006365 1.006365 1.006365 1.006365
0.983575 0.966104 0.992324 0.996170 1.004221 0.941092 1.017156 1.017156 1.017157 1.017157
0.976667 0.959318 0.985355 0.989173 0.996099 0.934482 1.004316 1.004316 1.004316 1.004316
0.971852 0.954588 0.958306 0.980520 0.975810 0.908567 0.994317 0.994317 0.994317 0.994317
0.989431 0.971855 0.975169 0.998256 0.993461 0.923873 1.009799 1.009799 1.009799 1.009799
0.989777 0.972777 0.976093 0.997454 0.993306 0.923839 1.009865 1.009865 1.009865 1.009865
0.993119 0.975915 0.979243 0.993268 0.992728 0.925645 1.011892 1.011892 1.011892 1.011892
0.975252 0.967857 0.960792 0.980728 0.976517 0.912959 0.999677 0.999677 0.999677 0.999677
0.979521 0.967449 0.964435 0.985161 0.975760 0.917383 1.002992 1.002992 1.002993 1.002993
0.980024 0.949867 0.957990 0.983418 0.975197 0.913147 0.999635 0.999635 0.999636 0.999636
1.000601 0.969924 0.979301 1.005417 0.996394 0.933503 1.021699 1.021699 1.021700 1.021700
0.957342 0.928727 0.938567 0.964095 0.941991 0.895004 0.977277 0.977277 0.977278 0.977278
0.993626 0.964574 0.975043 0.999333 0.978350 0.915571 1.012713 1.012713 1.012713 1.012713
0.996671 0.970461 0.982100 1.006566 0.985431 0.921229 1.019212 1.019212 1.019212 1.019212
0.976887 0.951703 0.944524 0.989427 0.947068 0.904161 1.006319 1.006319 1.006319 1.006319
0.989580 0.965661 0.958455 1.001634 0.959373 0.917422 1.020260 1.020260 1.020260 1.020260
0.995184 0.971503 0.963883 1.007705 0.958107 0.922972 1.023498 1.023498 1.023498 1.023498
0.999578 0.975792 0.968139 1.007248 0.957673 0.922553 1.028073 1.028073 1.028073 1.028073
0.992540 0.969032 0.960124 0.998106 0.942657 0.912466 1.020074 1.020074 1.020074 1.020074
1.003919 0.980172 0.972310 1.007233 0.954291 0.923386 1.032931 1.032931 1.032932 1.032932
0.973526 0.964901 0.941092 0.991540 0.932254 0.897238 1.020436 1.020436 1.020436 1.020436
0.978677 0.964462 0.942389 0.989167 0.935175 0.903566 1.024246 1.024246 1.024247 1.024247
0.986559 0.965808 0.950343 0.997133 0.942733 0.910567 1.028847 1.028847 1.028848 1.028848
0.991643 0.969932 0.954435 0.999453 0.946740 0.915094 1.033538 1.033538 1.033538 1.033538
0.983427 0.962773 0.947772 0.992678 0.941397 0.907166 1.027045 1.027045 1.027045 1.027045
0.991316 0.970495 0.955480 0.998458 0.949402 0.914566 1.035865 1.035865 1.035865 1.035865
0.973814 0.957376 0.933971 0.975981 0.928828 0.893919 1.017893 1.017893 1.017893 1.017893
0.988293 0.968763 0.947929 0.985858 0.937834 0.903426 1.033817 1.033817 1.033817 1.033817
0.990125 0.973535 0.951592 0.982460 0.939819 0.907094 1.039557 1.039557 1.039556 1.039556
0.931142 0.915540 0.890004 0.923933 0.883833 0.853057 0.942038 0.942038 0.942038 0.942038
0.978052 0.961805 0.934761 0.963137 0.921170 0.894963 0.979742 0.979742 0.979742 0.979742
1.002866 0.987495 0.957309 0.986279 0.945890 0.909978 1.007239 1.007239 1.007239 1.007239
1.007496 0.992054 0.959444 0.988276 0.949626 0.910327 1.006301 1.006301 1.006301 1.006301
1.012692 0.961742 0.964945 0.987473 0.955308 0.915082 1.013064 1.013064 1.013064 1.013064
0.990621 0.955030 0.949247 0.951465 0.948640 0.906893 1.004744 1.004744 1.004743 1.004743
0.989385 0.969218 0.960160 0.950975 0.960498 0.918229 1.020485 1.020485 1.020484 1.020484
0.996717 0.973094 0.962152 0.957977 0.969087 0.925960 1.028178 1.028178 1.028177 1.028177
0.942303 0.954013 0.946896 0.936509 0.952207 0.909938 1.016182 1.016182 1.016182 1.016182
0.913658 0.928516 0.916162 0.927735 0.919960 0.896897 1.000709 1.000709 1.000709 1.000709
0.950403 0.966440 0.952936 0.965900 0.956746 0.932335 1.041073 1.041073 1.041073 1.041073
0.950745 0.968653 0.943947 0.968428 0.958439 0.931307 1.042792 1.042792 1.042792 1.042792
0.940211 0.941104 0.931783 0.945871 0.942548 0.919368 1.030417 1.030417 1.030417 1.030417
0.916708 0.955796 0.946065 0.959953 0.956996 0.933785 1.047534 1.047534 1.047534 1.047534
0.921430 0.960999 0.951101 0.965075 0.965097 0.938674 1.056574 1.056574 1.056573 1.056573
0.916854 0.952663 0.947557 0.961817 0.960547 0.933446 1.050389 1.050389 1.050389 1.050389
0.921926 0.957819 0.952798 0.967138 0.964643 0.938610 1.052581 1.052581 1.052581 1.052581
0.919069 0.954511 0.949624 0.965779 0.962538 0.936023 1.051293 1.051293 1.051293 1.051293
0.913033 0.938355 0.938365 0.952884 0.951717 0.921397 1.047824 1.047824 1.047824 1.047824
0.924192 0.947633 0.939843 0.964219 0.960328 0.928795 1.060580 1.060580 1.060580 1.060580
