0.983056 0.985489 0.982632 0.984663 0.983130 0.983810 0.984566 0.981732 0.981732 0.981732
0.979525 0.986404 0.982282 0.987213 0.978759 0.982506 0.986053 0.978224 0.978225 0.978225
0.960121 0.987056 0.983323 0.984112 0.977812 0.982649 0.981326 0.975374 0.975374 0.975374
0.951368 0.983757 0.977632 0.975862 0.974285 0.975470 0.971424 0.970824 0.970824 0.970824
0.971529 1.004232 0.996587 0.995699 0.995289 0.997177 0.990873 0.992602 0.992602 0.992602
0.910085 0.943512 0.933133 0.935292 0.935643 0.939849 0.930650 0.864155 0.864156 0.864156
0.986476 1.022520 1.011326 1.012335 1.009058 1.019155 1.008314 0.929807 0.929808 0.929808
0.943191 0.973377 0.973550 0.961245 0.973531 0.977425 0.973389 0.882421 0.882421 0.882421
0.974386 1.004692 1.009519 0.997872 1.006048 1.008621 1.004356 0.906035 0.906035 0.906035
0.974885 0.997241 1.013056 0.998815 1.002844 1.009824 1.001458 0.903934 0.903934 0.903934
0.913067 0.992376 1.005087 0.995781 0.996789 1.005983 0.995591 0.895336 0.895337 0.895337
0.913709 0.993601 1.000079 0.987791 0.999973 1.002694 1.001107 0.884368 0.884368 0.884368
0.931989 1.018843 1.019638 1.011240 1.018783 1.023607 1.009716 0.902048 0.902048 0.902048
0.938198 1.025584 1.026069 1.015626 1.025654 1.028620 1.015414 0.907509 0.907510 0.907510
0.948243 1.035133 1.031562 1.021428 1.033051 1.039883 1.026423 0.915145 0.915146 0.915146
0.925690 1.015462 1.014088 1.002349 1.007168 1.017340 1.006537 0.881172 0.881172 0.881172
0.939227 1.026035 1.024582 1.021651 1.023914 1.038915 1.024930 0.890680 0.890680 0.890680
0.942334 1.031599 1.028635 1.025452 1.027938 1.039646 1.016766 0.888176 0.888176 0.888176
0.919456 1.019744 1.009489 1.016894 1.020549 1.032056 1.009362 0.875729 0.875730 0.875730
0.931201 1.015439 1.017905 1.025166 1.033698 1.043225 1.018601 0.882997 0.882997 0.882997
0.948311 1.034350 1.037462 1.043034 1.054249 1.062769 1.037937 0.897327 0.897328 0.897328
0.940052 1.014953 1.026414 1.023761 1.043072 1.050189 1.026670 0.886944 0.886945 0.886945
0.925219 1.004475 1.012742 1.015912 1.028329 1.042127 1.014140 0.873947 0.873947 0.873947
0.917153 1.011039 1.021376 1.027781 1.032270 1.049333 1.021315 0.879799 0.879799 0.879799
0.903474 1.003065 1.002950 1.017087 1.019287 1.032083 1.012605 0.863301 0.863301 0.863301
0.930016 1.035775 1.034588 1.049861 1.052244 1.064061 1.039423 0.892243 0.892243 0.892243
0.904571 1.010198 1.008685 1.022504 1.023103 1.035589 1.011629 0.871461 0.871461 0.871461
0.912357 1.030158 1.028727 1.045168 1.046671 1.056964 1.032964 0.890418 0.890418 0.890418
0.900474 1.018895 1.029167 1.047862 1.044684 1.053963 1.024990 0.891277 0.891276 0.891276
0.910875 1.030485 1.041078 1.060656 1.052336 1.067605 1.036369 0.900345 0.900344 0.900344
0.901616 1.021485 1.029912 1.047888 1.035573 1.057580 1.027796 0.886408 0.886407 0.886407
0.908795 1.021480 1.038015 1.056486 1.040950 1.030537 1.030556 0.891971 0.891970 0.891970
0.881792 0.968569 1.010810 1.032333 0.972334 0.945492 1.006432 0.860256 0.860255 0.860255
0.915845 1.007256 1.042618 1.077399 1.009666 0.951114 1.047025 0.899162 0.899161 0.899161
0.893536 1.012289 1.029942 1.084874 1.014677 0.955117 1.052463 0.900770 0.900769 0.900769
0.887258 1.010700 1.019827 1.086037 1.014014 0.954346 1.033645 0.902467 0.902467 0.902467
0.897155 1.018609 1.027861 1.099558 1.025460 0.962924 1.043112 0.910142 0.910141 0.910141
0.895401 1.017727 1.020674 1.097763 1.023312 0.960945 1.040634 0.898256 0.898256 0.898256
0.864979 0.975166 0.989094 1.057404 0.973943 0.929154 1.006714 0.837726 0.837725 0.837725
0.905716 1.023127 1.023240 1.111507 1.012794 0.972737 1.055711 0.869160 0.869159 0.869159
0.901210 1.018484 1.026703 1.113181 1.009216 0.971402 1.054777 0.865199 0.865198 0.865198
0.919900 1.040913 1.044434 1.136025 1.030929 0.991503 1.073620 0.883268 0.883267 0.883267
0.924738 1.045605 1.048526 1.141252 1.035756 0.996290 1.078094 0.886406 0.886406 0.886406
0.907129 1.028640 1.031551 1.129224 1.024659 0.989055 1.071316 0.877274 0.877273 0.877273
0.912024 1.036085 1.039963 1.135200 1.033264 0.998376 1.073667 0.882693 0.882692 0.882692
0.890621 1.012815 1.020681 1.107017 1.016305 0.979811 1.042793 0.849290 0.849289 0.849289
0.875713 1.009300 1.011361 1.105109 1.000330 0.938888 0.984291 0.845365 0.845364 0.845364
0.905557 1.042807 1.036916 1.142814 1.023381 0.966107 1.016506 0.876009 0.876008 0.876008
0.875123 1.023473 1.010623 1.108135 1.001375 0.944854 0.997560 0.831561 0.831560 0.831560
0.905026 1.055354 1.036196 1.142181 1.025113 0.969240 1.026064 0.854035 0.854034 0.854034
0.913036 1.069511 1.050361 1.157457 1.040012 0.970438 1.040603 0.865434 0.865434 0.865434
0.898449 1.054125 1.034419 1.133152 0.992627 0.951582 1.015175 0.847018 0.847017 0.847017
0.918166 1.073689 1.056862 1.157209 1.016660 0.971570 1.035098 0.867311 0.867311 0.867311
0.915105 1.069398 1.053835 1.153103 1.014588 0.970026 1.028340 0.860988 0.860987 0.860987
0.899629 1.069460 1.050069 1.154978 1.013247 0.970168 1.022869 0.853770 0.853769 0.853769
0.902206 1.071844 1.055853 1.154544 1.016139 0.976447 1.026526 0.854309 0.854309 0.854309
0.888276 1.062678 1.061315 1.160271 1.021049 0.963327 1.032104 0.853447 0.853446 0.853446
0.876032 1.053517 1.059887 1.159169 1.020360 0.952807 1.029593 0.850269 0.850268 0.850268
0.867944 1.046813 1.045599 1.148948 1.008649 0.941208 1.022975 0.828518 0.828518 0.828518
0.888131 1.068938 1.070294 1.177367 1.031595 0.965759 1.049284 0.847342 0.847341 0.847341
