0.943760 0.945884 0.955164 0.959179 0.953283 0.921612 0.956271 0.956271 0.956271 0.956271
0.960989 0.967220 0.965223 0.980307 0.971460 0.938891 0.972618 0.972618 0.972618 0.972618
0.956163 0.961526 0.937702 0.923123 0.955477 0.910493 0.955459 0.955459 0.955458 0.955458
0.964140 0.979888 0.950707 0.937849 0.965749 0.924195 0.957497 0.957497 0.957497 0.957497
0.999473 1.015798 0.985547 0.972218 1.001141 0.958064 0.987702 0.987702 0.987702 0.987702
0.998703 1.016210 0.986980 0.965403 1.001540 0.952323 0.985874 0.985874 0.985874 0.985874
1.008668 1.026349 0.996828 0.975036 1.011533 0.961826 0.993867 0.993867 0.993867 0.993867
0.959380 0.972303 0.953449 0.924115 0.964461 0.911243 0.937460 0.937460 0.937460 0.937460
1.003237 1.016211 0.992253 0.965163 1.006002 0.951791 0.979559 0.979559 0.979559 0.979559
1.004213 1.015693 0.981573 0.958496 1.007329 0.949384 0.981103 0.981103 0.981103 0.981103
0.988224 1.002478 0.969896 0.945764 0.989209 0.939440 0.960569 0.960569 0.960569 0.960569
0.979514 0.973588 0.939232 0.937606 0.984136 0.930847 0.949860 0.949860 0.949860 0.949860
1.009153 1.004192 0.966554 0.965506 1.014082 0.957577 0.976810 0.976810 0.976810 0.976810
0.942856 0.965084 0.922466 0.928247 0.954140 0.912962 0.941919 0.941919 0.941919 0.941919
0.932997 0.932188 0.886605 0.920890 0.923287 0.878664 0.928762 0.928762 0.928762 0.928762
0.998594 0.996265 0.946837 0.984836 0.987359 0.936911 0.989431 0.989431 0.989431 0.989431
0.971207 0.966358 0.927985 0.961036 0.960833 0.914455 0.960123 0.960123 0.960123 0.960123
0.933036 0.924198 0.886888 0.907472 0.919603 0.701415 0.913111 0.913111 0.913110 0.913110
1.029964 1.020190 0.978751 1.003432 1.016864 0.772851 1.009519 1.009519 1.009519 1.009519
0.962307 1.019504 0.978093 1.002757 1.016181 0.772331 1.007570 1.007570 1.007570 1.007570
0.939279 0.993490 0.947681 0.966101 0.990684 0.739587 0.989038 0.989038 0.989039 0.989039
0.967539 1.019358 0.977131 0.996295 1.020879 0.760455 1.020495 1.020495 1.020496 1.020496
0.917461 1.002244 0.960747 0.957560 1.003761 0.687567 0.998721 0.998721 0.998722 0.998722
0.948362 1.036671 0.993560 0.989540 1.038989 0.700420 1.029763 1.029763 1.029763 1.029763
0.911895 1.008117 0.970380 0.948101 1.000580 0.683552 0.996549 0.996549 0.996550 0.996550
0.904434 1.003076 0.966833 0.944400 0.996076 0.677607 0.971319 0.971319 0.971319 0.971319
0.949348 1.052616 1.014306 0.983545 1.041289 0.708596 1.021541 1.021541 1.021542 1.021542
0.922635 1.025315 0.999767 0.975583 1.031297 0.688464 1.005975 1.005975 1.005976 1.005976
0.936716 1.039594 1.013028 0.989871 1.044774 0.700117 1.019687 1.019687 1.019688 1.019688
0.941435 1.045287 1.019538 0.997054 1.051530 0.704706 1.025159 1.025159 1.025160 1.025160
0.890117 0.954459 0.929661 0.944303 0.963504 0.645713 0.961867 0.961867 0.961868 0.961868
0.954639 1.022885 0.995473 1.014032 1.027270 0.691430 1.028424 1.028424 1.028425 1.028425
0.938283 0.992846 0.978391 0.976849 0.989601 0.671125 1.005560 1.005560 1.005560 1.005560
0.940827 1.017697 1.003284 1.001080 1.015240 0.688529 1.032181 1.032181 1.032182 1.032182
0.938558 1.017483 1.005208 0.998764 1.015114 0.688864 1.029219 1.029219 1.029220 1.029220
0.935863 1.013655 1.002764 0.992358 1.011345 0.687181 1.022946 1.022946 1.022947 1.022947
0.926989 1.005034 1.000063 0.969252 1.005805 0.683338 1.012428 1.012428 1.012429 1.012429
0.950518 1.030544 1.025446 0.993853 1.015907 0.696794 1.033877 1.033877 1.033877 1.033877
0.939939 1.015016 1.009489 0.975983 0.991112 0.686855 1.013164 1.013164 1.013164 1.013164
0.951944 1.025766 1.016681 0.980003 1.002878 0.696284 1.018748 1.018748 1.018748 1.018748
0.948993 1.022552 1.012901 0.973796 0.997761 0.694161 1.009198 1.009198 1.009198 1.009198
0.945595 1.020386 1.006435 0.967368 0.995647 0.689579 0.992412 0.992412 0.992412 0.992412
0.874674 0.969433 0.939710 0.914255 0.935548 0.661896 0.931836 0.931836 0.931837 0.931837
0.931557 1.020131 1.002769 0.965988 0.967742 0.690850 0.984326 0.984326 0.984327 0.984327
0.954365 1.043158 1.027320 0.989640 0.991436 0.707764 1.007553 1.007553 1.007553 1.007553
0.942892 1.028522 1.017606 0.981472 0.958825 0.696652 0.995562 0.995562 0.995563 0.995563
0.953783 1.029792 1.019378 0.990755 0.954208 0.697512 1.001693 1.001693 1.001694 1.001694
0.981249 1.059447 1.048733 1.019286 0.981686 0.717598 1.026886 1.026886 1.026887 1.026887
0.915452 0.988406 0.978411 0.910134 0.915860 0.627031 0.953722 0.953722 0.953723 0.953723
0.905354 0.972683 0.952828 0.896294 0.909267 0.618047 0.957820 0.957820 0.957821 0.957821
0.963597 1.025925 1.005591 0.955675 0.969291 0.660695 1.019335 1.019335 1.019336 1.019336
0.984284 1.047949 1.027179 0.976192 0.990100 0.674879 1.034038 1.034038 1.034039 1.034039
0.951349 1.003244 0.985472 0.942759 0.956191 0.637611 1.006771 1.006771 1.006772 1.006772
0.969718 1.021005 0.995426 0.958946 0.962863 0.648553 1.021185 1.021185 1.021186 1.021186
0.976237 1.031385 1.005814 0.969436 0.967244 0.657103 1.032567 1.032567 1.032569 1.032569
0.965750 1.020606 0.990797 0.955137 0.956074 0.648517 1.007963 1.007963 1.007964 1.007964
0.962915 1.031400 0.994729 0.963716 0.959147 0.655965 1.015127 1.015127 1.015129 1.015129
0.956417 1.032418 0.994122 0.968713 0.955837 0.653957 1.019158 1.019158 1.019159 1.019159
0.970290 1.047044 1.008997 0.974629 0.966055 0.661178 1.028635 1.028635 1.028636 1.028636
0.971073 1.050486 1.008275 0.978680 0.965960 0.662138 1.028669 1.028669 1.028670 1.028670
0.974158 1.049573 1.013320 0.982239 0.967942 0.663688 1.033724 1.033724 1.033725 1.033725
0.978324 1.055392 1.018794 0.986946 0.972256 0.667603 1.037267 1.037267 1.037269 1.037269
0.962090 1.032504 1.012654 0.965819 0.964464 0.666268 1.035303 1.035303 1.035304 1.035304
0.934938 1.002536 0.980050 0.935330 0.940543 0.653025 1.004956 1.004956 1.004957 1.004957
0.982974 1.054044 1.030403 0.983386 0.988866 0.686576 1.054041 1.054041 1.054043 1.054043
0.976998 1.047637 1.024139 0.977408 0.982855 0.682403 1.041301 1.041301 1.041302 1.041302
0.979858 1.051163 1.026779 0.980276 0.985660 0.683393 1.043315 1.043315 1.043316 1.043316
0.957592 1.025320 0.996409 0.954967 0.963262 0.667864 1.013466 1.013466 1.013468 1.013468
0.958559 1.031630 0.980332 0.941145 0.968559 0.669797 1.012271 1.012271 1.012273 1.012273
0.985911 1.061388 1.008854 0.968434 0.996534 0.689061 1.036916 1.036916 1.036917 1.036917
0.983451 1.058741 1.006337 0.966018 0.994048 0.687342 1.025466 1.025466 1.025467 1.025467
0.969819 1.045733 0.994594 0.956079 0.978760 0.674550 1.005817 1.005817 1.005818 1.005818
0.896322 0.966483 0.919219 0.883623 0.774397 0.623429 0.907957 0.907957 0.907958 0.907958
0.946782 1.020297 0.911977 0.928424 0.813602 0.633081 0.957576 0.957576 0.957577 0.957577
1.003882 1.081830 0.966977 0.983399 0.862669 0.671262 0.995707 0.995707 0.995708 0.995708
0.984262 1.062951 0.955956 0.964180 0.834667 0.650882 0.966001 0.966001 0.966002 0.966002
0.967764 1.029284 0.925363 0.950325 0.826174 0.641731 0.915316 0.915316 0.915317 0.915317
1.039216 1.097709 0.980507 1.017789 0.890131 0.675845 0.985632 0.985632 0.985634 0.985634
1.031606 1.090919 0.968258 1.011206 0.878631 0.675110 0.978392 0.978392 0.978393 0.978393
1.016682 1.070476 0.949028 0.987830 0.856561 0.660725 0.969322 0.969322 0.969324 0.969324
1.050057 1.101191 0.979035 1.015836 0.885509 0.682708 0.990926 0.990926 0.990927 0.990927
1.074118 1.122996 1.000484 1.037771 0.905387 0.698959 1.012289 1.012289 1.012290 1.012290
1.055025 1.107107 0.985052 1.019420 0.893816 0.688669 0.998467 0.998467 0.998468 0.998468
1.065609 1.105866 0.993881 1.026462 0.897485 0.695527 1.007905 1.007905 1.007906 1.007906
1.052078 1.094370 0.990316 1.023143 0.883986 0.682851 1.001100 1.001100 1.001101 1.001101
1.026102 1.070306 0.967852 1.006568 0.866408 0.668059 0.965601 0.965601 0.965602 0.965602
1.063966 1.107961 1.003008 1.044098 0.899600 0.694353 1.000075 1.000075 1.000076 1.000076
1.057352 1.095147 0.997055 1.034962 0.894968 0.689702 0.993691 0.993691 0.993693 0.993693
1.053694 1.083605 0.990071 1.022626 0.876480 0.678038 0.981634 0.981634 0.981635 0.981635
1.082489 1.113217 1.020521 1.054078 0.902924 0.698892 1.008152 1.008152 1.008154 1.008154
0.991724 1.028679 0.984908 1.017294 0.857489 0.632164 0.960661 0.960661 0.960662 0.960662
1.029795 1.068169 1.022717 1.056346 0.890406 0.656432 0.982773 0.982773 0.982775 0.982775
1.037323 1.081322 1.038748 1.069246 0.901052 0.663947 0.992843 0.992843 0.992845 0.992845
0.992015 1.023911 0.985155 0.991487 0.860959 0.634425 0.952761 0.952761 0.952762 0.952762
1.058814 1.092858 1.051493 1.058251 0.918933 0.677145 1.013064 1.013064 1.013065 1.013065
0.962567 1.046225 1.036419 1.043080 0.905760 0.666673 0.994808 0.994808 0.994809 0.994809
0.893021 0.992313 0.972126 0.992312 0.871047 0.634777 0.959399 0.959399 0.959400 0.959400
0.930066 1.031815 1.010824 1.034755 0.904727 0.661109 0.984741 0.984741 0.984742 0.984742
0.957925 1.062722 1.041102 1.065750 0.931828 0.680912 1.003664 1.003664 1.003665 1.003665
0.940812 1.052531 1.027955 1.055823 0.919450 0.675368 0.986637 0.986637 0.986638 0.986638
