0.971270 0.974856 0.973594 0.971361 0.976208 0.974290 0.975345 0.975345 0.975345 0.975345
0.980935 0.983826 0.981728 0.982266 0.980126 0.982438 0.982027 0.982027 0.982027 0.982027
0.956231 0.957507 0.955465 0.958715 0.952860 0.957696 0.943446 0.943446 0.943447 0.943447
0.948762 0.952166 0.959457 0.966767 0.954957 0.927916 0.948486 0.948486 0.948486 0.948486
0.924867 0.928185 0.935293 0.901980 0.930906 0.847192 0.920441 0.920441 0.920442 0.920442
0.985542 0.991530 0.995137 0.964371 0.991080 0.903354 0.980068 0.980068 0.980069 0.980069
0.975436 0.969149 0.984906 0.935512 0.961421 0.882963 0.964986 0.964986 0.964987 0.964987
0.972440 0.979265 0.988680 0.943785 0.964380 0.892981 0.971713 0.971713 0.971713 0.971713
0.987508 0.994108 1.004453 0.950476 0.975641 0.903723 0.981707 0.981707 0.981707 0.981707
0.927839 0.919875 0.929131 0.895217 0.922830 0.851451 0.888891 0.888891 0.888891 0.888891
0.962001 0.944354 0.955367 0.899988 0.955989 0.882074 0.924806 0.924806 0.924806 0.924806
1.004743 0.986311 0.997814 0.939975 0.998463 0.921265 0.951598 0.951598 0.951598 0.951598
1.001489 0.982262 0.971101 0.886730 0.983796 0.895001 0.936484 0.936484 0.936485 0.936485
1.018530 0.998977 0.987625 0.900887 1.000537 0.910230 0.934016 0.934016 0.934016 0.934016
0.998820 0.981736 0.976561 0.883454 0.968250 0.882769 0.906328 0.906328 0.906329 0.906329
0.996703 0.956260 0.946504 0.883834 0.944833 0.856761 0.901196 0.901196 0.901196 0.901196
1.026926 0.981326 0.980688 0.907418 0.975867 0.879283 0.920821 0.920821 0.920821 0.920821
1.058580 1.016600 1.019312 0.939940 1.010587 0.910110 0.951971 0.951971 0.951972 0.951972
0.993311 0.949624 0.951501 0.866900 0.944716 0.681838 0.884291 0.884291 0.884291 0.884291
1.097638 1.047808 1.039108 0.950407 1.044299 0.750815 0.977756 0.977756 0.977756 0.977756
1.080249 1.034259 1.026831 0.937858 1.025598 0.743011 0.957370 0.957370 0.957371 0.957371
1.068698 1.024373 1.010560 0.928629 1.008911 0.739683 0.947111 0.947111 0.947111 0.947111
1.040604 1.034229 1.020305 0.916498 1.018640 0.686750 0.951800 0.951800 0.951800 0.951800
1.063927 1.053198 1.038497 0.930547 1.027487 0.699917 0.964369 0.964369 0.964370 0.964370
0.998412 0.996874 1.026620 0.919904 0.999502 0.648481 0.941277 0.941277 0.941278 0.941278
1.045489 1.043878 1.075026 0.963279 1.046630 0.679058 0.975384 0.975384 0.975384 0.975384
1.060376 1.058743 1.093973 0.980256 1.064472 0.691026 0.988972 0.988972 0.988972 0.988972
1.009822 1.003895 1.036115 0.925328 1.002766 0.653513 0.946789 0.946789 0.946789 0.946789
1.057830 1.051063 1.080168 0.968119 1.047785 0.683786 0.991035 0.991035 0.991036 0.991036
1.000982 0.960515 0.985748 0.917645 0.960854 0.627054 0.930607 0.930607 0.930608 0.930608
1.085741 1.041848 1.069218 0.995348 1.042216 0.680151 1.006974 1.006974 1.006975 1.006975
1.060473 1.010372 1.040619 0.963930 1.000393 0.655354 0.974977 0.974977 0.974978 0.974978
1.061683 1.012522 1.048945 0.951583 1.005582 0.658678 0.975300 0.975300 0.975301 0.975301
1.011634 0.964228 0.938772 0.901922 0.953035 0.603376 0.927875 0.927875 0.927876 0.927876
1.064616 1.017027 1.001971 0.968733 1.022084 0.634799 0.989433 0.989433 0.989434 0.989434
1.010867 0.993330 0.971835 0.946512 0.977323 0.615075 0.969622 0.969622 0.969623 0.969623
1.038645 1.022124 0.995731 0.969574 1.005653 0.630061 0.983217 0.983217 0.983218 0.983218
1.072026 1.054975 1.027733 1.000735 1.037974 0.650311 1.009823 1.009823 1.009824 1.009824
1.072155 1.055102 1.027857 1.000856 1.022571 0.646780 1.005811 1.005811 1.005812 1.005812
1.063784 1.049174 1.024258 0.993139 1.016914 0.643595 0.997501 0.997501 0.997502 0.997502
1.070285 1.043930 1.029428 0.996118 1.017126 0.647481 1.003021 1.003021 1.003022 1.003022
1.028054 1.005956 0.993322 0.960943 0.980619 0.621610 0.946799 0.946799 0.946800 0.946800
1.064132 1.044821 1.031975 0.998832 1.012843 0.647555 0.984333 0.984333 0.984334 0.984334
1.075713 1.055917 1.042650 1.001802 1.019700 0.652152 0.996983 0.996983 0.996984 0.996984
1.047886 1.037269 1.021093 0.984383 0.997956 0.641572 0.972083 0.972083 0.972084 0.972084
1.053223 1.037153 1.037322 0.984555 1.011790 0.654411 0.991639 0.991639 0.991640 0.991640
1.045145 1.019919 1.020702 0.978765 1.005614 0.652241 0.983932 0.983932 0.983934 0.983934
1.069733 1.044370 1.044351 1.001798 1.029197 0.666604 1.006084 1.006084 1.006085 1.006085
1.038691 0.993597 0.990718 0.972914 1.003047 0.647043 0.974588 0.974588 0.974589 0.974589
1.002854 1.026072 1.023099 1.004712 1.035830 0.668190 1.005173 1.005173 1.005174 1.005174
0.927812 0.944612 0.932074 0.925606 0.962035 0.616130 0.944371 0.944371 0.944372 0.944372
0.976640 1.002067 0.987189 0.986024 1.016025 0.650963 1.004797 1.004797 1.004798 1.004798
0.975728 1.006276 0.969375 0.969865 1.019629 0.651579 1.001663 1.001663 1.001665 1.001665
0.970229 0.998979 0.956839 0.951925 1.012677 0.635649 1.001669 1.001669 1.001671 1.001671
1.007554 1.034252 0.992670 0.987268 1.051156 0.660676 1.038824 1.038824 1.038826 1.038826
0.997928 1.022166 0.977704 0.969482 1.040187 0.654981 1.021524 1.021524 1.021525 1.021525
0.908655 0.955946 0.898617 0.901933 0.962124 0.618862 0.944181 0.944181 0.944182 0.944182
0.974575 1.029627 0.956497 0.970948 1.032745 0.664079 1.011522 1.011522 1.011523 1.011523
1.003673 1.060369 0.985056 0.999939 1.063581 0.683907 1.039795 1.039795 1.039796 1.039796
0.967399 1.044795 0.970978 0.985035 1.048857 0.674455 1.025966 1.025966 1.025967 1.025967
0.969526 1.045356 0.972572 0.987567 1.052592 0.677541 1.027034 1.027034 1.027034 1.027034
0.970946 1.048208 0.975088 0.989520 1.054323 0.679629 1.027668 1.027668 1.027669 1.027669
0.971406 1.048705 0.975550 0.989989 1.054823 0.679951 1.019344 1.019344 1.019345 1.019345
0.945899 1.018445 0.957275 0.967225 1.027717 0.664452 0.990338 0.990338 0.990339 0.990339
0.938670 1.009827 0.946073 0.956527 1.023450 0.665035 0.981667 0.981667 0.981667 0.981667
0.961104 1.036372 0.977623 0.988777 1.045422 0.677117 1.011182 1.011182 1.011182 1.011182
0.969851 1.041692 0.987467 0.998905 1.055337 0.682038 1.022087 1.022087 1.022087 1.022087
0.962515 1.031885 0.979998 0.991350 1.047355 0.676880 1.013478 1.013478 1.013478 1.013478
0.975394 1.046922 0.995321 0.998342 1.062611 0.682352 1.025928 1.025928 1.025929 1.025929
0.975432 1.046963 0.995360 0.998381 1.062652 0.682379 1.018892 1.018892 1.018893 1.018893
0.975065 1.047763 0.993855 0.997517 1.062428 0.681100 1.016644 1.016644 1.016645 1.016645
0.967856 1.034418 0.986786 0.987618 1.055705 0.675736 1.008958 1.008958 1.008959 1.008959
0.974862 1.040536 0.991974 0.994164 1.061050 0.681743 1.014629 1.014629 1.014630 1.014630
0.969866 1.034279 0.987326 0.985555 1.054721 0.678540 1.006166 1.006166 1.006167 1.006167
0.968346 1.022127 0.976219 0.981975 1.036031 0.670568 0.999234 0.999234 0.999235 0.999235
0.953880 0.997274 0.954528 0.966517 1.019722 0.645679 0.991528 0.991528 0.991529 0.991529
0.964523 0.996341 0.967054 0.969549 1.001454 0.639832 0.994397 0.994397 0.994398 0.994398
1.005989 1.039176 1.008630 1.011232 1.044508 0.667340 1.033218 1.033218 1.033219 1.033219
1.003128 1.036220 1.005761 1.008355 1.041537 0.665441 1.024051 1.024051 1.024051 1.024051
1.000975 1.032481 1.001378 1.005375 1.038417 0.661521 1.017094 1.017094 1.017095 1.017095
1.013386 1.045282 1.013794 1.017841 1.051293 0.669723 1.026056 1.026056 1.026057 1.026057
1.009004 1.041078 1.009959 1.013894 1.047101 0.666975 1.017459 1.017459 1.017460 1.017460
0.921677 1.001426 1.000247 1.004144 1.037032 0.659804 1.003907 1.003907 1.003907 1.003907
0.923759 1.005293 1.004736 1.010059 1.037775 0.658109 1.000768 1.000768 1.000769 1.000769
0.914536 1.005869 1.000156 1.007519 1.029867 0.655871 0.984674 0.984674 0.984675 0.984675
0.936544 1.025920 1.026088 1.032236 1.053467 0.671095 1.010116 1.010116 1.010117 1.010117
0.855670 0.958263 0.947806 0.967069 0.997693 0.629273 0.959354 0.959354 0.959355 0.959355
0.916968 1.026895 1.015424 1.038094 1.070987 0.673108 1.029662 1.029662 1.029663 1.029663
0.895369 1.000666 0.994080 1.017507 1.023667 0.654804 1.005531 1.005531 1.005532 1.005532
0.880547 0.995266 0.993000 0.997099 1.008276 0.653589 0.995261 0.995261 0.995262 0.995262
0.900847 1.014135 1.014704 1.015665 1.032487 0.668943 1.007815 1.007815 1.007816 1.007816
0.898770 1.009870 1.005264 1.010117 1.030108 0.667402 0.999437 0.999437 0.999438 0.999438
0.903046 1.007724 0.996651 1.012236 1.038459 0.657666 1.006986 1.006986 1.006987 1.006987
0.922566 1.029956 1.019601 1.036399 1.062413 0.672897 1.029089 1.029089 1.029090 1.029090
0.921087 1.028968 1.018431 1.034453 1.062161 0.662076 1.024854 1.024854 1.024855 1.024855
0.902874 1.008920 0.994068 1.009892 1.040311 0.647460 0.991302 0.991302 0.991302 0.991302
0.916995 1.024665 1.008988 1.022358 1.054459 0.657620 1.000468 1.000468 1.000469 1.000469
0.844471 0.943626 0.929189 0.941502 0.831308 0.605610 0.899899 0.899899 0.899900 0.899900
0.940756 1.049561 1.025783 1.046649 0.914888 0.673238 0.997594 0.997594 0.997595 0.997595
0.926062 1.036030 1.011839 1.039271 0.905036 0.664780 0.971170 0.971170 0.971171 0.971171
