0.915204 0.901325 0.901018 0.917431 0.921335 0.917721 0.881968 0.881968 0.881968 0.881968
0.948945 0.925353 0.926503 0.922363 0.954484 0.950771 0.917645 0.917645 0.917645 0.917645
0.939945 0.980358 0.981577 0.977191 1.011221 1.007287 0.970968 0.970968 0.970968 0.970968
0.954173 0.995198 0.996436 0.991983 1.026529 1.022535 0.982173 0.982173 0.982173 0.982173
0.884684 0.922183 0.867738 0.914868 0.946661 0.911434 0.909225 0.909225 0.909225 0.909225
0.884523 0.929974 0.913937 0.963576 0.981127 0.899703 0.945516 0.945516 0.945516 0.945516
0.918390 0.965581 0.948930 1.000470 1.018693 0.934152 0.967187 0.967187 0.967187 0.967187
0.911198 0.966091 0.946518 1.001276 1.015430 0.936012 0.960491 0.960491 0.960492 0.960492
0.840255 0.915016 0.881037 0.943380 0.951191 0.895663 0.899080 0.899080 0.899081 0.899081
0.832626 0.926960 0.882653 0.958574 0.977023 0.910880 0.926119 0.926119 0.926120 0.926120
0.831082 0.951733 0.899953 0.984555 0.982085 0.927782 0.954060 0.954060 0.954061 0.954061
0.875825 0.999920 0.947471 1.036221 1.034487 0.978581 1.004092 1.004092 1.004093 1.004093
0.852850 0.973689 0.922616 1.007995 1.007349 0.952911 0.958859 0.958859 0.958860 0.958860
0.870647 0.993120 0.942285 1.025374 1.027502 0.973212 0.975703 0.975703 0.975704 0.975704
0.891051 1.016395 0.964368 1.049405 1.051583 0.996021 0.996721 0.996721 0.996721 0.996721
0.847297 0.965687 0.913263 0.994438 1.003463 0.955245 0.946714 0.946714 0.946714 0.946714
0.866812 0.990851 0.938119 1.020070 1.024420 0.982655 0.963590 0.963590 0.963591 0.963591
0.864757 0.976199 0.935871 0.997425 1.001679 0.968124 0.956320 0.956320 0.956320 0.956320
0.866959 1.000469 0.959524 1.021999 1.027462 0.993068 0.981476 0.981476 0.981476 0.981476
0.852194 0.982576 0.920915 0.950768 0.998361 0.951408 0.952524 0.952524 0.952524 0.952524
0.869877 1.004567 0.942113 0.974012 1.017508 0.966471 0.967064 0.967064 0.967064 0.967064
0.897774 1.036783 0.972326 1.005248 1.050139 0.997465 0.995670 0.995670 0.995671 0.995671
0.839497 0.946330 0.883098 0.942398 0.960259 0.907162 0.927733 0.927733 0.927734 0.927734
0.890837 0.998798 0.937369 0.997481 1.020078 0.962172 0.984304 0.984304 0.984305 0.984305
0.897817 1.002667 0.945621 1.006435 1.028462 0.967950 0.993672 0.993672 0.993673 0.993673
0.874896 0.975498 0.919998 0.981955 0.999496 0.943238 0.954295 0.954295 0.954296 0.954296
0.905052 1.008372 0.950203 1.017085 1.027868 0.974215 0.984157 0.984157 0.984158 0.984158
0.891916 0.997934 0.929309 1.006036 1.013757 0.960540 0.968767 0.968767 0.968768 0.968768
0.906784 1.013081 0.942706 1.021976 1.029778 0.972886 0.980328 0.980328 0.980330 0.980330
0.905326 1.009274 0.935942 1.011616 1.027208 0.972238 0.971736 0.971736 0.971737 0.971737
0.894066 1.001845 0.908471 0.983581 1.018982 0.961953 0.957552 0.957552 0.957553 0.957553
0.905404 1.004203 0.911070 0.993993 1.015209 0.964218 0.964526 0.964526 0.964527 0.964527
0.914589 1.016905 0.918913 1.007439 1.024581 0.974628 0.973558 0.973558 0.973559 0.973559
0.914390 1.014787 0.918713 1.007219 1.024358 0.974416 0.972503 0.972503 0.972503 0.972503
0.905641 1.006553 0.907364 0.994559 1.016046 0.962168 0.950581 0.950581 0.950582 0.950582
0.923426 1.022179 0.926867 1.014554 1.034836 0.980245 0.970927 0.970927 0.970928 0.970928
0.893587 0.985203 0.901959 0.978302 1.003849 0.944854 0.931759 0.931759 0.931760 0.931760
0.935365 1.032477 0.946229 1.017646 1.052011 0.983860 0.974267 0.974267 0.974267 0.974267
0.930740 1.025668 0.941026 1.012989 1.048232 0.981317 0.968329 0.968329 0.968329 0.968329
0.904703 1.010486 0.921035 0.996420 1.025192 0.967660 0.950722 0.950722 0.950722 0.950722
0.896754 1.012290 0.917946 0.995117 1.018612 0.965537 0.936565 0.936565 0.936565 0.936565
0.911967 1.022150 0.930198 1.003409 1.018016 0.968662 0.944163 0.944163 0.944163 0.944163
0.917215 1.026414 0.927100 1.007066 1.011488 0.972183 0.944946 0.944946 0.944947 0.944947
0.891334 0.999582 0.908426 0.978650 0.969999 0.934329 0.908646 0.908646 0.908646 0.908646
0.901806 1.014571 0.923294 0.994421 0.985038 0.944816 0.903438 0.903438 0.903439 0.903439
0.907319 1.016347 0.923854 0.991718 0.980348 0.943993 0.913754 0.913754 0.913754 0.913754
0.892726 1.000001 0.908996 0.933899 0.964581 0.869918 0.895016 0.895016 0.895017 0.895017
0.930678 1.039734 0.954962 0.976864 1.006166 0.910125 0.930959 0.930959 0.930960 0.930960
0.939079 1.046985 0.966084 0.989441 0.993800 0.914920 0.939477 0.939477 0.939478 0.939478
0.911583 0.981521 0.904427 0.962099 0.934907 0.860701 0.904997 0.904997 0.904998 0.904998
0.957989 1.032504 0.956982 0.996987 0.986470 0.908068 0.950298 0.950298 0.950299 0.950299
0.965613 1.040686 0.963999 1.001661 0.992324 0.915341 0.951833 0.951833 0.951833 0.951833
0.981625 1.058627 0.980432 1.017991 1.010160 0.917027 0.965182 0.965182 0.965183 0.965183
0.971516 1.043532 0.969201 1.003142 1.000695 0.907973 0.945495 0.945495 0.945496 0.945496
0.919854 0.983591 0.912901 0.933552 0.943922 0.686385 0.886212 0.886212 0.886213 0.886213
0.986685 1.056262 0.974127 1.002241 1.006794 0.740879 0.950577 0.950577 0.950578 0.950578
1.010006 1.081227 0.997151 1.025929 1.030590 0.758390 0.962900 0.962900 0.962901 0.962901
0.937241 0.998384 0.911169 0.947997 0.960048 0.701406 0.907377 0.907377 0.907378 0.907378
1.017512 1.083891 0.989206 1.029189 1.042272 0.761479 0.978296 0.978296 0.978298 0.978298
1.017960 1.072396 0.988596 1.026458 1.036614 0.761759 0.978166 0.978166 0.978168 0.978168
1.007212 1.064990 0.980499 1.015715 1.030884 0.756060 0.971899 0.971899 0.971901 0.971901
0.995535 1.052954 0.965030 0.999874 1.018103 0.745539 0.947924 0.947924 0.947926 0.947926
1.032565 1.092120 1.000925 1.037065 1.055972 0.773270 0.979458 0.979458 0.979459 0.979459
1.013364 1.077136 0.990469 1.022733 1.041116 0.762008 0.964047 0.964047 0.964048 0.964048
0.995748 1.037049 0.950862 1.005145 1.026821 0.748510 0.945057 0.945057 0.945058 0.945058
1.029310 1.071434 0.978198 1.037737 1.058748 0.772839 0.976157 0.976157 0.976157 0.976157
1.030296 1.070872 0.967654 1.030552 1.060129 0.770873 0.977681 0.977681 0.977682 0.977682
1.036714 1.077544 0.973682 1.036973 1.066734 0.775676 0.978931 0.978931 0.978932 0.978932
1.012709 1.050588 0.944465 1.009755 1.042033 0.757714 0.950504 0.950504 0.950505 0.950505
0.938703 0.973814 0.875446 0.935965 0.826874 0.702343 0.860539 0.860539 0.860540 0.860540
1.063596 1.103859 0.993293 1.062834 0.938219 0.796989 0.975350 0.975350 0.975351 0.975351
1.019196 1.069779 0.966797 1.014838 0.900441 0.775133 0.940659 0.940659 0.940660 0.940660
1.053927 1.107496 0.998608 1.048908 0.931280 0.800347 0.970934 0.970934 0.970935 0.970935
1.054233 1.109215 1.000017 1.049751 0.931718 0.801872 0.970394 0.970394 0.970396 0.970396
1.059795 1.115067 1.005293 1.055289 0.936633 0.806102 0.969616 0.969616 0.969617 0.969617
1.055190 1.108762 0.998956 1.050066 0.930549 0.803915 0.963852 0.963852 0.963853 0.963853
1.052438 1.105502 0.996800 1.038658 0.924632 0.799082 0.956405 0.956405 0.956407 0.956407
1.032983 1.087525 0.992271 1.040484 0.924856 0.784090 0.951188 0.951188 0.951189 0.951189
1.007974 1.063584 0.979948 1.031881 0.911572 0.747152 0.940464 0.940464 0.940465 0.940465
1.048422 1.106747 1.018916 1.073295 0.948082 0.775990 0.977234 0.977234 0.977235 0.977235
1.044583 1.102408 1.014645 1.060999 0.940767 0.770256 0.975552 0.975552 0.975553 0.975553
1.026794 1.078023 1.008083 1.037827 0.932814 0.768376 0.973273 0.973273 0.973274 0.973274
1.002198 1.042184 0.976662 1.012141 0.909727 0.733086 0.956928 0.956928 0.956930 0.956930
0.982597 1.059484 0.992895 1.005824 0.924848 0.685329 0.968312 0.968312 0.968314 0.968314
1.014356 1.093728 1.024987 1.038334 0.954740 0.707480 0.991044 0.991044 0.991045 0.991045
1.024310 1.104461 1.038499 1.052022 0.966777 0.716807 1.000464 1.000464 1.000465 1.000465
0.989075 1.074773 1.008973 1.028038 0.936620 0.694719 0.976474 0.976474 0.976475 0.976475
0.994591 1.083287 1.023962 1.043681 0.939607 0.694682 0.987833 0.987833 0.987834 0.987834
0.987992 1.068729 1.003679 1.034013 0.936485 0.676787 0.984011 0.984011 0.984012 0.984012
0.994369 1.079307 1.013884 1.045046 0.940496 0.685527 0.994715 0.994715 0.994716 0.994716
0.974909 1.056464 0.986747 1.011341 0.920994 0.659395 0.980781 0.980781 0.980782 0.980782
0.995863 1.074874 1.003439 1.025921 0.928158 0.671433 0.992840 0.992840 0.992841 0.992841
0.927432 1.054120 1.013191 1.035891 0.937178 0.677182 0.998740 0.998740 0.998741 0.998741
0.924360 1.038064 1.011798 1.024270 0.907217 0.661446 0.987296 0.987296 0.987297 0.987297
0.958974 1.077261 1.050256 1.063101 0.941507 0.686366 1.020095 1.020095 1.020096 1.020096
0.958408 1.076608 1.049346 1.064265 0.942555 0.684695 1.021062 1.021062 1.021063 1.021063
0.960657 1.079134 1.051808 1.066762 0.930635 0.682493 1.019269 1.019269 1.019271 1.019271
0.943287 1.050069 1.024099 1.049362 0.915251 0.673094 1.000738 1.000738 1.000739 1.000739
0.926941 1.034730 1.008422 1.040154 0.903821 0.663483 0.972537 0.972537 0.972538 0.972538
0.956695 1.070300 1.045308 1.073647 0.934973 0.686770 1.003294 1.003294 1.003295 1.003295
