0.991456 0.991822 0.989916 0.992632 0.993399 0.989297 0.993360 0.993360 0.993360 0.993360
0.972593 0.970892 0.971082 0.973746 0.974499 0.970201 0.961488 0.961488 0.961487 0.961487
0.986420 0.956224 0.983838 0.986074 0.963819 0.961748 0.973341 0.973341 0.973341 0.973341
0.997965 0.966858 0.993019 0.996165 0.974178 0.972129 0.985747 0.985747 0.985746 0.985746
1.004533 0.973629 0.999912 1.004262 0.981134 0.978937 0.993795 0.993795 0.993794 0.993794
1.001920 0.971453 0.997677 0.993956 0.978941 0.976408 0.987118 0.987118 0.987117 0.987117
0.998131 0.967780 0.993905 0.990198 0.975240 0.972717 0.974959 0.974959 0.974958 0.974958
0.997267 0.965713 0.989904 0.985161 0.975753 0.969418 0.976454 0.976454 0.976452 0.976452
0.954039 0.939135 0.962661 0.958048 0.699505 0.927397 0.940898 0.940898 0.940896 0.940896
1.031847 1.015728 1.041172 1.036183 0.756555 1.003033 1.015327 1.015327 1.015325 1.015325
1.026316 1.008566 1.034821 1.032156 0.750483 0.997516 1.012474 1.012474 1.012472 1.012472
1.033049 1.015182 1.041609 1.038927 0.755406 1.004060 1.017302 1.017302 1.017300 1.017300
1.016802 1.009431 1.035708 1.033041 0.743526 0.998371 1.008328 1.008328 1.008326 1.008326
1.011400 1.005335 1.030203 1.026020 0.739593 0.994320 1.007832 1.007832 1.007830 1.007830
1.016904 1.010806 1.035809 1.031603 0.743617 0.999731 1.007744 1.007744 1.007742 1.007742
1.009663 1.005311 1.029233 1.031057 0.741105 0.981402 1.007218 1.007218 1.007216 1.007216
0.984765 0.980376 1.003852 1.028373 0.739176 0.973386 1.005162 1.005162 1.005160 1.005160
1.011281 1.006774 1.028563 1.056063 0.759079 0.997346 1.032227 1.032227 1.032225 1.032225
0.979074 0.972284 1.001131 1.025298 0.743707 0.970285 1.005977 1.005977 1.005975 1.005975
0.979881 0.974958 1.002249 0.994727 0.745753 0.972954 1.000376 1.000376 1.000374 1.000374
0.876170 0.828843 0.831468 0.802091 0.601332 0.875451 0.900125 0.900125 0.900123 0.900123
1.018535 0.927484 0.965840 0.932420 0.692811 0.997412 1.046236 1.046236 1.046234 1.046234
0.998642 0.915373 0.971210 0.941355 0.681117 1.006970 1.054605 1.054605 1.054602 1.054602
0.971700 0.916766 0.945008 0.915959 0.680040 1.006895 1.054075 1.054075 1.054072 1.054072
0.985039 0.916922 0.957570 0.928134 0.689080 1.020280 1.058604 1.058604 1.058602 1.058602
0.903323 0.893303 0.932929 0.904227 0.631916 0.994026 1.015904 1.015904 1.015902 1.015902
0.947312 0.932335 0.978638 0.942724 0.661247 1.039954 1.067719 1.067719 1.067717 1.067717
0.938301 0.920815 0.967989 0.924217 0.651673 1.025309 1.059673 1.059673 1.059671 1.059671
0.951962 0.934222 0.982235 0.937673 0.661265 1.040399 1.066288 1.066288 1.066286 1.066286
0.964345 0.943585 0.992693 0.950367 0.670479 1.052497 1.083624 1.083624 1.083622 1.083622
0.957750 0.935180 0.983908 0.933462 0.653249 1.042409 1.076286 1.076286 1.076284 1.076284
0.951880 0.931209 0.969041 0.926201 0.647139 1.029137 1.067156 1.067156 1.067154 1.067154
0.975607 0.954420 0.993195 0.949288 0.663270 1.054789 1.091830 1.091830 1.091828 1.091828
0.967765 0.946749 0.978232 0.941657 0.657938 1.042194 1.077892 1.077892 1.077889 1.077889
0.964968 0.936186 0.972513 0.938521 0.652416 1.038619 1.074538 1.074538 1.074536 1.074536
0.979880 0.951160 0.988521 0.953968 0.663155 1.055715 1.090597 1.090597 1.090595 1.090595
0.969815 0.940121 0.974055 0.943576 0.655363 1.043463 1.082213 1.082213 1.082210 1.082210
0.967689 0.943007 0.971289 0.945642 0.658497 1.043337 1.089203 1.089203 1.089201 1.089201
0.966415 0.937639 0.970484 0.944397 0.657630 1.037398 1.084780 1.084780 1.084778 1.084778
0.968027 0.930120 0.976906 0.950786 0.661982 1.044263 1.088644 1.088644 1.088642 1.088642
0.970309 0.934455 0.981789 0.954428 0.664586 1.045675 1.095409 1.095409 1.095407 1.095407
0.962258 0.926423 0.968824 0.945842 0.656870 1.033599 1.086487 1.086487 1.086484 1.086484
0.962701 0.931288 0.972906 0.951119 0.658206 1.039571 1.091815 1.091815 1.091812 1.091812
0.949926 0.918918 0.959046 0.936398 0.647367 1.027205 1.071536 1.071536 1.071533 1.071533
0.932278 0.910641 0.959477 0.927963 0.647658 1.027667 1.077446 1.077446 1.077444 1.077444
0.940266 0.917288 0.965568 0.934487 0.652936 1.032623 1.087671 1.087671 1.087669 1.087669
0.921954 0.915893 0.964100 0.933067 0.651944 1.031053 1.075486 1.075486 1.075484 1.075484
0.927718 0.917503 0.969439 0.939111 0.653089 1.037499 1.075524 1.075524 1.075522 1.075522
0.941553 0.930775 0.981538 0.952481 0.660221 1.050423 1.094029 1.094029 1.094027 1.094027
0.949661 0.938791 0.989991 0.960684 0.665907 1.059469 1.102224 1.102224 1.102222 1.102222
0.943701 0.932581 0.983333 0.953098 0.660235 1.052160 1.094461 1.094461 1.094460 1.094460
0.935510 0.925492 0.975858 0.945852 0.654504 1.043027 1.085507 1.085507 1.085505 1.085505
0.936126 0.932356 0.977521 0.953287 0.657921 1.031905 1.094755 1.094755 1.094753 1.094753
0.919190 0.914615 0.962393 0.938891 0.644139 1.017056 1.078097 1.078097 1.078095 1.078095
0.929625 0.926207 0.978321 0.953082 0.654439 1.031944 1.094979 1.094979 1.094977 1.094977
0.937016 0.929323 0.986060 0.956167 0.660011 1.038896 1.105168 1.105168 1.105166 1.105166
0.921683 0.908480 0.968108 0.928488 0.647729 1.018525 1.093408 1.093408 1.093407 1.093407
0.933388 0.922759 0.979566 0.942956 0.656669 1.031091 1.111309 1.111309 1.111307 1.111307
0.931341 0.919855 0.977715 0.942586 0.655486 1.030769 1.111112 1.111112 1.111110 1.111110
0.923266 0.919826 0.919146 0.942203 0.655466 1.030736 1.110931 1.110931 1.110929 1.110929
0.921896 0.919268 0.918797 0.939494 0.653596 1.025672 1.108894 1.108894 1.108892 1.108892
0.935510 0.932843 0.926644 0.953367 0.663248 1.040818 1.123307 1.123307 1.123305 1.123305
0.928212 0.926245 0.918176 0.945267 0.655237 1.031494 1.114286 1.114286 1.114284 1.114284
0.921715 0.919762 0.911750 0.938651 0.650651 1.024274 1.094458 1.094458 1.094457 1.094457
0.942574 0.940577 0.932383 0.959893 0.665376 1.047454 1.117220 1.117220 1.117218 1.117218
0.934451 0.930485 0.922404 0.947477 0.660307 1.037710 1.106993 1.106993 1.106991 1.106991
0.944576 0.940567 0.932399 0.957743 0.667462 1.029866 1.118266 1.118266 1.118264 1.118264
0.915545 0.911660 0.903742 0.928308 0.646948 0.998213 1.063118 1.063118 1.063116 1.063116
0.928054 0.924116 0.877613 0.940991 0.655787 0.968732 1.072949 1.072949 1.072947 1.072947
0.952884 0.947795 0.898388 0.966108 0.675187 0.997148 1.105534 1.105534 1.105533 1.105533
0.959225 0.954103 0.904367 0.972538 0.679681 1.003784 1.108597 1.108597 1.108595 1.108595
0.916954 0.935106 0.891551 0.922596 0.670049 0.989598 1.085518 1.085518 1.085516 1.085516
0.935165 0.944797 0.900919 0.941809 0.681940 1.011599 1.110011 1.110011 1.110010 1.110010
0.904345 0.913421 0.869099 0.929333 0.672906 0.985655 1.093630 1.093630 1.093629 1.093629
0.883848 0.892548 0.851415 0.908189 0.657529 0.965598 1.047069 1.047069 1.047068 1.047068
0.918048 0.927085 0.886079 0.945166 0.675976 1.004912 1.079261 1.079261 1.079260 1.079260
0.926123 0.932470 0.888993 0.953311 0.683059 1.014117 1.087262 1.087262 1.087261 1.087261
0.887093 0.932292 0.890972 0.955434 0.684580 0.968914 1.082209 1.082209 1.082207 1.082207
0.907129 0.953259 0.909649 0.976130 0.700604 0.988689 1.112393 1.112393 1.112391 1.112391
0.894177 0.945590 0.900027 0.962313 0.691800 0.974640 1.101681 1.101681 1.101679 1.101679
0.905185 0.957231 0.911108 0.974160 0.700316 0.986638 1.109206 1.109206 1.109204 1.109204
0.905383 0.964682 0.914979 0.977029 0.701974 0.992889 1.118014 1.118014 1.118012 1.118012
0.893100 0.916084 0.902112 0.959711 0.690538 0.958653 1.103556 1.103556 1.103554 1.103554
0.895128 0.919444 0.903969 0.961172 0.691664 0.960078 1.100012 1.100012 1.100010 1.100010
0.899856 0.925682 0.908529 0.964513 0.694950 0.966028 1.106356 1.106356 1.106354 1.106354
0.902687 0.928211 0.909867 0.969417 0.695849 0.971088 1.109609 1.109609 1.109606 1.109606
0.883865 0.908602 0.889759 0.952624 0.683690 0.933627 1.085998 1.085998 1.085995 1.085995
0.914516 0.940277 0.920878 0.985768 0.706946 0.964794 1.121447 1.121447 1.121445 1.121445
0.886284 0.935343 0.916047 0.922234 0.703237 0.959732 1.115113 1.115113 1.115110 1.115110
0.897332 0.947002 0.927465 0.933729 0.712003 0.971695 1.123457 1.123457 1.123455 1.123455
0.887383 0.935517 0.916200 0.922270 0.698836 0.947486 1.114790 1.114790 1.114789 1.114789
0.898091 0.943977 0.924150 0.927182 0.706635 0.953112 1.129455 1.129455 1.129454 1.129454
0.885632 0.932086 0.912508 0.915915 0.697733 0.941106 1.103287 1.103287 1.103286 1.103286
0.911447 0.958792 0.939107 0.942613 0.718072 0.968538 1.134331 1.134331 1.134329 1.134329
0.904399 0.948140 0.929092 0.932534 0.711264 0.960913 1.125395 1.125395 1.125393 1.125393
0.887337 0.935979 0.917656 0.915057 0.699351 0.944253 1.109785 1.109785 1.109783 1.109783
0.858919 0.930356 0.909479 0.908349 0.663237 0.936596 1.102066 1.102066 1.102064 1.102064
0.891454 0.965596 0.943929 0.942756 0.688360 0.972073 1.142595 1.142595 1.142593 1.142593
0.885463 0.959107 0.937586 0.936421 0.683734 0.965541 1.129459 1.129459 1.129457 1.129457
0.891607 0.961305 0.943958 0.943079 0.687415 0.972221 1.138223 1.138223 1.138221 1.138221
