0.990809 0.991224 0.991164 0.992332 0.991360 0.991224 0.992368 0.992368 0.992368 0.992368
0.980811 0.989773 0.930454 0.990507 0.989908 0.989772 0.990784 0.990784 0.990784 0.990784
0.993835 1.002916 0.942810 1.003660 1.003054 1.002916 1.002173 1.002173 1.002173 1.002173
0.986697 0.992737 0.932902 0.989814 0.994956 0.989682 0.996044 0.996044 0.996044 0.996044
0.972451 0.979671 0.920624 0.977226 0.981861 0.976655 0.972410 0.972410 0.972410 0.972410
0.991769 0.998176 0.939198 0.998438 1.001759 0.997934 0.993731 0.993731 0.993731 0.993731
0.948468 0.982556 0.898193 0.954846 0.983028 0.980753 0.976204 0.976204 0.976204 0.976204
0.937028 0.977114 0.910068 0.971341 0.973799 0.997695 0.991509 0.991509 0.991509 0.991509
0.948632 0.987880 0.917277 0.982751 0.984386 1.008688 1.006407 1.006407 1.006406 1.006406
0.943200 0.983891 0.912733 0.983611 0.982439 0.991586 1.007295 1.007295 1.007295 1.007295
0.947297 0.988890 0.915462 0.987191 0.982454 0.994731 1.011437 1.011437 1.011436 1.011436
0.945695 0.991946 0.917343 0.990563 0.982333 0.998327 1.014210 1.014210 1.014210 1.014210
0.927386 0.971813 0.901979 0.974343 0.960513 0.982689 0.997486 0.997486 0.997486 0.997486
0.935039 0.978588 0.906548 0.978234 0.969789 0.988295 1.008134 1.008134 1.008133 1.008133
0.937722 0.982463 0.910137 0.982107 0.972571 0.991131 1.011534 1.011534 1.011534 1.011534
0.904057 0.971128 0.904905 0.939633 0.966980 0.985471 0.998938 0.998938 0.998937 0.998937
0.918177 0.987586 0.923762 0.957859 0.986587 1.004115 1.018861 1.018861 1.018860 1.018860
0.869638 0.976346 0.915456 0.949246 0.977716 0.948619 1.002774 1.002774 1.002773 1.002773
0.805080 0.960242 0.900381 0.933590 0.905135 0.932998 0.971478 0.971478 0.971477 0.971477
0.846154 1.007963 0.944234 0.979725 0.950919 0.976956 1.021975 1.021975 1.021974 1.021974
0.851112 1.013565 0.945067 0.984773 0.953297 0.979461 1.028121 1.028121 1.028121 1.028121
0.857303 1.020589 0.951511 0.990318 0.958065 0.985967 1.034800 1.034800 1.034800 1.034800
0.861834 1.021248 0.956404 0.995721 0.961641 0.991157 1.041117 1.041117 1.041117 1.041117
0.825365 0.977777 0.913697 0.973022 0.939718 0.956392 1.015826 1.015826 1.015826 1.015826
0.837355 0.991981 0.926970 0.987157 0.953369 0.970285 1.019379 1.019379 1.019379 1.019379
0.850668 1.004324 0.938926 0.999862 0.966821 0.985574 1.035436 1.035436 1.035435 1.035435
0.848439 0.992364 0.927877 0.998186 0.962289 0.985277 1.035460 1.035460 1.035460 1.035460
0.853072 1.000077 0.935402 1.005112 0.969065 0.989664 1.045121 1.045121 1.045121 1.045121
0.858182 1.006067 0.938887 1.011132 0.974870 0.993351 1.051381 1.051381 1.051380 1.051380
0.843738 0.990004 0.924106 0.992728 0.957148 0.973278 1.033324 1.033324 1.033323 1.033323
0.831122 0.972773 0.915157 0.980628 0.954130 0.963394 1.024620 1.024620 1.024619 1.024619
0.853777 0.998807 0.940102 1.007357 0.980137 0.989654 1.051514 1.051514 1.051513 1.051513
0.833242 0.972720 0.917491 0.983129 0.956563 0.965579 1.012560 1.012560 1.012559 1.012559
0.851743 0.994318 0.937863 1.004958 0.977803 0.987018 1.029440 1.029440 1.029438 1.029438
0.842894 0.977920 0.926380 0.981793 0.965434 0.973540 1.024671 1.024671 1.024669 1.024669
0.807979 0.952918 0.902696 0.956692 0.693500 0.933214 0.989344 0.989344 0.989343 0.989343
0.827581 1.002272 0.946675 1.004902 0.695932 0.979472 1.039592 1.039592 1.039590 1.039590
0.851489 1.031226 0.974024 1.033932 0.716037 1.007768 1.063742 1.063742 1.063740 1.063740
0.851871 1.039492 0.978387 1.037216 0.717896 1.014385 1.072436 1.072436 1.072434 1.072434
0.842228 1.029022 0.967310 1.023945 0.709786 1.004168 1.065435 1.065435 1.065433 1.065433
0.839585 1.025792 0.964424 1.020731 0.707669 1.001173 1.053384 1.053384 1.053382 1.053382
0.849932 1.038815 0.976668 1.025374 0.716653 1.013530 1.061965 1.061965 1.061962 1.061962
0.847870 1.035700 0.972015 1.021401 0.714239 1.010163 1.060479 1.060479 1.060477 1.060477
0.854002 1.043574 0.977523 1.030007 0.720813 1.015252 1.070199 1.070199 1.070197 1.070197
0.858840 1.049487 0.983061 1.035842 0.724897 1.021004 1.075067 1.075067 1.075064 1.075064
0.834234 1.019418 0.914789 1.006165 0.704129 0.949489 1.039716 1.039716 1.039714 1.039714
0.868350 1.061108 0.952199 1.047312 0.732924 0.988318 1.081085 1.081085 1.081083 1.081083
0.851669 1.042280 0.933686 1.025349 0.718464 0.970216 1.060829 1.060829 1.060827 1.060827
0.855321 1.053818 0.938670 1.037157 0.724834 0.963351 1.073747 1.073747 1.073745 1.073745
0.848254 1.031134 0.930515 1.028146 0.718536 0.954981 1.054969 1.054969 1.054967 1.054967
0.860489 1.043779 0.941952 1.038435 0.729636 0.968087 1.069607 1.069607 1.069605 1.069605
0.861320 1.034682 0.947519 1.044726 0.733949 0.973810 1.072664 1.072664 1.072662 1.072662
0.853530 0.987063 0.938479 1.030914 0.725303 0.944544 1.063648 1.063648 1.063645 1.063645
0.841831 0.991361 0.942565 1.035403 0.728461 0.948656 1.057919 1.057919 1.057917 1.057917
0.826608 0.982925 0.943464 1.026593 0.729156 0.949561 1.064290 1.064290 1.064288 1.064288
0.817661 0.972014 0.932063 1.019140 0.723752 0.922280 1.052311 1.052311 1.052309 1.052309
0.831597 0.985652 0.942773 1.036328 0.737315 0.938338 1.068780 1.068780 1.068778 1.068778
0.737537 0.831125 0.775771 0.828845 0.589698 0.837442 0.953859 0.953859 0.953857 0.953857
0.865282 0.970807 0.910583 0.972404 0.691836 0.978186 1.115996 1.115996 1.115994 1.115994
0.852672 0.956659 0.899056 0.960096 0.674769 0.965804 1.091314 1.091314 1.091312 1.091312
0.877229 0.984735 0.925867 0.988726 0.694891 0.994605 1.122183 1.122183 1.122181 1.122181
0.873033 0.980025 0.921438 0.983997 0.691568 0.989848 1.111445 1.111445 1.111443 1.111443
0.874245 0.978495 0.920568 0.985879 0.693162 0.989873 1.116560 1.116560 1.116558 1.116558
0.876050 0.980688 0.922733 0.988023 0.694149 0.990674 1.116663 1.116663 1.116661 1.116661
0.873508 0.980757 0.919270 0.987960 0.692888 0.987446 1.117459 1.117459 1.117457 1.117457
0.877694 0.985456 0.918007 0.992694 0.696208 0.992177 1.120855 1.120855 1.120854 1.120854
0.865675 0.943858 0.904471 0.977598 0.669629 0.956467 1.103448 1.103448 1.103447 1.103447
0.865088 0.945034 0.904122 0.947026 0.670464 0.957658 1.095658 1.095658 1.095656 1.095656
0.880196 0.959535 0.918049 0.952943 0.669219 0.971689 1.114868 1.114868 1.114866 1.114866
0.879211 0.968258 0.926395 0.961606 0.668469 0.980522 1.121433 1.121433 1.121431 1.121431
0.868534 0.958313 0.906876 0.948353 0.658210 0.962181 1.105191 1.105191 1.105190 1.105190
0.842416 0.929318 0.881689 0.919753 0.638294 0.935458 1.050119 1.050119 1.050117 1.050117
0.874325 0.970455 0.921201 0.954711 0.663901 0.972402 1.095444 1.095444 1.095443 1.095443
0.891072 0.989044 0.938847 0.972999 0.676618 0.991029 1.112119 1.112119 1.112117 1.112117
0.896205 0.994741 0.944255 0.978604 0.680516 0.996737 1.116520 1.116520 1.116518 1.116518
0.865101 0.985606 0.935583 0.911908 0.674266 0.987584 1.105819 1.105819 1.105818 1.105818
0.864536 0.980263 0.935237 0.905991 0.672360 0.984592 1.107527 1.107527 1.107525 1.107525
0.865423 0.944571 0.935490 0.906921 0.667052 0.965956 1.108508 1.108508 1.108507 1.108507
0.875461 0.960566 0.945726 0.921469 0.679506 0.979189 1.131089 1.131089 1.131088 1.131088
0.857116 0.937738 0.924629 0.892943 0.661931 0.954247 1.109598 1.109598 1.109596 1.109596
0.872753 0.953795 0.938672 0.909180 0.675865 0.974097 1.133821 1.133821 1.133820 1.133820
0.863302 0.943455 0.927589 0.897322 0.666380 0.964891 1.115515 1.115515 1.115514 1.115514
0.879318 0.960957 0.944797 0.913969 0.678742 0.982791 1.130619 1.130619 1.130618 1.130618
0.886659 0.968980 0.952685 0.921599 0.684409 0.990996 1.138028 1.138028 1.138028 1.138028
0.852882 0.931929 0.916393 0.906538 0.673224 0.969362 1.120062 1.120062 1.120061 1.120061
0.855184 0.935747 0.918672 0.908305 0.674610 0.971218 1.116941 1.116941 1.116941 1.116941
0.864411 0.945843 0.928584 0.918106 0.681889 0.981697 1.119319 1.119319 1.119317 1.119317
0.866003 0.947195 0.928742 0.921574 0.681883 0.985556 1.121150 1.121150 1.121149 1.121149
0.859648 0.946188 0.925387 0.914924 0.678053 0.978391 1.118170 1.118170 1.118168 1.118168
0.859487 0.945015 0.924223 0.913656 0.672849 0.964530 1.121773 1.121773 1.121772 1.121772
0.868164 0.954465 0.932071 0.922045 0.680188 0.972193 1.138977 1.138977 1.138975 1.138975
0.868697 0.954632 0.930409 0.921998 0.677928 0.970437 1.142251 1.142251 1.142250 1.142250
0.868507 0.952800 0.929513 0.923162 0.675964 0.970088 1.144930 1.144930 1.144928 1.144928
0.873465 0.958239 0.934819 0.928432 0.679823 0.975626 1.148855 1.148855 1.148853 1.148853
0.862204 0.938043 0.920031 0.916056 0.667354 0.962525 1.133791 1.133791 1.133789 1.133789
0.860501 0.932009 0.917563 0.914453 0.663061 0.960624 1.124561 1.124561 1.124559 1.124559
0.876838 0.945381 0.934945 0.927457 0.676028 0.977684 1.147452 1.147452 1.147450 1.147450
0.872435 0.940634 0.923659 0.922799 0.672633 0.968947 1.136248 1.136248 1.136246 1.136246
0.883102 0.952135 0.934953 0.934083 0.680857 0.962947 1.149400 1.149400 1.149398 1.149398
0.856168 0.923095 0.906438 0.905594 0.660092 0.933577 1.092981 1.092981 1.092979 1.092979
