0.995871 0.995871 0.989761 0.995871 0.995871 0.995871 0.994135 0.994135 0.994134 0.994134
0.943248 0.943068 0.939682 0.943165 0.943068 0.945484 0.922421 0.922421 0.922421 0.922421
0.986718 0.985490 0.981934 0.985448 0.979141 0.975227 0.968222 0.968222 0.968222 0.968222
0.978543 0.977326 0.932898 0.977284 0.971029 0.925933 0.956018 0.956018 0.956018 0.956018
0.993438 0.990102 0.947099 0.992160 0.985810 0.939762 0.957648 0.957648 0.957648 0.957648
0.980066 0.986299 0.952465 0.988348 0.991396 0.945087 0.967951 0.967951 0.967951 0.967951
0.985570 0.985722 0.956020 0.981183 0.994687 0.947259 0.979050 0.979050 0.979050 0.979050
0.983400 0.989770 0.957496 0.979144 0.994219 0.945238 0.981501 0.981501 0.981500 0.981500
0.981744 0.985178 0.950665 0.977323 0.994200 0.943988 0.978505 0.978505 0.978505 0.978505
0.966919 0.988069 0.953455 0.980192 0.997118 0.946758 0.971860 0.971860 0.971860 0.971860
0.973172 0.981159 0.959209 0.986107 1.003136 0.952472 0.969045 0.969045 0.969045 0.969045
0.989196 0.997681 0.975361 0.994646 1.020028 0.968173 0.980935 0.980935 0.980935 0.980935
0.992784 1.001299 0.978899 0.998254 1.023728 0.971685 0.979759 0.979759 0.979759 0.979759
0.957794 0.972387 0.968567 0.991668 0.990319 0.965275 0.971768 0.971768 0.971768 0.971768
0.962396 0.972696 0.972531 0.996658 0.990633 0.969913 0.970406 0.970406 0.970406 0.970406
0.974795 0.980911 0.985542 1.009499 1.003396 0.978105 0.980208 0.980208 0.980207 0.980207
0.968100 0.937740 0.978033 1.002565 0.987624 0.952023 0.973339 0.973339 0.973339 0.973339
0.962972 0.930451 0.978055 1.000052 0.994159 0.951592 0.974600 0.974600 0.974600 0.974600
0.971795 0.938976 0.987170 1.009214 1.003424 0.960460 0.975467 0.975467 0.975466 0.975466
0.977365 0.950735 0.993865 1.022304 1.013775 0.955034 0.988764 0.988764 0.988764 0.988764
0.938120 0.939289 0.953957 0.981254 0.998467 0.942033 0.974885 0.974885 0.974885 0.974885
0.953986 0.927557 0.969057 0.996319 0.990150 0.936308 0.989528 0.989528 0.989528 0.989528
0.965059 0.937289 0.977362 1.007822 1.004402 0.949554 1.004539 1.004539 1.004539 1.004539
0.966656 0.938840 0.972043 1.009489 1.006064 0.947383 1.001405 1.001405 1.001405 1.001405
0.971903 0.940724 0.974432 1.011943 1.009743 0.952392 1.006695 1.006695 1.006695 1.006695
0.975864 0.944724 0.978683 1.016178 1.013208 0.955076 1.008808 1.008808 1.008808 1.008808
0.979410 0.948157 0.982239 1.019871 1.016890 0.958546 1.010177 1.010177 1.010178 1.010178
0.960540 0.931186 0.963111 0.999474 0.996661 0.939342 0.985296 0.985296 0.985296 0.985296
0.965660 0.937549 0.968016 1.002997 1.001443 0.945209 0.991026 0.991026 0.991026 0.991026
0.968830 0.941649 0.972249 1.007383 1.004730 0.948312 0.994779 0.994779 0.994778 0.994778
0.968242 0.940689 0.970038 1.008717 1.002267 0.949713 0.993971 0.993971 0.993971 0.993971
0.971182 0.948064 0.976633 1.016956 1.006890 0.957659 1.001416 1.001416 1.001416 1.001416
0.963294 0.949976 0.978604 1.019008 0.998711 0.959591 1.000251 1.000251 1.000251 1.000251
0.964866 0.948684 0.976918 1.013873 0.999445 0.955336 1.002960 1.002960 1.002961 1.002961
0.953178 0.937180 0.964129 0.999350 0.984139 0.945079 0.985486 0.985486 0.985486 0.985486
0.964969 0.948228 0.973767 1.010242 0.995372 0.955910 0.998703 0.998703 0.998703 0.998703
0.875890 0.914378 0.939031 0.974178 0.903486 0.921810 0.948641 0.948641 0.948641 0.948641
0.936115 0.977249 1.003597 1.041162 0.965609 0.985193 1.012052 1.012052 1.012052 1.012052
0.924535 0.970250 0.990539 1.032797 0.960329 0.975026 1.008198 1.008198 1.008199 1.008199
0.872598 0.955854 0.978201 1.019933 0.948367 0.917917 0.988811 0.988811 0.988811 0.988811
0.888119 0.973711 0.996701 1.036628 0.963913 0.931036 1.006047 1.006047 1.006047 1.006047
0.846965 0.943951 0.966238 1.004945 0.688856 0.887893 0.966381 0.966381 0.966381 0.966381
0.918383 1.023053 1.047714 1.089684 0.746942 0.962762 1.046838 1.046838 1.046838 1.046838
0.908421 1.011862 1.034704 1.076891 0.739434 0.950293 1.040856 1.040856 1.040856 1.040856
0.909248 1.012782 1.035646 1.077870 0.740106 0.951157 1.036163 1.036163 1.036162 1.036162
0.895775 0.999695 1.020598 1.029388 0.730543 0.938866 1.014289 1.014289 1.014289 1.014289
0.873268 1.000774 1.018715 1.029127 0.697758 0.937893 1.014416 1.014416 1.014415 1.014415
0.896259 1.027876 1.044126 1.055481 0.713041 0.961463 1.040882 1.040882 1.040881 1.040881
0.893679 1.024917 1.041120 1.052442 0.710988 0.958694 1.028991 1.028991 1.028990 1.028990
0.876585 1.005030 1.019904 1.036031 0.699795 0.923334 1.008869 1.008869 1.008868 1.008868
0.911471 1.045028 1.060494 1.077263 0.727645 0.960080 1.047854 1.047854 1.047853 1.047853
0.906098 1.039252 1.052605 1.072183 0.724773 0.952343 1.043678 1.043678 1.043677 1.043677
0.903260 1.039085 1.048413 1.071867 0.723290 0.949021 1.044181 1.044181 1.044180 1.044180
0.868870 0.999262 1.006034 1.052072 0.709933 0.919790 1.023329 1.023329 1.023328 1.023328
0.888063 1.011825 1.018826 1.076329 0.724111 0.942294 1.048707 1.048707 1.048706 1.048706
0.882897 1.004674 1.010670 1.068438 0.719600 0.933333 1.043559 1.043559 1.043559 1.043559
0.882550 1.004279 1.010272 1.068017 0.719317 0.932966 1.031808 1.031808 1.031808 1.031808
0.901381 1.026255 1.032853 1.091889 0.735394 0.953818 1.053298 1.053298 1.053298 1.053298
0.887038 0.972237 1.015907 1.069984 0.721694 0.918740 1.037205 1.037205 1.037204 1.037204
0.901430 0.987576 1.029916 1.086620 0.730518 0.931387 1.056414 1.056414 1.056413 1.056413
0.910484 0.997496 1.037919 1.097534 0.737855 0.938625 1.067025 1.067025 1.067024 1.067024
0.887035 0.973064 1.012497 1.071134 0.719783 0.915635 1.029745 1.029745 1.029744 1.029744
0.902938 0.988400 1.028483 1.085590 0.733427 0.931407 1.047640 1.047640 1.047639 1.047639
0.888388 0.978459 1.018673 1.068232 0.723166 0.917826 1.036007 1.036007 1.036006 1.036006
0.895536 0.987577 1.026867 1.075220 0.729001 0.926378 1.049405 1.049405 1.049403 1.049403
0.902165 0.994549 1.034001 1.081413 0.732741 0.932652 1.056358 1.056358 1.056357 1.056357
0.876211 0.991476 1.030807 1.013909 0.730478 0.929770 1.052669 1.052669 1.052668 1.052668
0.863051 0.976586 1.015326 0.998681 0.719507 0.915807 1.016982 1.016982 1.016981 1.016981
0.888894 1.003732 1.043610 1.017246 0.726979 0.940621 1.047505 1.047505 1.047503 1.047503
0.877948 0.990426 1.033504 1.007778 0.715938 0.932540 1.037634 1.037634 1.037633 1.037633
0.894379 1.007996 1.053168 1.028493 0.729623 0.951783 1.059190 1.059190 1.059188 1.059188
0.893454 1.005242 1.051295 1.028952 0.726916 0.950665 1.060807 1.060807 1.060806 1.060806
0.886296 1.005878 0.988976 1.029217 0.727376 0.951267 1.061339 1.061339 1.061338 1.061338
0.872483 0.987359 0.972217 1.002827 0.712450 0.932121 1.046884 1.046884 1.046883 1.046883
0.894389 1.014475 0.999252 1.029516 0.731487 0.954566 1.077298 1.077298 1.077297 1.077297
0.852792 0.991739 0.982577 0.974155 0.719280 0.938673 1.052178 1.052178 1.052176 1.052176
0.866097 1.008528 1.003035 0.993032 0.733851 0.956414 1.073144 1.073144 1.073142 1.073142
0.875909 1.019954 1.014399 1.004283 0.742165 0.967250 1.083370 1.083370 1.083368 1.083368
0.873034 1.016606 1.011069 1.000986 0.739729 0.964075 1.075646 1.075646 1.075644 1.075644
0.868171 1.009580 1.001005 0.994784 0.734510 0.957412 1.072446 1.072446 1.072443 1.072443
0.867766 1.008806 0.995587 0.993620 0.731715 0.953829 1.072110 1.072110 1.072108 1.072108
0.878858 1.021700 1.008313 1.006321 0.741068 0.966021 1.083902 1.083902 1.083899 1.083899
0.762782 0.843095 0.811955 0.787632 0.580022 0.843709 0.946665 0.946665 0.946662 0.946662
0.897988 0.992953 0.956220 0.928667 0.683213 0.993676 1.116218 1.116218 1.116215 1.116215
0.896354 0.988226 0.952257 0.927463 0.682595 0.990517 1.117763 1.117763 1.117760 1.117760
0.893174 0.992167 0.952702 0.926692 0.681634 0.993039 1.122397 1.122397 1.122394 1.122394
0.896569 0.995938 0.956322 0.930213 0.684225 0.978672 1.125935 1.125935 1.125933 1.125933
0.891918 0.990771 0.951361 0.925388 0.680675 0.973596 1.113935 1.113935 1.113932 1.113932
0.883555 0.976799 0.942708 0.911358 0.672826 0.962174 1.105917 1.105917 1.105914 1.105914
0.892335 0.976965 0.956781 0.925098 0.682870 0.976537 1.119019 1.119019 1.119016 1.119016
0.894001 0.978789 0.958567 0.926826 0.684145 0.978360 1.115591 1.115591 1.115589 1.115589
0.898409 0.979139 0.963255 0.927040 0.687903 0.982001 1.122599 1.122599 1.122597 1.122597
0.878611 0.957562 0.943859 0.908374 0.665853 0.962227 1.089457 1.089457 1.089455 1.089455
0.869981 0.948017 0.934588 0.919791 0.674222 0.968886 1.103773 1.103773 1.103771 1.103771
0.875925 0.956114 0.941705 0.932223 0.681387 0.964488 1.118700 1.118700 1.118698 1.118698
0.875135 0.947331 0.938065 0.930970 0.677014 0.963095 1.117442 1.117442 1.117439 1.117439
0.888786 0.957668 0.952564 0.945653 0.686514 0.978099 1.135798 1.135798 1.135796 1.135796
0.874087 0.940633 0.933848 0.926085 0.676101 0.959492 1.119697 1.119697 1.119694 1.119694
0.870646 0.938706 0.921766 0.920908 0.671254 0.949365 1.112647 1.112647 1.112645 1.112645
0.893585 0.963437 0.946052 0.945171 0.688939 0.974377 1.140747 1.140747 1.140745 1.140745
