0.893429 0.949155 0.949180 0.949155 0.893429 0.949180 0.934953 0.934953 0.934953 0.934953
0.939556 0.998158 0.998340 0.998158 0.939702 0.998340 0.975163 0.975163 0.975162 0.975162
0.958013 1.017766 1.017952 1.017766 0.958162 1.017952 0.992568 0.992568 0.992568 0.992568
0.955610 1.010594 1.015359 1.010467 0.956294 1.014177 0.991410 0.991410 0.991410 0.991410
0.952014 1.005827 1.011846 1.008481 0.953069 1.012264 0.989674 0.989674 0.989674 0.989674
0.951155 1.003212 1.010181 1.009065 0.949659 1.011209 0.991318 0.991318 0.991317 0.991317
0.951278 1.000384 1.007957 1.009723 0.950651 1.009962 0.994626 0.994626 0.994626 0.994626
0.940603 0.952247 0.996146 0.994184 0.937388 0.977457 0.984099 0.984099 0.984098 0.984098
0.940530 0.950156 0.996068 0.994107 0.937315 0.977105 0.970921 0.970921 0.970920 0.970920
0.950120 0.958833 1.005146 1.003038 0.939781 0.973266 0.984166 0.984166 0.984165 0.984165
0.972078 0.980993 1.026062 1.026219 0.961499 0.993518 1.006911 1.006911 1.006910 1.006910
0.916866 0.925097 0.970077 0.967847 0.906715 0.939309 0.930373 0.930373 0.930372 0.930372
0.941560 0.967410 1.014446 1.012114 0.948186 0.982272 0.963491 0.963491 0.963490 0.963490
0.958425 0.984304 1.030143 1.029557 0.961373 0.997446 0.982964 0.982964 0.982963 0.982963
0.953760 0.978435 1.022052 1.024484 0.959330 0.995084 0.981625 0.981625 0.981624 0.981624
0.956803 0.981557 1.025313 1.027753 0.962391 0.998259 0.979342 0.979342 0.979341 0.979341
0.958966 0.986708 1.026753 1.033007 0.965617 1.000158 0.985113 0.985113 0.985113 0.985113
0.959258 0.987373 1.025471 1.034548 0.967804 0.998284 0.987307 0.987307 0.987306 0.987306
0.964657 0.992930 1.031243 1.040371 0.973251 1.003903 0.991760 0.991760 0.991760 0.991760
0.935155 0.960167 1.005050 1.011381 0.954787 0.977939 0.967801 0.967801 0.967801 0.967801
0.955595 0.981327 1.027312 1.033601 0.975031 0.998063 0.987009 0.987009 0.987008 0.987008
0.959442 0.985278 1.025119 1.037763 0.978956 1.002081 0.989254 0.989254 0.989254 0.989254
0.956071 0.984072 1.024207 1.035635 0.977050 0.997557 0.989571 0.989571 0.989570 0.989570
0.940423 0.961998 1.005558 1.005653 0.958865 0.977994 0.979038 0.979038 0.979038 0.979038
0.942616 0.963016 1.004715 1.003739 0.962439 0.977796 0.983677 0.983677 0.983676 0.983676
0.942459 0.962856 1.004548 1.003572 0.962279 0.977634 0.972821 0.972821 0.972821 0.972821
0.945850 0.962004 1.007448 1.007410 0.961428 0.981151 0.970291 0.970291 0.970290 0.970290
0.952620 0.968490 1.012966 1.016580 0.966522 0.990234 0.977035 0.977035 0.977034 0.977034
0.951021 0.968505 1.012051 1.021611 0.968536 0.977406 0.981877 0.981877 0.981877 0.981877
0.950092 0.968610 1.012161 1.021722 0.967590 0.976451 0.981411 0.981411 0.981410 0.981410
0.940389 0.960563 1.002117 0.980327 0.959552 0.968340 0.965184 0.965184 0.965183 0.965183
0.961858 0.982494 1.024996 1.002708 0.981459 0.990447 0.981875 0.981875 0.981874 0.981874
0.957747 0.984900 1.021680 1.005608 0.981717 0.975054 0.985357 0.985357 0.985356 0.985356
0.949512 0.977893 1.012657 0.995172 0.972762 0.967552 0.977358 0.977358 0.977356 0.977356
0.957615 0.986146 1.019677 1.002758 0.981852 0.973732 0.990813 0.990813 0.990811 0.990811
0.960159 0.988429 1.021924 1.003782 0.982240 0.975707 0.992678 0.992678 0.992677 0.992677
0.956296 0.975285 1.008479 1.000690 0.976260 0.974042 0.991306 0.991306 0.991305 0.991305
0.905439 0.963863 0.999078 0.991362 0.967160 0.919901 0.975329 0.975329 0.975328 0.975328
0.885892 0.968404 1.000852 0.994707 0.927107 0.922281 0.978989 0.978989 0.978988 0.978988
0.909497 0.992090 1.025360 1.016764 0.952770 0.946202 1.004531 1.004531 1.004529 1.004529
0.913094 0.992623 1.026373 1.017741 0.954853 0.949810 1.008357 1.008357 1.008355 1.008355
0.894120 0.969206 1.003656 0.986412 0.930323 0.925782 0.989374 0.989374 0.989373 0.989373
0.901879 0.979469 1.003217 0.993320 0.935352 0.927612 0.995596 0.995596 0.995595 0.995595
0.923400 0.998213 1.027011 1.017196 0.956193 0.949727 1.020184 1.020184 1.020183 1.020183
0.904119 0.983549 1.009341 0.996080 0.937852 0.929961 1.003592 1.003592 1.003591 1.003591
0.917858 0.998495 1.024679 1.011217 0.952103 0.944092 1.014910 1.014910 1.014909 1.014909
0.914846 1.002745 1.025431 1.010645 0.951017 0.946748 1.019390 1.019390 1.019388 1.019388
0.885820 0.996603 1.019149 0.944672 0.945191 0.940948 1.012735 1.012735 1.012734 1.012734
0.892198 1.002426 1.021964 0.950876 0.950575 0.946446 1.022690 1.022690 1.022688 1.022688
0.901247 1.012592 1.032328 0.960519 0.960216 0.956045 1.030719 1.030719 1.030718 1.030718
0.902943 1.014498 1.034271 0.962327 0.962023 0.957844 1.030808 1.030808 1.030806 1.030806
0.892766 1.007867 1.026450 0.956348 0.952675 0.952081 1.023715 1.023715 1.023714 1.023714
0.886838 1.002438 1.019632 0.948581 0.946370 0.946953 1.021847 1.021847 1.021845 1.021845
0.891688 1.008291 1.025585 0.946443 0.951896 0.952150 1.023194 1.023194 1.023192 1.023192
0.855506 0.995713 0.983970 0.908040 0.937109 0.938774 1.008388 1.008388 1.008386 1.008386
0.872563 1.014981 1.001235 0.924798 0.954889 0.956631 1.029552 1.029552 1.029550 1.029550
0.851871 0.990633 0.976245 0.906120 0.935460 0.917037 1.004697 1.004697 1.004696 1.004696
0.874524 1.016670 0.997246 0.929561 0.957129 0.938338 1.031573 1.031573 1.031572 1.031572
0.869060 1.005498 0.991297 0.918360 0.949080 0.930259 1.027382 1.027382 1.027381 1.027381
0.847733 0.987299 0.991717 0.922424 0.928295 0.934376 1.030310 1.030310 1.030308 1.030308
0.859886 0.997065 1.006426 0.935648 0.941603 0.943618 1.042209 1.042209 1.042207 1.042207
0.869720 1.008468 1.017936 0.946348 0.952371 0.937042 1.053448 1.053448 1.053447 1.053447
0.853042 0.990507 0.998203 0.927507 0.933511 0.918353 1.027594 1.027594 1.027593 1.027593
0.829809 0.987880 1.001386 0.895370 0.936487 0.921316 1.023919 1.023919 1.023918 1.023918
0.850045 1.011971 1.025807 0.917206 0.959325 0.943784 1.043728 1.043728 1.043727 1.043727
0.820840 0.986731 1.009768 0.894329 0.944325 0.929028 1.032611 1.032611 1.032610 1.032610
0.829550 1.005892 0.967742 0.911354 0.962663 0.947068 1.052524 1.052524 1.052523 1.052523
0.839520 1.018525 0.980345 0.923223 0.975199 0.959401 1.064643 1.064643 1.064642 1.064642
0.835558 1.014141 0.976067 0.920276 0.971136 0.955272 1.061284 1.061284 1.061283 1.061283
0.827312 0.995809 0.963570 0.910792 0.956245 0.945333 1.050578 1.050578 1.050577 1.050577
0.834407 1.001347 0.968578 0.912484 0.963581 0.947665 1.060726 1.060726 1.060725 1.060725
0.820848 0.985075 0.954691 0.899401 0.938212 0.934078 1.035501 1.035501 1.035501 1.035501
0.830270 0.983057 0.965235 0.909334 0.948574 0.944394 1.037643 1.037643 1.037643 1.037643
0.842027 0.997710 0.977584 0.921565 0.957861 0.956650 1.052094 1.052094 1.052094 1.052094
0.822725 0.974839 0.955175 0.900440 0.935904 0.934721 1.008270 1.008270 1.008269 1.008269
0.845350 1.002527 0.982526 0.923912 0.960322 0.957127 1.035634 1.035634 1.035633 1.035633
0.858324 1.017913 0.997606 0.938092 0.975061 0.971816 1.049657 1.049657 1.049656 1.049656
0.846149 0.974460 0.982407 0.923366 0.937370 0.936372 1.032842 1.032842 1.032841 1.032841
0.867804 0.998916 1.007549 0.946997 0.961359 0.960336 1.058233 1.058233 1.058231 1.058231
0.852651 0.991507 1.000076 0.939973 0.944572 0.953213 1.047049 1.047049 1.047049 1.047049
0.823411 0.957256 0.963422 0.926240 0.930772 0.927484 1.030173 1.030173 1.030172 1.030172
0.842168 0.969592 0.990236 0.952159 0.956678 0.953298 1.055632 1.055632 1.055631 1.055631
0.825046 0.949879 0.929358 0.932800 0.937228 0.894118 1.029664 1.029664 1.029663 1.029663
0.744918 0.815399 0.778518 0.759494 0.763099 0.812363 0.935515 0.935515 0.935514 0.935514
0.861472 0.944202 0.901495 0.879861 0.883640 0.940686 1.071693 1.071693 1.071692 1.071692
0.877377 0.961634 0.911634 0.896106 0.899954 0.954285 1.086277 1.086277 1.086276 1.086276
0.869045 0.952490 0.902084 0.885610 0.888519 0.946539 1.070178 1.070178 1.070177 1.070177
0.866960 0.956054 0.905934 0.883597 0.888301 0.945738 1.073047 1.073047 1.073046 1.073046
0.870946 0.924530 0.909411 0.887659 0.884432 0.931148 1.077830 1.077830 1.077828 1.077828
0.894227 0.949243 0.933721 0.911387 0.908074 0.956038 1.105465 1.105465 1.105464 1.105464
0.837721 0.903971 0.889189 0.867920 0.637484 0.895626 1.043116 1.043116 1.043115 1.043115
0.888278 0.955687 0.937704 0.920137 0.677084 0.950021 1.104553 1.104553 1.104551 1.104551
0.892943 0.959498 0.940553 0.923560 0.680358 0.951463 1.111369 1.111369 1.111367 1.111367
0.897204 0.962067 0.943127 0.917737 0.670622 0.953359 1.116746 1.116746 1.116745 1.116745
0.886110 0.949265 0.933948 0.909150 0.660404 0.945121 1.106168 1.106168 1.106167 1.106167
0.897752 0.961737 0.946217 0.921094 0.669080 0.957538 1.111097 1.111097 1.111095 1.111095
0.899676 0.965058 0.953119 0.926501 0.673589 0.962708 1.118221 1.118221 1.118219 1.118219
0.904586 0.970326 0.958321 0.931558 0.677265 0.967963 1.118917 1.118917 1.118915 1.118915
0.876526 0.940087 0.928594 0.923074 0.671097 0.953795 1.109351 1.109351 1.109349 1.109349
0.885676 0.954911 0.937679 0.936806 0.682842 0.965754 1.130652 1.130652 1.130650 1.130650
