0.981629 0.953246 0.980583 0.980123 0.957263 0.959437 0.979802 0.979802 0.979802 0.979802
0.977620 0.948447 0.979180 0.979092 0.950580 0.959120 0.978657 0.978657 0.978657 0.978657
0.872257 0.804561 0.810573 0.787776 0.764835 0.861137 0.878678 0.878678 0.878678 0.878678
1.025441 0.945857 0.952924 0.926125 0.899155 1.012368 1.027397 1.027397 1.027397 1.027397
1.017903 0.937722 0.943836 0.917915 0.892174 1.001193 1.020776 1.020776 1.020776 1.020776
1.027953 0.946075 0.953446 0.928651 0.901337 1.012984 1.032938 1.032938 1.032938 1.032938
1.016156 0.934029 0.939524 0.914116 0.892234 0.998828 1.023536 1.023536 1.023535 1.023535
1.012166 0.932124 0.927377 0.909014 0.885847 0.988295 1.017101 1.017101 1.017101 1.017101
1.029731 0.948649 0.943818 0.917687 0.901552 1.005466 1.030481 1.030481 1.030481 1.030481
0.996100 0.926613 0.930693 0.896371 0.889015 0.991484 1.021297 1.021297 1.021297 1.021297
1.023023 0.951658 0.955848 0.920598 0.913043 1.018282 1.047736 1.047736 1.047735 1.047735
0.995238 0.931511 0.936103 0.895708 0.890163 0.992168 1.024470 1.024470 1.024470 1.024470
0.974285 0.917919 0.939846 0.902888 0.873779 1.000121 1.031061 1.031061 1.031061 1.031061
0.947831 0.915564 0.942924 0.871679 0.876640 1.003435 1.027462 1.027462 1.027462 1.027462
0.942282 0.909947 0.936209 0.869698 0.874514 0.979501 1.021000 1.021000 1.021000 1.021000
0.940719 0.908304 0.934656 0.887891 0.892807 0.994411 1.042946 1.042946 1.042945 1.042945
0.945911 0.901103 0.939412 0.892408 0.897350 0.999471 1.038946 1.038946 1.038946 1.038946
0.967412 0.922076 0.961717 0.913598 0.918657 1.023203 1.062030 1.062030 1.062030 1.062030
0.943595 0.899376 0.939865 0.892838 0.886861 0.999953 1.027955 1.027955 1.027955 1.027955
0.966187 0.920908 0.962367 0.914215 0.908095 1.023894 1.047504 1.047504 1.047505 1.047505
0.964529 0.910437 0.965462 0.917290 0.911016 1.027187 1.047684 1.047684 1.047684 1.047684
0.963579 0.909540 0.957678 0.916386 0.910118 1.022139 1.041664 1.041664 1.041664 1.041664
0.963476 0.913798 0.961168 0.920976 0.911452 1.027462 1.046178 1.046178 1.046179 1.046179
0.962119 0.913181 0.958521 0.919035 0.906245 1.024817 1.044463 1.044463 1.044464 1.044464
0.965852 0.914022 0.959997 0.923082 0.910594 1.027392 1.051879 1.051879 1.051880 1.051880
0.970357 0.914048 0.964339 0.927546 0.913429 1.032163 1.057647 1.057647 1.057648 1.057648
0.957065 0.901155 0.949542 0.916608 0.899253 1.020147 1.042945 1.042945 1.042945 1.042945
0.970703 0.913996 0.963073 0.929669 0.912067 1.034684 1.055408 1.055408 1.055408 1.055408
0.971983 0.915202 0.958426 0.930896 0.913270 1.036049 1.054957 1.054957 1.054958 1.054958
0.967420 0.907804 0.951107 0.923762 0.907380 1.031039 1.049851 1.049851 1.049851 1.049851
0.971401 0.911701 0.955295 0.927665 0.910530 1.033985 1.052097 1.052097 1.052097 1.052097
0.968857 0.908913 0.950510 0.924620 0.904573 1.028782 1.051712 1.051712 1.051712 1.051712
0.915302 0.872876 0.912823 0.887959 0.640391 0.971914 1.000777 1.000777 1.000777 1.000777
0.976165 0.932093 0.973519 0.945591 0.682989 1.037850 1.072497 1.072497 1.072497 1.072497
0.966860 0.929045 0.967859 0.936694 0.677652 1.028028 1.067282 1.067282 1.067283 1.067283
0.969178 0.932853 0.970933 0.945173 0.681838 1.018854 1.076952 1.076952 1.076952 1.076952
0.968229 0.932952 0.971036 0.945274 0.681170 1.017856 1.076438 1.076438 1.076437 1.076437
0.961284 0.926250 0.963119 0.936394 0.674093 1.011964 1.062974 1.062974 1.062973 1.062973
0.970642 0.936088 0.973569 0.944192 0.679722 1.018305 1.072945 1.072945 1.072945 1.072945
0.968674 0.899329 0.971108 0.938305 0.676471 0.994695 1.071460 1.071460 1.071459 1.071459
0.994361 0.923177 0.994616 0.963187 0.694409 1.018774 1.099872 1.099872 1.099871 1.099871
0.992070 0.921051 0.992325 0.960968 0.692810 1.016427 1.095371 1.095371 1.095370 1.095370
0.979245 0.915283 0.980519 0.955372 0.686970 0.991934 1.089703 1.089703 1.089702 1.089702
0.964849 0.903564 0.966387 0.912508 0.678174 0.979234 1.066827 1.066827 1.066825 1.066825
0.970873 0.910382 0.973679 0.919808 0.683291 0.986623 1.063368 1.063368 1.063367 1.063367
0.985172 0.921865 0.986019 0.923065 0.680188 0.998385 1.079102 1.079102 1.079101 1.079101
0.965150 0.927008 0.991520 0.872971 0.683983 1.003955 1.084684 1.084684 1.084683 1.084683
0.954879 0.914510 0.979613 0.854858 0.673312 0.988689 1.075284 1.075284 1.075282 1.075282
0.976995 0.938481 1.001446 0.877147 0.689657 1.011227 1.104177 1.104177 1.104176 1.104176
0.976608 0.938502 1.001409 0.878147 0.689767 1.011249 1.105477 1.105477 1.105475 1.105475
0.964251 0.926627 0.988738 0.867035 0.681040 0.998454 1.079623 1.079623 1.079622 1.079622
0.953776 0.916561 0.977997 0.857617 0.673641 0.987607 1.047422 1.047422 1.047421 1.047421
0.975730 0.933185 1.000793 0.872235 0.687649 1.007939 1.073889 1.073889 1.073888 1.073888
0.980311 0.945737 0.953526 0.883636 0.696898 1.021496 1.088190 1.088190 1.088189 1.088189
0.981318 0.946164 0.952268 0.883258 0.696954 1.021626 1.090428 1.090428 1.090428 1.090428
0.987434 0.952061 0.958202 0.888763 0.701298 1.027993 1.091825 1.091825 1.091824 1.091824
0.952533 0.918170 0.922077 0.874823 0.690298 0.999155 1.073056 1.073056 1.073055 1.073055
0.972382 0.937021 0.936633 0.892424 0.702329 1.016633 1.095585 1.095585 1.095584 1.095584
0.974404 0.930226 0.929974 0.895127 0.702331 1.021116 1.100774 1.100774 1.100773 1.100773
0.932179 0.889746 0.891783 0.856262 0.671768 0.979183 1.031620 1.031620 1.031620 1.031620
0.985810 0.938124 0.939930 0.899494 0.709780 1.029247 1.092145 1.092145 1.092144 1.092144
0.941682 0.920219 0.919297 0.881151 0.664271 1.007468 1.070277 1.070277 1.070277 1.070277
0.968955 0.946870 0.945922 0.906671 0.683509 1.036646 1.095218 1.095218 1.095217 1.095217
0.949289 0.925343 0.931679 0.890761 0.677657 1.020551 1.080101 1.080101 1.080100 1.080100
0.964008 0.939602 0.944623 0.903755 0.688717 1.034170 1.102539 1.102539 1.102538 1.102538
0.936558 0.929563 0.934530 0.894098 0.681359 1.023120 1.080181 1.080181 1.080180 1.080180
0.951340 0.940098 0.949744 0.908210 0.692113 1.034715 1.094215 1.094215 1.094214 1.094214
0.947007 0.935817 0.945566 0.904074 0.689068 1.030163 1.080303 1.080303 1.080302 1.080302
0.956530 0.943214 0.953066 0.909189 0.696700 1.039804 1.090576 1.090576 1.090575 1.090575
0.948959 0.937147 0.945299 0.900374 0.690820 1.032514 1.082467 1.082467 1.082465 1.082465
0.954657 0.941736 0.948120 0.905725 0.696882 1.041321 1.092801 1.092801 1.092800 1.092800
0.964887 0.951828 0.958280 0.915431 0.704350 1.052481 1.102546 1.102546 1.102545 1.102545
0.917355 0.931445 0.911073 0.870335 0.687131 1.028301 1.076755 1.076755 1.076754 1.076754
0.925570 0.937797 0.919232 0.878129 0.693285 1.037217 1.071934 1.071934 1.071933 1.071933
0.934756 0.946106 0.927361 0.885780 0.694922 1.032865 1.086265 1.086265 1.086264 1.086264
0.853967 0.918247 0.900077 0.859697 0.634861 1.002477 1.038504 1.038504 1.038502 1.038502
0.904351 0.979778 0.957022 0.912900 0.673761 1.068115 1.108266 1.108266 1.108265 1.108265
0.907697 0.983402 0.960562 0.916278 0.676254 1.072066 1.110407 1.110407 1.110406 1.110406
0.896531 0.971306 0.948747 0.905007 0.667936 1.058879 1.087350 1.087350 1.087348 1.087348
0.896728 0.981450 0.958656 0.914459 0.668082 1.069938 1.095219 1.095219 1.095218 1.095218
0.900418 0.985153 0.962165 0.916724 0.669318 1.073668 1.098877 1.098877 1.098876 1.098876
0.907489 0.992411 0.969722 0.923924 0.674574 1.082100 1.106418 1.106418 1.106416 1.106416
0.881498 0.963987 0.902385 0.897461 0.655254 1.006315 1.070047 1.070047 1.070045 1.070045
0.902724 0.979015 0.921374 0.918665 0.667328 1.029988 1.095570 1.095570 1.095568 1.095568
0.918035 0.995620 0.937001 0.934246 0.678647 1.028396 1.113433 1.113433 1.113432 1.113432
0.916148 0.993574 0.935076 0.932327 0.677252 1.026283 1.106856 1.106856 1.106855 1.106855
0.910976 0.986633 0.925699 0.926480 0.672423 1.019113 1.103480 1.103480 1.103478 1.103478
0.916006 0.994361 0.933263 0.932965 0.677200 1.023713 1.113843 1.113843 1.113841 1.113841
0.920288 0.999009 0.937625 0.937326 0.680365 1.028498 1.117860 1.117860 1.117858 1.117858
0.916357 0.990214 0.933582 0.928958 0.677838 1.022871 1.114580 1.114580 1.114579 1.114579
0.902810 0.971219 0.919129 0.915431 0.664835 1.007750 1.091320 1.091320 1.091319 1.091319
0.910796 0.984977 0.926657 0.927584 0.675403 1.018775 1.110520 1.110520 1.110519 1.110519
0.899660 0.966935 0.913612 0.904520 0.665622 1.002998 1.103324 1.103324 1.103322 1.103322
0.898712 0.967262 0.912456 0.902891 0.664496 1.001157 1.096132 1.096132 1.096130 1.096130
0.862102 0.968499 0.915832 0.906232 0.666954 0.957936 1.092641 1.092641 1.092639 1.092639
0.872083 0.976811 0.921377 0.916563 0.675801 0.969378 1.103777 1.103777 1.103776 1.103776
0.875282 0.943728 0.924058 0.919924 0.672235 0.953538 1.107670 1.107670 1.107669 1.107669
0.884222 0.954614 0.938294 0.932778 0.682216 0.966408 1.123750 1.123750 1.123748 1.123748
0.889653 0.960832 0.942591 0.939619 0.687751 0.970226 1.132823 1.132823 1.132822 1.132822
0.886884 0.956213 0.938957 0.938083 0.683773 0.967070 1.132193 1.132193 1.132191 1.132191
