0.968259 0.965479 0.966921 0.958368 0.963405 0.963792 0.970192 0.970192 0.970192 0.970192
0.976642 0.975683 0.966478 0.965060 0.968593 0.965677 0.976274 0.976274 0.976274 0.976274
0.993555 0.995539 0.982377 0.984568 0.986441 0.982050 0.996782 0.996782 0.996782 0.996782
0.985262 0.993896 0.975195 0.983377 0.982666 0.962833 0.996226 0.996226 0.996226 0.996226
0.980047 0.960050 0.968999 0.976671 0.953202 0.936085 0.989108 0.989108 0.989109 0.989109
0.987464 0.967316 0.976485 0.984062 0.960565 0.943316 0.988424 0.988424 0.988424 0.988424
1.005859 0.985335 0.994675 1.002393 0.978458 0.960888 1.004554 1.004554 1.004554 1.004554
1.010573 0.989952 0.997087 1.007091 0.983044 0.963219 1.009261 1.009261 1.009261 1.009261
1.009796 0.988714 0.996321 1.006317 0.982288 0.962478 1.007494 1.007494 1.007493 1.007493
0.980308 0.959841 0.926601 0.976930 0.953603 0.894554 0.973812 0.973812 0.973812 0.973812
1.009175 0.978550 0.958600 1.010816 0.986535 0.925446 1.004383 1.004383 1.004384 1.004384
0.991032 0.960957 0.943196 0.994572 0.958874 0.910575 0.978776 0.978776 0.978776 0.978776
0.976573 0.946690 0.927166 1.000037 0.964143 0.904073 0.982648 0.982648 0.982648 0.982648
0.955527 0.951185 0.928848 1.003449 0.924250 0.906447 0.986373 0.986373 0.986373 0.986373
0.975788 0.972624 0.953418 1.028537 0.948176 0.928674 1.011578 1.011578 1.011578 1.011578
0.981507 0.977992 0.958573 1.032878 0.951582 0.933532 1.016722 1.016722 1.016722 1.016722
0.927241 0.939204 0.920555 0.991913 0.673662 0.881919 0.967470 0.967470 0.967470 0.967470
0.977402 0.996107 0.976840 1.045705 0.711638 0.931076 1.025001 1.025001 1.025000 1.025000
0.996013 1.015074 0.995440 1.065617 0.725188 0.948805 1.040486 1.040486 1.040486 1.040486
0.987104 1.006878 0.987627 1.054613 0.717716 0.937088 1.030818 1.030818 1.030818 1.030818
0.979208 0.996710 0.979727 1.046177 0.711975 0.929330 1.008959 1.008959 1.008958 1.008958
0.986518 1.004138 0.986065 1.051629 0.714966 0.937573 1.011028 1.011028 1.011027 1.011027
1.003477 1.019663 1.002270 1.071293 0.725309 0.953556 1.031046 1.031046 1.031045 1.031045
0.966064 0.988127 0.989595 1.061976 0.700156 0.945264 1.020475 1.020475 1.020474 1.020474
0.926399 0.989058 0.992922 1.065546 0.702510 0.904152 1.016883 1.016883 1.016882 1.016882
0.956793 1.021508 1.025499 1.100506 0.725558 0.933817 1.048363 1.048363 1.048362 1.048362
0.947681 1.002358 1.006417 1.091057 0.717159 0.927074 1.041132 1.041132 1.041131 1.041131
0.940353 0.990166 0.997927 1.082865 0.708435 0.919906 1.026700 1.026700 1.026699 1.026699
0.955723 1.006350 1.014238 1.100564 0.720015 0.934942 1.038463 1.038463 1.038462 1.038462
0.962833 1.013836 1.015513 1.108751 0.725371 0.941897 1.044364 1.044364 1.044363 1.044363
0.946269 0.995345 0.996973 1.088370 0.707553 0.912750 1.029898 1.029898 1.029897 1.029897
0.945102 0.995503 0.995533 1.086216 0.706229 0.910911 1.023002 1.023002 1.023000 1.023000
0.933250 0.982743 0.981796 1.076458 0.699778 0.883204 1.009731 1.009731 1.009730 1.009730
0.969112 1.020507 1.019523 1.117823 0.726668 0.917143 1.046666 1.046666 1.046665 1.046665
0.957023 1.007777 1.006806 1.103880 0.717604 0.905702 1.024753 1.024753 1.024752 1.024752
0.958879 1.010829 1.009856 1.107223 0.718996 0.907459 1.027257 1.027257 1.027255 1.027255
0.946012 0.996313 0.998958 1.095691 0.707284 0.898657 1.016439 1.016439 1.016437 1.016437
0.971003 1.022634 1.025348 1.124637 0.725969 0.905612 1.042618 1.042618 1.042617 1.042617
0.949947 1.001753 1.004412 1.102170 0.711146 0.887121 1.010395 1.010395 1.010393 1.010393
0.943651 0.995114 0.997756 1.094865 0.706433 0.881241 0.984457 0.984457 0.984455 0.984455
0.976806 1.029624 1.030337 1.132578 0.728376 0.909996 1.021347 1.021347 1.021345 1.021345
0.964677 1.010570 1.015637 1.104205 0.717690 0.895732 1.014534 1.014534 1.014532 1.014532
0.950406 1.021944 1.027069 1.050174 0.725768 0.905814 1.025538 1.025538 1.025536 1.025536
0.966847 1.040177 1.045873 1.069402 0.739056 0.922398 1.042758 1.042758 1.042756 1.042756
0.949728 1.016886 1.027646 1.044333 0.724391 0.903912 1.026548 1.026548 1.026546 1.026546
0.961313 1.029290 1.040182 1.057072 0.733227 0.914938 1.033355 1.033355 1.033353 1.033353
0.957880 1.031023 1.035795 1.057922 0.735715 0.913564 1.038593 1.038593 1.038591 1.038591
0.944120 1.022638 1.024748 1.042855 0.726405 0.900503 1.028501 1.028501 1.028498 1.028498
0.956921 1.036938 1.039014 1.058618 0.736663 0.913094 1.044086 1.044086 1.044083 1.044083
0.947517 1.035695 0.975633 1.056954 0.735781 0.912000 1.042697 1.042697 1.042695 1.042695
0.951587 1.040144 0.972882 1.061494 0.738941 0.912314 1.042185 1.042185 1.042183 1.042183
0.952008 1.040291 0.968496 1.061216 0.736799 0.909727 1.042807 1.042807 1.042804 1.042804
0.964157 1.053566 0.980855 1.074758 0.746201 0.921336 1.054254 1.054254 1.054251 1.054251
0.959937 1.049342 0.975045 1.071323 0.744391 0.915306 1.051656 1.051656 1.051653 1.051653
0.949795 1.039566 0.964741 1.058423 0.736543 0.906778 1.045588 1.045588 1.045586 1.045586
0.956716 1.049548 0.974331 1.067702 0.743077 0.912469 1.057260 1.057260 1.057257 1.057257
0.919533 1.018593 0.954619 1.036212 0.728043 0.894009 1.041115 1.041115 1.041113 1.041113
0.934329 1.032779 0.967941 1.048301 0.740505 0.907767 1.057297 1.057297 1.057294 1.057294
0.945448 1.045069 0.979459 1.060776 0.749317 0.918570 1.068690 1.068690 1.068687 1.068687
0.908273 1.003829 0.940947 1.042111 0.736133 0.897373 1.050478 1.050478 1.050475 1.050475
0.924086 1.018296 0.955098 1.060810 0.749635 0.911753 1.072196 1.072196 1.072193 1.072193
0.918107 1.016552 0.952478 1.059338 0.745955 0.910667 1.069989 1.069989 1.069986 1.069986
0.919186 1.017746 0.953597 1.060582 0.746831 0.911737 1.065447 1.065447 1.065443 1.065443
0.910956 0.970912 0.944345 1.051087 0.733549 0.885562 1.055760 1.055760 1.055756 1.055756
0.918563 0.989028 0.961965 1.070698 0.739674 0.902086 1.072045 1.072045 1.072042 1.072042
0.918963 0.996941 0.966261 1.074083 0.741585 0.907996 1.080791 1.080791 1.080788 1.080788
0.888669 0.981731 0.951519 1.057697 0.730271 0.894144 1.053981 1.053981 1.053978 1.053978
0.899937 0.992107 0.961632 1.059299 0.725487 0.902976 1.067416 1.067416 1.067414 1.067414
0.903747 0.994964 0.961446 1.063114 0.727470 0.905576 1.074732 1.074732 1.074729 1.074729
0.864508 0.951583 0.921882 1.016866 0.695752 0.868311 1.007126 1.007126 1.007123 1.007123
0.922933 1.015893 0.984185 1.085588 0.742772 0.926994 1.074047 1.074047 1.074044 1.074044
0.918666 1.011375 0.979915 1.080688 0.738864 0.921552 1.066977 1.066977 1.066975 1.066975
0.913851 1.005980 0.973231 1.074053 0.735582 0.914771 1.066892 1.066892 1.066889 1.066889
0.914653 1.007232 0.974443 1.066738 0.736498 0.915590 1.063419 1.063419 1.063417 1.063417
0.801471 0.839136 0.792215 0.842936 0.581980 0.807342 0.937693 0.937693 0.937691 0.937691
0.939770 0.984657 0.927665 0.987697 0.679463 0.945549 1.099244 1.099244 1.099241 1.099241
0.946477 0.987171 0.934248 0.990094 0.684695 0.951151 1.108577 1.108577 1.108574 1.108574
0.948986 0.985220 0.936592 0.992888 0.685451 0.953653 1.112422 1.112422 1.112419 1.112419
0.933324 0.967729 0.918222 0.972376 0.675077 0.935543 1.096690 1.096690 1.096687 1.096687
0.902691 0.963382 0.888085 0.940461 0.669962 0.929857 1.089557 1.089557 1.089554 1.089554
0.915787 0.977358 0.900969 0.954105 0.679682 0.943347 1.093347 1.093347 1.093345 1.093345
0.925160 0.986793 0.908056 0.962469 0.685989 0.952145 1.105673 1.105673 1.105671 1.105671
0.919475 0.982196 0.902262 0.954838 0.681413 0.947156 1.099410 1.099410 1.099408 1.099408
0.908601 0.968164 0.896360 0.946192 0.681420 0.940513 1.093609 1.093609 1.093607 1.093607
0.916327 0.975168 0.901992 0.952784 0.686929 0.944987 1.103916 1.103916 1.103914 1.103914
0.926729 0.986238 0.912231 0.963599 0.694727 0.955714 1.110953 1.110953 1.110952 1.110952
0.920425 0.979125 0.904514 0.958893 0.688727 0.951192 1.103169 1.103169 1.103167 1.103167
0.915179 0.970661 0.894449 0.953260 0.685944 0.946113 1.095379 1.095379 1.095377 1.095377
0.919843 0.977264 0.899705 0.964479 0.692039 0.940195 1.108279 1.108279 1.108277 1.108277
0.921428 0.977870 0.898550 0.966083 0.695141 0.944180 1.114099 1.114099 1.114097 1.114097
0.833814 0.940082 0.863851 0.928750 0.629043 0.907718 1.055021 1.055021 1.055019 1.055019
0.878042 0.981739 0.906975 0.977581 0.658753 0.955347 1.110735 1.110735 1.110733 1.110733
0.876783 0.967221 0.905286 0.975760 0.657527 0.953568 1.098824 1.098824 1.098823 1.098823
0.853292 0.965094 0.908585 0.942381 0.659923 0.957081 1.095392 1.095392 1.095391 1.095391
0.864502 0.941286 0.920060 0.950737 0.666747 0.949097 1.110498 1.110498 1.110496 1.110496
0.863599 0.942113 0.919368 0.920667 0.667333 0.949931 1.102253 1.102253 1.102251 1.102251
0.882607 0.959972 0.936456 0.934664 0.681410 0.964960 1.127724 1.127724 1.127723 1.127723
0.882830 0.956008 0.937150 0.934900 0.681582 0.960974 1.124910 1.124910 1.124908 1.124908
0.886131 0.958664 0.940941 0.940090 0.684399 0.966386 1.131397 1.131397 1.131396 1.131396
0.885824 0.955070 0.937835 0.936962 0.682956 0.965915 1.130840 1.130840 1.130838 1.130838
