0.959966 0.977545 0.977545 0.977545 0.977545 0.977545 0.968065 0.968065 0.968065 0.968065
0.977845 0.992817 0.993431 0.996272 0.996663 0.994395 0.989258 0.989258 0.989259 0.989259
0.974623 0.989545 0.983142 0.992989 0.993379 0.987220 0.981300 0.981300 0.981300 0.981300
0.937408 0.975813 0.975176 0.947795 0.985330 0.979259 0.966785 0.966785 0.966785 0.966785
0.967697 1.006856 1.006685 0.978419 1.017167 1.010899 0.997041 0.997041 0.997041 0.997041
0.945873 0.984138 0.983010 0.954215 0.991007 0.989479 0.969319 0.969319 0.969319 0.969319
0.967976 1.007672 1.006979 0.977482 1.015171 1.013606 0.991474 0.991474 0.991474 0.991474
0.952670 0.954730 0.990559 0.957970 0.996360 0.976429 0.976425 0.976425 0.976425 0.976425
0.948507 0.949651 0.988857 0.956688 0.989120 0.975827 0.975004 0.975004 0.975004 0.975004
0.972562 0.973735 1.013936 0.980951 1.014205 1.000575 0.997465 0.997465 0.997465 0.997465
0.967178 0.967419 1.008630 0.977282 1.008987 0.996911 0.993948 0.993948 0.993947 0.993947
0.973245 0.973486 1.014956 0.983411 1.015316 1.003164 0.998389 0.998389 0.998388 0.998388
0.964027 0.955288 0.996125 0.975020 1.003616 0.995975 0.991556 0.991556 0.991555 0.991555
0.933745 0.934303 0.983540 0.953601 0.990937 0.983392 0.983987 0.983987 0.983986 0.983986
0.896977 0.936823 0.988577 0.958485 0.996012 0.942272 0.982242 0.982242 0.982242 0.982242
0.910071 0.949290 0.999837 0.968368 1.011959 0.953610 0.998973 0.998973 0.998973 0.998973
0.911001 0.949065 0.998655 0.967880 1.012573 0.951039 1.000908 1.000908 1.000908 1.000908
0.921933 0.960127 1.010182 0.977898 1.022412 0.961849 1.012138 1.012138 1.012138 1.012138
0.904988 0.944294 0.991905 0.930536 1.005553 0.945988 0.987189 0.987189 0.987189 0.987189
0.927664 0.968312 1.015180 0.954983 1.032768 0.967580 1.013869 1.013869 1.013869 1.013869
0.885316 0.951176 0.968836 0.911388 1.011348 0.948942 0.993913 0.993913 0.993914 0.993914
0.900394 0.975806 0.934413 0.934637 1.037536 0.973514 1.019516 1.019516 1.019516 1.019516
0.905775 0.979969 0.939298 0.941616 1.040941 0.979195 1.028239 1.028239 1.028239 1.028239
0.888432 0.961205 0.923104 0.925382 1.010550 0.962313 1.000831 1.000831 1.000831 1.000831
0.867008 0.963240 0.922356 0.926107 0.966200 0.962312 1.001993 1.001993 1.001993 1.001993
0.885362 0.984917 0.946722 0.949229 0.991177 0.985875 1.027562 1.027562 1.027562 1.027562
0.889486 0.986138 0.948323 0.950807 0.994040 0.990329 1.032198 1.032198 1.032198 1.032198
0.896407 0.993810 0.955701 0.958205 1.001774 0.998034 1.038378 1.038378 1.038377 1.038377
0.848343 0.940344 0.906601 0.906747 0.947879 0.946759 0.962682 0.962682 0.962682 0.962682
0.885685 0.978829 0.941341 0.946495 0.991254 0.988792 1.003681 1.003681 1.003681 1.003681
0.900299 0.995397 0.957216 0.963590 1.008170 1.005528 1.021847 1.021847 1.021846 1.021846
0.888092 0.983368 0.944014 0.948818 0.993974 0.992798 1.008479 1.008479 1.008478 1.008478
0.895725 0.982228 0.956832 0.961843 1.007471 1.006278 1.019070 1.019070 1.019069 1.019069
0.905312 0.992741 0.964897 0.972138 1.018254 1.014760 1.029977 1.029977 1.029976 1.029976
0.876254 0.958485 0.938921 0.943574 0.997376 0.986972 1.003525 1.003525 1.003525 1.003525
0.892090 0.978716 0.955074 0.963361 1.016508 1.004450 1.025366 1.025366 1.025365 1.025365
0.877065 0.968316 0.942513 0.947253 1.001122 0.987601 1.012849 1.012849 1.012849 1.012849
0.885518 0.978365 0.950314 0.955712 1.006413 0.995955 1.022374 1.022374 1.022373 1.022373
0.881496 0.945762 0.944989 0.949911 0.976974 0.969017 1.015836 1.015836 1.015835 1.015835
0.809064 0.922192 0.921463 0.926237 0.896697 0.944893 0.975698 0.975698 0.975698 0.975698
0.864223 0.985063 0.978245 0.989384 0.957830 1.009312 1.040400 1.040400 1.040399 1.040399
0.865043 0.981448 0.979035 0.990493 0.957259 1.010250 1.042237 1.042237 1.042236 1.042236
0.853520 0.969225 0.967062 0.975936 0.943212 0.993369 1.027993 1.027993 1.027993 1.027993
0.863786 0.976419 0.978654 0.983056 0.955092 1.004106 1.041757 1.041757 1.041756 1.041756
0.859156 0.978529 0.977329 0.980450 0.952011 1.004830 1.044171 1.044171 1.044170 1.044170
0.842439 0.957458 0.958313 0.961373 0.933488 0.985001 1.010223 1.010223 1.010222 1.010222
0.850235 0.960360 0.965370 0.957856 0.939975 0.990835 1.025503 1.025503 1.025502 1.025502
0.852981 0.965098 0.969241 0.967330 0.946566 0.982809 1.035654 1.035654 1.035653 1.035653
0.852079 0.963679 0.966600 0.968174 0.943819 0.983817 1.034346 1.034346 1.034345 1.034345
0.861884 0.974940 0.978003 0.979422 0.954068 0.993891 1.044189 1.044189 1.044188 1.044188
0.850213 0.925770 0.964030 0.966159 0.932761 0.960888 1.029905 1.029905 1.029904 1.029904
0.855588 0.927461 0.969436 0.972486 0.934465 0.966963 1.030014 1.030014 1.030013 1.030013
0.868469 0.941011 0.981674 0.986470 0.944803 0.979146 1.047883 1.047883 1.047882 1.047882
0.855999 0.929256 0.958834 0.970691 0.928215 0.958674 1.030390 1.030390 1.030389 1.030389
0.865195 0.945581 0.970147 0.988181 0.942463 0.958009 1.049640 1.049640 1.049639 1.049639
0.860712 0.941870 0.965119 0.981594 0.937602 0.954248 1.049263 1.049263 1.049262 1.049262
0.871838 0.954045 0.977594 0.994283 0.949722 0.966584 1.060955 1.060955 1.060954 1.060954
0.859686 0.932947 0.961110 0.979990 0.931314 0.952593 1.045933 1.045933 1.045932 1.045932
0.867085 0.938165 0.966135 0.981841 0.938488 0.954974 1.056069 1.056069 1.056069 1.056069
0.844130 0.913072 0.939358 0.959292 0.916794 0.912861 1.027662 1.027662 1.027661 1.027661
0.838390 0.912850 0.956848 0.981061 0.913024 0.933577 1.049333 1.049333 1.049333 1.049333
0.848715 0.922847 0.964362 0.992518 0.922888 0.943800 1.065028 1.065028 1.065027 1.065027
0.858238 0.933201 0.975182 1.003654 0.933243 0.937022 1.076284 1.076284 1.076283 1.076283
0.849517 0.928142 0.968894 0.998539 0.925212 0.932430 1.070078 1.070078 1.070078 1.070078
0.838560 0.917448 0.956195 0.984923 0.912695 0.919683 1.050499 1.050499 1.050498 1.050498
0.828282 0.930164 0.969448 0.939142 0.925345 0.932430 1.064628 1.064628 1.064628 1.064628
0.832426 0.939748 0.973666 0.947985 0.936475 0.939041 1.079232 1.079232 1.079232 1.079232
0.835671 0.943411 0.977461 0.951680 0.940125 0.942701 1.079258 1.079258 1.079257 1.079257
0.824666 0.926546 0.964862 0.933664 0.925726 0.928075 1.067386 1.067386 1.067386 1.067386
0.835741 0.938990 0.977821 0.946203 0.938159 0.940539 1.076399 1.076399 1.076399 1.076399
0.836735 0.940106 0.978983 0.947328 0.939275 0.941657 1.071844 1.071844 1.071844 1.071844
0.816872 0.917789 0.955744 0.924840 0.916978 0.919304 1.026340 1.026340 1.026339 1.026339
0.845571 0.950382 0.989685 0.949979 0.949542 0.951619 1.058012 1.058012 1.058011 1.058011
0.845891 0.946577 0.990543 0.950339 0.949902 0.947809 1.055505 1.055505 1.055504 1.055504
0.845275 0.943917 0.987817 0.939178 0.931185 0.944499 1.054808 1.054808 1.054806 1.054806
0.853774 0.955598 1.000378 0.950015 0.942026 0.953038 1.069512 1.069512 1.069511 1.069511
0.841051 0.928768 0.985047 0.935456 0.927590 0.938434 1.043773 1.043773 1.043772 1.043772
0.844892 0.932026 0.988485 0.938601 0.924847 0.929537 1.052116 1.052116 1.052115 1.052115
0.837874 0.924285 0.939101 0.930804 0.917165 0.882533 1.038831 1.038831 1.038830 1.038830
0.850488 0.939415 0.954474 0.946467 0.932178 0.896980 1.044531 1.044531 1.044530 1.044530
0.863266 0.952478 0.965906 0.960628 0.948790 0.912743 1.063958 1.063958 1.063958 1.063958
0.858216 0.956587 0.970072 0.964772 0.943240 0.916679 1.065156 1.065156 1.065155 1.065155
0.852737 0.950479 0.964029 0.958612 0.937364 0.910969 1.049679 1.049679 1.049678 1.049678
0.856585 0.955807 0.969432 0.963985 0.941594 0.915080 1.054946 1.054946 1.054945 1.054945
0.815791 0.925345 0.938536 0.933262 0.671999 0.871500 1.011986 1.011986 1.011985 1.011985
0.884382 1.003147 1.017447 1.011731 0.728500 0.944775 1.095854 1.095854 1.095853 1.095853
0.878461 0.996431 1.010635 1.004957 0.723623 0.938449 1.083282 1.083282 1.083281 1.083281
0.886770 1.005857 1.020195 1.014463 0.730468 0.947327 1.092367 1.092367 1.092366 1.092366
0.862485 0.984332 0.998888 0.986806 0.711996 0.922818 1.067862 1.067862 1.067861 1.067861
0.876172 0.999952 1.014738 1.002464 0.723295 0.937461 1.078841 1.078841 1.078839 1.078839
0.873984 0.996881 1.009831 0.998508 0.720806 0.934279 1.077254 1.077254 1.077253 1.077253
0.873220 0.996009 1.008948 0.997635 0.720176 0.933462 1.067089 1.067089 1.067087 1.067087
0.879805 1.001384 1.014420 1.000782 0.726340 0.939853 1.074556 1.074556 1.074554 1.074554
0.850542 0.967824 0.978284 0.987214 0.716492 0.915462 1.058366 1.058366 1.058363 1.058363
0.863064 0.982072 0.992687 1.001748 0.727041 0.928939 1.062271 1.062271 1.062270 1.062270
0.848480 0.965334 0.975912 1.007091 0.730918 0.928683 1.068539 1.068539 1.068537 1.068537
0.753663 0.815239 0.804269 0.806695 0.585477 0.830095 0.955104 0.955104 0.955102 0.955102
0.866822 0.934951 0.923748 0.918338 0.670007 0.950325 1.100701 1.100701 1.100699 1.100699
0.883243 0.952376 0.936590 0.935077 0.680420 0.965155 1.121725 1.121725 1.121724 1.121724
0.885565 0.954791 0.937561 0.936688 0.682757 0.965632 1.130510 1.130510 1.130508 1.130508
