0.990437 0.982863 0.966894 0.988712 0.991438 0.991421 0.989891 0.989202 0.989202 0.989202
0.982766 0.976377 0.960060 0.983233 0.982724 0.988066 0.983735 0.988578 0.988578 0.988578
0.969019 0.956773 0.957368 0.982236 0.980403 0.984452 0.983736 0.991604 0.991604 0.991604
0.971668 0.958579 0.962090 0.987158 0.985154 0.990286 0.984333 0.999924 0.999924 0.999924
0.907457 0.882482 0.890986 0.917016 0.887153 0.919580 0.910729 0.894566 0.894566 0.894566
0.972224 0.902142 0.954335 0.988433 0.951430 0.984781 0.969485 0.960322 0.960322 0.960322
0.836549 0.638715 0.815845 0.849126 0.647497 0.852736 0.685679 0.843460 0.843461 0.843461
1.007104 0.772173 0.986315 1.027876 0.738069 1.017849 0.830125 1.023679 1.023680 1.023680
1.024003 0.780006 1.019048 1.065444 0.765939 1.051109 0.860094 1.063981 1.063982 1.063982
1.009519 0.767873 1.010666 1.051416 0.764886 1.052492 0.859940 1.062605 1.062606 1.062606
1.018525 0.778567 1.025687 1.069773 0.776860 1.068038 0.871780 1.077313 1.077314 1.077314
0.991457 0.750291 0.910281 1.035899 0.751558 1.037313 0.846824 1.056891 1.056892 1.056892
1.024948 0.767205 0.943651 1.072793 0.777596 1.074950 0.873492 1.096356 1.096357 1.096357
1.025432 0.770221 0.944078 1.074047 0.776533 1.072981 0.875750 1.101700 1.101701 1.101701
0.961044 0.649822 0.907714 1.024704 0.746622 1.031652 0.842018 1.040806 1.040808 1.040808
1.004207 0.679649 0.952446 1.075457 0.785446 1.079208 0.882522 1.089781 1.089783 1.089783
0.949398 0.652566 0.916624 1.035023 0.762833 1.033276 0.858578 1.059245 1.059247 1.059247
0.928406 0.636774 0.870376 1.008365 0.757798 1.008355 0.833594 1.020779 1.020780 1.020780
1.007296 0.690883 0.944335 1.094050 0.822191 1.094039 0.904427 1.088618 1.088619 1.088619
0.940412 0.645009 0.833755 0.875011 0.764121 1.000688 0.765128 1.004749 1.004749 1.004749
1.032731 0.709928 0.919230 0.966505 0.843106 1.101721 0.846174 1.110775 1.110775 1.110775
1.039004 0.708886 0.926197 0.969281 0.842961 1.107324 0.849774 1.118743 1.118743 1.118743
1.007545 0.694795 0.904856 0.957320 0.830899 1.081809 0.827129 1.089703 1.089704 1.089704
1.024616 0.707463 0.920153 0.965064 0.833542 1.090284 0.839810 1.112185 1.112185 1.112185
1.000650 0.643764 0.837120 0.945117 0.812089 1.063891 0.819689 1.083835 1.083835 1.083835
1.036042 0.663850 0.841769 0.979846 0.835885 1.100253 0.847730 1.109282 1.109283 1.109283
1.029717 0.663003 0.845785 0.981828 0.829857 1.103892 0.844115 1.113915 1.113916 1.113916
1.032418 0.660567 0.852196 0.982512 0.833477 1.108787 0.835429 1.122687 1.122687 1.122687
1.043167 0.660578 0.861312 0.990455 0.839133 1.116470 0.843987 1.124934 1.124934 1.124934
1.042001 0.656515 0.856999 0.991759 0.835637 1.113143 0.841413 1.119436 1.119436 1.119436
1.016738 0.640705 0.836221 0.973671 0.791411 1.013713 0.821907 1.080854 1.080855 1.080855
1.036274 0.657449 0.830772 1.001205 0.803059 1.025993 0.771157 1.107522 1.107522 1.107522
1.005580 0.651531 0.823190 0.988695 0.786054 1.008329 0.766882 1.082140 1.082141 1.082141
0.987048 0.656561 0.837527 1.015967 0.801754 0.978265 0.780238 1.108602 1.108602 1.108602
1.026301 0.678811 0.865606 1.048807 0.831268 1.013597 0.797201 1.158298 1.158299 1.158299
0.999264 0.646015 0.837798 0.991804 0.809850 0.958028 0.780739 1.122508 1.122509 1.122509
0.969056 0.635904 0.811291 0.977311 0.764570 0.929485 0.752359 1.079928 1.079929 1.079929
1.034767 0.675848 0.856294 1.048745 0.804656 0.995406 0.796243 1.157060 1.157062 1.157062
1.052785 0.688843 0.869984 1.066627 0.817985 1.015002 0.811179 1.182594 1.182595 1.182595
1.017541 0.668150 0.844869 1.033565 0.792140 0.991891 0.792818 1.150342 1.150343 1.150343
1.024920 0.665263 0.852037 0.962723 0.800435 0.994900 0.799466 1.156713 1.156714 1.156714
1.048777 0.679341 0.873906 0.983041 0.816253 1.014816 0.817385 1.182365 1.182367 1.182367
1.013217 0.640508 0.829921 0.924444 0.774173 0.976313 0.783086 1.143607 1.143609 1.143609
1.045595 0.668441 0.868071 0.959383 0.805015 1.010484 0.808340 1.189364 1.189366 1.189366
1.032106 0.662257 0.856801 0.931116 0.785049 0.998570 0.799258 1.168221 1.168223 1.168223
1.042319 0.672667 0.856051 0.937770 0.797748 1.009206 0.812047 1.178297 1.178299 1.178299
1.040724 0.671404 0.848776 0.934262 0.796316 1.011311 0.810109 1.161669 1.161671 1.161671
1.044490 0.663304 0.837845 0.936348 0.783293 1.014973 0.809557 1.172757 1.172759 1.172759
1.052252 0.655335 0.846206 0.945045 0.718278 1.020709 0.816775 1.185100 1.185102 1.185102
1.090476 0.679141 0.876946 0.979375 0.744371 1.057787 0.846446 1.220710 1.220712 1.220712
1.066727 0.662321 0.841624 0.958045 0.715757 1.017126 0.828011 1.169432 1.169434 1.169434
1.065324 0.663004 0.848770 0.970627 0.721460 1.030101 0.838787 1.181538 1.181540 1.181540
1.097594 0.683087 0.874481 1.000030 0.743315 1.061305 0.864195 1.213046 1.213047 1.213047
1.060905 0.649903 0.829856 0.961626 0.696041 1.030162 0.829973 1.171819 1.171821 1.171821
1.054960 0.647745 0.825363 0.969941 0.704651 1.044560 0.834095 1.183799 1.183801 1.183801
1.071167 0.657041 0.839753 0.989367 0.712971 1.063261 0.849886 1.199602 1.199604 1.199604
0.997279 0.617084 0.782946 0.906291 0.665160 0.984193 0.790875 1.106969 1.106970 1.106970
0.979484 0.588578 0.746778 0.890120 0.653291 0.728955 0.754341 1.084950 1.084951 1.084951
1.102671 0.662602 0.840522 0.992577 0.722658 0.802474 0.849212 1.198330 1.198332 1.198332
1.102072 0.664490 0.838062 0.984888 0.719420 0.787173 0.850258 1.166457 1.166459 1.166459
1.097475 0.665795 0.818143 0.955269 0.704573 0.765708 0.847307 1.157460 1.157462 1.157462
0.886192 0.635929 0.799860 0.931115 0.672751 0.618296 0.829038 1.106072 1.106074 1.106074
0.990041 0.712403 0.898021 1.025271 0.757775 0.695258 0.934048 1.242624 1.242626 1.242626
0.995096 0.717913 0.904545 1.027631 0.763418 0.699101 0.938224 1.246338 1.246340 1.246340
0.966095 0.692106 0.879386 0.851303 0.741713 0.677773 0.851430 1.200646 1.200647 1.200647
1.019241 0.728460 0.921462 0.897914 0.783544 0.711674 0.897895 1.265463 1.265465 1.265465
1.034902 0.740298 0.930570 0.912365 0.796101 0.723850 0.911659 1.279801 1.279802 1.279802
0.946871 0.707061 0.888789 0.838709 0.720447 0.691351 0.817259 1.202517 1.202519 1.202519
0.968221 0.714624 0.901977 0.855762 0.742915 0.695245 0.837825 1.248848 1.248850 1.248850
1.000290 0.740406 0.925903 0.885033 0.769690 0.720821 0.865749 1.293433 1.293435 1.293435
0.939060 0.713477 0.878088 0.843935 0.736183 0.686231 0.832211 1.234992 1.234994 1.234994
0.958584 0.732732 0.894602 0.868534 0.689107 0.701069 0.857447 1.274710 1.274712 1.274712
0.984027 0.755260 0.916813 0.894345 0.706866 0.718410 0.878273 1.309788 1.309790 1.309790
0.879386 0.672468 0.839552 0.802225 0.634056 0.528600 0.706772 1.212425 1.212427 1.212427
1.008469 0.771178 0.962787 0.919981 0.727128 0.606192 0.810516 1.385413 1.385415 1.385415
0.951481 0.730069 0.904754 0.780357 0.688507 0.572722 0.762940 1.282838 1.282840 1.282840
1.002573 0.770080 0.954956 0.818492 0.728966 0.603113 0.807454 1.354754 1.354756 1.354756
0.978944 0.751682 0.936444 0.792833 0.715194 0.562700 0.785265 1.331645 1.331647 1.331647
0.974851 0.753727 0.940151 0.724083 0.715722 0.517399 0.788367 1.316513 1.316515 1.316515
1.020536 0.786996 0.979406 0.755338 0.748001 0.538169 0.821541 1.363652 1.363655 1.363655
0.980747 0.720651 0.921049 0.703768 0.706317 0.507633 0.788514 1.317097 1.317099 1.317099
0.980088 0.719889 0.946358 0.720910 0.721789 0.517591 0.802805 1.360958 1.360961 1.360961
1.013692 0.746420 0.980996 0.747243 0.745860 0.537344 0.820433 1.407178 1.407181 1.407181
1.005403 0.737760 0.977391 0.745922 0.741909 0.533979 0.813868 1.398427 1.398429 1.398429
0.966087 0.701843 0.941961 0.710824 0.693156 0.513573 0.781066 1.354955 1.354957 1.354957
1.013156 0.735879 0.984122 0.745183 0.727184 0.538117 0.817044 1.416349 1.416351 1.416351
0.937198 0.698576 0.941532 0.709505 0.694490 0.508101 0.780848 1.291068 1.291070 1.291070
1.001252 0.748498 1.010670 0.759551 0.745644 0.545993 0.836938 1.387897 1.387899 1.387899
0.944433 0.713095 0.961470 0.726811 0.707948 0.521242 0.789552 1.306588 1.306591 1.306591
0.972715 0.713869 0.937209 0.746694 0.723802 0.523057 0.805830 1.325626 1.325628 1.325628
0.952357 0.707916 0.942378 0.750486 0.727794 0.524531 0.810274 1.320030 1.320033 1.320033
0.995723 0.738454 0.985970 0.782136 0.758339 0.545089 0.846521 1.379954 1.379956 1.379956
0.985891 0.729987 0.967315 0.768679 0.753197 0.534061 0.827625 1.367026 1.367028 1.367028
0.938377 0.675302 0.901881 0.716246 0.732436 0.507505 0.780877 1.325823 1.325825 1.325825
0.921436 0.654638 0.880272 0.701794 0.713283 0.385484 0.758182 1.241731 1.241734 1.241734
1.019210 0.720705 0.956390 0.772005 0.772531 0.424399 0.836200 1.377180 1.377182 1.377182
0.985752 0.692690 0.937407 0.757897 0.745260 0.414167 0.808041 1.352234 1.352236 1.352236
1.030287 0.719943 0.976103 0.784615 0.774400 0.429107 0.842193 1.410702 1.410705 1.410705
1.011105 0.708024 0.952174 0.769086 0.741808 0.423426 0.829231 1.371048 1.371050 1.371050
1.000147 0.706158 0.949759 0.767572 0.738082 0.419731 0.829110 1.370371 1.370373 1.370373
