0.970305 0.970922 0.974598 0.974158 0.978526 0.973416 0.973906 0.976156 0.976156 0.976156
0.964219 0.964832 0.968485 0.946006 0.972389 0.967311 0.843927 0.955047 0.955047 0.955047
0.995308 0.990686 1.001603 0.977010 1.003074 1.000260 0.873512 0.987590 0.987590 0.987590
0.998396 0.996265 1.003976 0.976186 1.006015 1.002743 0.874720 0.991325 0.991325 0.991325
0.912963 0.905956 0.912644 0.367323 0.883944 0.893004 0.783946 0.901484 0.901484 0.901484
1.056410 1.037995 1.051948 0.420684 1.017801 1.027821 0.889571 1.034476 1.034476 1.034476
1.037451 1.002935 1.044728 0.396528 0.971765 1.014247 0.857182 1.025367 1.025367 1.025367
1.063067 1.026289 1.045939 0.401488 0.983896 1.037602 0.873016 1.043806 1.043805 1.043805
0.939316 0.952255 0.833120 0.353636 0.892505 0.934379 0.812193 0.914848 0.914848 0.914848
1.022412 1.036313 0.909922 0.381022 0.973342 1.021391 0.888691 1.001300 1.001300 1.001300
1.054259 1.065180 0.939827 0.399427 1.007302 1.062890 0.877193 1.042557 1.042557 1.042557
1.014208 1.092734 0.964138 0.411986 1.038974 1.090385 0.904774 1.072416 1.072416 1.072416
1.022820 1.103357 0.971243 0.415380 1.036800 1.097086 0.905747 1.078787 1.078787 1.078787
0.973544 1.051207 0.900908 0.373589 0.975835 1.051418 0.812218 1.030049 1.030048 1.030048
1.015167 1.098662 0.918369 0.388880 1.021171 1.104210 0.840632 1.085430 1.085429 1.085429
1.003707 1.058708 0.906799 0.380796 1.005499 1.064054 0.810447 1.049617 1.049617 1.049617
0.998113 1.052188 0.889673 0.372195 0.989278 1.049992 0.804329 1.041793 1.041793 1.041793
0.977312 1.079484 0.912753 0.381851 1.014942 1.039340 0.825195 1.025607 1.025607 1.025607
1.024021 1.114293 0.952080 0.396633 1.044091 1.086990 0.858539 1.075732 1.075733 1.075733
1.003989 1.087196 0.940998 0.393746 1.035885 1.081884 0.848487 1.063044 1.063044 1.063044
1.004615 1.089078 0.912355 0.394517 1.011054 1.083279 0.831508 1.042543 1.042543 1.042543
0.984074 1.086999 0.902730 0.393950 1.007155 1.076886 0.822626 1.025333 1.025333 1.025333
0.983872 1.062364 0.889385 0.393499 0.996508 1.065744 0.805501 1.021903 1.021903 1.021903
1.032453 1.091939 0.933905 0.413956 1.049434 1.110600 0.847537 1.078621 1.078621 1.078621
0.997407 1.017749 0.877746 0.405413 0.974614 1.091115 0.833278 1.055573 1.055573 1.055573
1.043972 1.064365 0.921188 0.423073 1.017414 1.142818 0.873125 1.107114 1.107114 1.107114
0.840542 0.856961 0.741684 0.340632 0.702344 0.920127 0.702986 0.754622 0.754622 0.754622
1.125750 1.143567 0.971437 0.455446 0.915897 1.230869 0.933186 1.010780 1.010780 1.010780
1.011540 1.107478 0.920562 0.434997 0.860049 1.127314 0.901157 0.979476 0.979476 0.979476
1.029364 1.144851 0.951741 0.446751 0.871205 1.158786 0.934799 1.008865 1.008865 1.008865
1.049296 1.137816 0.962794 0.455538 0.887682 1.146581 0.956146 1.031825 1.031825 1.031825
1.053500 1.135911 0.958983 0.454470 0.875872 1.148395 0.957895 1.034964 1.034964 1.034964
1.008405 1.110023 0.924949 0.440555 0.859046 1.115529 0.943886 0.992630 0.992630 0.992630
1.012029 1.127075 0.933555 0.445721 0.873296 1.080863 0.926555 1.017096 1.017096 1.017096
1.046343 1.162496 0.964655 0.464584 0.906982 1.121252 0.965345 1.060488 1.060488 1.060488
1.040854 1.160527 0.957211 0.461778 0.904427 1.118535 0.953881 1.058612 1.058611 1.058611
1.041755 1.160972 0.956569 0.460578 0.902071 1.116680 0.954953 1.058119 1.058119 1.058119
0.996556 1.129759 0.934265 0.449290 0.863840 1.089830 0.924878 1.038015 1.038014 1.038014
1.026208 1.163375 0.962063 0.462658 0.889542 1.122257 0.952397 1.036374 1.036374 1.036374
0.924597 1.064709 0.899928 0.439080 0.858128 1.081324 0.864310 0.959790 0.959790 0.959790
0.979975 1.079508 0.952071 0.470081 0.902745 1.155062 0.920407 1.024793 1.024793 1.024793
0.970927 1.070319 0.942960 0.466145 0.814941 1.151622 0.847572 1.019532 1.019532 1.019532
1.027001 1.132133 0.985834 0.493066 0.862007 1.203984 0.886110 1.075323 1.075323 1.075323
0.975651 1.086872 0.943608 0.458939 0.820977 1.149905 0.825117 0.981396 0.981396 0.981396
0.947447 1.133600 0.975500 0.477654 0.856662 1.078797 0.856698 1.018733 1.018733 1.018733
0.952982 1.110789 0.981496 0.480601 0.861166 1.080990 0.845989 1.038546 1.038546 1.038546
0.982758 1.137687 1.012511 0.487851 0.867559 1.114684 0.873111 1.066492 1.066492 1.066492
0.859871 0.995427 0.922353 0.432369 0.772418 1.015429 0.763935 0.967602 0.967602 0.967602
0.875790 0.971379 0.957368 0.437378 0.769071 1.051464 0.732907 0.945607 0.945607 0.945607
0.971717 1.010728 1.048103 0.485870 0.853532 1.162315 0.802073 1.044446 1.044446 1.044446
1.000956 1.048043 1.089449 0.505104 0.883985 1.201615 0.833645 1.085306 1.085306 1.085306
0.944034 0.994470 1.031123 0.476258 0.833818 1.117219 0.762139 1.017051 1.017051 1.017051
0.984471 1.023810 1.060846 0.491585 0.855257 1.161358 0.783193 1.040903 1.040903 1.040903
1.005463 1.045641 1.083466 0.502067 0.873493 1.084697 0.743578 1.053566 1.053566 1.053566
0.958845 1.010993 1.068076 0.471101 0.861086 1.046869 0.727263 1.022131 1.022131 1.022131
1.015171 1.031523 1.126496 0.495029 0.908250 1.104398 0.767126 1.083860 1.083860 1.083860
0.985824 1.000489 1.090916 0.461623 0.875935 1.079994 0.720038 1.058294 1.058293 1.058293
0.976700 0.979952 1.092621 0.446706 0.844914 1.074791 0.692432 1.037651 1.037650 1.037650
1.042312 1.043875 1.167236 0.476505 0.891748 1.143921 0.737997 1.109073 1.109072 1.109072
0.961832 0.988432 1.086142 0.445090 0.833725 1.029690 0.693734 1.031484 1.031484 1.031484
1.014374 1.043260 1.138476 0.468997 0.879862 1.033043 0.733027 1.093105 1.093104 1.093104
1.033854 1.057169 1.147612 0.477723 0.888402 1.051322 0.738359 1.107867 1.107866 1.107866
1.018081 1.042625 1.130927 0.470680 0.881121 0.992096 0.693549 1.094396 1.094395 1.094395
0.981286 1.001837 1.036341 0.448417 0.822340 0.651514 0.665782 1.062195 1.062194 1.062194
1.057137 1.030210 1.088911 0.421138 0.874244 0.693246 0.708021 1.128541 1.128541 1.128541
1.114986 1.084624 1.153541 0.447588 0.925559 0.732536 0.750136 1.198448 1.198448 1.198448
1.109211 1.073962 1.148655 0.447392 0.920193 0.729889 0.745155 1.196643 1.196642 1.196642
1.081511 1.062920 1.131819 0.437802 0.912823 0.719190 0.731784 1.158923 1.158923 1.158923
1.065117 1.051807 1.115873 0.433871 0.871811 0.714110 0.724689 1.159472 1.159471 1.159471
1.083597 1.057998 1.126659 0.438428 0.885965 0.726082 0.692234 1.181011 1.181010 1.181010
1.105765 1.088679 1.157927 0.450068 0.911517 0.744659 0.710622 1.218096 1.218095 1.218095
1.076242 0.967085 1.107287 0.418295 0.890801 0.722734 0.691451 1.195094 1.195093 1.195093
1.068162 0.965563 1.131567 0.417671 0.887387 0.740249 0.706876 1.215301 1.215300 1.215300
1.072666 0.967531 1.127319 0.420033 0.898683 0.748628 0.705881 1.214418 1.214417 1.214417
1.086214 0.988503 1.148806 0.429938 0.918465 0.759297 0.721429 1.235219 1.235218 1.235218
1.070064 0.974812 1.116573 0.415606 0.907803 0.740555 0.711645 1.216000 1.215998 1.215998
1.073953 0.982145 1.129202 0.417383 0.910676 0.747551 0.713870 1.217070 1.217068 1.217068
1.091066 0.990879 1.148458 0.421242 0.922583 0.758817 0.710746 1.237887 1.237886 1.237886
1.047969 0.954290 1.100588 0.405031 0.849121 0.728940 0.685161 1.151651 1.151651 1.151651
1.068190 0.944049 1.108188 0.414741 0.862649 0.736999 0.703861 1.155693 1.155692 1.155692
1.095993 0.918317 1.144920 0.424659 0.892001 0.760387 0.727415 1.172352 1.172351 1.172351
1.137670 0.953881 1.188869 0.441297 0.927676 0.791365 0.756174 1.224732 1.224731 1.224731
0.988555 0.832804 1.030394 0.368129 0.278962 0.678198 0.656212 1.058857 1.058856 1.058856
1.227683 1.034256 1.279642 0.457179 0.346442 0.842251 0.814947 1.304329 1.304328 1.304328
1.154101 0.983894 1.204504 0.423647 0.330059 0.788265 0.754055 1.240180 1.240178 1.240178
1.128184 0.980761 1.200668 0.414133 0.322647 0.779386 0.744923 1.188480 1.188479 1.188479
1.229208 1.068584 1.308183 0.451217 0.351539 0.849177 0.811628 1.285874 1.285873 1.285873
1.196590 1.019668 1.271452 0.416578 0.339641 0.821182 0.788260 1.246102 1.246100 1.246100
1.170931 0.965137 1.245691 0.392359 0.328894 0.800656 0.763640 1.145940 1.145939 1.145939
1.248068 1.026768 1.332441 0.419954 0.346185 0.853754 0.817212 1.226826 1.226825 1.226825
1.259758 1.038466 1.348407 0.426095 0.350450 0.865810 0.828638 1.245016 1.245015 1.245015
1.181018 0.928933 1.264126 0.387455 0.328545 0.785985 0.713555 1.141519 1.141518 1.141518
1.220330 0.950195 1.307237 0.393083 0.312549 0.796095 0.726196 1.180136 1.180136 1.180136
1.289539 1.005394 1.383537 0.411718 0.329874 0.837773 0.770361 1.249578 1.249577 1.249577
1.175566 0.984565 1.335052 0.402175 0.319759 0.814844 0.743801 1.213312 1.213311 1.213311
1.211226 1.010116 1.061369 0.409772 0.329668 0.841008 0.766850 1.253606 1.253605 1.253605
1.113237 0.959950 0.998023 0.385495 0.290926 0.793739 0.656275 1.184447 1.184446 1.184446
1.212002 1.037133 1.095893 0.420440 0.308280 0.858464 0.718483 1.298637 1.298636 1.298636
1.190071 1.043266 1.085574 0.422254 0.307514 0.819595 0.721979 1.300328 1.300328 1.300328
1.205208 1.060571 1.102997 0.427890 0.314430 0.833723 0.738392 1.328555 1.328554 1.328554
