0.978712 0.981272 0.980815 0.975982 0.980992 0.979123 0.978094 0.976651 0.976651 0.976651
0.958956 0.963722 0.970452 0.970116 0.970124 0.972876 0.972100 0.968115 0.968116 0.968116
0.944825 0.952897 0.960712 0.958274 0.957689 0.969160 0.968521 0.959975 0.959975 0.959975
0.963347 0.970609 0.981543 0.981548 0.973043 0.990630 0.990979 0.976853 0.976853 0.976853
0.876551 0.857665 0.867327 0.893112 0.885373 0.679744 0.875665 0.886987 0.886987 0.886987
0.969851 0.884195 0.893959 0.990928 0.977258 0.751466 0.968306 0.979287 0.979287 0.979287
0.980336 0.873587 0.898258 0.972830 0.988409 0.737372 0.984498 0.985244 0.985244 0.985244
1.033806 0.914190 0.924736 1.024105 1.043375 0.778363 1.037624 1.037687 1.037687 1.037687
0.994924 0.885904 0.897230 0.903901 1.009092 0.691674 1.006751 0.991456 0.991456 0.991456
1.003934 0.901339 0.912954 0.920265 1.024215 0.699428 1.026849 1.010897 1.010897 1.010897
1.009970 0.911165 0.928494 0.933369 1.029226 0.710297 1.034936 1.027495 1.027495 1.027495
0.949287 0.894013 0.911016 0.881440 0.956846 0.696927 0.953099 0.991804 0.991804 0.991804
0.943532 0.907474 0.924616 0.891558 0.959322 0.701556 0.970825 0.992601 0.992601 0.992601
0.926320 0.904314 0.906430 0.889389 0.916881 0.689068 0.947100 0.966753 0.966754 0.966754
0.987381 0.959402 0.949024 0.942818 0.956956 0.731065 1.006601 1.033246 1.033246 1.033246
0.952131 0.924793 0.940923 0.931929 0.943639 0.719278 0.988921 1.030231 1.030232 1.030232
1.000505 0.971778 0.988727 0.979277 0.991582 0.755822 1.039164 1.078764 1.078764 1.078764
0.968530 0.926022 0.941396 0.946672 0.940789 0.731668 1.001643 1.050454 1.050455 1.050455
0.985295 0.932359 0.957963 0.960840 0.953640 0.741768 1.018813 1.059742 1.059743 1.059743
0.950644 0.890601 0.927018 0.919380 0.894623 0.716343 0.981755 1.031005 1.031005 1.031005
0.982028 0.914321 0.968485 0.962230 0.935056 0.747746 1.028556 1.083459 1.083459 1.083459
0.984650 0.915989 0.973200 0.966990 0.939527 0.752129 1.029115 1.092480 1.092480 1.092480
0.916639 0.852721 0.856781 0.771176 0.870670 0.685983 0.868119 1.005427 1.005427 1.005427
1.015573 0.942803 0.951471 0.852596 0.961328 0.757602 0.961005 1.112746 1.112747 1.112747
1.015452 0.946549 0.949768 0.855131 0.960490 0.756178 0.958780 1.113671 1.113671 1.113671
1.016339 0.952077 0.956195 0.863121 0.967744 0.761226 0.964228 1.120079 1.120080 1.120080
1.011187 0.948345 0.951998 0.860653 0.961825 0.760696 0.960816 1.122391 1.122392 1.122392
1.002056 0.936535 0.947683 0.858392 0.955907 0.755282 0.952307 1.114451 1.114452 1.114452
0.935002 0.881530 0.885534 0.788058 0.893781 0.700666 0.888149 1.030672 1.030673 1.030673
1.007760 0.952898 0.958985 0.851122 0.968120 0.759593 0.960385 1.117792 1.117793 1.117793
0.992287 0.943679 0.934191 0.835774 0.959185 0.748490 0.951358 1.099246 1.099246 1.099246
0.978795 0.930540 0.925436 0.817840 0.950674 0.705467 0.934662 1.091529 1.091530 1.091530
0.983211 0.908545 0.879807 0.819464 0.947961 0.690441 0.930373 1.080085 1.080085 1.080085
0.945638 0.896762 0.875179 0.811234 0.941315 0.677832 0.924488 1.023670 1.023670 1.023670
0.997848 0.935401 0.924629 0.791610 0.996462 0.712260 0.976627 1.078350 1.078350 1.078350
0.862790 0.665496 0.794309 0.683363 0.681455 0.619767 0.694102 0.951749 0.951750 0.951750
1.073121 0.825781 0.981236 0.849744 0.848694 0.767206 0.862951 1.182616 1.182617 1.182617
1.095342 0.842881 1.001555 0.867340 0.866268 0.783093 0.880820 1.199792 1.199793 1.199793
1.069610 0.823858 0.982113 0.850706 0.851653 0.765563 0.862754 1.174007 1.174008 1.174008
1.033969 0.801312 0.930705 0.800969 0.809662 0.722888 0.834592 1.130851 1.130852 1.130852
1.095806 0.849235 0.986366 0.848872 0.858085 0.766121 0.884505 1.178029 1.178030 1.178030
1.061805 0.828472 0.931632 0.829848 0.827791 0.737177 0.788980 1.147590 1.147590 1.147590
1.068095 0.842317 0.944144 0.850205 0.846407 0.747077 0.796625 1.159531 1.159531 1.159531
1.078820 0.860384 0.966573 0.863601 0.861437 0.756806 0.804853 1.180316 1.180317 1.180317
1.089301 0.868555 0.972277 0.871672 0.870114 0.763481 0.810612 1.187908 1.187908 1.187908
1.019325 0.811024 0.883447 0.812636 0.827133 0.712970 0.753118 1.095451 1.095452 1.095452
1.074673 0.856860 0.925820 0.855737 0.851193 0.755803 0.796623 1.143764 1.143764 1.143764
1.072109 0.856778 0.923787 0.865929 0.864511 0.768846 0.803170 1.159195 1.159196 1.159196
1.072871 0.843946 0.907608 0.862084 0.838121 0.772643 0.798608 1.159348 1.159349 1.159349
1.085651 0.837515 0.920743 0.873961 0.771974 0.780465 0.809312 1.176761 1.176762 1.176762
1.070094 0.819730 0.908793 0.735049 0.761471 0.768201 0.745651 1.150918 1.150919 1.150919
1.068745 0.826898 0.915410 0.744741 0.765504 0.776519 0.744813 1.147230 1.147230 1.147230
1.064190 0.741207 0.935117 0.754900 0.781984 0.793235 0.760847 1.151505 1.151506 1.151506
1.108864 0.772323 0.974169 0.779141 0.800635 0.808245 0.792788 1.177182 1.177183 1.177183
1.136333 0.789640 0.998990 0.795873 0.817670 0.823242 0.811804 1.206181 1.206182 1.206182
1.106602 0.773648 0.970963 0.781395 0.730177 0.802356 0.797947 1.187706 1.187707 1.187707
1.088472 0.725093 0.934588 0.745172 0.705705 0.774633 0.783884 1.174142 1.174142 1.174142
1.122542 0.740305 0.878747 0.764479 0.723314 0.797080 0.806717 1.220371 1.220372 1.220372
1.117358 0.739989 0.878372 0.765140 0.681699 0.786643 0.807515 1.224611 1.224612 1.224612
1.159753 0.762308 0.913063 0.791643 0.703171 0.815688 0.836638 1.272464 1.272465 1.272465
1.149220 0.752343 0.878716 0.785497 0.692701 0.807351 0.828110 1.246427 1.246428 1.246428
1.152860 0.749985 0.885856 0.786470 0.696100 0.811371 0.820033 1.256923 1.256924 1.256924
1.165121 0.760131 0.889561 0.795669 0.705491 0.822910 0.828921 1.273463 1.273464 1.273464
1.169466 0.758705 0.889547 0.791050 0.704003 0.818782 0.829692 1.275838 1.275838 1.275838
1.183510 0.768485 0.895369 0.801123 0.712920 0.830038 0.839625 1.286026 1.286027 1.286027
1.151006 0.746310 0.876008 0.779895 0.702321 0.819901 0.828134 1.267012 1.267012 1.267012
1.112864 0.724029 0.843597 0.677918 0.681491 0.793821 0.798833 1.202265 1.202265 1.202265
1.182425 0.771196 0.898333 0.721853 0.723433 0.846601 0.838649 1.277013 1.277013 1.277013
1.109359 0.703231 0.825598 0.663004 0.693442 0.793009 0.779972 1.220827 1.220827 1.220827
1.154678 0.727183 0.873192 0.703506 0.736664 0.838310 0.827263 1.298931 1.298932 1.298932
1.089329 0.694849 0.846024 0.681320 0.713743 0.810048 0.801523 1.246331 1.246332 1.246332
1.082781 0.686357 0.852224 0.687415 0.707639 0.812436 0.796008 1.257686 1.257687 1.257687
1.132031 0.720057 0.890969 0.719182 0.738465 0.847434 0.833972 1.320677 1.320678 1.320678
1.083849 0.681419 0.846616 0.687080 0.713008 0.797943 0.800519 1.284227 1.284228 1.284228
1.100076 0.694178 0.859221 0.685665 0.714958 0.810801 0.813875 1.297017 1.297018 1.297018
1.128055 0.704095 0.883527 0.704352 0.733756 0.833435 0.832728 1.334585 1.334586 1.334586
1.113274 0.691618 0.861875 0.698562 0.713711 0.824912 0.814520 1.321556 1.321557 1.321557
1.126971 0.698304 0.868219 0.704659 0.721274 0.829698 0.820771 1.323683 1.323684 1.323684
1.126333 0.698643 0.869201 0.701033 0.724332 0.828731 0.823926 1.325900 1.325901 1.325901
1.090470 0.660115 0.827218 0.660655 0.688460 0.798992 0.791040 1.285178 1.285180 1.285180
1.069541 0.657534 0.825904 0.659615 0.693666 0.793620 0.798383 1.295924 1.295925 1.295925
0.997503 0.610995 0.789298 0.617485 0.649361 0.609413 0.670510 1.251923 1.251925 1.251925
1.057215 0.638346 0.829539 0.650964 0.663622 0.642216 0.704034 1.271054 1.271055 1.271055
1.124326 0.681173 0.880093 0.687297 0.702967 0.670325 0.750055 1.316500 1.316502 1.316502
1.155150 0.701769 0.908701 0.695985 0.728184 0.693195 0.777155 1.360183 1.360185 1.360185
1.119348 0.680132 0.880538 0.678566 0.684875 0.626910 0.753890 1.304222 1.304224 1.304224
1.165867 0.706234 0.899788 0.706767 0.701188 0.641843 0.785220 1.330334 1.330336 1.330336
1.196461 0.726060 0.922106 0.725055 0.718989 0.660158 0.806891 1.371488 1.371491 1.371491
1.114276 0.694079 0.867521 0.685878 0.682211 0.623473 0.769455 1.299089 1.299091 1.299091
0.897700 0.661429 0.846194 0.667007 0.649909 0.502292 0.751143 1.238574 1.238576 1.238576
1.030564 0.759324 0.971435 0.765727 0.746099 0.576634 0.862316 1.416796 1.416798 1.416798
1.005922 0.742107 0.948172 0.740910 0.718404 0.557804 0.840363 1.387934 1.387936 1.387936
1.006388 0.738710 0.944916 0.743059 0.716543 0.557022 0.839125 1.383337 1.383339 1.383339
1.002400 0.735527 0.934603 0.738477 0.713514 0.556824 0.835084 1.360493 1.360495 1.360495
1.005759 0.704174 0.937497 0.745453 0.716628 0.558446 0.832520 1.367772 1.367774 1.367774
0.951047 0.683607 0.918873 0.737945 0.704156 0.521942 0.815981 1.349870 1.349873 1.349873
0.918801 0.651990 0.882378 0.711382 0.674673 0.390049 0.779476 1.243844 1.243847 1.243847
1.020014 0.725447 0.983460 0.794345 0.752539 0.434118 0.871454 1.390113 1.390116 1.390116
1.019903 0.721266 0.977449 0.788572 0.750317 0.432547 0.856251 1.396725 1.396728 1.396728
1.015500 0.716998 0.964338 0.779354 0.749412 0.426174 0.841837 1.391407 1.391409 1.391409
