0.967332 0.967332 0.869329 0.967332 0.967332 0.869329 0.967332 0.967332 0.967332 0.967332
0.962336 0.962336 0.864839 0.962336 0.962336 0.864839 0.962336 0.883836 0.883837 0.883837
0.976346 0.976346 0.877430 0.976346 0.976346 0.877430 0.976346 0.811835 0.811835 0.811835
1.044229 1.045840 0.941081 1.041990 1.041790 0.939376 1.042812 0.860274 0.860274 0.860274
1.044477 1.045804 0.941180 1.040728 1.045226 0.943009 1.043568 0.852017 0.852018 0.852018
1.016142 1.024647 0.915174 1.005791 1.015582 0.904789 1.016886 0.825117 0.825118 0.825118
0.952380 0.991269 0.908485 0.933216 0.995967 0.896601 1.001124 0.800045 0.800045 0.800045
0.921771 0.967635 0.866850 0.886298 0.954216 0.889142 0.933884 0.772781 0.772782 0.772782
0.940028 0.980953 0.887544 0.908264 0.958032 0.887303 0.953916 0.809087 0.809088 0.809088
0.796616 0.833092 0.799224 0.817882 0.862697 0.741726 0.858991 0.677163 0.677163 0.677163
0.964768 0.979920 0.920154 0.988215 0.973914 0.888689 1.029200 0.805950 0.805951 0.805951
0.984541 1.007558 0.947314 1.013376 0.983464 0.893295 1.056407 0.827387 0.827388 0.827388
0.999709 1.027957 0.963982 0.965121 0.962263 0.836958 1.074994 0.842529 0.842529 0.842529
1.038532 1.067877 1.001418 1.002601 0.999632 0.869461 1.012558 0.858086 0.858086 0.858086
1.055770 1.094586 1.026464 1.027677 1.016223 0.891207 1.029364 0.863601 0.863602 0.863602
1.044965 1.083384 0.924527 1.017160 1.005823 0.882086 1.018829 0.829845 0.829845 0.829845
1.025022 1.077053 0.913457 1.011216 0.965433 0.856156 0.990183 0.793920 0.793920 0.793920
1.058337 1.124754 0.835212 1.044178 0.997132 0.838622 1.034037 0.823866 0.823866 0.823866
1.040844 1.086692 0.824015 1.033271 0.984932 0.821873 1.018578 0.790195 0.790195 0.790195
1.101177 1.149682 0.871779 1.084017 1.042844 0.869513 1.078468 0.831983 0.831983 0.831983
1.102451 1.160443 0.876849 1.089328 1.043398 0.873055 1.087404 0.834431 0.834430 0.834430
1.114265 1.167531 0.884572 1.097156 1.050898 0.884117 1.100315 0.846417 0.846417 0.846417
1.092516 1.134075 0.859092 1.083293 1.035998 0.855032 1.087024 0.819812 0.819812 0.819812
1.117204 1.161713 0.878533 1.110798 1.061354 0.876831 1.109534 0.838178 0.838178 0.838178
1.116263 1.160925 0.871134 1.113507 1.052758 0.879257 1.112527 0.840103 0.840103 0.840103
1.117311 1.166003 0.869046 1.118526 1.055112 0.875463 1.111665 0.843727 0.843727 0.843727
1.121484 1.163402 0.868642 1.119835 1.051954 0.872795 1.108257 0.844604 0.844603 0.844603
1.125886 1.168983 0.874220 1.127149 1.058257 0.878088 1.114787 0.850982 0.850982 0.850982
1.108146 1.158113 0.864896 1.114263 1.042996 0.868475 1.103829 0.837234 0.837234 0.837234
1.108763 1.161634 0.869885 1.119080 1.045543 0.873868 1.109533 0.836924 0.836924 0.836924
1.110967 1.163944 0.871614 1.121305 1.047622 0.875606 1.111739 0.819092 0.819092 0.819092
1.128425 1.182234 0.885311 1.138925 1.064084 0.889365 1.129209 0.822870 0.822869 0.822869
1.112974 1.166046 0.873189 1.123330 0.910437 0.877187 1.113747 0.800762 0.800762 0.800762
1.100719 1.184534 0.872813 1.141853 0.909825 0.889414 1.132138 0.809954 0.809953 0.809953
1.091058 1.194557 0.882453 1.149258 0.921857 0.897410 1.122540 0.816814 0.816814 0.816814
1.020251 1.138342 0.827572 1.088867 0.871261 0.839559 1.070821 0.777410 0.777410 0.777410
1.059613 1.194889 0.867156 1.138262 0.912913 0.883168 1.123296 0.796594 0.796594 0.796594
0.968041 1.045141 0.798770 1.077596 0.825936 0.841852 1.070747 0.758418 0.758418 0.758418
1.068191 1.155198 0.879597 1.188178 0.914299 0.933123 1.184434 0.838345 0.838345 0.838345
1.059375 1.145664 0.872338 1.178371 0.906753 0.925422 1.174659 0.805391 0.805391 0.805391
0.915340 1.079992 0.822334 1.110825 0.854776 0.872375 1.107325 0.704688 0.704687 0.704687
0.984896 1.150921 0.876258 1.192098 0.919979 0.942391 1.195248 0.756654 0.756653 0.756653
0.964234 1.161273 0.880882 1.202821 0.922794 0.938905 1.205334 0.758921 0.758921 0.758921
0.996817 1.199877 0.906992 1.242675 0.951617 0.969557 1.239772 0.783405 0.783405 0.783405
1.003205 1.207567 0.912805 1.250640 0.957716 0.975771 1.247717 0.780666 0.780667 0.780667
0.994486 1.200427 0.907240 1.240021 0.953247 0.969880 1.236951 0.776867 0.776867 0.776867
0.959407 1.173365 0.875239 1.212067 0.931757 0.948015 1.209065 0.742407 0.742407 0.742407
0.976999 1.184996 0.893182 1.242131 0.952627 0.970463 1.235179 0.757765 0.757765 0.757765
0.979740 1.197032 0.903448 1.258382 0.963046 0.979448 1.246726 0.768182 0.768183 0.768183
0.985204 1.203611 0.908488 1.265298 0.968418 0.984911 1.253680 0.771065 0.771066 0.771066
0.979347 1.185498 0.901238 1.254537 0.956191 0.974302 1.245054 0.763929 0.763929 0.763929
0.873117 1.102504 0.826067 1.092162 0.849427 0.847046 1.147248 0.702224 0.702225 0.702225
0.980896 1.238121 0.931031 1.226507 0.957359 0.951240 1.293022 0.791452 0.791453 0.791453
0.971051 1.220691 0.921910 1.210212 0.947383 0.940667 1.279592 0.783833 0.783833 0.783833
0.914881 1.095944 0.894696 1.140208 0.919416 0.869365 1.243950 0.738501 0.738502 0.738502
0.958615 1.153838 0.938080 1.183615 0.961713 0.918241 1.312880 0.776812 0.776813 0.776813
0.954838 1.147178 0.930765 1.178624 0.957433 0.907556 1.306153 0.771725 0.771726 0.771726
0.946838 1.134392 0.921417 1.165518 0.944527 0.895950 1.217344 0.769430 0.769430 0.769430
0.947696 1.128531 0.808541 1.172061 0.945861 0.899044 1.220631 0.772166 0.772167 0.772167
0.981792 1.159550 0.837671 1.210718 0.977682 0.926435 1.261096 0.800713 0.800713 0.800713
0.987678 1.175185 0.847746 1.227020 0.991217 0.938411 1.276201 0.812132 0.812132 0.812132
0.975908 1.165282 0.835016 1.215077 0.981297 0.928466 1.258676 0.801346 0.801346 0.801346
0.971138 1.165107 0.836194 1.213089 0.979922 0.929325 1.259347 0.789771 0.789771 0.789771
0.978632 1.177072 0.844728 1.222547 0.984377 0.937791 1.263754 0.789143 0.789144 0.789144
0.986032 1.184344 0.842877 1.223426 0.984926 0.943412 1.257285 0.792121 0.792122 0.792122
0.991615 1.188524 0.846077 1.229638 0.986835 0.949050 1.262461 0.793037 0.793038 0.793038
0.986165 1.158040 0.841426 1.222879 0.961524 0.924708 1.255522 0.775209 0.775210 0.775210
0.997432 1.160192 0.848727 1.235840 0.972157 0.931045 1.263782 0.775188 0.775189 0.775189
1.005040 1.170080 0.855940 1.242260 0.977903 0.939829 1.276330 0.784660 0.784661 0.784661
0.993725 1.155890 0.840223 1.225604 0.967767 0.927232 1.253687 0.759878 0.759879 0.759879
0.930241 1.038717 0.762806 1.166079 0.937749 0.893190 1.065705 0.735812 0.735813 0.735813
0.967527 1.082214 0.800423 1.223503 0.954411 0.936357 1.097278 0.737635 0.737636 0.737636
0.999990 1.104685 0.825412 1.075568 0.980638 0.961661 1.118872 0.758194 0.758195 0.758195
0.973653 1.116999 0.828023 1.066398 0.988676 0.950606 1.087004 0.726994 0.726994 0.726994
0.850551 1.145777 0.849356 1.073805 1.014148 0.958712 1.115009 0.740382 0.740382 0.740382
0.901936 1.218228 0.902607 1.146247 1.083700 1.023476 1.189279 0.789946 0.789947 0.789947
0.800070 1.164812 0.863029 1.092488 0.991795 0.975475 1.137132 0.736410 0.736411 0.736411
0.817256 1.206185 0.887361 1.116833 1.028877 1.006890 1.172618 0.748710 0.748711 0.748711
0.861889 1.272058 0.935823 1.177826 1.085067 1.061879 1.236658 0.789599 0.789600 0.789600
0.840495 1.242098 0.915982 1.148262 1.064364 1.041679 1.216365 0.774951 0.774952 0.774952
0.845664 1.248469 0.921847 1.153627 1.070596 1.045742 1.220493 0.778005 0.778005 0.778005
0.851696 1.257374 0.928423 1.161856 1.078233 1.053202 1.229199 0.774871 0.774872 0.774872
0.839169 1.236189 0.915256 1.141569 1.045566 1.032990 1.212331 0.757523 0.757524 0.757524
0.849712 1.252090 0.923937 1.157161 1.059006 1.035530 1.225197 0.766277 0.766278 0.766278
0.775965 1.188023 0.861121 1.076290 0.914310 0.978906 1.169686 0.724258 0.724259 0.724259
0.821168 1.272984 0.923498 1.153623 0.980397 1.047168 1.253431 0.771180 0.771180 0.771180
0.810509 1.258418 0.908874 1.140118 0.970177 1.036537 1.242808 0.748656 0.748657 0.748657
0.816941 1.267435 0.916821 1.148865 0.981051 1.047930 1.146142 0.756705 0.756706 0.756706
0.833509 1.293627 0.927191 1.166526 0.996739 1.057812 1.161776 0.764994 0.764995 0.764995
0.834414 1.299646 0.931928 1.169855 0.998122 1.057866 1.167743 0.772283 0.772284 0.772284
0.825835 1.285507 0.921905 1.157596 0.986370 1.045721 1.152597 0.746122 0.746123 0.746123
0.838153 1.308174 0.938350 1.174412 0.993329 1.066955 1.172254 0.757764 0.757765 0.757765
0.807015 1.243559 0.919770 1.143779 0.951040 1.035343 1.126824 0.739673 0.739674 0.739674
0.841038 1.288347 0.958801 1.194511 0.991609 1.072981 1.177533 0.769760 0.769761 0.769761
0.822692 1.258040 0.933393 1.172678 0.972641 1.051993 1.159509 0.742363 0.742364 0.742364
0.843196 1.291938 0.957350 1.204840 0.997618 1.082731 1.190852 0.762240 0.762241 0.762241
0.844592 1.293049 0.960113 1.207539 0.997564 1.081621 1.189227 0.765546 0.765547 0.765547
0.822759 1.260703 0.927804 1.179302 0.973866 1.055224 1.157429 0.728367 0.728369 0.728369
0.844318 1.288902 0.943422 1.200371 0.996958 1.082991 1.184765 0.743317 0.743318 0.743318
0.840451 1.280111 0.935999 1.177111 0.989443 1.078545 1.178759 0.733793 0.733794 0.733794
