0.966587 0.958846 0.953199 0.963582 0.919313 0.961058 0.958481 0.959399 0.959399 0.959399
0.979436 0.970323 0.965206 0.944173 0.934134 0.970931 0.967611 0.971212 0.971212 0.971212
1.003084 0.993558 0.989797 0.965735 0.957039 0.994715 0.987383 0.991623 0.991623 0.991623
0.976579 0.969932 0.973575 0.953098 0.933312 0.978055 0.968723 0.971231 0.971231 0.971231
0.989157 0.982221 0.985925 0.962212 0.952021 0.996675 0.987713 0.988543 0.988543 0.988543
0.958986 0.947020 0.971346 0.928166 0.929962 0.975112 0.973549 0.975177 0.975176 0.975176
0.981765 0.969681 0.986496 0.953300 0.952825 1.001998 0.995705 1.000661 1.000660 1.000660
0.977473 0.961369 0.968559 0.937161 0.945140 0.995826 0.992432 0.996244 0.996244 0.996244
0.990365 0.972190 0.982870 0.949471 0.959644 1.010431 1.005792 1.012963 1.012963 1.012963
0.975628 0.932750 0.966731 0.937308 0.940531 0.995438 0.991284 0.998796 0.998796 0.998796
0.975397 0.933682 0.967519 0.943182 0.941381 0.999519 0.984814 1.002634 1.002634 1.002634
0.965580 0.914074 0.951011 0.925086 0.926904 0.995709 0.968828 0.995167 0.995167 0.995167
0.973869 0.921083 0.958520 0.912373 0.937746 1.004207 0.948444 1.005520 1.005520 1.005520
0.951801 0.923300 0.913705 0.904693 0.929550 1.006216 0.952430 1.004866 1.004866 1.004866
0.972484 0.928626 0.936358 0.927048 0.943197 1.030292 0.977713 1.029026 1.029026 1.029026
0.977439 0.929680 0.939545 0.927872 0.931689 1.031775 0.982445 1.034553 1.034553 1.034553
0.977037 0.913275 0.924483 0.911201 0.922938 1.026217 0.979807 1.033020 1.033020 1.033020
0.989016 0.924141 0.934941 0.924072 0.935384 1.039926 0.992845 1.043855 1.043854 1.043854
0.960413 0.879346 0.881652 0.892180 0.890045 0.981580 0.961225 1.008283 1.008282 1.008282
0.951345 0.899904 0.891272 0.917055 0.891782 1.008514 0.988598 1.041203 1.041202 1.041202
0.978187 0.922905 0.916609 0.941738 0.914129 1.037228 1.014151 1.068077 1.068076 1.068076
0.965612 0.906865 0.880402 0.930842 0.900801 1.015404 1.001257 1.051361 1.051360 1.051360
0.972731 0.917110 0.885486 0.939574 0.908346 1.024081 1.007532 1.060768 1.060767 1.060767
0.965767 0.917488 0.886190 0.942689 0.910641 1.027446 1.009364 1.059375 1.059375 1.059375
0.962313 0.912014 0.884411 0.940787 0.904257 1.024199 1.003868 1.055775 1.055775 1.055775
0.954932 0.902532 0.872532 0.920683 0.894178 1.006861 0.992513 1.050489 1.050489 1.050489
0.917231 0.889049 0.855028 0.911795 0.884145 0.995066 0.987799 1.042289 1.042288 1.042288
0.925694 0.911936 0.864059 0.928198 0.907364 1.021289 1.011892 1.066682 1.066682 1.066682
0.915574 0.893888 0.854771 0.916002 0.896943 1.002590 1.001702 1.043381 1.043380 1.043380
0.920347 0.861288 0.860896 0.918423 0.901158 0.997359 1.011388 1.043329 1.043329 1.043329
0.927597 0.863967 0.869271 0.918052 0.897541 1.003726 1.025311 1.050192 1.050192 1.050192
0.946068 0.877351 0.883561 0.934818 0.910311 1.023405 1.037364 1.065502 1.065502 1.065502
0.946372 0.876527 0.881321 0.932380 0.908986 1.019864 1.031509 1.053982 1.053982 1.053982
0.938370 0.865767 0.868352 0.927581 0.860295 1.008557 1.022076 1.052046 1.052046 1.052046
0.962008 0.881105 0.891332 0.950874 0.876809 1.033959 1.048238 1.079236 1.079237 1.079237
0.949381 0.870705 0.879606 0.940548 0.867140 1.014397 1.033669 1.064685 1.064686 1.064686
0.962081 0.885292 0.890548 0.953939 0.880287 1.030267 1.046601 1.082111 1.082111 1.082111
0.944506 0.825576 0.877521 0.932668 0.858866 1.014482 1.028508 1.067369 1.067369 1.067369
0.941317 0.829372 0.885820 0.930360 0.859363 1.019168 1.033978 1.076643 1.076644 1.076644
0.962459 0.844405 0.903659 0.949342 0.877917 1.041405 1.056297 1.099769 1.099769 1.099769
0.936120 0.813873 0.884945 0.933466 0.861049 1.012941 1.038956 1.079973 1.079974 1.079974
0.925980 0.796033 0.874929 0.899473 0.854968 0.981900 1.022894 1.060395 1.060395 1.060395
0.938993 0.815475 0.882399 0.918767 0.863169 1.002969 1.034683 1.074531 1.074532 1.074532
0.902059 0.776025 0.836746 0.871757 0.828449 0.972530 0.995314 1.058507 1.058507 1.058507
0.932696 0.798683 0.854034 0.899250 0.832706 0.995176 1.027377 1.086602 1.086602 1.086602
0.946845 0.810789 0.865438 0.897224 0.841855 1.009377 1.028065 1.105826 1.105827 1.105827
0.937460 0.813687 0.845716 0.898868 0.835130 1.007369 1.019846 1.110241 1.110242 1.110242
0.942373 0.806221 0.849912 0.902273 0.830811 1.009333 1.022985 1.119862 1.119862 1.119862
0.937458 0.803157 0.842177 0.898402 0.825628 1.004398 0.990126 1.114638 1.114638 1.114638
0.912946 0.740593 0.829236 0.883522 0.811463 0.999745 0.976072 1.110953 1.110954 1.110954
0.912587 0.752589 0.850296 0.904109 0.836643 1.022307 1.007196 1.144609 1.144610 1.144610
0.914745 0.756234 0.845203 0.904548 0.839098 1.014555 0.995666 1.146829 1.146829 1.146829
0.925576 0.765229 0.852617 0.916276 0.846901 1.029938 1.007388 1.153144 1.153144 1.153144
0.936658 0.773843 0.860978 0.929031 0.855627 1.042360 1.021230 1.169007 1.169008 1.169008
0.892064 0.738380 0.802575 0.875168 0.816472 0.999142 0.973449 1.108995 1.108996 1.108996
0.922721 0.758202 0.829970 0.898720 0.843392 1.021641 0.976069 1.136045 1.136045 1.136045
0.916653 0.751222 0.831702 0.901442 0.838720 1.002452 0.970127 1.137357 1.137357 1.137357
0.922186 0.750215 0.835778 0.902423 0.815070 1.007274 0.973730 1.143286 1.143287 1.143287
0.919527 0.745498 0.830055 0.888595 0.790828 0.983693 0.932751 1.116200 1.116200 1.116200
0.962896 0.779846 0.870281 0.931673 0.827929 1.032511 0.967652 1.170778 1.170779 1.170779
