0.960538 0.963146 0.970437 0.973697 0.962147 0.970083 0.967962 0.966319 0.966319 0.966319
0.961606 0.959655 0.973300 0.966770 0.951852 0.969721 0.974699 0.966145 0.966146 0.966146
0.971115 0.970444 0.982895 0.978572 0.963308 0.973561 0.983567 0.975347 0.975347 0.975347
0.985257 0.977397 0.998447 0.992745 0.971622 0.987736 0.998286 0.990182 0.990182 0.990182
0.984887 0.976840 0.999371 0.991106 0.971614 0.987704 0.994296 0.986787 0.986787 0.986787
0.978545 0.968222 0.994499 0.986263 0.962029 0.981754 0.986041 0.980607 0.980608 0.980608
0.930219 0.943922 0.964498 0.966669 0.941425 0.960247 0.971237 0.962919 0.962920 0.962920
0.949218 0.938084 0.982658 0.988485 0.955742 0.979901 0.991533 0.983479 0.983479 0.983479
0.943574 0.928208 0.964247 0.980301 0.923573 0.964014 0.983969 0.970613 0.970614 0.970614
0.964278 0.947380 0.982590 0.998877 0.942161 0.981443 0.999562 0.980871 0.980871 0.980871
0.929542 0.864722 0.957680 0.972371 0.916607 0.966990 0.975380 0.967715 0.967715 0.967715
0.954861 0.881815 0.983543 0.991657 0.940303 0.981950 0.971264 0.984486 0.984486 0.984486
0.941219 0.864431 0.985205 0.972567 0.933877 0.976773 0.973347 0.987416 0.987417 0.987417
0.960202 0.877824 0.977946 0.993475 0.951049 0.988211 0.993119 1.004480 1.004480 1.004480
0.952754 0.867658 0.964233 0.989058 0.900738 0.977942 0.984730 1.003340 1.003341 1.003341
0.953769 0.882798 0.966539 0.998708 0.916918 0.995598 1.000591 1.018519 1.018520 1.018520
0.956976 0.871928 0.972695 1.004989 0.913654 1.001094 1.008687 1.024257 1.024258 1.024258
0.953411 0.875304 0.976834 1.011808 0.919130 1.007856 1.014015 1.026450 1.026451 1.026451
0.937424 0.861851 0.956704 0.995767 0.902789 0.991282 0.970047 1.009798 1.009798 1.009798
0.966862 0.885149 0.984507 1.024972 0.930347 1.021771 0.999654 1.040510 1.040511 1.040511
0.945505 0.822230 0.966331 0.998216 0.904176 1.002201 0.978550 1.022341 1.022341 1.022341
0.951644 0.827558 0.970864 0.987454 0.906296 1.007814 0.970835 1.031535 1.031535 1.031535
0.948526 0.818798 0.966591 0.979379 0.872588 1.003287 0.965421 1.027314 1.027315 1.027315
0.930551 0.823885 0.924896 0.974821 0.868244 1.009110 0.973158 1.030542 1.030543 1.030543
0.909541 0.831964 0.922588 0.988711 0.858402 1.023049 0.987597 1.050075 1.050076 1.050076
0.908327 0.796401 0.923148 0.984866 0.856818 1.011083 0.990652 1.043183 1.043184 1.043184
0.909861 0.788804 0.924252 0.961014 0.861535 0.992504 0.987682 1.037237 1.037238 1.037238
0.933996 0.809561 0.948588 0.983275 0.890647 1.025027 1.020612 1.069950 1.069950 1.069950
0.935460 0.810969 0.942505 0.988016 0.892767 1.030463 1.021218 1.074117 1.074118 1.074118
0.917346 0.786480 0.917721 0.959956 0.870781 1.016892 0.995204 1.056103 1.056104 1.056104
0.914904 0.781708 0.911639 0.945456 0.845070 0.993306 0.953532 1.031311 1.031312 1.031312
0.963870 0.821420 0.960630 0.994799 0.887566 1.046730 1.002255 1.083968 1.083968 1.083968
0.937876 0.792866 0.921776 0.964961 0.821390 1.012674 0.967046 1.046890 1.046891 1.046891
0.944073 0.808976 0.915800 0.982859 0.828425 1.027522 0.975321 1.068608 1.068608 1.068608
0.957259 0.820318 0.925776 0.997695 0.837886 1.045294 0.988878 1.076750 1.076751 1.076751
0.923290 0.792690 0.873963 0.951815 0.809721 1.014709 0.954611 1.034479 1.034479 1.034479
0.946695 0.805438 0.902253 0.986624 0.837207 1.040468 0.989830 1.070918 1.070918 1.070918
0.962665 0.818173 0.918610 1.004527 0.851126 1.060509 0.997159 1.090785 1.090785 1.090785
0.947015 0.802661 0.898430 0.974555 0.834357 1.033535 0.977349 1.075932 1.075932 1.075932
0.964408 0.817109 0.914073 0.994282 0.850708 1.053659 0.996327 1.093774 1.093774 1.093774
0.908532 0.762520 0.849994 0.925138 0.800676 1.001895 0.939857 1.056596 1.056596 1.056596
0.940359 0.788202 0.879167 0.925952 0.831040 1.033903 0.969166 1.092554 1.092554 1.092554
0.960352 0.801788 0.896349 0.941681 0.834103 1.052044 0.989520 1.116089 1.116089 1.116089
0.949689 0.792165 0.885791 0.910610 0.827386 1.040310 0.949790 1.105687 1.105687 1.105687
0.948876 0.784398 0.885195 0.907801 0.826216 1.031667 0.949804 1.092551 1.092552 1.092552
0.961484 0.783422 0.896707 0.918535 0.828522 1.041953 0.960354 1.110839 1.110840 1.110840
0.962371 0.785114 0.898479 0.925364 0.830232 1.047438 0.955193 1.116401 1.116401 1.116401
0.945570 0.755877 0.857270 0.903973 0.799314 1.000341 0.935688 1.091086 1.091086 1.091086
0.946872 0.769481 0.880598 0.926675 0.825577 1.024728 0.967234 1.126130 1.126131 1.126131
0.956293 0.763739 0.875463 0.919459 0.826301 1.029773 0.974636 1.136118 1.136117 1.136117
0.948187 0.765010 0.863321 0.918316 0.815693 1.028500 0.963966 1.125686 1.125686 1.125686
0.939885 0.756305 0.863225 0.919076 0.809395 1.006969 0.955995 1.124513 1.124513 1.124513
0.942447 0.764434 0.876725 0.922415 0.814822 1.017814 0.966964 1.141229 1.141229 1.141229
0.953957 0.770416 0.884410 0.932170 0.820176 1.029935 0.970945 1.149125 1.149126 1.149126
0.955703 0.774834 0.884624 0.935738 0.822496 1.033023 0.971656 1.153029 1.153029 1.153029
0.961217 0.777818 0.891122 0.941088 0.829002 1.040498 0.977525 1.163794 1.163794 1.163794
0.944962 0.766555 0.868750 0.923438 0.815446 1.012751 0.947752 1.143627 1.143627 1.143627
0.965424 0.782599 0.885661 0.945250 0.831729 1.034771 0.969966 1.170450 1.170450 1.170450
0.952886 0.769177 0.862033 0.921205 0.817882 1.019497 0.958411 1.155200 1.155200 1.155200
0.963891 0.780653 0.871182 0.932636 0.828785 1.033579 0.968652 1.171989 1.171989 1.171989
