0.989159 0.981947 0.990389 0.989083 0.983376 0.989156 0.989552 0.989792 0.989792 0.989792
0.932425 0.949275 0.952459 0.961305 0.954247 0.959376 0.966524 0.963789 0.963789 0.963789
0.928039 0.939609 0.963344 0.951965 0.956939 0.963596 0.978013 0.976056 0.976056 0.976056
0.940838 0.954922 0.968489 0.963284 0.970687 0.967190 0.977838 0.989096 0.989096 0.989096
0.919084 0.948327 0.970506 0.963317 0.978051 0.966529 0.986076 0.995889 0.995889 0.995889
0.913912 0.934467 0.971651 0.968380 0.980701 0.961124 0.991566 0.999823 0.999823 0.999823
0.934948 0.953508 0.994222 0.989418 1.000195 0.983493 1.012055 1.020445 1.020445 1.020445
0.906239 0.936818 0.951160 0.970412 0.971367 0.960921 0.982878 1.003002 1.003002 1.003002
0.905493 0.932440 0.944377 0.972849 0.926410 0.957582 0.981386 1.008866 1.008866 1.008866
0.912023 0.938310 0.950538 0.958173 0.935969 0.964439 0.959429 1.017973 1.017973 1.017973
0.886801 0.863878 0.934482 0.940844 0.918488 0.958485 0.944346 1.013038 1.013038 1.013038
0.918362 0.894670 0.964806 0.975412 0.948788 0.995856 0.977890 1.042524 1.042524 1.042524
0.910206 0.842300 0.959784 0.962781 0.934552 0.989975 0.970174 1.038154 1.038154 1.038154
0.921127 0.848810 0.957825 0.962042 0.942256 1.000052 0.982883 1.050566 1.050566 1.050566
0.884697 0.842250 0.938845 0.958807 0.915399 0.996262 0.980146 1.051890 1.051890 1.051890
0.900808 0.853872 0.952688 0.974690 0.926876 1.014101 0.990015 1.065446 1.065446 1.065446
0.883051 0.827658 0.933449 0.930764 0.912067 0.974200 0.965958 1.036739 1.036739 1.036739
0.902332 0.839579 0.953615 0.944231 0.930725 0.984068 0.956823 1.049159 1.049159 1.049159
0.904174 0.837416 0.943267 0.943938 0.906625 0.975893 0.957153 1.043754 1.043754 1.043754
0.919182 0.829116 0.957424 0.961622 0.916962 0.992133 0.973491 1.062043 1.062043 1.062043
0.920118 0.829950 0.956685 0.946081 0.914113 0.992264 0.960563 1.065766 1.065766 1.065766
0.915069 0.818785 0.938256 0.937963 0.864634 0.981173 0.947280 1.052034 1.052034 1.052034
0.924608 0.793015 0.949880 0.945318 0.873201 0.981115 0.961399 1.057436 1.057437 1.057437
0.924943 0.795456 0.960016 0.958615 0.874980 0.991223 0.969180 1.064185 1.064185 1.064185
0.925370 0.803963 0.955236 0.966054 0.871534 0.998922 0.967211 1.063919 1.063920 1.063920
0.930407 0.809337 0.961446 0.977631 0.877277 1.008716 0.966357 1.074074 1.074075 1.074075
0.939756 0.814249 0.969473 0.983322 0.870843 1.015146 0.975819 1.085165 1.085166 1.085166
0.951600 0.821017 0.979462 0.993712 0.881068 1.027296 0.987273 1.097788 1.097788 1.097788
0.905401 0.801193 0.908935 0.959246 0.850233 1.002085 0.965161 1.068013 1.068014 1.068014
0.917456 0.809630 0.915690 0.958600 0.858535 1.005953 0.974422 1.085137 1.085138 1.085138
0.936258 0.824647 0.935920 0.978194 0.877995 1.028067 0.994660 1.111303 1.111304 1.111304
0.922746 0.818944 0.929803 0.974249 0.873766 1.023889 0.989170 1.101714 1.101715 1.101715
0.872256 0.766846 0.867579 0.909598 0.825190 0.976917 0.936296 1.067906 1.067907 1.067907
0.913545 0.790597 0.911369 0.955432 0.858288 1.025360 0.985238 1.120988 1.120989 1.120989
0.921207 0.796399 0.920152 0.964655 0.865280 1.036392 0.984254 1.132260 1.132261 1.132261
0.912326 0.788558 0.911107 0.952227 0.863002 1.032641 0.981236 1.126819 1.126820 1.126820
0.891282 0.768331 0.897855 0.939257 0.843976 0.996428 0.959074 1.109395 1.109396 1.109396
0.896705 0.767338 0.902298 0.940325 0.820217 1.001268 0.962683 1.115233 1.115233 1.115233
0.919337 0.786552 0.926275 0.962827 0.841227 1.026892 0.983404 1.139887 1.139888 1.139888
0.914775 0.769155 0.907276 0.941223 0.829532 1.016710 0.976298 1.133015 1.133016 1.133016
0.922493 0.775776 0.907641 0.952248 0.837210 1.029113 0.983577 1.145230 1.145231 1.145231
0.904441 0.752193 0.883589 0.925011 0.816422 1.015347 0.958322 1.125788 1.125789 1.125789
0.920316 0.763560 0.900514 0.942719 0.827888 1.033600 0.973315 1.145753 1.145754 1.145754
0.907705 0.746353 0.888338 0.927727 0.816087 1.011833 0.960814 1.117585 1.117585 1.117585
0.913371 0.752080 0.890392 0.934385 0.820336 1.018483 0.940663 1.125183 1.125183 1.125183
0.935047 0.769652 0.910668 0.958323 0.840820 1.043785 0.963983 1.149870 1.149870 1.149870
0.916471 0.750793 0.894215 0.931566 0.814393 1.021532 0.950352 1.125572 1.125573 1.125573
0.909496 0.730079 0.861753 0.919154 0.791924 0.985378 0.940277 1.111075 1.111076 1.111076
0.941165 0.752037 0.867688 0.952397 0.818067 1.011233 0.973155 1.146507 1.146508 1.146508
0.940901 0.752835 0.867419 0.954317 0.819577 1.005015 0.972121 1.145772 1.145772 1.145772
0.912498 0.731476 0.823372 0.915435 0.796379 0.980969 0.943590 1.106839 1.106839 1.106839
0.951525 0.765733 0.857225 0.956489 0.831266 1.024115 0.982867 1.155981 1.155981 1.155981
0.959604 0.771688 0.862652 0.966467 0.836942 1.032901 0.992944 1.167851 1.167851 1.167851
0.941374 0.746171 0.846028 0.946737 0.812538 1.009960 0.971985 1.149567 1.149567 1.149567
0.930204 0.734799 0.832665 0.923831 0.781268 0.977431 0.922691 1.112220 1.112220 1.112220
0.954478 0.752989 0.853807 0.916660 0.803894 0.999948 0.943249 1.140142 1.140141 1.140141
0.955540 0.766163 0.855889 0.925648 0.818373 1.018049 0.958486 1.157444 1.157444 1.157444
0.943805 0.762808 0.856263 0.915107 0.811530 1.013613 0.954974 1.157069 1.157069 1.157069
0.958371 0.777161 0.868673 0.930019 0.825505 1.031559 0.968883 1.178392 1.178392 1.178392
0.950601 0.769889 0.859169 0.919777 0.817357 1.019327 0.955296 1.155829 1.155830 1.155830
