0.968842 0.956431 0.956076 0.950126 0.969528 0.972452 0.972536 0.975616 0.975616 0.975616
0.845660 0.837068 0.834824 0.819898 0.208171 0.745346 0.820697 0.854137 0.854137 0.854137
1.045316 0.990416 1.040184 1.026518 0.257754 0.913446 1.022071 1.070094 1.070094 1.070094
1.053367 1.004282 1.045807 1.015099 0.259964 0.896668 1.030217 1.076982 1.076982 1.076982
1.088633 1.032673 1.082616 1.049700 0.268041 0.929190 1.066970 1.114802 1.114802 1.114802
0.941904 0.237020 0.972279 0.938617 0.240778 0.834538 0.900571 1.003627 1.003628 1.003628
1.090649 0.272344 1.123714 1.089375 0.280885 0.938699 1.051927 1.158476 1.158477 1.158477
1.096934 0.271788 1.148011 1.097622 0.284299 0.923590 1.069002 1.183347 1.183348 1.183348
0.991231 0.247933 1.062241 0.995726 0.261442 0.216968 0.980701 1.096389 1.096390 1.096390
1.179629 0.293296 1.262778 1.158744 0.311787 0.257509 1.161497 1.321093 1.321094 1.321094
1.190312 0.293912 1.280008 1.182993 0.315969 0.261420 1.181536 1.345971 1.345972 1.345972
1.173307 0.291882 1.274548 1.178447 0.313009 0.257504 1.175955 1.343132 1.343132 1.343132
1.119218 0.261575 1.225365 1.149514 0.292541 0.249864 1.137341 1.279898 1.279899 1.279899
1.125125 0.263064 1.195797 1.143967 0.287876 0.237600 1.152138 1.285935 1.285936 1.285936
1.140348 0.273116 1.242441 1.191068 0.293617 0.244348 1.169127 1.342621 1.342622 1.342622
1.156368 0.274417 1.249599 1.196948 0.297219 0.245819 1.165621 1.349074 1.349074 1.349074
1.165267 0.277043 1.247872 1.202465 0.296580 0.248002 1.158207 1.359987 1.359987 1.359987
1.044353 0.248108 1.103138 0.456475 0.230370 0.221276 0.899828 1.220504 1.220505 1.220505
1.261374 0.300913 1.337213 0.553629 0.276511 0.267057 1.084504 1.446145 1.446146 1.446146
1.236988 0.295683 1.279187 0.538063 0.261445 0.260927 1.058602 1.338442 1.338442 1.338442
1.294124 0.310988 1.369823 0.571424 0.281406 0.276336 1.110176 1.436962 1.436963 1.436963
1.231702 0.303089 1.321200 0.472231 0.274878 0.269512 1.018363 1.395955 1.395955 1.395955
1.314247 0.323722 1.342247 0.504340 0.291986 0.285490 1.090513 1.495179 1.495180 1.495180
1.327230 0.322727 1.344678 0.508469 0.294009 0.285510 1.099669 1.499619 1.499619 1.499619
1.288373 0.316816 1.325129 0.502640 0.291115 0.283847 1.086175 1.463817 1.463818 1.463818
1.312835 0.321581 1.338505 0.507672 0.297696 0.290834 1.103953 1.497844 1.497844 1.497844
1.266180 0.289715 1.319189 0.497732 0.294129 0.286525 1.092749 1.476612 1.476612 1.476612
1.295968 0.292885 1.353736 0.504578 0.299909 0.291985 1.113585 1.513297 1.513297 1.513297
1.273962 0.295288 1.361061 0.506149 0.300913 0.294454 1.072484 1.519821 1.519820 1.519820
1.047418 0.225622 1.107519 0.419104 0.229920 0.224985 0.819458 1.207501 1.207501 1.207501
0.474877 0.268628 1.275937 0.495252 0.270804 0.267265 0.965996 1.404116 1.404116 1.404116
0.564053 0.317455 1.491221 0.583979 0.321778 0.317142 1.144494 1.667435 1.667434 1.667434
0.542358 0.300933 1.431042 0.568501 0.307727 0.307561 1.113987 1.602596 1.602596 1.602596
0.550376 0.307092 1.447912 0.574977 0.316507 0.311614 1.082264 1.647514 1.647514 1.647514
0.552668 0.314113 1.480755 0.588879 0.321459 0.317771 1.106112 1.689046 1.689047 1.689047
0.544126 0.308106 1.445895 0.577996 0.314327 0.308036 1.051440 1.667937 1.667937 1.667937
0.555330 0.313649 1.440501 0.580080 0.320542 0.308200 1.071172 1.682862 1.682862 1.682862
0.523965 0.296295 0.313698 0.545639 0.300634 0.292368 1.014342 1.590622 1.590622 1.590622
0.613130 0.350609 0.367905 0.640542 0.339667 0.334717 1.167913 1.878150 1.878150 1.878150
0.591841 0.332933 0.350613 0.605423 0.322918 0.304204 1.120351 1.677193 1.677193 1.677193
0.575941 0.356026 0.376758 0.645521 0.346087 0.296031 1.204424 1.789819 1.789819 1.789819
0.619948 0.379779 0.403408 0.693252 0.371827 0.318209 1.293767 1.924491 1.924491 1.924491
0.619037 0.377210 0.403169 0.692796 0.372661 0.316963 1.285887 1.925005 1.925006 1.925006
0.587884 0.364057 0.388701 0.644595 0.360281 0.306698 1.229701 1.839270 1.839271 1.839271
0.587139 0.362363 0.389141 0.649266 0.349584 0.307253 1.226650 1.838443 1.838444 1.838444
0.605554 0.370592 0.401142 0.668602 0.359894 0.317342 1.252038 1.907912 1.907913 1.907913
0.590780 0.362106 0.391882 0.657353 0.353196 0.313551 1.230971 1.809850 1.809851 1.809851
0.586127 0.371553 0.401295 0.666323 0.362933 0.314619 1.260915 1.848083 1.848084 1.848084
0.595644 0.381488 0.410421 0.683173 0.371457 0.320435 1.295259 1.895898 1.895899 1.895899
0.578397 0.373539 0.390666 0.612728 0.362462 0.309219 1.253420 1.843289 1.843290 1.843290
0.477114 0.311630 0.323891 0.455366 0.298145 0.256242 0.275950 1.049332 1.049333 1.049333
0.839353 0.546793 0.569526 0.802946 0.524214 0.450300 0.485406 1.845760 1.845761 1.845761
0.801311 0.517856 0.372126 0.764771 0.502894 0.429752 0.460648 1.756533 1.756534 1.756534
0.702318 0.465954 0.072004 0.675324 0.425078 0.381310 0.414728 1.573788 1.573789 1.573789
0.863979 0.572341 0.087837 0.802969 0.526001 0.471674 0.509759 1.946797 1.946797 1.946797
0.862263 0.571176 0.087693 0.808775 0.529142 0.471621 0.513299 1.952496 1.952497 1.952497
0.841114 0.555925 0.085259 0.641659 0.512720 0.456211 0.486593 1.895735 1.895735 1.895735
0.796151 0.563838 0.086218 0.607296 0.515330 0.450020 0.488137 1.882101 1.882102 1.882102
0.755659 0.584406 0.082721 0.630912 0.533627 0.457143 0.507430 1.950083 1.950084 1.950084
0.724178 0.548374 0.074363 0.594515 0.498769 0.432962 0.474946 1.902123 1.902124 1.902124
