0.950224 0.973433 0.971267 0.969359 0.972872 0.972000 0.953972 0.973783 0.973783 0.973783
0.956006 0.977113 0.973270 0.974889 0.978058 0.971098 0.963949 0.982042 0.982042 0.982042
0.917415 0.944531 0.896218 0.928718 0.924344 0.886209 0.921096 0.946515 0.946515 0.946515
0.928468 0.963869 0.919192 0.939355 0.922587 0.867000 0.894968 0.959736 0.959736 0.959736
0.975002 1.021519 0.976241 0.992951 0.976926 0.920199 0.949861 1.019433 1.019433 1.019433
0.938644 0.989393 0.914207 0.934193 0.910187 0.874738 0.918066 0.949236 0.949236 0.949236
0.930766 1.018176 0.932106 0.958213 0.939365 0.878175 0.943200 0.972940 0.972940 0.972940
0.958100 1.045650 0.958024 0.972574 0.958996 0.901618 0.967333 1.002159 1.002159 1.002159
0.927414 1.024853 0.916244 0.954518 0.936238 0.883902 0.947186 0.984241 0.984241 0.984241
0.936164 1.033117 0.926342 0.972820 0.950314 0.902300 0.954952 1.005198 1.005198 1.005198
0.910918 1.001845 0.881615 0.940938 0.910638 0.851800 0.900982 0.960144 0.960144 0.960144
0.935761 1.039307 0.903747 0.973240 0.947714 0.883878 0.938884 0.996613 0.996613 0.996613
0.935213 1.048086 0.913134 0.981735 0.937711 0.894125 0.944168 1.013843 1.013844 1.013844
0.909426 1.052284 0.913888 0.966993 0.941046 0.895761 0.946570 1.015029 1.015029 1.015029
0.887139 1.029710 0.882334 0.957496 0.919015 0.878906 0.943346 1.011196 1.011196 1.011196
0.896259 1.034240 0.875272 0.964365 0.926919 0.889132 0.952259 1.021041 1.021041 1.021041
0.854258 0.948397 0.832304 0.923078 0.785323 0.851541 0.875158 0.979825 0.979825 0.979825
0.854397 0.948641 0.835708 0.921522 0.778606 0.857747 0.433103 0.987888 0.987888 0.987888
0.964756 1.065652 0.941969 1.037122 0.874116 0.966230 0.475301 1.115565 1.115565 1.115565
0.954056 1.058677 0.923230 1.030628 0.864982 0.960742 0.474774 1.101215 1.101216 1.101216
0.967511 1.074873 0.929962 1.042881 0.877406 0.980440 0.476208 1.117715 1.117715 1.117715
0.974002 1.061156 0.922377 1.040911 0.883566 0.975964 0.476060 1.128738 1.128739 1.128739
0.954567 1.045426 0.901286 1.026419 0.859853 0.956439 0.469005 1.121549 1.121550 1.121550
0.956352 1.048115 0.902434 1.015323 0.859641 0.950654 0.471287 1.123653 1.123653 1.123653
0.973411 1.064241 0.918815 1.028490 0.867748 0.965173 0.474419 1.148091 1.148091 1.148091
0.947763 1.040284 0.904882 1.009969 0.808383 0.904375 0.464140 1.105667 1.105667 1.105667
0.963872 1.065746 0.928996 1.039519 0.832069 0.934317 0.477165 1.148867 1.148867 1.148867
0.950868 1.052124 0.921271 1.035444 0.822195 0.927668 0.467951 1.147434 1.147435 1.147435
0.931495 1.051270 0.917502 1.031331 0.789430 0.922750 0.463085 1.149768 1.149768 1.149768
0.920145 1.026013 0.891393 1.028470 0.771952 0.897816 0.458444 1.140584 1.140584 1.140584
0.944966 1.023006 0.905924 1.009455 0.775795 0.917050 0.466896 1.171484 1.171485 1.171485
0.959754 1.036048 0.919856 1.028350 0.785593 0.928587 0.470252 1.191160 1.191160 1.191160
0.959399 1.039391 0.920397 1.035188 0.787373 0.916601 0.465122 1.197970 1.197970 1.197970
0.959991 1.025017 0.918405 1.026982 0.786170 0.910285 0.464902 1.200785 1.200785 1.200785
0.958133 1.022286 0.917975 0.999249 0.786052 0.909766 0.463263 1.201193 1.201192 1.201192
0.940483 1.021526 0.912078 0.994424 0.783876 0.875573 0.461230 1.201342 1.201342 1.201342
0.916693 1.011357 0.907539 0.983822 0.781487 0.830379 0.450225 1.192238 1.192237 1.192237
0.926920 0.990053 0.919767 0.985637 0.772592 0.842864 0.443805 1.201682 1.201682 1.201682
0.955802 1.024596 0.948195 1.014783 0.793461 0.867108 0.455493 1.236735 1.236735 1.236735
0.922170 0.986077 0.924955 0.957629 0.767280 0.833830 0.443252 1.188578 1.188578 1.188578
0.938886 1.025646 0.961372 0.993824 0.794794 0.834613 0.458412 1.231471 1.231471 1.231471
0.955202 1.038035 0.975375 1.013826 0.809684 0.846123 0.465940 1.257826 1.257826 1.257826
0.939234 1.018115 0.940821 0.985874 0.784732 0.818347 0.457249 1.221827 1.221827 1.221827
0.943621 1.028384 0.944764 0.994462 0.790709 0.811734 0.460500 1.226219 1.226219 1.226219
0.943292 1.019344 0.945694 0.996104 0.783375 0.811597 0.459444 1.217557 1.217556 1.217556
0.946608 1.025934 0.941771 1.005787 0.772505 0.819818 0.461710 1.225953 1.225952 1.225952
0.947451 1.017427 0.914959 1.004904 0.749247 0.778293 0.461727 1.231559 1.231558 1.231558
0.965765 1.041263 0.933919 1.025975 0.770586 0.798058 0.473508 1.264186 1.264186 1.264186
0.956687 1.037873 0.933408 1.026614 0.766346 0.798085 0.470484 1.266511 1.266511 1.266511
0.967877 1.045710 0.944618 1.037174 0.774955 0.807884 0.476478 1.279005 1.279004 1.279004
0.945842 1.019836 0.925096 1.000823 0.752401 0.786004 0.460823 1.259406 1.259405 1.259405
0.927740 0.987832 0.912220 0.963368 0.725448 0.775503 0.425698 1.230074 1.230073 1.230073
0.978322 1.042035 0.960144 1.016560 0.765475 0.818301 0.449056 1.296553 1.296553 1.296553
0.712534 0.769496 0.640402 0.764086 0.576306 0.620079 0.333372 0.826442 0.826442 0.826442
1.005166 1.086863 0.904815 1.077788 0.806907 0.865303 0.471586 1.172057 1.172057 1.172057
1.013959 1.092480 0.909102 1.086964 0.808420 0.874211 0.471700 1.182495 1.182494 1.182494
0.978079 1.074780 0.897607 1.072452 0.799496 0.862060 0.461220 1.163119 1.163118 1.163118
0.984575 1.083452 0.905354 1.085648 0.811792 0.872968 0.464895 1.179612 1.179611 1.179611
0.969538 1.071020 0.874529 1.067134 0.788401 0.863737 0.438941 1.161972 1.161971 1.161971
0.970416 1.071074 0.881399 1.069822 0.787555 0.868977 0.433963 1.177204 1.177203 1.177203
