0.970383 0.962378 0.967688 0.942055 0.959502 0.953871 0.965007 0.965007 0.965007 0.965007
0.988584 0.984053 0.990015 0.959672 0.970216 0.973514 0.987977 0.987977 0.987977 0.987977
0.984490 0.983527 0.985911 0.956736 0.969935 0.972325 0.989146 0.989146 0.989146 0.989146
0.968436 0.976627 0.967446 0.953026 0.964600 0.966298 0.987835 0.987835 0.987835 0.987835
0.937778 0.962620 0.958362 0.952584 0.964321 0.965099 0.990096 0.990096 0.990096 0.990096
0.874965 0.899172 0.378896 0.887203 0.904321 0.894409 0.930224 0.930224 0.930224 0.930224
0.991301 1.016446 0.428684 1.006018 0.939430 1.002130 1.057873 1.057873 1.057873 1.057873
0.498328 0.972413 0.410169 0.965880 0.898395 0.937142 1.016595 1.016595 1.016595 1.016595
0.559555 1.088081 0.460079 1.083998 0.998705 1.047611 1.139388 1.139388 1.139388 1.139388
0.557437 1.074130 0.454999 1.077972 0.981400 1.035660 1.135052 1.135052 1.135052 1.135052
0.561558 1.074579 0.457170 1.090236 0.983581 1.036251 1.146498 1.146498 1.146498 1.146498
0.564588 1.080102 0.458808 1.090328 0.986462 1.033758 1.150093 1.150093 1.150093 1.150093
0.563316 1.080404 0.454832 1.086693 0.986578 1.034030 1.152390 1.152390 1.152390 1.152390
0.541434 1.030111 0.438208 1.008221 0.905764 0.962351 1.107455 1.107455 1.107455 1.107455
0.557226 1.070274 0.456698 1.039257 0.945676 0.998474 1.158362 1.158362 1.158362 1.158362
0.556826 1.063072 0.456497 1.038127 0.942023 0.997485 1.167970 1.167970 1.167970 1.167970
0.556495 1.056787 0.455498 1.041600 0.946825 0.992403 1.173149 1.173149 1.173149 1.173149
0.562789 1.066262 0.458955 1.050630 0.955818 1.001196 1.189003 1.189003 1.189003 1.189003
0.557729 1.057219 0.453026 1.042701 0.937218 0.970111 1.184801 1.184801 1.184801 1.184801
0.560639 1.063709 0.455535 1.040884 0.942405 0.955870 1.193065 1.193065 1.193065 1.193065
0.564093 1.068721 0.455796 1.037252 0.944440 0.962510 1.198980 1.198980 1.198980 1.198980
0.566760 1.074652 0.456554 1.043015 0.948298 0.964591 1.204044 1.204044 1.204044 1.204044
0.568364 1.077320 0.458591 1.046122 0.951271 0.968219 1.205791 1.205791 1.205791 1.205791
0.481929 0.905525 0.390711 0.860342 0.808781 0.804666 0.935783 0.935783 0.935783 0.935783
0.584204 1.108226 0.474856 1.025312 0.984420 0.979620 1.147542 1.147542 1.147542 1.147542
0.593190 1.124990 0.482642 1.041995 0.997312 0.994651 1.166682 1.166682 1.166682 1.166682
0.573751 1.062640 0.457178 1.009468 0.960511 0.942175 1.130933 1.130933 1.130933 1.130933
0.591323 1.092215 0.468538 1.032998 0.985274 0.944794 1.167462 1.167462 1.167462 1.167462
0.595703 1.104480 0.473477 1.043507 0.990478 0.942512 1.179931 1.179931 1.179931 1.179931
0.592960 1.101490 0.468265 1.038328 0.988642 0.925221 1.177446 1.177446 1.177446 1.177446
0.591027 1.095675 0.463313 1.029884 0.985525 0.919867 1.178024 1.178024 1.178024 1.178024
0.587473 1.091576 0.446542 1.027529 0.976365 0.915267 1.179198 1.179198 1.179198 1.179198
0.561484 1.008764 0.429156 0.991223 0.927385 0.883715 1.148858 1.148858 1.148858 1.148858
0.582777 1.052222 0.448216 1.032996 0.964074 0.921444 1.202887 1.202887 1.202887 1.202887
0.580403 1.053106 0.448674 1.034183 0.967690 0.922256 1.205992 1.205992 1.205992 1.205992
0.567558 1.036110 0.442461 1.012591 0.951375 0.902238 1.194928 1.194928 1.194928 1.194928
0.572448 1.049152 0.445631 1.017082 0.953257 0.903437 1.210633 1.210633 1.210633 1.210633
0.572737 1.050569 0.444106 1.015889 0.957278 0.901117 1.213747 1.213747 1.213747 1.213747
0.558291 1.038641 0.434752 0.988773 0.950311 0.881026 1.193223 1.193223 1.193223 1.193223
0.573298 1.067539 0.445592 1.012699 0.975125 0.897980 1.226147 1.226147 1.226147 1.226147
0.576234 1.069192 0.444096 1.015781 0.979064 0.900256 1.231019 1.231019 1.231019 1.231019
0.553308 1.028721 0.426767 0.910405 0.944291 0.828233 1.190851 1.190851 1.190851 1.190851
0.573634 1.064363 0.442208 0.943628 0.974627 0.856800 1.238096 1.238096 1.238096 1.238096
0.578198 1.077096 0.447355 0.953057 0.982588 0.865138 1.251688 1.251688 1.251688 1.251688
0.562751 1.056005 0.425561 0.933576 0.959487 0.844933 1.232862 1.232862 1.232862 1.232862
0.568327 1.064687 0.429042 0.941520 0.969083 0.850764 1.249130 1.249130 1.249130 1.249130
0.512960 0.983446 0.367201 0.865197 0.848790 0.779651 1.170758 1.170758 1.170758 1.170758
0.552026 1.042451 0.389464 0.934040 0.913048 0.808069 1.266202 1.266202 1.266202 1.266202
0.558205 1.058452 0.393005 0.944014 0.920490 0.815989 1.284037 1.284037 1.284037 1.284037
0.502017 1.013377 0.375764 0.879699 0.876563 0.740268 1.234405 1.234405 1.234405 1.234405
0.529415 1.067975 0.397332 0.918452 0.922560 0.780732 1.307741 1.307741 1.307741 1.307741
0.474293 0.943721 0.375292 0.864182 0.863486 0.711528 1.258358 1.258358 1.258358 1.258358
0.502478 1.002835 0.396968 0.915879 0.914253 0.755639 1.339539 1.339539 1.339539 1.339539
0.504880 1.002130 0.397005 0.916585 0.916437 0.757016 1.346383 1.346383 1.346383 1.346383
0.505218 0.998991 0.396300 0.918777 0.917586 0.757271 1.350263 1.350263 1.350263 1.350263
0.502724 0.993224 0.388219 0.915149 0.912396 0.750713 1.347323 1.347323 1.347323 1.347323
0.471257 0.937894 0.367731 0.884849 0.853741 0.717048 1.298813 1.298813 1.298813 1.298813
0.490799 0.975267 0.380536 0.915570 0.886670 0.717961 1.355453 1.355453 1.355453 1.355453
0.455051 0.854829 0.352595 0.833018 0.815693 0.667304 1.265331 1.265331 1.265331 1.265331
0.494514 0.906845 0.382528 0.902803 0.879950 0.723973 1.372457 1.372457 1.372457 1.372457
