0.992673 0.992673 0.992673 0.992673 0.992673 0.992673 0.992673 0.982903 0.982904 0.982904
0.991760 0.991679 0.991760 0.991679 0.991760 0.991760 0.991760 0.980217 0.980217 0.980217
0.985864 0.987434 0.983838 0.985035 0.989015 0.990295 0.988293 0.976093 0.976094 0.976094
0.980590 0.962250 0.978575 0.979766 0.963791 0.965038 0.983007 0.954292 0.954292 0.954292
0.952610 0.941421 0.950161 0.945508 0.935104 0.924588 0.956490 0.922828 0.922828 0.922828
0.969373 0.946133 0.964699 0.818353 0.945967 0.934915 0.960256 0.933905 0.933905 0.933905
1.021949 0.996078 1.007175 0.856878 0.990340 0.984088 0.999596 0.980854 0.980855 0.980855
1.014759 0.997256 1.008366 0.857892 0.983373 0.985252 0.992563 0.964211 0.964211 0.964211
1.024355 1.008432 1.017933 0.868370 0.994495 0.997387 1.000098 0.973143 0.973144 0.973144
1.020412 1.004930 1.005101 0.860866 0.986502 0.982981 0.989765 0.960536 0.960536 0.960536
1.012265 0.987616 0.987633 0.859988 0.983955 0.961828 0.989313 0.941289 0.941290 0.941290
1.022590 0.999230 1.000520 0.866897 0.991670 0.972613 0.998048 0.942123 0.942124 0.942124
1.017531 0.995138 0.987597 0.864792 0.988884 0.969236 0.992204 0.915602 0.915603 0.915603
1.039283 1.016411 1.008710 0.883279 1.010024 0.989956 1.013415 0.905892 0.905893 0.905893
1.046423 1.030110 1.020894 0.893255 1.018345 1.001628 1.026522 0.911747 0.911748 0.911748
1.044122 1.029182 1.022430 0.891036 1.022087 1.005368 1.033100 0.915591 0.915592 0.915592
1.032537 1.017148 1.010602 0.880973 1.009222 0.993009 1.018861 0.883849 0.883849 0.883849
1.025983 1.004560 0.880375 0.879500 1.003324 0.989216 1.014210 0.880565 0.880565 0.880565
1.071130 1.047700 0.919346 0.916852 1.047167 1.030437 1.055938 0.917294 0.917295 0.917295
1.056450 1.041807 0.910965 0.907666 1.032170 1.019275 1.048881 0.906335 0.906335 0.906335
1.055361 1.038391 0.907020 0.893252 1.028042 1.018710 1.047285 0.897913 0.897913 0.897913
1.063086 1.045991 0.913659 0.899790 0.898338 1.026166 1.054951 0.892405 0.892405 0.892405
0.842371 0.830614 0.769288 0.757611 0.756388 0.802076 0.888254 0.698372 0.698371 0.698371
1.059708 1.042648 0.968286 0.950416 0.936487 1.004427 1.118547 0.871708 0.871707 0.871707
0.954876 1.012682 0.940457 0.920155 0.870609 0.972445 1.086400 0.825471 0.825470 0.825470
0.983486 1.047995 0.970722 0.888901 0.864052 0.924177 1.121362 0.852626 0.852626 0.852626
1.037876 1.105365 1.020292 0.937463 0.909580 0.974206 1.177401 0.898447 0.898446 0.898446
1.046016 1.113606 1.031612 0.944452 0.919672 0.981469 1.190463 0.908415 0.908414 0.908414
1.037333 1.103484 1.024304 0.937158 0.910480 0.970716 1.177020 0.903284 0.903284 0.903284
1.021542 1.084688 1.004805 0.922636 0.896161 0.948552 1.157726 0.887205 0.887204 0.887204
1.031187 1.084573 1.011536 0.930586 0.904294 0.953181 1.163058 0.885442 0.885441 0.885441
1.035721 1.092045 1.021274 0.938195 0.909981 0.962780 1.173554 0.888510 0.888509 0.888509
1.026546 1.082371 1.012227 0.922103 0.902630 0.954251 1.164073 0.876410 0.876409 0.876409
0.924779 0.933547 0.919424 0.860808 0.805267 0.896951 1.094174 0.822796 0.822795 0.822795
1.016556 1.028923 1.012844 0.952527 0.892002 0.992605 1.209790 0.910023 0.910022 0.910022
0.984690 1.008047 0.868817 0.922752 0.864318 0.912152 1.185244 0.885951 0.885950 0.885950
1.019337 1.043516 0.899386 0.955219 0.894730 0.944246 1.112483 0.899140 0.899139 0.899139
1.065546 1.090821 0.940158 0.998522 0.935290 0.987051 1.162914 0.939900 0.939899 0.939899
1.001153 1.011869 0.899260 0.948963 0.873819 0.934646 1.090816 0.895276 0.895275 0.895275
0.997421 1.008097 0.895908 0.945425 0.870562 0.931163 1.086750 0.819181 0.819181 0.819181
0.945908 0.997277 0.873520 0.875519 0.822650 0.861139 1.065204 0.801009 0.801009 0.801009
1.049831 1.115084 0.975304 0.978924 0.920156 0.962335 1.189266 0.896318 0.896318 0.896318
1.034503 1.104070 0.961695 0.955671 0.905165 0.955903 1.180413 0.886666 0.886666 0.886666
1.041501 1.101360 0.966220 0.959658 0.905163 0.957697 1.187281 0.889692 0.889691 0.889691
1.015805 1.085662 0.950775 0.942094 0.890673 0.946086 1.169610 0.856125 0.856124 0.856124
0.932153 1.028332 0.924088 0.855835 0.855204 0.917917 1.127399 0.812750 0.812750 0.812750
1.007986 1.112317 0.996227 0.926460 0.925041 0.982686 1.216766 0.877995 0.877995 0.877995
0.989850 1.090394 0.973616 0.913080 0.910891 0.967228 1.202822 0.850053 0.850053 0.850053
1.014590 1.119852 0.998674 0.938186 0.934347 0.995558 1.235421 0.872874 0.872874 0.872874
0.995844 1.112934 0.993360 0.932684 0.929239 0.987763 1.227884 0.862034 0.862034 0.862034
0.996996 1.105088 0.994557 0.931063 0.928216 0.983645 1.225949 0.863857 0.863857 0.863857
0.996997 1.108046 0.997420 0.930705 0.921027 0.988869 1.228532 0.864442 0.864442 0.864442
1.008585 1.121899 1.011523 0.943968 0.933650 1.002495 1.245247 0.877649 0.877649 0.877649
0.973037 1.071982 0.966426 0.908307 0.900988 0.971000 1.205168 0.844948 0.844948 0.844948
0.996713 1.101943 0.986836 0.932463 0.924693 0.995954 1.232223 0.864312 0.864312 0.864312
0.954406 1.063139 0.953301 0.897228 0.876167 0.939368 1.186786 0.832574 0.832574 0.832574
0.942313 1.031192 0.944211 0.891339 0.868843 0.924219 1.173630 0.801680 0.801680 0.801680
0.953192 1.057178 0.962036 0.913801 0.859994 0.925061 1.176248 0.790924 0.790924 0.790924
0.968431 1.043183 0.929176 0.926247 0.814465 0.929805 1.182292 0.789704 0.789704 0.789704
1.040400 1.114102 0.998494 0.997178 0.875411 0.993341 1.273621 0.847185 0.847185 0.847185
1.037943 1.114585 0.998743 0.995024 0.876889 0.993647 1.270691 0.848444 0.848444 0.848444
1.025102 1.091691 0.988484 0.988956 0.869496 0.986503 1.258992 0.839882 0.839883 0.839883
0.926260 0.994883 0.880538 0.876854 0.777718 0.913320 1.096429 0.757379 0.757379 0.757379
1.039573 1.117583 0.989113 0.981747 0.871372 1.026889 1.233369 0.853906 0.853906 0.853906
0.963592 1.075780 0.944597 0.926638 0.836332 0.966343 1.140704 0.779452 0.779452 0.779452
1.010828 1.130274 0.988036 0.973317 0.879601 1.016617 1.202083 0.804219 0.804219 0.804219
0.981439 1.131012 0.985038 0.973952 0.874998 1.004483 1.202204 0.799960 0.799960 0.799960
1.009029 1.162997 1.005046 1.004620 0.893062 1.036451 1.240379 0.825032 0.825032 0.825032
1.008093 1.161918 1.004114 1.003688 0.892234 1.035489 1.239228 0.805104 0.805103 0.805103
1.007729 1.170014 1.012449 1.013608 0.899145 1.041777 1.246864 0.813595 0.813595 0.813595
1.015876 1.179474 1.020634 1.021803 0.906414 1.050200 1.256944 0.811084 0.811084 0.811084
0.973447 1.160914 0.988470 1.006353 0.877637 1.031724 1.237967 0.794881 0.794881 0.794881
0.969722 1.156471 0.896069 1.002501 0.874278 1.027775 1.233229 0.768755 0.768755 0.768755
0.994896 1.185451 0.912726 1.026291 0.897785 1.052169 1.256949 0.772499 0.772499 0.772499
1.016571 1.208709 0.930880 1.048040 0.913948 1.075427 1.282360 0.785792 0.785792 0.785792
0.921813 1.089547 0.847477 0.954988 0.815909 0.954266 1.164702 0.731533 0.731533 0.731533
1.011327 1.190881 0.921283 1.039210 0.892967 1.047044 1.274583 0.798128 0.798129 0.798129
1.018388 1.193729 0.925963 1.042811 0.896063 1.056392 1.284952 0.806602 0.806602 0.806602
1.005698 1.184467 0.920213 1.033181 0.887998 1.049323 1.275853 0.788901 0.788902 0.788902
0.959378 1.076727 0.904221 0.985596 0.872566 0.981918 1.255832 0.752575 0.752576 0.752576
0.828490 1.091828 0.916902 0.981086 0.884804 0.978958 1.273445 0.757663 0.757664 0.757664
0.815001 1.094540 0.904584 0.977858 0.879718 0.963465 1.277930 0.758603 0.758603 0.758603
0.869081 1.170125 0.966991 1.042827 0.935141 1.028817 1.357025 0.802108 0.802109 0.802109
0.741924 1.089839 0.900643 0.971275 0.870978 0.958226 1.263915 0.693409 0.693410 0.693410
0.792687 1.179771 0.962265 1.051424 0.942850 1.037298 1.368212 0.733876 0.733877 0.733877
0.818977 1.213923 0.994421 1.082729 0.973743 1.070533 1.413089 0.758529 0.758530 0.758530
0.796666 1.201389 0.986674 1.069450 0.968240 1.060036 1.375008 0.750704 0.750704 0.750704
0.789442 1.187173 0.976085 1.056822 0.954524 1.045753 1.280625 0.747950 0.747951 0.747951
0.806672 1.217406 1.001397 1.081795 0.975651 1.067472 1.313870 0.770720 0.770720 0.770720
0.778230 1.190626 0.972440 1.044475 0.955912 1.040647 1.279616 0.740068 0.740069 0.740069
0.768124 1.177191 0.968331 1.039993 0.923256 1.035278 1.250302 0.704048 0.704049 0.704049
0.767902 1.176851 0.968051 1.039693 0.922989 1.034979 1.249941 0.637229 0.637230 0.637230
0.820557 1.257546 0.929629 1.110984 0.986278 0.993900 1.335649 0.680924 0.680924 0.680924
0.855773 1.303721 0.965468 1.155703 1.021710 1.029550 1.383532 0.708239 0.708240 0.708240
0.778041 1.231537 0.895846 1.070176 0.878207 0.968946 1.315002 0.666440 0.666441 0.666441
0.770917 1.171399 0.860853 1.077729 0.900718 0.987941 1.183180 0.683062 0.683063 0.683063
0.828679 1.258825 0.925232 1.156803 0.971169 1.065818 1.272452 0.727022 0.727023 0.727023
0.850175 1.291478 0.949232 1.186810 0.996361 1.093464 1.305458 0.737728 0.737729 0.737729
0.833493 1.265170 0.931353 1.163219 0.979982 1.075260 1.171004 0.725273 0.725274 0.725274
0.854558 1.301597 0.951709 1.196868 1.006051 1.096648 1.198544 0.746110 0.746111 0.746111
