0.878153 0.906425 0.930098 0.869338 0.918849 0.928466 0.922422 0.908475 0.908475 0.908475
0.945473 0.967913 1.001448 0.933276 0.987058 0.994325 0.990426 0.979055 0.979055 0.979055
0.951750 0.974499 1.000450 0.942556 0.986395 1.004542 1.000533 0.988652 0.988651 0.988651
0.735022 0.754214 0.820999 0.773490 0.809465 0.765259 0.821068 0.754067 0.754067 0.754067
0.834284 0.863407 0.918691 0.861496 0.909496 0.889982 0.898224 0.854187 0.854187 0.854187
0.947703 0.980785 1.043584 0.978614 1.033140 1.010972 1.020335 0.960763 0.960762 0.960762
0.767761 0.932994 0.992733 0.913851 0.982798 0.945550 0.970617 0.907400 0.907400 0.907400
0.808777 0.987516 1.052387 0.965817 1.038929 1.001882 1.028040 0.946696 0.946696 0.946696
0.747741 0.876433 0.943602 0.907542 0.994250 0.953159 0.863082 0.905373 0.905372 0.905372
0.818100 0.957585 1.022397 0.986194 1.080242 1.041225 0.932409 0.986839 0.986839 0.986839
0.784918 0.925259 0.980422 0.939929 1.035114 0.985232 0.896026 0.942488 0.942488 0.942488
0.819312 0.968370 1.025584 0.987637 1.088793 1.035328 0.940753 0.989846 0.989846 0.989846
0.786396 0.942242 0.990852 0.948705 1.061328 1.004167 0.911557 0.945636 0.945635 0.945635
0.753016 0.919458 0.951538 0.920432 1.027160 0.961989 0.890436 0.921625 0.921625 0.921625
0.791151 0.957020 0.990260 0.973835 1.085056 0.996916 0.942629 0.956534 0.956534 0.956534
0.807805 0.979903 1.013752 0.994535 1.112394 1.020626 0.962531 0.980436 0.980436 0.980436
0.771509 0.923976 0.985650 0.960768 1.056430 0.982383 0.917752 0.949295 0.949295 0.949295
0.712076 0.889588 0.935292 0.865907 0.971563 0.884186 0.875474 0.903386 0.903386 0.903386
0.769078 0.951589 1.000385 0.932768 1.049622 0.958755 0.948555 0.973666 0.973666 0.973666
0.801516 0.991343 1.045942 0.971735 1.097421 0.998808 0.991751 1.018005 1.018006 1.018006
0.755428 0.907463 0.937145 0.913726 0.964146 0.931314 0.924744 0.942915 0.942915 0.942915
0.811614 0.969210 1.007114 0.983754 1.036352 0.995008 0.996234 1.011605 1.011605 1.011605
0.815166 0.974298 1.014038 0.990625 1.043030 1.001493 1.002555 1.019703 1.019703 1.019703
0.801126 0.965442 1.004820 0.981620 1.025066 0.992389 0.985287 0.992115 0.992115 0.992115
0.801679 0.969551 1.009554 0.984033 1.026083 0.992048 0.989957 1.001173 1.001173 1.001173
0.792472 0.957684 0.998760 0.972478 1.017593 0.983629 0.895368 0.992440 0.992440 0.992440
0.778951 0.941344 0.981720 0.955886 1.000231 0.966846 0.880092 0.895933 0.895933 0.895933
0.808719 0.965224 1.016935 0.844098 1.032352 0.997453 0.901459 0.925057 0.925057 0.925057
0.820182 1.005497 1.042383 0.879866 1.057930 1.037111 0.939679 0.959502 0.959503 0.959503
0.785720 0.946293 1.001755 0.848110 1.017903 0.990056 0.901642 0.896436 0.896437 0.896437
0.824191 0.993477 1.042389 0.891889 1.070038 1.040073 0.944926 0.918402 0.918403 0.918403
0.837176 1.009128 1.058811 0.898360 1.087751 1.056458 0.960568 0.928391 0.928392 0.928392
0.853991 1.029313 1.080078 0.916329 1.109599 1.077677 0.979861 0.945319 0.945320 0.945320
0.844901 1.020885 1.074146 0.909988 1.099857 1.072230 0.973899 0.934391 0.934391 0.934391
0.847013 1.025150 1.074619 0.911570 1.106130 1.079742 0.978739 0.938364 0.938365 0.938365
0.840603 1.020985 1.063141 0.906670 1.099880 1.073002 0.969547 0.929977 0.929977 0.929977
0.833504 1.012086 1.054023 0.897711 1.093928 1.067800 0.961827 0.913055 0.913055 0.913055
0.846714 1.024284 1.060952 0.904529 1.108569 1.084840 0.974610 0.922393 0.922394 0.922394
0.812447 0.984525 1.027050 0.875568 1.040882 1.049190 0.925765 0.853064 0.853065 0.853065
0.868536 1.052494 1.097955 0.936015 1.112742 1.121623 0.989678 0.901851 0.901852 0.901852
0.856014 1.035065 1.082702 0.919943 1.079349 1.100423 0.976385 0.881920 0.881921 0.881921
0.844713 1.039164 1.089774 0.921776 1.088740 1.105360 0.963786 0.885420 0.885421 0.885421
0.847726 1.049713 1.099319 0.929127 1.094107 1.114723 0.973048 0.888218 0.888219 0.888219
0.841649 1.043797 1.094515 0.920489 1.083726 1.107841 0.964761 0.873720 0.873721 0.873721
0.834459 1.031993 1.083342 0.910102 1.068941 1.093493 0.899015 0.870977 0.870978 0.870978
0.854044 1.059039 1.111960 0.931104 1.085555 1.125100 0.922053 0.892022 0.892023 0.892023
0.849249 1.044382 1.108067 0.931757 1.083766 1.124652 0.919813 0.889061 0.889063 0.889063
0.860297 1.055725 1.120399 0.943329 1.093799 1.139638 0.930347 0.896592 0.896593 0.896593
0.816504 1.032663 1.091886 0.922722 1.063612 1.100718 0.909521 0.871793 0.871794 0.871794
0.836592 1.036628 1.118749 0.945423 1.067696 1.104945 0.931897 0.877986 0.877988 0.877988
0.844034 1.045850 1.128701 0.953833 1.077194 1.114774 0.940187 0.858059 0.858061 0.858061
0.864635 1.071376 1.156249 0.977114 1.103486 1.141983 0.963135 0.869394 0.869395 0.869395
0.841867 1.041340 1.120410 0.954824 1.077378 1.114473 0.944011 0.834578 0.834579 0.834579
0.865740 1.070018 1.153596 0.982471 1.106037 1.143008 0.967852 0.860541 0.860542 0.860542
0.851335 1.052214 1.019473 0.966125 1.087634 1.010115 0.951748 0.846223 0.846224 0.846224
0.876961 1.083887 1.050160 0.995206 0.971906 1.040520 0.980397 0.860052 0.860053 0.860053
0.904679 1.111498 1.078817 1.024037 0.995903 1.066154 1.004531 0.884852 0.884853 0.884853
0.822798 1.050332 1.001378 0.948592 0.856329 1.003752 0.955114 0.832926 0.832928 0.832928
0.838653 1.070572 1.020675 0.966872 0.872831 1.023095 0.973519 0.768626 0.768627 0.768627
0.897020 1.154462 1.096789 1.038028 0.932993 1.097486 1.048686 0.823584 0.823585 0.823585
0.877186 1.134316 1.074850 0.952072 0.879151 0.990278 1.027709 0.807669 0.807670 0.807670
0.894400 1.168931 1.105705 0.977096 0.904366 1.022702 1.058394 0.812494 0.812495 0.812495
0.833041 1.082287 1.033957 0.914506 0.829267 0.932110 0.987374 0.776920 0.776920 0.776920
0.915111 1.178026 1.133498 1.002016 0.904843 1.018969 1.083629 0.850620 0.850621 0.850621
0.850352 1.136804 1.085197 0.948140 0.870633 0.961293 1.004727 0.778398 0.778399 0.778399
0.808644 1.035011 1.040508 0.934325 0.819907 0.953807 0.996902 0.771410 0.771411 0.771411
0.891846 1.141504 1.147567 1.030459 0.904268 1.051946 1.099475 0.831002 0.831003 0.831003
0.888794 1.135037 1.139860 1.011667 0.898495 1.048845 1.095173 0.821309 0.821310 0.821310
0.898899 1.148374 1.142685 1.018247 0.904890 1.049489 1.100416 0.823054 0.823055 0.823055
0.805503 1.109211 1.103716 0.980382 0.836589 1.010462 1.062888 0.775094 0.775095 0.775095
0.808915 1.061476 1.141713 0.984535 0.865390 0.995405 1.101368 0.778387 0.778388 0.778388
0.831442 1.103491 1.039210 1.012045 0.889776 0.970625 1.144962 0.804106 0.804107 0.804107
0.873226 1.158331 1.087053 1.062230 0.932179 1.018274 1.196429 0.843266 0.843267 0.843267
0.861522 1.142806 1.072482 1.047992 0.919685 1.004626 1.070272 0.815650 0.815651 0.815651
0.883268 1.172691 1.100503 1.071849 0.941291 1.031829 1.099790 0.840047 0.840048 0.840048
0.834743 1.123227 1.047585 1.026639 0.870470 0.964893 1.029801 0.774306 0.774307 0.774307
0.888586 1.204579 1.121843 1.100974 0.933847 1.034208 1.102745 0.831024 0.831024 0.831024
0.886088 1.196290 1.118961 1.094276 0.930862 1.030178 1.099256 0.829030 0.829031 0.829031
0.867442 1.171116 0.996832 1.071249 0.911273 1.008499 1.076124 0.787925 0.787925 0.787925
0.886183 1.211410 1.032016 1.108455 0.943300 1.041464 1.113234 0.809916 0.809916 0.809916
0.907434 1.240460 1.056765 1.135036 0.965921 1.066439 1.139930 0.829338 0.829339 0.829339
0.892692 1.224497 1.036133 1.120577 0.951461 1.043607 1.119492 0.818616 0.818617 0.818617
0.884333 1.214609 1.030241 1.109767 0.948100 1.039982 1.118575 0.816164 0.816165 0.816165
0.873910 1.199570 1.017611 1.096469 0.935513 1.026480 1.102389 0.787319 0.787320 0.787320
0.876427 1.204899 1.017590 1.101046 0.940637 1.032386 1.110609 0.776605 0.776606 0.776606
0.895540 1.233310 1.039814 1.128130 0.962915 1.057888 1.132732 0.793390 0.793391 0.793391
0.897690 1.235018 1.042574 1.129178 0.964945 1.058058 1.132341 0.793549 0.793550 0.793550
0.889929 1.233317 1.042516 1.130889 0.964361 1.055661 1.129877 0.795273 0.795274 0.795274
0.885865 1.216073 1.034935 1.124804 0.959609 1.046091 1.119328 0.782678 0.782679 0.782679
0.886101 1.222228 1.035891 1.114653 0.958217 1.054776 1.127758 0.785931 0.785931 0.785931
0.891595 1.230170 1.039145 1.122778 0.964435 1.050725 1.132564 0.790017 0.790018 0.790018
0.895200 1.229512 1.041376 1.123380 0.964955 1.057012 1.138445 0.796075 0.796075 0.796075
0.895147 1.231866 1.042070 1.126057 0.965610 1.061380 1.140720 0.797466 0.797467 0.797467
0.889854 1.227683 1.038468 1.119488 0.956880 1.056564 1.129230 0.786055 0.786056 0.786056
0.884759 1.218409 1.028523 1.112768 0.950914 1.042396 1.121430 0.779508 0.779508 0.779508
0.761303 1.143816 0.965555 1.044643 0.892698 0.978579 1.052775 0.679220 0.679220 0.679220
0.801925 1.213950 1.026067 1.105739 0.930481 1.015328 1.115403 0.719741 0.719742 0.719742
0.831191 1.257147 1.055871 1.143601 0.965309 1.050098 1.148530 0.730672 0.730673 0.730673
0.817440 1.252663 1.038404 1.139522 0.961866 1.046353 1.144434 0.711817 0.711819 0.711819
0.819362 1.247990 0.912512 1.147575 0.964616 1.051482 1.149181 0.715381 0.715382 0.715382
