0.991869 0.991869 0.991869 0.991869 0.991869 0.991869 0.991869 0.981027 0.981027 0.981027
0.938073 0.945159 0.946366 0.942638 0.928247 0.923997 0.943533 0.933368 0.933368 0.933368
0.973426 0.979917 0.974975 0.976036 0.964099 0.956739 0.972672 0.948634 0.948634 0.948634
0.961535 0.978996 0.852851 0.964202 0.952628 0.896557 0.971758 0.941781 0.941781 0.941781
1.015801 1.033850 0.903890 1.018226 1.009638 0.946792 1.029913 0.998141 0.998141 0.998141
0.998100 1.018355 0.892764 1.004249 0.993913 0.935549 1.016629 0.979839 0.979839 0.979839
0.994477 1.018242 0.886733 1.002814 0.992218 0.933397 1.011077 0.974934 0.974934 0.974934
0.977230 0.997790 0.869890 0.982696 0.969993 0.913131 0.933811 0.963246 0.963245 0.963245
0.912233 0.925906 0.815271 0.921814 0.891442 0.834113 0.873107 0.923139 0.923138 0.923138
0.955502 0.941927 0.811795 0.963288 0.870377 0.864339 0.904756 0.950242 0.950242 0.950242
1.026557 1.006007 0.872394 1.037102 0.935549 0.923442 0.974688 1.019454 1.019454 1.019454
0.991867 0.984838 0.842914 1.015279 0.915863 0.904010 0.954178 0.975729 0.975729 0.975729
1.007299 0.999888 0.855915 1.029582 0.932959 0.921407 0.969496 0.981166 0.981166 0.981166
0.984688 0.990878 0.842202 1.007262 0.926220 0.910180 0.956758 0.954655 0.954655 0.954655
0.969404 1.005365 0.851367 1.021990 0.934235 0.911869 0.970211 0.962855 0.962856 0.962856
0.951988 0.989005 0.843492 1.012470 0.897767 0.902587 0.943201 0.911370 0.911370 0.911370
0.895705 0.890908 0.800189 0.987150 0.836504 0.886072 0.925943 0.893622 0.893622 0.893622
0.978786 0.981601 0.881647 1.087641 0.914094 0.976272 1.011829 0.966741 0.966742 0.966742
0.997418 1.000286 0.898430 1.108344 0.931494 0.994856 1.031090 0.974226 0.974227 0.974227
0.986424 0.981152 0.888570 1.092958 0.919150 0.978656 1.016942 0.964410 0.964410 0.964410
0.981193 0.977455 0.886350 1.084831 0.912140 0.974442 1.010176 0.950451 0.950451 0.950451
0.994911 0.987416 0.890536 1.091060 0.922647 0.988172 1.021719 0.958406 0.958406 0.958406
0.980268 0.972883 0.798464 1.075002 0.909068 0.973628 1.006682 0.916771 0.916772 0.916772
1.022604 1.014362 0.829603 1.120716 0.945982 1.014552 1.044855 0.954948 0.954949 0.954949
0.974484 0.954339 0.804811 1.080255 0.896391 0.974364 0.994029 0.922559 0.922560 0.922560
1.014872 0.989361 0.836583 1.121097 0.930283 1.016708 1.036412 0.964263 0.964263 0.964263
1.004842 0.977455 0.828758 1.106916 0.906518 1.002081 1.027196 0.947291 0.947292 0.947292
1.016357 0.989533 0.838979 1.116896 0.915343 1.015381 1.041338 0.962512 0.962513 0.962513
0.998732 0.963313 0.816623 1.105234 0.904369 0.984160 1.031046 0.934330 0.934331 0.934331
1.009427 0.965574 0.827122 1.124164 0.917699 0.999916 1.045424 0.946515 0.946516 0.946516
1.025960 0.981309 0.840669 1.142483 0.932730 1.016293 1.062547 0.960271 0.960272 0.960272
1.030433 0.985587 0.844334 1.147464 0.936796 1.020724 1.067179 0.954966 0.954968 0.954968
0.991923 0.942998 0.712567 1.109777 0.902243 0.985078 1.029139 0.921712 0.921713 0.921713
0.924070 0.906774 0.703090 1.023485 0.879477 0.970272 1.007072 0.888311 0.888313 0.888313
1.017791 0.998741 0.774399 1.127288 0.968675 1.068678 1.109210 0.978405 0.978407 0.978407
0.999810 0.982738 0.759154 1.106531 0.954603 1.054516 1.092299 0.962800 0.962802 0.962802
0.995155 0.978532 0.748977 1.096081 0.946163 1.038444 1.080138 0.949557 0.949559 0.949559
0.986632 0.971663 0.740414 1.088095 0.940489 1.032499 1.075774 0.925947 0.925949 0.925949
0.991184 0.976146 0.668470 1.093115 0.944828 0.932175 1.080737 0.930219 0.930221 0.930221
0.970041 0.910354 0.673879 1.069798 0.952472 0.894905 1.091351 0.910387 0.910389 0.910389
1.031282 0.962074 0.713424 1.134431 1.005816 0.944973 1.152389 0.965262 0.965264 0.965264
1.035232 0.966599 0.717938 1.141733 1.011747 0.950615 1.159070 0.972460 0.972462 0.972462
1.016281 0.947159 0.702066 1.120521 0.992717 0.926002 1.136501 0.952158 0.952160 0.952160
1.019548 0.950204 0.704322 1.124122 0.995908 0.928978 1.033786 0.936488 0.936490 0.936490
1.035398 0.964976 0.715272 1.132046 1.012187 0.943420 1.050684 0.946480 0.946482 0.946482
0.992839 0.937802 0.690844 1.100168 0.949732 0.895132 0.998220 0.885179 0.885181 0.885181
0.964109 0.946189 0.684666 1.088107 0.871914 0.899793 1.013367 0.889643 0.889645 0.889645
0.847573 0.976742 0.706775 1.102638 0.900069 0.913239 1.046090 0.911792 0.911793 0.911793
0.896241 1.035591 0.749510 1.165504 0.944380 0.970806 1.108487 0.964800 0.964802 0.964802
0.893090 1.029627 0.744406 1.144141 0.938263 0.967854 1.104046 0.953457 0.953459 0.953459
0.909123 1.045889 0.756365 1.164005 0.951571 0.985537 1.122141 0.966226 0.966228 0.966228
0.882924 1.006012 0.727458 1.127493 0.924400 0.960934 1.093259 0.936422 0.936424 0.936424
0.877000 1.026406 0.730307 1.151067 0.927796 0.978564 1.116144 0.951289 0.951291 0.951291
0.892796 1.048481 0.740984 1.175978 0.945731 0.990961 1.134303 0.971689 0.971691 0.971691
0.839313 0.968321 0.698807 1.112369 0.892959 0.928336 1.068065 0.890871 0.890873 0.890873
0.874959 0.996955 0.726841 0.986308 0.925412 0.961650 1.098479 0.923601 0.923603 0.923603
0.710764 0.811614 0.627404 0.851374 0.798810 0.770580 0.948200 0.740989 0.740991 0.740991
0.893892 1.025618 0.789572 1.060783 1.002898 0.976905 1.201163 0.935528 0.935530 0.935530
0.896422 1.007679 0.791807 1.063786 0.985356 0.959818 1.204562 0.922154 0.922155 0.922155
0.840869 0.963263 0.744886 1.011039 0.934189 0.900753 1.152660 0.880414 0.880415 0.880415
0.886284 1.014512 0.785747 1.065367 0.987841 0.952281 1.111597 0.930557 0.930559 0.930559
0.811742 0.937151 0.709481 0.957479 0.895615 0.893654 0.981261 0.850585 0.850586 0.850586
0.889181 1.044407 0.792706 1.064970 1.002831 0.996455 1.075197 0.947942 0.947943 0.947943
0.767122 0.983046 0.746134 1.002402 0.943913 0.937912 1.012028 0.828157 0.828158 0.828158
0.831788 1.064051 0.805156 1.090831 1.026292 1.019318 1.104639 0.885320 0.885321 0.885321
0.848363 1.074989 0.818968 1.111658 1.046363 1.034931 1.121253 0.892738 0.892739 0.892739
0.838711 1.063669 0.803167 1.101794 1.036683 1.024674 1.107485 0.862002 0.862003 0.862003
0.863896 1.094105 0.819276 1.127171 1.060389 1.053801 1.126384 0.884547 0.884549 0.884549
0.868833 1.099242 0.824166 1.131948 1.066137 1.057455 1.129719 0.887649 0.887651 0.887651
0.853943 1.093941 0.820898 1.126844 1.061755 1.050606 1.124357 0.877821 0.877823 0.877823
0.851802 1.095087 0.822131 1.126004 1.059413 1.046889 1.126077 0.883005 0.883007 0.883007
0.855376 1.100006 0.823070 1.131952 1.064163 1.040790 1.128622 0.885828 0.885830 0.885830
0.851309 1.094777 0.819157 1.126570 0.918756 1.035842 1.123256 0.869842 0.869843 0.869843
0.865915 1.120867 0.837522 1.150933 0.935788 1.058762 1.149408 0.884407 0.884409 0.884409
0.869637 1.134065 0.846166 1.164464 0.947143 1.070640 1.161214 0.895507 0.895509 0.895509
0.801249 1.085108 0.803244 1.092516 0.903611 1.001481 1.067539 0.812531 0.812532 0.812532
0.850711 1.152093 0.852830 1.159958 0.959392 1.063304 1.133439 0.835675 0.835677 0.835677
0.817428 1.107019 0.819464 1.114577 0.921858 1.021704 1.089095 0.726983 0.726984 0.726984
0.885065 1.200697 0.887298 1.210098 0.999969 1.109378 1.177032 0.786987 0.786988 0.786988
0.887066 1.198499 0.889520 1.208853 1.001841 1.110674 1.179275 0.789092 0.789093 0.789093
0.889625 1.201002 0.893182 1.213048 1.003017 1.110898 1.179111 0.793487 0.793488 0.793488
0.859695 1.172995 0.870821 1.179893 0.977883 1.087335 1.150877 0.756526 0.756527 0.756527
0.881716 1.203041 0.893127 1.210115 1.002931 1.115187 1.180357 0.757866 0.757867 0.757867
0.887581 1.199953 0.897228 1.215028 1.002817 1.117154 1.187091 0.760367 0.760368 0.760368
0.892045 1.208368 0.902395 1.224121 1.008605 1.127479 1.195516 0.765573 0.765574 0.765574
0.886758 1.204248 0.899263 1.216963 0.999473 1.122347 1.183458 0.754607 0.754608 0.754608
0.881044 1.202185 0.899123 1.213072 0.996512 1.121628 1.182237 0.742544 0.742546 0.742546
0.864130 1.184726 0.883763 1.115936 0.941802 1.015078 1.162040 0.730365 0.730366 0.730366
0.903627 1.242171 0.926146 1.174700 0.992435 1.068622 1.222254 0.768452 0.768453 0.768453
0.891425 1.235437 0.917891 1.163168 0.978421 1.057263 1.214334 0.759426 0.759427 0.759427
0.892886 1.239073 0.922808 1.164742 0.985795 1.065293 1.226817 0.765562 0.765563 0.765563
0.895374 1.242729 0.918359 1.171822 0.981362 1.072120 1.234594 0.770106 0.770107 0.770107
0.893938 1.244213 0.919287 1.170180 0.983766 1.073267 1.232691 0.771837 0.771838 0.771838
0.793160 1.151572 0.838578 1.013850 0.869742 0.928620 1.130421 0.706100 0.706101 0.706101
0.874889 1.279545 0.933002 1.129781 0.967142 1.030900 1.255039 0.787357 0.787358 0.787358
0.834336 1.220235 0.889756 1.077413 0.922313 0.983115 1.196865 0.689611 0.689613 0.689613
0.877947 1.283242 0.935815 1.133504 0.969059 1.033249 1.256003 0.708359 0.708360 0.708360
0.825444 1.158190 0.853297 1.083157 0.943097 0.999656 1.072332 0.688917 0.688918 0.688918
0.861709 1.217647 0.890326 1.123258 0.983284 1.029201 1.121240 0.715900 0.715901 0.715901
0.801582 1.220908 0.892710 1.122672 0.943684 1.028664 1.124243 0.699857 0.699858 0.699858
