0.975822 0.978433 0.978630 0.975446 0.968264 0.981003 0.977877 0.976482 0.976482 0.976482
0.977198 0.982244 0.985115 0.980499 0.971456 0.987937 0.983769 0.976953 0.976954 0.976954
0.977917 0.983839 0.986691 0.978850 0.970514 0.990436 0.986739 0.982126 0.982127 0.982127
0.948511 0.965149 0.847499 0.949503 0.941633 0.911359 0.967994 0.957408 0.957408 0.957408
0.984797 1.005609 0.877160 0.988004 0.979544 0.947486 1.003177 0.992661 0.992661 0.992661
0.990850 1.013484 0.880737 0.993322 0.988715 0.957594 1.011830 1.000508 1.000508 1.000508
0.977971 0.992036 0.871138 0.986638 0.979756 0.950106 1.001877 0.989783 0.989783 0.989783
0.983701 1.000501 0.878127 0.999015 0.993087 0.962107 1.013635 1.001714 1.001714 1.001714
0.955251 0.962252 0.844477 0.967575 0.964627 0.937989 0.987441 0.970712 0.970713 0.970713
1.002178 1.009523 0.885962 1.015108 1.012015 0.984068 1.035949 1.018399 1.018399 1.018399
0.840906 0.924164 0.811051 0.929277 0.926446 0.900862 0.948357 0.865322 0.865322 0.865322
0.906620 1.013713 0.891919 1.017324 1.021015 0.988672 1.022777 0.949178 0.949178 0.949178
0.910772 1.025822 0.903767 1.032457 1.034009 0.999592 1.034165 0.963929 0.963929 0.963929
0.915948 1.031568 0.908903 1.038241 1.039886 1.005273 1.040043 0.967648 0.967648 0.967648
0.908453 1.025718 0.903693 1.029827 1.028132 0.998425 1.027215 0.951623 0.951624 0.951624
0.880140 1.020746 0.884895 1.025474 1.006502 0.991711 1.022897 0.942930 0.942930 0.942930
0.877106 1.017227 0.802483 1.021940 1.003033 0.988292 1.019371 0.912285 0.912286 0.912286
0.742724 1.011451 0.797926 0.997496 0.997337 0.966167 1.013583 0.900607 0.900607 0.900607
0.792290 1.072591 0.851401 1.066307 1.064404 1.024904 1.084175 0.959343 0.959343 0.959343
0.786101 1.064213 0.844751 1.057977 0.916141 1.016898 1.075706 0.939136 0.939136 0.939136
0.782194 1.052499 0.736915 1.057672 0.912050 1.014419 1.072279 0.936945 0.936945 0.936945
0.818375 1.100599 0.767905 1.105891 0.951877 1.060166 1.116213 0.978832 0.978832 0.978832
0.729178 1.012212 0.724681 0.975465 0.887433 0.998735 1.044690 0.902260 0.902260 0.902260
0.796495 1.105659 0.791584 1.065520 0.969360 1.090938 1.141135 0.974635 0.974635 0.974635
0.745856 1.017138 0.743610 1.003948 0.911693 1.018002 1.070299 0.890081 0.890081 0.890081
0.790909 1.083748 0.789045 1.054702 0.965105 1.088167 1.143193 0.947516 0.947516 0.947516
0.801036 1.091101 0.795804 1.065478 0.970910 1.094652 1.149986 0.957071 0.957071 0.957071
0.788188 1.073309 0.782936 1.046871 0.958261 1.081004 1.132094 0.932461 0.932460 0.932460
0.809865 1.102826 0.804468 1.075661 0.984614 1.110733 1.163228 0.948675 0.948675 0.948675
0.728807 0.986566 0.726838 0.972726 0.872332 0.978122 1.048491 0.876473 0.876473 0.876473
0.796761 1.069713 0.794647 1.060348 0.951518 1.063633 1.143124 0.959113 0.959113 0.959113
0.801046 1.078480 0.801012 1.066266 0.960519 1.072216 1.149343 0.967991 0.967991 0.967991
0.809354 1.089245 0.811930 1.076910 0.973611 1.082919 1.165009 0.981185 0.981185 0.981185
0.726970 1.016536 0.744300 0.985196 0.826777 1.006890 1.093958 0.912149 0.912150 0.912150
0.778745 1.066869 0.797310 1.055362 0.867714 1.056745 1.171870 0.960426 0.960426 0.960426
0.791711 1.086773 0.811173 1.075554 0.882813 1.078843 1.193834 0.978182 0.978182 0.978182
0.782501 1.071796 0.802164 1.060072 0.858739 1.061442 1.181126 0.959267 0.959267 0.959267
0.785565 1.075993 0.805305 1.064223 0.862101 1.065598 1.075130 0.944140 0.944140 0.944140
0.623282 0.855554 0.678942 0.897232 0.726826 0.833985 0.906427 0.739823 0.739823 0.739823
0.788427 1.082652 0.851285 1.129504 0.915541 1.043740 1.139134 0.927293 0.927293 0.927293
0.799581 1.097096 0.864389 1.146151 0.926908 1.055672 1.151765 0.942928 0.942928 0.942928
0.795320 1.091571 0.857168 1.141276 0.922232 1.039567 1.143419 0.936970 0.936971 0.936971
0.788663 1.081483 0.843887 1.129263 0.915339 1.028629 1.126415 0.910028 0.910028 0.910028
0.782274 1.059448 0.835160 0.952714 0.902589 1.013852 1.102292 0.897694 0.897694 0.897694
0.821850 1.121333 0.882673 1.008345 0.955650 1.072483 1.164945 0.950859 0.950859 0.950859
0.800896 1.093679 0.853280 0.985124 0.933287 1.046689 1.134208 0.905009 0.905010 0.905010
0.827328 1.130757 0.883634 1.020280 0.966073 1.083539 1.173938 0.938255 0.938256 0.938256
0.804442 1.097554 0.855074 0.995642 0.941927 1.055991 1.149056 0.899450 0.899451 0.899451
0.817180 1.116383 0.871837 1.011118 0.962475 1.079091 1.177319 0.919566 0.919567 0.919567
0.805276 1.089869 0.851001 1.003384 0.953620 1.048863 1.168972 0.895161 0.895161 0.895161
0.800182 1.094544 0.853151 1.003549 0.956006 1.055637 1.173236 0.877591 0.877591 0.877591
0.783395 1.040757 0.794029 0.980206 0.872451 1.022445 1.136358 0.844356 0.844356 0.844356
0.830967 1.109213 0.847577 1.043126 0.928673 1.090867 1.211929 0.887028 0.887028 0.887028
0.800934 1.070967 0.824195 1.014283 0.875905 1.059778 1.156385 0.824058 0.824058 0.824058
0.835635 1.117368 0.772785 1.058228 0.913854 0.993674 1.206487 0.859761 0.859762 0.859762
0.819009 1.109920 0.762901 1.051175 0.876432 0.963666 1.171594 0.821861 0.821861 0.821861
0.873738 1.188153 0.811169 1.125416 0.936210 1.022665 1.247745 0.879736 0.879737 0.879737
0.864753 1.183651 0.806981 1.118736 0.927841 1.017094 1.242350 0.870337 0.870338 0.870338
0.771839 1.138761 0.776376 1.072873 0.854414 0.975397 1.195234 0.816380 0.816380 0.816380
0.808361 1.207590 0.824010 1.138077 0.906704 1.032633 1.267574 0.860286 0.860287 0.860287
0.812881 1.214342 0.828617 1.144440 0.911773 1.038406 1.274661 0.844984 0.844985 0.844985
0.806314 1.203805 0.821531 1.134969 0.903044 1.028770 1.260929 0.818179 0.818179 0.818179
0.826132 1.231700 0.833575 1.154967 0.918807 1.052416 1.275661 0.835136 0.835137 0.835137
0.830679 1.233423 0.838366 1.157512 0.923506 1.057055 1.282227 0.840079 0.840079 0.840079
0.819726 1.217159 0.827311 1.132691 0.912046 1.043117 1.266316 0.825020 0.825021 0.825021
0.820434 1.220091 0.830360 1.131239 0.910702 1.045064 1.265689 0.818120 0.818120 0.818120
0.817351 1.217400 0.824847 1.128441 0.909628 1.044119 1.266687 0.801646 0.801646 0.801646
0.806519 1.217117 0.813915 1.128179 0.909417 1.043877 1.266393 0.783573 0.783574 0.783574
0.784806 1.128600 0.815813 1.097806 0.911538 0.996416 1.271525 0.762486 0.762487 0.762487
0.832124 1.194108 0.863395 1.163319 0.962918 1.056822 1.346117 0.804836 0.804837 0.804837
0.795525 1.127074 0.840295 1.124936 0.915381 1.018233 1.284767 0.780046 0.780047 0.780047
0.826991 1.171845 0.866905 1.173271 0.944677 1.062331 1.340316 0.813447 0.813448 0.813448
0.818012 1.156991 0.854172 1.160211 0.933942 1.042678 1.324189 0.802509 0.802510 0.802510
0.827695 1.166312 0.856392 1.164406 0.942704 1.055134 1.336489 0.807515 0.807516 0.807516
0.829085 1.157220 0.855499 1.165408 0.943944 1.052128 1.332319 0.799712 0.799713 0.799713
0.838063 1.164419 0.863130 1.173914 0.950836 1.065578 1.348289 0.811291 0.811292 0.811292
0.819291 1.135160 0.842379 1.144445 0.924756 1.037078 1.238846 0.797440 0.797441 0.797441
0.818628 1.139649 0.843512 1.072544 0.890371 0.956156 1.240512 0.799066 0.799067 0.799067
0.825333 1.164774 0.856010 1.082178 0.911644 0.974107 1.262581 0.801842 0.801843 0.801843
0.855054 1.208812 0.886863 1.124211 0.946208 1.012045 1.305630 0.830559 0.830560 0.830560
0.808483 1.142973 0.838560 1.062980 0.894672 0.956923 1.234518 0.710995 0.710996 0.710996
0.878213 1.240293 0.911114 1.152964 0.971552 1.037132 1.337319 0.770621 0.770622 0.770622
0.811418 1.190076 0.867322 1.084759 0.929496 0.972857 1.232884 0.701176 0.701177 0.701177
0.867257 1.260326 0.925112 1.156424 0.986785 1.034758 1.316489 0.746934 0.746935 0.746935
0.779061 1.141861 0.819278 1.019355 0.877476 0.952405 1.139811 0.669631 0.669631 0.669631
0.883635 1.295134 0.929250 1.156184 0.995260 1.080247 1.292809 0.751214 0.751215 0.751215
0.870848 1.280941 0.919484 1.141465 0.981154 1.063514 1.279256 0.746587 0.746587 0.746587
0.863249 1.268794 0.912192 1.131210 0.975751 1.057431 1.160254 0.742140 0.742141 0.742141
0.816835 1.223477 0.865643 1.084524 0.933175 1.001040 1.119972 0.714745 0.714746 0.714746
0.866713 1.298185 0.918501 1.150748 0.990156 1.062166 1.188360 0.734642 0.734642 0.734642
0.837398 1.263751 0.895280 1.117237 0.946645 1.010841 1.154848 0.714039 0.714040 0.714040
0.807182 1.169373 0.836930 1.094545 0.944525 1.002649 1.010843 0.711959 0.711960 0.711960
0.871436 1.272905 0.911029 1.191453 1.019711 1.091420 1.091308 0.760944 0.760945 0.760945
0.868814 1.279473 0.912515 1.192308 1.016008 1.091307 1.095772 0.760007 0.760008 0.760008
0.780273 1.100149 0.826300 1.109624 0.903624 1.022617 1.026801 0.711316 0.711317 0.711317
0.765065 1.125242 0.832968 1.062417 0.882845 0.977781 1.040568 0.719119 0.719120 0.719120
0.812968 1.204175 0.884666 1.121464 0.936934 1.024692 1.107496 0.760656 0.760657 0.760657
0.813379 1.204785 0.885114 1.122031 0.937408 1.025211 1.108056 0.698961 0.698962 0.698962
0.825423 1.260058 0.922310 1.173508 0.974648 1.058756 1.158252 0.726683 0.726684 0.726684
0.840451 1.280111 0.935999 1.177111 0.989443 1.078545 1.178759 0.733793 0.733794 0.733794
