0.955156 0.946000 0.945911 0.952649 0.955416 0.958947 0.958185 0.953162 0.953162 0.953162
0.939990 0.932584 0.939155 0.945782 0.920073 0.951203 0.933492 0.904113 0.904114 0.904114
0.997083 0.984718 0.994315 0.999722 0.972549 1.010928 0.991323 0.962489 0.962489 0.962489
0.985966 0.971547 0.979980 0.973880 0.958848 1.000133 0.979788 0.943886 0.943886 0.943886
1.006231 0.985622 0.995936 0.991357 0.971996 1.013791 0.993151 0.960699 0.960699 0.960699
0.989313 0.981194 0.992315 0.987214 0.968320 1.007559 0.988765 0.950377 0.950377 0.950377
0.889817 0.890079 0.879893 0.871291 0.862135 0.928531 0.857141 0.853085 0.853085 0.853085
0.989794 0.989214 0.971721 0.967078 0.959867 1.030616 0.947194 0.929427 0.929427 0.929427
0.984512 0.981190 0.964912 0.959258 0.949833 1.020558 0.885500 0.929505 0.929504 0.929504
1.002254 0.998873 0.982302 0.976545 0.966950 1.038950 0.817359 0.927701 0.927701 0.927701
0.997115 0.998488 0.979372 0.911236 0.926973 0.953742 0.814921 0.925575 0.925575 0.925575
1.046657 1.049915 1.028064 0.959124 0.974817 1.003965 0.853829 0.971377 0.971377 0.971377
1.025396 1.029470 0.999115 0.942021 0.957068 0.985031 0.835723 0.929456 0.929456 0.929456
1.038118 1.042242 0.909032 0.953708 0.968943 0.896217 0.846091 0.940988 0.940987 0.940987
1.022559 1.026621 0.895408 0.939414 0.954420 0.882785 0.833410 0.839159 0.839159 0.839159
1.106033 1.106276 0.959659 1.007845 1.029826 0.954952 0.899172 0.902639 0.902639 0.902639
1.105024 1.109170 0.955776 1.009150 1.030874 0.955354 0.896701 0.900570 0.900570 0.900570
1.102106 1.111544 0.953878 0.997136 1.026387 0.960486 0.900828 0.901684 0.901685 0.901685
0.987271 0.953324 0.861557 0.925624 0.910531 0.897740 0.841979 0.841769 0.841770 0.841770
1.082097 1.047685 0.947026 1.014139 0.990257 0.989191 0.924794 0.923244 0.923245 0.923245
0.986880 0.949835 0.867140 0.929417 0.889122 0.882799 0.844779 0.864442 0.864443 0.864443
1.086306 1.039367 0.954756 1.025210 0.979168 0.966327 0.932426 0.950180 0.950181 0.950181
1.022152 0.960769 0.901222 0.970630 0.925363 0.906075 0.878767 0.871937 0.871937 0.871937
1.080616 1.024044 0.957203 1.029983 0.977680 0.960691 0.935645 0.923452 0.923452 0.923452
1.062359 1.024251 0.959849 1.028173 0.982496 0.961389 0.920115 0.923647 0.923647 0.923647
0.982907 0.909703 0.861261 0.966844 0.940932 0.915307 0.773041 0.883977 0.883977 0.883977
1.068525 0.968904 0.936283 1.051063 1.002167 0.974873 0.840378 0.944566 0.944567 0.944567
1.051722 0.964555 0.816096 1.034629 0.986725 0.910305 0.836606 0.934411 0.934411 0.934411
1.044284 0.987056 0.832056 1.058765 1.003803 0.919821 0.855649 0.950524 0.950525 0.950525
1.055000 0.998739 0.838163 1.071009 1.016730 0.931922 0.868374 0.944491 0.944492 0.944492
1.045899 0.984116 0.728481 1.066765 1.008470 0.926233 0.862427 0.938824 0.938824 0.938824
1.086709 1.023423 0.757560 1.105713 1.046034 0.964099 0.898124 0.979901 0.979901 0.979901
1.039497 0.966513 0.737706 1.069832 0.994954 0.929418 0.857673 0.950253 0.950253 0.950253
1.002701 0.968192 0.733153 1.050840 0.993774 0.910184 0.825490 0.902670 0.902669 0.902669
1.029924 1.008146 0.758007 1.080218 1.036653 0.944710 0.855976 0.922840 0.922840 0.922840
1.066718 1.044334 0.779131 1.122483 1.065890 0.981995 0.889697 0.958811 0.958811 0.958811
1.076620 1.054028 0.786364 1.132902 1.075784 0.991110 0.897955 0.957133 0.957133 0.957133
1.034218 1.025877 0.755394 1.102645 1.047052 0.964639 0.873973 0.910780 0.910780 0.910780
1.052523 1.045645 0.770931 1.119754 1.063094 0.982697 0.888234 0.918353 0.918354 0.918354
1.069920 1.065025 0.784241 1.141042 1.081463 1.003126 0.904773 0.935219 0.935220 0.935220
1.062677 1.047811 0.776816 1.132392 1.073753 0.991833 0.894343 0.918372 0.918372 0.918372
1.079415 1.064228 0.789051 1.150134 1.090665 1.007454 0.908429 0.931143 0.931144 0.931144
1.061035 1.046107 0.775616 1.121090 1.072938 0.990300 0.893664 0.910893 0.910893 0.910893
1.066293 1.055037 0.782592 1.128636 1.078581 0.994179 0.901727 0.923126 0.923127 0.923127
1.020093 1.016949 0.755302 1.084989 1.021040 0.936832 0.867677 0.888411 0.888412 0.888412
1.011738 1.022235 0.754547 1.090628 0.990923 0.919391 0.852646 0.859390 0.859391 0.859391
0.881906 1.046301 0.772311 1.095827 1.014252 0.925223 0.872720 0.873321 0.873321 0.873321
0.935654 1.110487 0.812177 1.157019 1.071541 0.971172 0.919883 0.918077 0.918077 0.918077
0.900822 1.038390 0.743348 1.111350 0.961658 0.925022 0.876180 0.868647 0.868647 0.868647
0.954653 1.091340 0.789444 1.185243 1.023190 0.985443 0.931514 0.922681 0.922682 0.922682
0.981258 1.121754 0.811444 1.218274 1.051705 1.012905 0.957473 0.948395 0.948396 0.948396
0.968963 1.107111 0.798059 1.202245 1.035958 0.999106 0.940702 0.935125 0.935126 0.935126
0.938636 1.083917 0.779968 1.172223 1.012449 0.980288 0.920405 0.893731 0.893731 0.893731
0.962912 1.112278 0.797707 1.203841 1.038931 0.995605 0.942390 0.915933 0.915934 0.915934
0.944625 1.091154 0.712131 1.180978 1.019200 0.976697 0.924493 0.872343 0.872344 0.872344
0.982616 1.133481 0.733601 1.220132 1.052821 1.014397 0.949571 0.904015 0.904017 0.904017
0.980576 1.133934 0.735890 1.222181 1.052614 1.018010 0.951966 0.901302 0.901303 0.901303
0.994282 1.149341 0.748582 1.238786 1.070769 1.031842 0.968385 0.916848 0.916849 0.916849
0.984548 1.135675 0.739878 1.225945 1.056361 1.022058 0.957431 0.903804 0.903805 0.903805
0.966045 1.103948 0.719099 1.211351 1.042154 0.989168 0.946567 0.876044 0.876045 0.876045
0.945262 1.087857 0.703265 1.177443 1.018442 0.954556 0.927689 0.853283 0.853284 0.853284
0.976175 1.123128 0.726168 1.214189 1.054967 0.989350 0.958495 0.872523 0.872524 0.872524
0.998229 1.149500 0.744420 1.244844 1.081021 1.013857 0.982070 0.895458 0.895459 0.895459
0.993389 1.139257 0.740991 1.234742 1.075363 1.007843 0.976962 0.891485 0.891486 0.891486
0.936750 1.023732 0.719750 1.164343 1.044536 0.932269 0.950585 0.840666 0.840667 0.840667
0.999286 1.092075 0.767799 1.242072 1.114267 0.994505 1.014044 0.886849 0.886850 0.886850
0.993223 1.075509 0.761579 1.231357 1.100064 0.983673 1.006945 0.878534 0.878535 0.878535
1.007000 1.090427 0.772143 1.248437 1.115323 0.997317 1.020911 0.881953 0.881955 0.881955
0.979133 1.058396 0.747178 1.218276 1.087435 0.971951 0.999262 0.845468 0.845469 0.845469
0.853500 1.006562 0.710586 1.158613 1.034178 0.924351 0.950324 0.746304 0.746305 0.746305
0.943663 1.121180 0.790363 1.290520 1.152350 1.029041 1.056965 0.831923 0.831925 0.831925
0.932505 1.107923 0.781017 1.275260 0.987826 1.016873 1.044467 0.811107 0.811108 0.811108
0.960870 1.140717 0.805763 1.314817 1.016136 1.045000 1.072992 0.838016 0.838017 0.838017
0.949647 1.135659 0.803252 1.312779 1.012412 1.039441 1.067379 0.837266 0.837267 0.837267
0.731367 0.876511 0.657347 1.074323 0.828515 0.789652 0.873498 0.636834 0.636835 0.636835
0.906492 1.072948 0.812909 1.132566 1.020868 0.972552 1.068123 0.784984 0.784985 0.784985
0.847030 1.045818 0.780937 1.033393 0.950494 0.886185 1.031547 0.756280 0.756281 0.756281
0.926931 1.143597 0.855289 1.130579 1.043533 0.972721 1.032855 0.829933 0.829934 0.829934
0.843455 1.121662 0.838884 1.105355 0.979673 0.951019 1.013044 0.793647 0.793648 0.793648
0.893177 1.178047 0.888379 1.167130 1.035084 1.001723 1.069835 0.841236 0.841237 0.841237
0.889995 1.183565 0.892540 1.172597 1.031397 1.006415 1.066024 0.829854 0.829855 0.829855
0.888866 1.179889 0.887955 1.170783 1.029560 0.997371 1.063406 0.826631 0.826631 0.826631
0.805360 1.103460 0.852125 1.050144 0.976067 0.955446 1.012075 0.774833 0.774834 0.774834
0.870942 1.193317 0.921515 1.135659 1.055550 1.033250 1.094490 0.818449 0.818450 0.818450
0.869175 1.188308 0.920136 1.130188 1.036743 1.026463 1.093362 0.810422 0.810422 0.810422
0.813914 1.133984 0.864128 1.072309 0.981223 0.961646 1.044458 0.772413 0.772414 0.772414
0.872849 1.214863 0.926934 1.148267 1.051967 1.028975 1.117020 0.826526 0.826526 0.826526
0.870166 1.214522 0.926504 1.144968 1.052990 1.028558 1.113655 0.827163 0.827164 0.827164
0.792177 1.148800 0.860832 1.061643 0.906294 0.969296 1.059898 0.779378 0.779379 0.779379
0.844666 1.232958 0.922619 1.136961 0.967658 1.038572 1.136932 0.830684 0.830685 0.830685
0.846904 1.239355 0.927350 1.140064 0.967170 1.042764 1.135174 0.825850 0.825851 0.825851
0.852146 1.251307 0.929980 1.151210 0.974417 1.043710 1.140245 0.833763 0.833764 0.833764
0.847101 1.247206 0.926464 1.152001 0.976109 1.044517 1.140117 0.833932 0.833933 0.833933
0.846107 1.247827 0.923474 1.149775 0.978080 1.047980 1.141585 0.834409 0.834410 0.834410
0.839092 1.237481 0.915818 1.140242 0.969970 1.039291 1.132120 0.801579 0.801580 0.801580
0.839064 1.236693 0.915349 1.139977 0.968475 1.037997 1.129006 0.782445 0.782446 0.782446
0.847876 1.255632 0.930818 1.155714 0.982076 1.055026 1.147080 0.783070 0.783071 0.783071
0.817727 1.210984 0.897719 1.114619 0.947155 1.017511 1.106291 0.693620 0.693621 0.693621
0.842234 1.281159 0.934516 1.179946 0.985740 1.074444 1.171157 0.730653 0.730654 0.730654
0.850199 1.294959 0.946855 1.190764 1.000920 1.091055 1.192431 0.742305 0.742306 0.742306
