0.982521 0.985039 0.989820 0.988122 0.986375 0.985377 0.989495 0.989495 0.989495 0.989495
0.937867 0.952645 0.957121 0.949815 0.958226 0.921114 0.967129 0.967129 0.967129 0.967129
0.964271 0.981392 0.951382 0.973370 0.985232 0.944258 0.997250 0.997250 0.997250 0.997250
0.952718 0.955810 0.935942 0.947548 0.966502 0.933848 0.991694 0.991694 0.991694 0.991694
0.975404 0.981288 0.960498 0.972547 0.990718 0.957944 1.018343 1.018343 1.018343 1.018343
0.953063 0.953785 0.942593 0.956946 0.971552 0.933607 1.005103 1.005103 1.005103 1.005103
0.951809 0.944583 0.910982 0.946374 0.967673 0.916629 1.011860 1.011860 1.011860 1.011860
0.951374 0.954748 0.897091 0.941441 0.977060 0.926432 1.027119 1.027119 1.027119 1.027119
0.937908 0.898373 0.886928 0.915507 0.956006 0.914520 1.024994 1.024994 1.024994 1.024994
0.971100 0.927649 0.914910 0.947672 0.987506 0.946411 1.062345 1.062345 1.062345 1.062345
0.954735 0.907039 0.889888 0.928329 0.971211 0.914606 1.046992 1.046992 1.046992 1.046992
0.955532 0.893964 0.866964 0.928848 0.946874 0.915706 1.050032 1.050032 1.050031 1.050031
0.958871 0.893964 0.872616 0.930910 0.948057 0.921606 1.058957 1.058957 1.058957 1.058957
0.921745 0.894053 0.868880 0.887523 0.945012 0.920146 1.056980 1.056980 1.056979 1.056979
0.919355 0.878937 0.868930 0.868129 0.941425 0.899227 1.066291 1.066291 1.066291 1.066291
0.861511 0.815733 0.816140 0.813508 0.867781 0.842649 1.005328 1.005328 1.005327 1.005327
0.927047 0.869517 0.877679 0.861918 0.926856 0.899921 1.083644 1.083644 1.083643 1.083643
0.937516 0.877711 0.879620 0.873705 0.940027 0.909219 1.099394 1.099394 1.099393 1.099393
0.863311 0.821404 0.824740 0.816007 0.885013 0.850891 1.026521 1.026521 1.026521 1.026521
0.916109 0.873697 0.875664 0.864936 0.936972 0.903617 1.093682 1.093682 1.093681 1.093681
0.911751 0.870791 0.857222 0.863663 0.929545 0.902748 1.097572 1.097572 1.097571 1.097571
0.909989 0.867523 0.854771 0.864088 0.930857 0.906977 1.099515 1.099515 1.099515 1.099515
0.908314 0.860425 0.856907 0.862992 0.935414 0.911409 1.107022 1.107022 1.107021 1.107021
0.914335 0.822869 0.860810 0.862592 0.938657 0.916180 1.116089 1.116089 1.116089 1.116089
0.898056 0.806592 0.814955 0.831048 0.917007 0.895708 1.095953 1.095953 1.095953 1.095953
0.916033 0.826787 0.832681 0.851469 0.941028 0.912443 1.122218 1.122218 1.122217 1.122217
0.914221 0.831540 0.830825 0.853118 0.937580 0.914048 1.128251 1.128251 1.128250 1.128250
0.916098 0.829840 0.829443 0.843807 0.932552 0.916955 1.128194 1.128194 1.128193 1.128193
0.910954 0.833589 0.831995 0.846952 0.939944 0.916895 1.137479 1.137479 1.137478 1.137478
0.921490 0.842060 0.841483 0.855505 0.947932 0.925628 1.152370 1.152370 1.152369 1.152369
0.896472 0.824925 0.814090 0.834162 0.905619 0.906321 1.132747 1.132747 1.132746 1.132746
0.900466 0.824070 0.821028 0.835574 0.898233 0.912739 1.144652 1.144652 1.144651 1.144651
0.887046 0.808484 0.801655 0.796425 0.862374 0.901178 1.132349 1.132349 1.132348 1.132348
0.898271 0.812587 0.806040 0.799755 0.867544 0.858853 1.148407 1.148407 1.148406 1.148406
0.896669 0.801206 0.800960 0.792991 0.874382 0.862447 1.161145 1.161145 1.161145 1.161145
0.890908 0.794868 0.789967 0.740431 0.862874 0.856179 1.166962 1.166962 1.166962 1.166962
0.892024 0.794662 0.790691 0.738447 0.853866 0.856842 1.160583 1.160583 1.160582 1.160582
0.907987 0.806913 0.804573 0.754100 0.869493 0.875429 1.189062 1.189062 1.189061 1.189061
0.896528 0.782621 0.779013 0.737886 0.855127 0.860376 1.166859 1.166859 1.166858 1.166858
0.896098 0.801290 0.797222 0.756022 0.877428 0.878019 1.196453 1.196453 1.196452 1.196452
0.897541 0.803233 0.799787 0.756623 0.880934 0.881686 1.202649 1.202649 1.202648 1.202648
0.834595 0.770722 0.758925 0.708254 0.826345 0.813805 1.158031 1.158031 1.158030 1.158030
0.875623 0.799453 0.797757 0.743070 0.866697 0.856234 1.219436 1.219436 1.219434 1.219434
0.844863 0.790093 0.785694 0.731570 0.861750 0.844823 1.213504 1.213504 1.213502 1.213502
0.852315 0.792606 0.785002 0.727201 0.845954 0.844008 1.223179 1.223179 1.223178 1.223178
0.851792 0.789734 0.783706 0.719353 0.836384 0.835791 1.223309 1.223309 1.223307 1.223307
0.841261 0.786220 0.777960 0.709129 0.834082 0.815500 1.220108 1.220108 1.220107 1.220107
0.837374 0.791723 0.758638 0.711740 0.835471 0.819866 1.235953 1.235953 1.235951 1.235951
0.855213 0.807687 0.774705 0.727429 0.851851 0.836883 1.263887 1.263887 1.263886 1.263886
0.844185 0.775572 0.761375 0.702270 0.839013 0.819122 1.244526 1.244526 1.244525 1.244525
0.847426 0.780833 0.763456 0.703539 0.831771 0.823977 1.253897 1.253897 1.253895 1.253895
0.852756 0.781627 0.768920 0.707062 0.838308 0.829895 1.262803 1.262803 1.262802 1.262802
0.810744 0.732230 0.755451 0.691682 0.823767 0.813175 1.242330 1.242330 1.242329 1.242329
0.806855 0.727597 0.757613 0.692041 0.813737 0.807730 1.238955 1.238955 1.238954 1.238954
0.828518 0.729836 0.777673 0.711796 0.833451 0.829971 1.277480 1.277480 1.277479 1.277479
0.817392 0.724225 0.762667 0.705921 0.822148 0.816798 1.273434 1.273434 1.273433 1.273433
0.816931 0.729025 0.766007 0.708067 0.815156 0.817788 1.283695 1.283695 1.283695 1.283695
0.798040 0.719040 0.748443 0.699360 0.765309 0.804666 1.272784 1.272784 1.272783 1.272783
0.820465 0.737513 0.769011 0.717005 0.786837 0.828243 1.312104 1.312104 1.312104 1.312104
0.820734 0.739791 0.771481 0.716716 0.787420 0.829038 1.317100 1.317100 1.317100 1.317100
