0.966084 0.958557 0.975826 0.974806 0.972371 0.969834 0.979065 0.979065 0.979065 0.979065
0.938725 0.944460 0.954270 0.952070 0.957902 0.943934 0.962976 0.962976 0.962976 0.962976
0.966603 0.974578 0.986008 0.984402 0.978379 0.971843 0.996777 0.996777 0.996778 0.996778
0.952205 0.929625 0.979795 0.977624 0.973631 0.969215 0.996299 0.996299 0.996299 0.996299
0.911331 0.875606 0.936987 0.924321 0.927637 0.926793 0.935054 0.935054 0.935053 0.935053
0.894274 0.735152 0.903041 0.906969 0.897450 0.891789 0.914740 0.914740 0.914740 0.914740
0.979874 0.803682 0.983543 0.982882 0.981137 0.977194 1.005701 1.005701 1.005701 1.005701
0.865312 0.567355 0.323359 0.879975 0.876696 0.861417 0.898402 0.898402 0.898402 0.898402
1.071748 0.700980 0.400606 1.089944 1.086630 1.064423 1.116714 1.116714 1.116714 1.116714
1.034386 0.664484 0.389012 1.029732 1.048253 1.029853 1.090786 1.090786 1.090786 1.090786
0.974982 0.622176 0.357962 0.980619 1.011149 0.998441 1.040089 1.040089 1.040089 1.040089
0.927097 0.592767 0.318170 0.863252 0.963445 0.246434 1.005464 1.005464 1.005464 1.005464
1.126696 0.727411 0.390068 1.059443 1.182354 0.299358 1.235415 1.235415 1.235415 1.235415
1.124628 0.722968 0.385085 1.039699 1.184747 0.300595 1.244649 1.244649 1.244649 1.244649
0.928616 0.153974 0.310884 0.901372 1.027025 0.260613 1.087174 1.087174 1.087174 1.087174
1.146428 0.190017 0.382639 1.108516 1.248659 0.321531 1.345864 1.345864 1.345863 1.345863
1.149236 0.190701 0.382593 1.107457 1.235239 0.319675 1.354063 1.354063 1.354063 1.354063
1.125307 0.187058 0.374284 1.085385 1.180214 0.303329 1.331402 1.331402 1.331402 1.331402
1.099902 0.187246 0.364781 1.081786 1.137835 0.302951 1.340627 1.340627 1.340626 1.340626
1.043895 0.182843 0.347747 1.050661 1.094810 0.296603 1.303649 1.303649 1.303649 1.303649
1.078302 0.189320 0.364485 1.097771 1.145227 0.308466 1.375320 1.375320 1.375320 1.375320
1.077126 0.185914 0.362093 1.084818 1.130516 0.300020 1.380094 1.380094 1.380094 1.380094
1.080907 0.186659 0.332290 1.083963 1.114773 0.299575 1.389267 1.389267 1.389266 1.389266
1.076863 0.187709 0.327378 1.089449 1.120829 0.297454 1.405858 1.405858 1.405857 1.405857
1.043039 0.182695 0.318312 1.053469 1.060170 0.290266 1.361320 1.361320 1.361319 1.361319
0.738274 0.131294 0.221207 0.729865 0.756958 0.204190 0.726821 0.726821 0.726820 0.726820
1.211984 0.212830 0.365561 1.197455 1.232513 0.319467 1.204164 1.204164 1.204162 1.204162
1.218500 0.200535 0.367373 1.200655 1.244155 0.293923 1.215127 1.215127 1.215126 1.215126
1.166759 0.204644 0.377683 1.232650 1.267489 0.292564 1.252781 1.252781 1.252779 1.252779
1.104511 0.196197 0.362399 1.192735 1.242544 0.282529 1.223789 1.223789 1.223787 1.223787
0.777666 0.139985 0.255587 0.841192 0.876321 0.089406 0.931691 0.931691 0.931689 0.931689
1.066199 0.199602 0.364403 1.172319 1.246481 0.118849 1.334848 1.334848 1.334845 1.334845
1.049962 0.196443 0.360060 1.138792 1.231876 0.118200 1.306409 1.306409 1.306406 1.306406
1.067248 0.188418 0.367201 1.105209 1.259749 0.120406 1.342376 1.342376 1.342373 1.342373
1.040943 0.180360 0.367559 1.039617 1.232549 0.120808 1.350299 1.350299 1.350296 1.350296
0.900321 0.155489 0.313549 0.899778 1.062253 0.024048 1.164084 1.164084 1.164081 1.164081
1.062608 0.183279 0.352975 1.061349 1.238592 0.026808 1.377390 1.377390 1.377386 1.377386
1.095952 0.183998 0.358072 1.063681 1.266718 0.027061 1.410995 1.410995 1.410992 1.410992
0.975571 0.173588 0.335826 1.001835 1.176438 0.023651 1.352964 1.352964 1.352961 1.352961
1.038350 0.184211 0.355781 1.067991 1.229642 0.025010 1.447759 1.447759 1.447756 1.447756
1.028697 0.183862 0.344766 1.059473 1.218860 0.024606 1.442350 1.442350 1.442347 1.442347
1.020493 0.173401 0.341309 1.045046 1.214714 0.023974 1.439435 1.439435 1.439432 1.439432
0.925891 0.156393 0.294819 0.949803 1.054230 0.021924 1.334809 1.334809 1.334806 1.334806
0.999366 0.160316 0.318667 1.026321 1.124374 0.022677 1.446651 1.446651 1.446647 1.446647
1.035995 0.167283 0.333093 1.068617 1.176239 0.023733 1.515726 1.515726 1.515722 1.515722
0.968020 0.159601 0.318631 1.015100 1.111845 0.022716 1.451808 1.451808 1.451804 1.451804
0.984220 0.163005 0.326697 1.035211 1.131615 0.023114 1.502045 1.502045 1.502041 1.502041
0.971471 0.146178 0.321088 1.003254 1.100868 0.022686 1.487359 1.487359 1.487355 1.487355
0.980616 0.148616 0.324743 1.025549 1.040378 0.023178 1.521206 1.521206 1.521202 1.521202
0.988375 0.146023 0.320972 1.034358 1.027297 0.023300 1.544360 1.544360 1.544357 1.544357
0.977008 0.144249 0.317211 1.023704 1.004047 0.022531 1.530277 1.530277 1.530274 1.530274
0.955781 0.143863 0.303308 0.981505 1.003560 0.022461 1.531975 1.531975 1.531971 1.531971
0.969611 0.144920 0.305289 0.995513 0.970387 0.022599 1.550846 1.550846 1.550842 1.550842
0.966707 0.142837 0.299388 0.987910 0.963882 0.022174 1.546266 1.546266 1.546263 1.546263
0.176423 0.131468 0.274255 0.905042 0.869072 0.019362 1.425982 1.425982 1.425979 1.425979
0.205091 0.153577 0.323433 1.075664 1.026765 0.023084 1.702975 1.702975 1.702972 1.702972
0.202712 0.151462 0.316772 1.032790 0.911601 0.022811 1.699927 1.699927 1.699923 1.699923
0.205563 0.154138 0.312537 1.035557 0.923381 0.022639 1.729332 1.729332 1.729328 1.729328
0.178226 0.126913 0.096324 0.901641 0.803551 0.018690 1.473557 1.473557 1.473553 1.473553
0.207224 0.143106 0.114632 1.066911 0.950093 0.021086 1.760505 1.760505 1.760501 1.760501
