0.175564 0.885430 0.881238 0.881302 0.867372 0.839986 0.887163 0.887163 0.887163 0.887163
0.194403 1.044910 1.047676 1.046309 1.021855 0.966880 1.057719 1.057719 1.057719 1.057719
0.197693 1.044610 1.059568 1.052605 1.026916 0.957361 1.080528 1.080528 1.080527 1.080527
0.194906 0.971814 1.048092 0.990849 1.018578 0.945911 1.076895 1.076895 1.076894 1.076894
0.198242 0.998090 1.075401 1.017743 1.046177 0.961682 1.107414 1.107414 1.107414 1.107414
0.191062 0.949854 1.043354 0.980291 1.000057 0.883329 1.077129 1.077129 1.077129 1.077129
0.194728 0.950823 1.069895 0.978001 1.018763 0.902501 1.111039 1.111039 1.111038 1.111038
0.199866 0.977024 1.095305 1.000392 1.031874 0.918713 1.144495 1.144495 1.144494 1.144494
0.196370 0.959308 1.075913 0.984089 1.002410 0.883015 1.127187 1.127187 1.127187 1.127187
0.175902 0.910730 1.015424 0.932709 0.936831 0.776620 1.087636 1.087636 1.087635 1.087635
0.180935 0.959393 1.041477 0.978304 0.950497 0.816278 1.152531 1.152531 1.152530 1.152530
0.184339 0.973253 1.049437 0.979929 0.972119 0.836604 1.185160 1.185160 1.185159 1.185159
0.155465 0.211710 0.865341 0.867720 0.860723 0.740837 1.057347 1.057347 1.057346 1.057346
0.177045 0.244173 0.998876 1.010062 1.015067 0.860656 1.242548 1.242548 1.242547 1.242547
0.187455 0.259080 1.061264 1.073878 1.066065 0.911145 1.322509 1.322509 1.322509 1.322509
0.179867 0.252076 1.024835 1.035707 1.037061 0.875716 1.284501 1.284501 1.284500 1.284500
0.179597 0.252297 1.038321 1.046041 1.048623 0.880355 1.309905 1.309905 1.309904 1.309904
0.122157 0.174235 0.693396 0.696424 0.719483 0.595115 0.672065 0.672065 0.672065 0.672065
0.209875 0.299495 1.089424 1.191380 1.214644 1.017361 1.158264 1.158264 1.158263 1.158263
0.205864 0.275320 1.068159 1.165468 1.196254 0.913216 1.140342 1.140342 1.140341 1.140341
0.213615 0.278499 1.086903 1.210160 1.216062 0.945099 1.191856 1.191856 1.191855 1.191855
0.214590 0.272322 1.073933 1.181286 1.211341 0.929221 1.189191 1.189191 1.189190 1.189190
0.215898 0.273171 1.075473 1.190366 1.196825 0.928837 1.202862 1.202862 1.202861 1.202861
0.191820 0.243178 0.893182 0.979119 1.065516 0.214208 1.086500 1.086500 1.086498 1.086498
0.227506 0.289827 1.074676 1.187276 1.284349 0.260561 1.323829 1.323829 1.323828 1.323828
0.213494 0.270175 0.984534 1.125657 1.233418 0.251499 1.256728 1.256728 1.256726 1.256726
0.220981 0.285096 0.996037 1.141916 1.304397 0.265272 1.331168 1.331168 1.331166 1.331166
0.223857 0.279651 1.017802 1.166184 1.334845 0.272050 1.368226 1.368226 1.368224 1.368224
0.199473 0.236646 0.322391 1.043550 1.193850 0.230818 1.198210 1.198210 1.198208 1.198208
0.237933 0.281651 0.381050 1.209163 1.279145 0.275254 1.443415 1.443415 1.443412 1.443412
0.241910 0.286862 0.387064 1.230493 1.269014 0.271191 1.473665 1.473665 1.473662 1.473662
0.242445 0.289644 0.379439 1.234861 1.272502 0.269910 1.485216 1.485216 1.485213 1.485213
0.163051 0.197397 0.255611 0.831871 0.857228 0.081585 1.080044 1.080044 1.080042 1.080042
0.218017 0.225830 0.335681 1.112239 1.130060 0.106970 1.439711 1.439711 1.439708 1.439708
0.199051 0.164825 0.114101 1.029531 1.043983 0.097491 1.329686 1.329686 1.329684 1.329684
0.230475 0.187301 0.135585 1.149654 1.212584 0.116121 1.587828 1.587828 1.587825 1.587825
0.230613 0.184440 0.135557 1.136402 1.207839 0.116088 1.557989 1.557989 1.557986 1.557986
0.245940 0.196214 0.144604 1.211967 1.289040 0.123513 1.667479 1.667479 1.667475 1.667475
0.224750 0.184486 0.132733 1.133391 1.194245 0.116435 1.561281 1.561281 1.561277 1.561277
0.222932 0.190316 0.136915 1.142769 1.228979 0.111981 1.618339 1.618339 1.618335 1.618335
0.225735 0.191208 0.140035 1.167585 1.252530 0.113829 1.660705 1.660705 1.660702 1.660702
0.221939 0.188660 0.133955 1.135058 1.230077 0.109534 1.637980 1.637980 1.637977 1.637977
0.225512 0.191260 0.135295 1.140681 1.247064 0.111303 1.670003 1.670003 1.669999 1.669999
0.221319 0.170536 0.132212 1.099151 1.206246 0.108620 1.644224 1.644224 1.644221 1.644221
0.222122 0.171927 0.133811 1.106475 1.211866 0.109098 1.679186 1.679186 1.679183 1.679183
0.220079 0.168401 0.130409 1.091193 1.196254 0.106380 1.663812 1.663812 1.663809 1.663809
0.220759 0.170510 0.129362 1.104236 1.210999 0.106351 1.695226 1.695226 1.695223 1.695223
0.217942 0.169545 0.127961 1.103981 1.119320 0.106271 1.695720 1.695720 1.695717 1.695717
0.213780 0.166092 0.119720 1.082267 1.084688 0.098455 1.667542 1.667542 1.667539 1.667539
0.213443 0.166635 0.119990 1.078757 1.057585 0.099035 1.664448 1.664448 1.664444 1.664444
0.214384 0.158954 0.120690 1.084726 1.049633 0.095322 1.678654 1.678654 1.678650 1.678650
0.196525 0.144848 0.105330 0.996077 0.920393 0.088077 1.572761 1.572761 1.572758 1.572758
0.206819 0.155649 0.113481 1.065680 0.979871 0.094949 1.696674 1.696674 1.696670 1.696670
0.205192 0.149762 0.115238 1.076031 0.988611 0.091410 1.729707 1.729707 1.729703 1.729703
0.208017 0.150758 0.115911 1.090633 0.955270 0.091906 1.749801 1.749801 1.749797 1.749797
0.206596 0.142343 0.114880 1.077018 0.953114 0.089645 1.748270 1.748270 1.748267 1.748267
0.174595 0.119905 0.095756 0.910805 0.802620 0.017436 1.472664 1.472664 1.472661 1.472661
0.213153 0.146330 0.116548 1.107672 0.964984 0.021273 1.802824 1.802824 1.802819 1.802819
0.204283 0.140155 0.112074 1.047167 0.928127 0.020590 1.717144 1.717144 1.717140 1.717140
0.214231 0.147945 0.118509 1.102991 0.982222 0.021799 1.820041 1.820041 1.820037 1.820037
