0.983750 0.974625 0.985420 0.984343 0.984114 0.983750 0.982363 0.978201 0.978201 0.978201
0.990694 0.983885 0.994310 0.994252 0.993410 0.992873 0.991226 0.982628 0.982628 0.982628
0.987591 0.981172 0.991073 0.991138 0.985622 0.981224 0.984543 0.970333 0.970333 0.970333
0.992891 0.986438 0.996392 0.980704 0.967046 0.971866 0.989826 0.974926 0.974926 0.974926
0.961471 0.932446 0.954870 0.956397 0.931010 0.931980 0.948198 0.943639 0.943639 0.943639
0.989067 0.951458 0.967415 0.984273 0.943427 0.950984 0.973804 0.951318 0.951317 0.951317
1.022657 0.983771 0.988710 1.016467 0.975467 0.983255 1.006849 0.977598 0.977598 0.977598
1.000186 0.978631 0.983545 1.008904 0.952584 0.976400 0.999357 0.966532 0.966532 0.966532
0.974729 0.986308 0.989098 1.012424 0.956062 0.981673 1.006176 0.967683 0.967683 0.967683
0.989836 0.996412 0.999231 1.028115 0.970880 0.996888 1.016485 0.982681 0.982680 0.982680
0.993958 0.995789 1.003285 1.032516 0.975036 0.999533 1.020608 0.986842 0.986842 0.986842
0.992214 0.993529 1.001524 1.030773 0.971399 0.997779 1.018885 0.981094 0.981093 0.981093
0.966309 0.984487 0.982802 1.009304 0.959696 0.988386 1.007001 0.963622 0.963621 0.963621
0.978780 0.998051 0.995710 1.021280 0.970978 1.003010 1.019498 0.974783 0.974782 0.974782
0.975313 0.994823 0.991275 1.011256 0.967347 0.996840 1.015628 0.966197 0.966196 0.966196
0.968328 0.981530 0.979540 1.003754 0.954437 0.988284 1.003661 0.953934 0.953933 0.953933
0.966381 0.990421 0.988413 1.003806 0.963082 0.994718 1.004012 0.955154 0.955153 0.955153
0.982693 1.005614 1.003332 1.016688 0.979571 1.010981 1.019386 0.968684 0.968683 0.968683
0.968896 0.991495 0.989245 1.002414 0.967836 0.996787 1.005074 0.930605 0.930603 0.930603
0.973145 0.999395 0.993029 1.010346 0.975494 1.003318 1.004805 0.935900 0.935899 0.935899
0.981611 0.998781 0.997125 1.016255 0.983833 1.009531 1.008680 0.937413 0.937412 0.937412
0.984739 0.994682 1.000376 1.015234 0.985096 1.014979 1.010259 0.937176 0.937174 0.937174
0.995097 1.005144 1.010899 1.025913 0.995458 1.025655 1.001075 0.942226 0.942225 0.942225
0.991465 0.988150 0.996731 1.023062 0.992691 1.021898 0.978176 0.935816 0.935814 0.935814
1.006921 1.001100 1.010026 1.034735 1.005603 1.037877 0.992734 0.950257 0.950256 0.950256
1.010516 1.004680 1.011011 1.038429 1.009154 1.041286 0.996285 0.951491 0.951490 0.951490
1.003789 0.997992 1.004281 1.031516 1.002436 1.034354 0.989652 0.932592 0.932591 0.932591
1.007127 1.004833 1.007325 1.036407 1.009307 1.041305 0.987774 0.936157 0.936156 0.936156
0.999772 0.967751 1.000731 1.030027 0.972061 1.034487 0.981533 0.931230 0.931229 0.931229
0.990139 0.952958 0.985992 1.020102 0.957202 1.025551 0.967776 0.921586 0.921585 0.921585
0.992440 0.942649 0.986725 1.024519 0.965734 1.032913 0.974384 0.923749 0.923748 0.923748
1.007468 0.957666 1.002912 1.038637 0.980931 1.049439 0.989718 0.936530 0.936530 0.936530
1.012122 0.961430 1.006344 1.044015 0.984302 1.051366 0.994842 0.932627 0.932626 0.932626
1.002547 0.960865 1.006258 1.040152 0.967114 1.048973 0.988249 0.934828 0.934827 0.934827
1.008207 0.965784 1.011018 0.999767 0.968449 1.054050 0.992808 0.938941 0.938941 0.938941
1.019030 0.974714 1.022141 1.009649 0.977960 1.064707 0.986849 0.949089 0.949089 0.949089
1.007636 0.962452 1.008892 1.002179 0.968838 1.050854 0.979548 0.932323 0.932323 0.932323
1.019900 0.972385 1.021108 1.014377 0.978837 1.064463 0.991410 0.937133 0.937133 0.937133
1.024441 0.977021 1.025369 1.011248 0.982498 1.061179 0.989863 0.938689 0.938690 0.938690
1.031421 0.983653 1.031572 1.018012 0.989515 1.068496 0.996483 0.942227 0.942227 0.942227
1.030403 0.982682 1.028542 1.015921 0.984182 1.067442 0.990033 0.938962 0.938963 0.938963
1.017930 0.961766 0.961208 1.003624 0.972268 1.047221 0.960473 0.923990 0.923990 0.923990
0.998675 0.946535 0.936996 0.986997 0.949070 1.020493 0.951166 0.915473 0.915473 0.915473
1.039880 0.985187 0.974570 1.027302 0.988339 1.061416 0.990223 0.948403 0.948403 0.948403
1.020723 0.955081 0.956325 0.963281 0.966930 1.041545 0.971685 0.917500 0.917500 0.917500
1.054611 0.984489 0.988804 0.994582 0.975917 1.076919 1.004686 0.948739 0.948739 0.948739
1.045337 0.970666 0.977771 0.982551 0.971102 1.064295 0.998724 0.939769 0.939769 0.939769
1.043823 0.974951 0.980949 0.988098 0.972983 1.070004 1.002302 0.941289 0.941289 0.941289
1.044118 0.954628 0.981227 0.988212 0.973095 1.070127 0.998155 0.928757 0.928757 0.928757
1.050637 0.959257 0.984635 0.993759 0.979170 1.076134 0.998832 0.928214 0.928214 0.928214
1.040356 0.952003 0.958179 0.992603 0.970542 1.067578 0.998361 0.928864 0.928864 0.928864
1.049815 0.965037 0.965644 1.004950 0.979736 1.081704 1.010494 0.936671 0.936671 0.936671
1.051843 0.966901 0.966389 1.006891 0.981628 1.083793 1.010909 0.924958 0.924958 0.924958
1.064791 0.976934 0.977309 1.017499 0.993784 1.097250 1.023567 0.934951 0.934951 0.934951
1.040763 0.973482 0.972441 1.014675 0.980879 1.094310 1.019379 0.932593 0.932593 0.932593
1.044704 0.976760 0.976648 1.019132 0.985031 1.098678 1.023958 0.932869 0.932870 0.932870
1.052756 0.984288 0.984175 1.026986 0.992623 1.107145 1.031850 0.940059 0.940060 0.940060
1.035152 0.964636 0.964815 1.009891 0.964834 1.088716 1.007804 0.913482 0.913482 0.913482
1.054688 0.981162 0.982393 1.026489 0.980382 1.108333 1.025583 0.930705 0.930705 0.930705
1.056222 0.982589 0.983821 1.025405 0.978620 1.110318 1.027511 0.931414 0.931414 0.931414
