0.972172 0.982955 0.982955 0.974181 0.982955 0.980473 0.974471 0.975377 0.975377 0.975377
0.977447 0.958820 0.989041 0.980598 0.958820 0.986543 0.980730 0.982684 0.982684 0.982684
0.989582 0.970723 1.001320 0.992773 0.970723 0.998791 0.992906 0.981658 0.981658 0.981658
0.989163 0.970677 1.000772 0.992352 0.965730 0.989755 0.988891 0.972008 0.972009 0.972009
0.992829 0.961311 0.994032 0.996901 0.970157 0.993410 0.973406 0.972524 0.972524 0.972524
1.009463 0.976913 1.010686 1.013671 0.984459 1.010054 0.989780 0.984786 0.984786 0.984786
1.003928 0.974974 1.004850 1.009535 0.982504 1.007913 0.979229 0.979871 0.979871 0.979871
0.981952 0.948192 0.977801 0.987437 0.955515 0.986844 0.953558 0.957725 0.957726 0.957726
1.012453 0.975777 1.007167 1.016323 0.985267 1.017604 0.983382 0.986004 0.986005 0.986005
1.015630 0.974170 1.010219 1.019631 0.988473 1.019261 0.986362 0.989168 0.989169 0.989169
1.009388 0.968183 1.004011 1.013365 0.982398 1.012997 0.961278 0.978098 0.978099 0.978099
1.014514 0.973100 1.007139 1.017424 0.983036 1.018142 0.960854 0.980627 0.980628 0.980628
1.006650 0.958539 0.999405 1.005319 0.973566 1.012475 0.951865 0.969689 0.969690 0.969690
1.000632 0.961343 1.002832 1.005120 0.959927 1.013721 0.948880 0.975394 0.975395 0.975395
1.002514 0.954217 1.006424 1.007618 0.962089 1.015628 0.949325 0.971717 0.971718 0.971718
1.005179 0.951689 1.006691 1.006929 0.968402 1.015319 0.954594 0.973650 0.973651 0.973651
1.005971 0.953178 1.008737 1.006370 0.969732 1.016976 0.955904 0.973164 0.973164 0.973164
1.015573 0.961885 1.017233 1.015562 0.979098 1.025541 0.964847 0.977462 0.977463 0.977463
1.011936 0.958735 1.012662 1.005555 0.975399 1.019192 0.961146 0.968815 0.968816 0.968816
0.999556 0.949132 0.983016 1.001902 0.964412 1.008588 0.958318 0.967096 0.967097 0.967097
0.991451 0.929093 0.973508 0.995768 0.962881 1.005257 0.954820 0.959277 0.959278 0.959278
1.017057 0.953088 0.987110 1.020249 0.987749 1.031193 0.979454 0.978022 0.978023 0.978023
1.023773 0.959388 0.991060 1.026986 0.994233 1.037707 0.985928 0.982252 0.982252 0.982252
1.021889 0.955389 0.989966 1.024395 0.969441 1.036561 0.984840 0.981248 0.981248 0.981248
1.021028 0.954884 0.988856 1.015852 0.967938 1.027916 0.978120 0.977697 0.977698 0.977698
1.021073 0.954926 0.987754 1.015896 0.967980 1.027961 0.976678 0.963652 0.963653 0.963653
1.023488 0.957185 0.990090 1.002201 0.946902 1.015118 0.978988 0.965323 0.965323 0.965323
0.991025 0.904725 0.948759 0.977287 0.911547 0.973383 0.937744 0.934273 0.934273 0.934273
1.034070 0.942714 0.987243 1.019097 0.951140 1.015026 0.973063 0.968237 0.968238 0.968238
1.041426 0.947683 0.994204 1.026346 0.956154 1.023033 0.979924 0.968369 0.968370 0.968370
1.039971 0.926370 0.992815 1.024740 0.954658 1.021432 0.974230 0.953871 0.953872 0.953872
1.028988 0.932284 0.999154 1.028984 0.943142 1.026147 0.978265 0.954079 0.954080 0.954080
1.034886 0.941901 1.003585 1.038314 0.948906 1.036262 0.986856 0.958894 0.958895 0.958895
1.026214 0.934008 0.995175 1.029613 0.942920 1.027578 0.978586 0.926488 0.926489 0.926489
1.051732 0.957210 1.019148 1.055085 0.966682 1.053216 1.002796 0.946655 0.946655 0.946655
1.044954 0.950388 1.011373 1.048868 0.959321 1.043529 0.996886 0.932327 0.932327 0.932327
1.056522 0.955937 1.017279 1.060479 0.969940 1.055081 1.002707 0.942647 0.942648 0.942648
1.054962 0.954127 1.016322 1.059551 0.968940 1.053738 1.001931 0.937983 0.937983 0.937983
1.050507 0.952402 1.014003 1.058228 0.967135 1.051596 0.999645 0.931672 0.931673 0.931673
1.058183 0.957721 1.020756 1.063410 0.971564 1.058391 1.005731 0.938463 0.938463 0.938463
1.039947 0.935339 0.998440 1.044814 0.948874 1.038662 0.983800 0.917152 0.917153 0.917153
1.015590 0.916299 0.968821 1.022786 0.921980 1.007506 0.969792 0.904526 0.904526 0.904526
1.034682 0.925982 0.972099 1.042464 0.925283 1.018153 0.986394 0.903108 0.903108 0.903108
1.053671 0.941642 0.988156 1.065657 0.944031 1.034919 1.008340 0.913651 0.913651 0.913651
1.029278 0.951268 0.996081 1.071899 0.949715 1.042965 1.017617 0.916898 0.916899 0.916899
1.033682 0.946518 0.995808 1.073445 0.953636 1.044825 1.017065 0.914357 0.914357 0.914357
1.048895 0.958099 1.008223 1.084759 0.965210 1.060251 1.031316 0.927670 0.927670 0.927670
1.029531 0.943765 0.989057 1.068472 0.950718 1.042922 1.007586 0.911726 0.911727 0.911727
1.054066 0.966256 1.012628 1.093936 0.973375 1.067777 1.031599 0.933454 0.933455 0.933455
1.034584 0.953965 0.998589 1.081345 0.958624 1.055192 1.017633 0.919015 0.919016 0.919016
1.021337 0.930106 0.985503 1.019760 0.943226 1.041364 1.004297 0.894159 0.894159 0.894159
1.027877 0.952409 0.999364 1.031853 0.962971 1.065997 1.025719 0.907553 0.907553 0.907553
1.021794 0.965207 1.011323 1.046516 0.966654 1.081248 1.038920 0.920682 0.920683 0.920683
1.011699 0.946790 0.947244 1.036176 0.957104 1.063154 1.010169 0.908041 0.908042 0.908042
1.039793 0.973082 0.973548 1.062280 0.980488 1.093044 1.038661 0.932611 0.932611 0.932611
1.026623 0.957588 0.958334 1.048907 0.956970 1.079283 1.018641 0.909983 0.909983 0.909983
1.042013 0.970513 0.972959 1.063736 0.970439 1.094787 1.016793 0.923692 0.923692 0.923692
1.043334 0.972580 0.974413 1.063991 0.970566 1.098222 1.017584 0.923655 0.923655 0.923655
1.039435 0.968438 0.969887 1.013139 0.962837 1.093240 1.012739 0.919063 0.919063 0.919063
1.052572 0.979193 0.980422 1.021862 0.975239 1.106481 1.023960 0.928195 0.928195 0.928195
