0.998729 0.993965 0.998622 0.998845 0.998845 0.997226 0.998622 0.998799 0.998799 0.998799
0.955518 0.983450 0.985903 0.984008 0.984167 0.984286 0.987058 0.981710 0.981710 0.981710
0.959713 0.978648 0.985741 0.985536 0.988340 0.986150 0.986632 0.979097 0.979097 0.979097
0.947897 0.953925 0.972069 0.975350 0.982588 0.978726 0.978864 0.967064 0.967064 0.967064
0.969870 0.976879 0.994828 0.996935 1.004225 1.003284 1.001065 0.988189 0.988189 0.988189
0.967052 0.973371 0.990755 0.994590 1.000128 0.997597 0.998710 0.976699 0.976699 0.976699
0.970583 0.976925 0.993220 0.998222 1.003779 1.001240 1.000836 0.966140 0.966141 0.966141
0.979296 0.985283 1.002675 1.007790 1.013241 1.010433 1.010530 0.971424 0.971424 0.971424
0.979186 0.983723 1.002828 1.006829 1.012212 1.009696 0.993686 0.971385 0.971385 0.971385
0.964717 0.972643 0.987458 0.995436 1.000758 0.996923 0.974468 0.958276 0.958276 0.958276
0.983295 0.991348 1.005710 1.014479 1.020362 1.016203 0.993110 0.973775 0.973775 0.973775
0.939169 0.924284 0.950632 0.975818 0.968917 0.961183 0.938345 0.929647 0.929647 0.929647
0.988964 0.971020 1.001773 1.026853 0.996682 1.012892 0.988825 0.979739 0.979739 0.979739
0.982440 0.944240 0.995165 1.019908 0.989940 1.006041 0.977960 0.960046 0.960047 0.960047
0.987776 0.936736 0.990162 1.026345 0.996188 1.011492 0.964301 0.962206 0.962207 0.962207
1.005495 0.953546 1.005318 1.044756 1.014019 1.029344 0.981605 0.977249 0.977250 0.977250
0.991618 0.912345 0.992198 1.031527 0.970205 1.015910 0.969018 0.965743 0.965743 0.965743
0.997448 0.918421 0.999272 1.036198 0.976480 1.022744 0.975284 0.970170 0.970170 0.970170
0.964563 0.890930 0.960149 1.004436 0.939528 0.982367 0.951999 0.947459 0.947460 0.947460
1.001054 0.922944 0.996412 1.042436 0.973289 1.020316 0.987954 0.976491 0.976491 0.976491
0.992983 0.906996 0.934991 1.034031 0.965441 1.005083 0.962378 0.964852 0.964853 0.964853
1.007552 0.915431 0.946445 1.045706 0.983420 1.016817 0.979314 0.978356 0.978356 0.978356
1.008514 0.909645 0.947418 1.042331 0.982492 1.020029 0.978664 0.975931 0.975931 0.975931
0.998316 0.893172 0.923648 1.032236 0.958031 1.001557 0.967170 0.946750 0.946751 0.946751
1.021393 0.905342 0.946602 1.056734 0.980540 1.024708 0.988132 0.963172 0.963172 0.963172
1.034649 0.917093 0.947808 1.069154 0.993267 1.037982 1.000931 0.969695 0.969695 0.969695
1.039955 0.917027 0.947741 1.074636 0.998360 1.043305 1.000860 0.974668 0.974668 0.974668
1.032551 0.910022 0.940136 1.019801 0.987048 1.035046 0.992713 0.966530 0.966530 0.966530
1.043422 0.919602 0.950034 1.030537 0.997439 1.045943 0.983698 0.971747 0.971747 0.971747
1.026872 0.907049 0.918836 1.023024 0.982584 1.031261 0.977202 0.966462 0.966462 0.966462
1.036514 0.915909 0.927349 1.032629 0.987126 1.031964 0.982806 0.966356 0.966356 0.966356
1.050017 0.926437 0.937781 1.041920 1.000223 1.044863 0.994076 0.976333 0.976333 0.976333
1.042718 0.924190 0.930061 1.038109 0.993645 1.041856 0.990159 0.968886 0.968886 0.968886
1.033470 0.910274 0.917471 1.028636 0.978699 1.031139 0.976811 0.954944 0.954944 0.954944
1.027517 0.899867 0.907496 1.022710 0.967509 1.026231 0.966888 0.948752 0.948752 0.948752
1.034594 0.923707 0.930186 1.050604 0.983721 1.054321 0.991948 0.974876 0.974876 0.974876
1.016701 0.917800 0.924238 1.034569 0.977430 1.044934 0.977098 0.961174 0.961174 0.961174
1.031465 0.931420 0.937397 1.041715 0.990920 1.052152 0.985352 0.972421 0.972422 0.972422
1.025856 0.923300 0.929504 1.036132 0.974233 1.046512 0.973435 0.955774 0.955774 0.955774
1.021086 0.907643 0.924899 0.985191 0.966501 1.041328 0.968612 0.937603 0.937603 0.937603
1.056760 0.937560 0.956258 1.017824 1.000342 1.077824 1.002664 0.968918 0.968918 0.968918
1.057259 0.936399 0.956094 1.015868 0.998104 1.077428 1.001924 0.969357 0.969357 0.969357
1.055012 0.934028 0.953000 1.013296 0.996094 1.073941 0.999605 0.962383 0.962383 0.962383
1.057566 0.936289 0.953442 1.014665 0.994106 1.076541 0.996523 0.962320 0.962320 0.962320
1.066515 0.944212 0.961510 1.023251 1.002518 1.085651 1.004955 0.970463 0.970464 0.970464
1.051287 0.929440 0.945172 1.008009 0.988204 1.069479 0.985127 0.950115 0.950116 0.950116
1.059086 0.936336 0.952184 1.015487 0.995535 1.077413 0.992436 0.944439 0.944440 0.944440
1.069998 0.945495 0.961994 1.026018 1.003801 1.088513 1.002728 0.950279 0.950279 0.950279
1.042080 0.936906 0.944026 1.004664 0.991725 1.078284 0.991049 0.933371 0.933372 0.933372
1.051970 0.948091 0.954843 1.017228 1.003509 1.090911 1.002404 0.939859 0.939860 0.939860
1.040741 0.937971 0.944650 1.006370 0.994872 1.079267 0.991704 0.905995 0.905995 0.905995
1.057335 0.952926 0.959713 1.006253 0.986392 1.080221 1.007516 0.919861 0.919861 0.919861
1.066475 0.964545 0.967725 1.016384 0.998419 1.093245 1.010936 0.928273 0.928273 0.928273
1.063619 0.962258 0.964250 1.007281 0.995548 1.087461 1.007971 0.920895 0.920895 0.920895
1.046525 0.963007 0.965000 1.005818 0.978060 1.086395 1.006507 0.915964 0.915964 0.915964
1.064301 0.979364 0.981391 1.020339 0.991444 1.105220 1.024038 0.930877 0.930877 0.930877
1.046372 0.961504 0.963121 1.006988 0.976569 1.084591 1.010639 0.909195 0.909195 0.909195
1.044486 0.968367 0.970483 1.011019 0.966934 1.090489 1.011703 0.918386 0.918386 0.918386
1.058688 0.979134 0.981499 1.020548 0.977590 1.105368 1.024746 0.930730 0.930730 0.930730
1.045431 0.972549 0.973770 1.014929 0.968621 1.098974 1.017012 0.921897 0.921898 0.921898
