0.960235 0.962732 0.962212 0.962552 0.964413 0.962487 0.944035 0.939633 0.939633 0.939633
0.901001 0.892012 0.889425 0.876760 0.922459 0.918279 0.876832 0.891636 0.891636 0.891636
0.963283 0.971240 0.960431 0.956426 1.003796 0.998704 0.948287 0.968626 0.968626 0.968626
0.912753 0.912880 0.903561 0.917001 0.945236 0.944882 0.894365 0.896333 0.896333 0.896333
0.969494 0.969629 0.960874 0.975166 1.005193 1.003620 0.944378 0.917601 0.917602 0.917602
0.855074 0.934809 0.917199 0.949379 0.979489 0.943884 0.923244 0.883187 0.883187 0.883187
0.927312 1.013784 0.994686 1.029585 1.062239 1.023626 1.001242 0.948397 0.948398 0.948398
0.847794 0.941128 0.919257 0.942891 0.993383 0.953503 0.908625 0.871383 0.871384 0.871384
0.770601 0.808044 0.835558 0.809557 0.902934 0.822127 0.757264 0.779666 0.779667 0.779667
0.932367 0.975422 1.008779 0.974764 1.091244 0.991196 0.883083 0.926653 0.926654 0.926654
0.923804 0.974962 1.008686 0.966792 1.093449 0.988956 0.887732 0.913107 0.913108 0.913108
0.939065 0.995950 1.030115 0.988114 1.117779 1.011517 0.904974 0.922677 0.922678 0.922678
0.931038 0.990284 1.025190 0.981479 1.113590 0.997316 0.902181 0.896625 0.896626 0.896626
0.943307 0.998794 1.043090 0.995591 1.125626 1.012326 0.915345 0.909099 0.909100 0.909100
0.903145 0.977778 1.025500 0.984581 1.107091 1.008330 0.889217 0.894438 0.894439 0.894439
0.910832 0.983474 1.035312 0.993310 1.111956 1.016897 0.893939 0.881450 0.881452 0.881452
0.918364 1.006926 1.060057 1.006135 1.138598 1.041314 0.915007 0.895490 0.895491 0.895491
0.903999 0.988589 1.040468 0.985051 1.119969 1.023003 0.900721 0.852863 0.852864 0.852864
0.931984 1.017489 1.071090 1.017157 1.151968 1.054454 0.926761 0.871463 0.871464 0.871464
0.922511 1.009792 1.058472 1.011572 1.142047 1.049412 0.919984 0.849132 0.849133 0.849133
0.907016 0.993356 1.035721 1.009090 1.130843 1.015115 0.913463 0.835396 0.835397 0.835397
0.936175 1.027123 1.071395 1.045242 1.167399 1.048653 0.944087 0.859601 0.859602 0.859602
0.943603 1.035272 1.079895 1.053535 1.176662 1.056973 0.951577 0.854952 0.854953 0.854953
0.930790 1.016861 1.058344 1.033974 1.141581 1.035290 0.924215 0.828514 0.828515 0.828515
0.952372 1.040081 1.083325 1.059375 1.171320 1.055309 0.948058 0.847243 0.847244 0.847244
0.942524 1.035846 1.077397 1.053911 1.166982 1.051152 0.942160 0.838709 0.838711 0.838711
0.924490 1.024361 1.056926 1.018211 1.147046 1.030634 0.927420 0.820052 0.820053 0.820053
0.936709 1.037062 1.068723 1.032244 1.156528 1.045986 0.933440 0.818329 0.818330 0.818330
0.947684 1.045758 1.079263 1.040499 1.164277 1.053958 0.934007 0.821385 0.821386 0.821386
0.951253 1.041552 1.082236 1.032561 1.169190 1.052261 0.939326 0.823286 0.823287 0.823287
0.937224 1.024753 1.054687 1.007078 1.149198 1.026890 0.925283 0.803692 0.803693 0.803693
0.944764 1.039808 1.048748 1.012548 1.164225 1.011541 0.922229 0.811285 0.811287 0.811287
0.962248 1.059484 1.068739 1.030500 1.184875 1.031576 0.935344 0.819554 0.819555 0.819555
0.954850 1.050584 1.063293 1.022258 1.173629 1.018700 0.925548 0.799167 0.799169 0.799169
0.922960 1.012850 1.029478 0.951920 1.100327 0.939781 0.896114 0.749355 0.749356 0.749356
0.996546 1.091880 1.107621 1.028259 1.182990 1.011636 0.968007 0.802936 0.802937 0.802937
0.966749 1.050920 1.066806 0.997732 1.152157 0.977032 0.929238 0.784772 0.784774 0.784774
0.997295 1.083618 1.099688 1.027997 1.190419 1.003725 0.954969 0.801636 0.801638 0.801638
0.979822 1.064129 1.079733 0.896670 1.168973 0.964826 0.936532 0.773206 0.773207 0.773207
1.009727 1.082871 1.105409 0.917060 1.200684 0.993614 0.961744 0.785039 0.785040 0.785040
0.970897 1.041228 1.043676 0.849143 1.144820 0.944978 0.924760 0.746006 0.746007 0.746007
1.043752 1.109926 1.122507 0.911286 1.230094 1.014696 0.988274 0.794266 0.794267 0.794267
0.976496 1.050611 1.071218 0.870555 1.164357 0.960471 0.941700 0.743837 0.743839 0.743839
0.952164 1.042588 1.063381 0.846457 1.136072 0.950905 0.942946 0.741962 0.741963 0.741963
0.942919 1.114215 1.137372 0.904610 1.206761 1.016233 1.007727 0.785971 0.785972 0.785972
0.939301 1.110156 1.142115 0.905130 1.211335 1.018672 1.010134 0.785953 0.785955 0.785955
0.862639 1.059319 1.060352 0.852165 1.105287 0.976706 0.967660 0.753457 0.753458 0.753458
0.893973 1.103577 1.107727 0.877067 1.160238 1.014052 1.009379 0.780384 0.780386 0.780386
0.913930 1.106458 1.125043 0.886374 1.181848 1.035789 1.030235 0.791246 0.791248 0.791248
0.929853 1.121819 1.142915 0.902578 1.198958 1.053613 1.049853 0.797551 0.797553 0.797553
0.929551 1.117628 1.134798 0.898688 1.193231 1.047362 1.047077 0.792630 0.792632 0.792632
0.921633 1.117202 1.102023 0.891099 1.188387 1.044736 1.047808 0.789081 0.789083 0.789083
0.871072 1.061135 1.035682 0.831831 1.113908 0.803049 0.990347 0.735681 0.735683 0.735683
0.940981 1.142998 1.120195 0.894613 1.185105 0.868997 1.069988 0.797609 0.797611 0.797611
0.959429 1.166925 1.139868 0.909789 1.211641 0.889079 1.090158 0.808688 0.808690 0.808690
0.955364 1.164177 1.137669 0.908237 1.206469 0.879761 1.089291 0.801466 0.801468 0.801468
0.957510 1.167554 1.140147 0.914147 1.208001 0.883706 1.071627 0.804317 0.804319 0.804319
0.920629 1.172739 1.144159 0.914315 1.214790 0.887435 1.068909 0.801658 0.801660 0.801660
0.926650 1.179745 1.151953 0.920804 1.227024 0.895199 1.073955 0.804349 0.804351 0.804351
0.930078 1.183802 1.154399 0.925275 1.226727 0.897771 1.078993 0.803292 0.803293 0.803293
0.943821 1.201294 1.171457 0.938947 1.244854 0.911036 1.094937 0.810258 0.810260 0.810260
0.884417 1.084514 1.101055 0.883108 1.172598 0.861003 1.035950 0.737583 0.737584 0.737584
0.913836 1.127945 1.113266 0.911646 1.193938 0.880037 1.064565 0.749651 0.749653 0.749653
0.891724 1.160254 1.145155 0.889587 1.228138 0.905246 1.076959 0.769985 0.769987 0.769987
0.913634 1.181601 1.170282 0.910520 1.249433 0.927551 1.099555 0.787880 0.787882 0.787882
0.911592 1.173583 1.163709 0.905065 1.241652 0.923892 1.093818 0.781140 0.781141 0.781141
0.882286 1.132367 1.095493 0.858596 1.208854 0.890790 1.056428 0.744052 0.744054 0.744054
0.929456 1.184951 1.150294 0.905163 1.267687 0.938673 1.111381 0.780211 0.780212 0.780212
0.909316 1.146828 1.124083 0.867560 1.238439 0.893180 1.086587 0.748637 0.748639 0.748639
0.915624 1.150330 1.125405 0.868436 1.249534 0.891307 1.089498 0.734152 0.734154 0.734154
0.820856 1.132302 1.103082 0.845779 1.221204 0.810261 1.052461 0.727032 0.727034 0.727034
0.894309 1.233624 1.201789 0.921462 1.330482 0.882766 1.146639 0.792089 0.792091 0.792091
0.831773 1.157032 1.107463 0.857083 1.210423 0.819048 1.056641 0.706717 0.706718 0.706718
0.884394 1.229824 1.167258 0.911581 1.282378 0.869679 1.124714 0.740708 0.740710 0.740710
0.866475 1.204906 1.104248 0.836146 1.220031 0.852058 1.101925 0.700848 0.700850 0.700850
0.882848 1.227674 1.125114 0.851946 1.243085 0.868159 1.122747 0.665294 0.665295 0.665295
0.925555 1.286639 1.168148 0.888365 1.296670 0.908003 1.174129 0.691716 0.691717 0.691717
0.939258 1.305688 1.185443 0.901517 1.315868 0.921447 1.191512 0.690632 0.690634 0.690634
0.927687 1.284723 1.168372 0.893600 1.300368 0.914651 1.183253 0.685495 0.685497 0.685497
0.869958 1.232874 1.101525 0.851446 1.235900 0.867577 1.126216 0.638630 0.638631 0.638631
0.905768 1.287263 1.153459 0.887867 1.296202 0.906744 1.175435 0.661316 0.661318 0.661318
0.927421 1.315293 1.181940 0.909471 1.326726 0.928631 1.202843 0.669420 0.669422 0.669422
0.935407 1.326620 1.192118 0.917303 1.338151 0.936628 1.213201 0.665904 0.665906 0.665906
0.897240 1.287706 1.147913 0.884353 1.285501 0.897399 1.164522 0.631256 0.631258 0.631258
0.936059 1.346307 1.198991 0.923902 1.342991 0.938535 1.215160 0.653089 0.653091 0.653091
0.916381 1.342701 1.192534 0.920277 1.317915 0.933106 1.211053 0.649801 0.649803 0.649803
0.913914 1.338262 1.167675 0.912375 1.313393 0.926959 1.205926 0.637976 0.637978 0.637978
0.898838 1.320206 1.150194 0.898491 1.288722 0.909345 1.182973 0.610412 0.610414 0.610414
0.911412 1.344502 1.177118 0.916845 1.316932 0.928073 1.211127 0.612896 0.612898 0.612898
0.907792 1.354465 1.189590 0.926689 1.330578 0.936767 1.221831 0.614370 0.614372 0.614372
0.905664 1.350846 1.186801 0.924516 1.326659 0.934007 1.218014 0.590629 0.590630 0.590630
0.907899 1.349727 1.185639 0.928044 1.334998 0.935571 1.217444 0.583315 0.583317 0.583317
0.905205 1.334080 1.184970 0.919006 1.327555 0.926149 1.203439 0.569262 0.569263 0.569263
0.911561 1.229167 1.193289 0.925458 1.336876 0.915594 1.211888 0.549303 0.549305 0.549305
0.911200 1.240288 1.205043 0.934120 1.352037 0.901823 1.209715 0.539905 0.539907 0.539907
0.878802 1.188073 1.173305 0.907597 1.260575 0.871352 1.169938 0.507140 0.507142 0.507142
0.916616 1.262005 1.246318 0.961589 1.319789 0.909434 1.241316 0.532677 0.532679 0.532679
0.949840 1.296143 1.291492 0.996443 1.367626 0.942398 1.286309 0.544403 0.544404 0.544404
0.904172 1.263402 1.249576 0.973386 1.304782 0.918468 1.255505 0.514663 0.514665 0.514665
0.881577 1.228655 1.237572 0.954292 1.281307 0.872530 1.236783 0.488801 0.488802 0.488802
