0.990170 0.990170 0.990170 0.990170 0.990170 0.990170 0.990170 0.977063 0.977062 0.977062
0.832074 0.785975 0.832074 0.785975 0.832074 0.789294 0.762931 0.808229 0.808229 0.808229
1.016301 0.959746 1.014705 0.961100 1.012310 0.963256 0.932770 0.982246 0.982245 0.982245
1.016346 0.961040 1.012717 0.958654 1.015121 0.966609 0.932121 0.976784 0.976783 0.976783
1.017045 0.961250 1.012653 0.958139 1.017406 0.963264 0.929230 0.967879 0.967878 0.967878
1.012728 0.956397 1.006309 0.954603 1.008138 0.960764 0.919144 0.949200 0.949199 0.949199
1.004580 0.868001 0.998213 0.946923 1.000027 0.935605 0.911749 0.902217 0.902216 0.902216
1.023581 0.892196 1.026427 0.965813 1.030465 0.959963 0.942542 0.914240 0.914239 0.914239
1.028366 0.900269 1.040804 0.976489 1.043349 0.970734 0.956110 0.909528 0.909527 0.909527
1.012821 0.879702 1.017728 0.961938 1.031641 0.951818 0.931804 0.902500 0.902500 0.902500
1.051330 0.907059 1.052974 0.999244 1.065991 0.988279 0.965905 0.932487 0.932486 0.932486
1.042394 0.899053 1.034921 0.991050 1.053135 0.978546 0.958740 0.911373 0.911372 0.911372
1.031307 0.886061 1.018056 0.974738 1.044026 0.959452 0.944532 0.878142 0.878141 0.878141
1.037954 0.894496 1.026207 0.982296 1.048310 0.963176 0.948167 0.859801 0.859800 0.859800
1.066573 0.923687 1.059402 1.014875 1.083286 0.995860 0.977092 0.878258 0.878257 0.878257
1.048929 0.907976 1.041213 0.886105 1.064829 0.958217 0.959182 0.847952 0.847951 0.847951
1.052885 0.908602 1.016555 0.871807 1.075176 0.958173 0.960775 0.837668 0.837667 0.837667
0.959052 0.908709 1.012374 0.862682 1.067656 0.885019 0.943002 0.842850 0.842849 0.842849
1.028270 0.972759 1.081598 0.925346 1.139834 0.946022 1.011530 0.896798 0.896797 0.896797
1.027561 0.968772 1.073525 0.921022 1.133977 0.940067 1.008488 0.890939 0.890939 0.890939
1.036695 0.975349 1.083898 0.929597 1.143657 0.948637 1.016868 0.888630 0.888629 0.888629
1.032990 0.971266 1.060367 0.920800 1.138726 0.941555 1.011668 0.871688 0.871687 0.871687
0.979922 0.913947 0.998719 0.883853 1.073520 0.891830 0.955232 0.807551 0.807551 0.807551
0.956527 0.926927 0.985519 0.884450 1.041124 0.908852 0.972600 0.822835 0.822835 0.822835
0.947180 0.911642 0.985216 0.882311 0.996645 0.901619 0.965766 0.793563 0.793563 0.793563
0.999467 0.973469 1.043636 0.935755 1.053260 0.950320 1.019799 0.827567 0.827567 0.827567
0.982128 0.964644 1.016089 0.919581 1.012385 0.931571 0.992882 0.780112 0.780112 0.780112
1.016806 0.998704 1.051967 0.952050 1.048132 0.964464 1.027939 0.752465 0.752465 0.752465
1.053041 1.030894 1.085708 0.987304 1.089618 0.998043 1.061454 0.767736 0.767736 0.767736
1.053017 1.028180 1.082554 0.981953 1.088797 0.996051 1.061461 0.742793 0.742792 0.742792
1.073880 1.044584 1.101677 1.004996 1.110978 1.020871 1.088397 0.761253 0.761253 0.761253
1.076623 1.047679 1.105093 1.006794 1.112973 1.024784 1.086586 0.756967 0.756966 0.756966
1.079539 1.045764 1.112770 1.010718 1.113377 1.029460 1.091050 0.759568 0.759567 0.759567
1.060500 1.029993 1.095396 0.995288 1.098500 1.013676 1.053726 0.730163 0.730163 0.730163
1.043332 1.022892 1.088710 0.988733 1.093407 0.982656 1.035219 0.706332 0.706332 0.706332
1.087019 1.066419 1.134219 1.034513 1.138080 1.026088 1.058697 0.736870 0.736870 0.736870
1.092350 1.062139 1.139781 1.039586 1.143661 1.031120 1.063889 0.730313 0.730313 0.730313
1.092584 1.054126 1.138877 1.028006 1.144424 1.025819 1.066163 0.729413 0.729414 0.729414
1.087712 1.036281 1.126383 1.015694 1.135570 1.020568 1.057701 0.715439 0.715439 0.715439
1.088054 1.033623 1.128140 1.011515 1.118745 1.022652 1.058191 0.718262 0.718262 0.718262
1.110603 1.056929 1.154080 1.036156 1.142127 1.044745 1.081561 0.730893 0.730893 0.730893
1.074284 1.022905 1.111005 1.016893 1.112626 0.994251 1.056521 0.707436 0.707437 0.707437
1.092094 1.055929 1.146934 1.038510 1.148674 1.026515 1.090334 0.724627 0.724628 0.724628
1.040091 1.029755 1.110247 1.014972 1.096422 1.000934 1.064738 0.685374 0.685375 0.685375
1.066734 1.075924 1.156876 1.059153 1.127209 1.042553 1.111693 0.714410 0.714411 0.714411
1.063180 1.074365 1.155694 1.058307 1.123418 1.032565 1.111819 0.708674 0.708674 0.708674
1.082112 1.093497 1.176274 1.077153 1.143424 1.050952 1.131618 0.714212 0.714213 0.714213
0.997976 1.031994 1.090617 1.009349 1.068747 0.980361 1.059239 0.654369 0.654369 0.654369
1.064074 1.098506 1.161130 1.077907 1.136894 1.045076 1.127153 0.691518 0.691518 0.691518
1.063269 1.094059 1.158124 1.073132 1.130401 1.040058 1.113932 0.685543 0.685543 0.685543
1.059541 1.089866 1.154064 1.069370 1.125759 1.035787 1.109160 0.658283 0.658284 0.658284
0.996630 1.040947 1.097319 1.007579 1.083158 0.992667 1.035600 0.622277 0.622278 0.622278
1.072769 1.116572 1.179365 1.085467 1.162531 1.068276 1.116489 0.663592 0.663593 0.663593
1.018426 1.021242 1.123019 1.034298 1.109408 1.022841 1.070189 0.611991 0.611992 0.611992
1.072661 1.073153 1.180272 1.084109 1.167167 1.073506 1.086400 0.633183 0.633184 0.633184
1.020109 1.032573 1.144939 1.052752 1.123032 1.032913 1.052291 0.602771 0.602772 0.602772
1.054578 1.070490 1.190430 1.090010 1.169486 1.071900 1.090502 0.619764 0.619765 0.619765
1.030974 1.093289 1.214666 1.108506 1.195795 1.094488 1.105991 0.628082 0.628083 0.628083
0.958142 1.034063 1.149236 1.027277 1.112032 1.032773 1.055521 0.597119 0.597120 0.597120
1.009658 1.092802 1.215627 1.084511 1.177496 1.082274 1.118398 0.616729 0.616730 0.616730
0.980168 1.084744 1.211814 1.087492 1.174277 1.093053 1.101644 0.615255 0.615256 0.615256
1.011312 1.119211 1.250318 1.122046 1.211588 1.127783 1.136648 0.626079 0.626080 0.626080
0.866907 1.048717 1.159970 1.061697 1.147452 1.030870 1.080004 0.585674 0.585675 0.585675
0.906483 1.116793 1.225073 1.132740 1.221212 1.096541 1.142372 0.622276 0.622277 0.622277
0.858167 1.054542 1.178074 1.078274 1.164419 1.011448 1.092661 0.573845 0.573846 0.573846
0.848901 1.125751 1.258661 1.151087 1.235513 1.079748 1.166446 0.607214 0.607216 0.607216
0.845274 1.120137 1.256558 1.145811 1.227999 1.069941 1.158202 0.594148 0.594149 0.594149
0.866576 1.147972 1.288751 1.176273 1.262472 1.092779 1.190421 0.608776 0.608777 0.608777
0.848752 1.124578 1.272389 1.157181 1.245971 1.077002 1.173221 0.598537 0.598538 0.598538
0.808299 1.128973 1.277362 1.102028 1.250841 1.081211 1.158339 0.599988 0.599990 0.599990
0.840297 1.173667 1.327930 1.145655 1.300359 1.124014 1.204195 0.623741 0.623742 0.623742
0.837015 1.169083 1.322744 1.141180 1.295281 1.119624 1.199492 0.617567 0.617568 0.617568
0.818648 1.121380 1.285250 1.103351 1.262275 1.094104 1.171264 0.599049 0.599050 0.599050
0.826465 1.139259 1.303906 1.119722 1.282876 1.111697 1.187371 0.604934 0.604935 0.604935
0.782107 1.078113 1.211608 1.020389 1.203831 1.040550 1.123643 0.565760 0.565760 0.565760
0.809112 1.121211 1.263549 1.048388 1.261492 1.078466 1.170057 0.584964 0.584965 0.584965
0.839310 1.163058 1.310707 1.087517 1.308574 1.118717 1.213726 0.597007 0.597008 0.597008
0.842135 1.169481 1.316670 1.092700 1.314812 1.125252 1.218067 0.594033 0.594034 0.594034
0.836268 1.156036 1.303065 1.081002 1.300427 1.115497 1.205965 0.586158 0.586158 0.586158
0.826272 1.139176 1.288838 1.068457 1.279638 1.102147 1.187768 0.565925 0.565926 0.565926
0.798971 1.098664 1.248309 0.995305 1.200155 1.017137 1.150417 0.530846 0.530847 0.530847
0.848629 1.176525 1.298663 1.057244 1.280480 1.086904 1.233276 0.566137 0.566138 0.566138
0.841946 1.180599 1.307279 1.064408 1.288679 1.092786 1.239300 0.565275 0.565276 0.565276
0.834081 1.177282 1.277499 1.051730 1.283013 1.057885 1.213905 0.560775 0.560776 0.560776
0.839968 1.185591 1.288047 1.060415 1.293607 1.065352 1.215285 0.544297 0.544298 0.544298
0.802097 1.137737 1.223025 1.000123 1.225073 0.827364 1.160519 0.512710 0.512711 0.512711
0.874916 1.235738 1.325434 1.085404 1.314299 0.896132 1.246403 0.549423 0.549425 0.549425
0.894384 1.252585 1.355545 1.107639 1.342853 0.914997 1.266602 0.556242 0.556243 0.556243
0.873815 1.213191 1.327562 1.074816 1.308538 0.887585 1.226877 0.531935 0.531936 0.531936
0.899608 1.248299 1.367118 1.107154 1.351888 0.915789 1.260809 0.545904 0.545906 0.545906
0.881708 1.233497 1.340097 1.068818 1.327758 0.897214 1.240117 0.533345 0.533346 0.533346
0.876937 1.234878 1.304245 1.062060 1.301321 0.882725 1.226673 0.521782 0.521784 0.521784
0.880544 1.239957 1.264537 0.998409 1.268855 0.886356 1.231718 0.505986 0.505988 0.505988
0.910671 1.268612 1.306309 1.011594 1.310387 0.891575 1.273026 0.513243 0.513245 0.513245
0.858845 1.181407 1.213640 0.926122 1.259764 0.854955 1.188423 0.489506 0.489507 0.489507
0.944542 1.291463 1.331316 1.017499 1.375688 0.940328 1.302428 0.537651 0.537653 0.537653
0.922658 1.259772 1.286336 0.983905 1.340607 0.909812 1.271990 0.520369 0.520371 0.520371
0.944967 1.289809 1.304713 1.002287 1.366122 0.929607 1.299502 0.528549 0.528551 0.528551
0.939750 1.286057 1.295391 1.001459 1.360711 0.929503 1.296051 0.517421 0.517423 0.517423
0.910066 1.268359 1.277565 0.985130 1.322713 0.900726 1.276750 0.504597 0.504598 0.504598
