0.907219 0.979051 0.979857 0.979051 0.973116 0.979051 0.979051 0.970452 0.970452 0.970452
0.913548 0.987744 0.988980 0.988387 0.979874 0.979700 0.989289 0.972616 0.972616 0.972616
0.921441 0.994710 0.993994 0.997359 0.984129 0.985175 0.998300 0.973547 0.973547 0.973547
0.863130 0.942714 0.949748 0.953957 0.932686 0.933677 0.952427 0.912862 0.912861 0.912861
0.792197 0.950007 0.953047 0.951163 0.933218 0.868963 0.941930 0.925506 0.925506 0.925506
0.822008 0.985756 0.954876 0.924006 0.940310 0.901663 0.977376 0.927447 0.927447 0.927447
0.828663 1.012028 0.980326 0.946186 0.951507 0.909551 1.002274 0.941522 0.941522 0.941522
0.829938 1.025704 0.985642 0.952463 0.954418 0.909924 1.004524 0.931931 0.931931 0.931931
0.851416 1.039070 1.004537 0.969735 0.975895 0.932854 1.026922 0.941933 0.941933 0.941933
0.813579 0.984896 0.953051 0.937627 0.926738 0.890047 0.976721 0.879006 0.879006 0.879006
0.872600 1.052867 1.020316 1.001950 0.989039 0.950751 1.036075 0.935335 0.935335 0.935335
0.860806 1.029651 1.008951 0.981694 0.973119 0.931218 1.013320 0.903143 0.903144 0.903144
0.855488 1.020148 0.975293 0.956281 0.972836 0.921946 1.004942 0.883346 0.883347 0.883347
0.882767 1.049216 1.002932 0.988101 1.007681 0.950590 1.033950 0.898010 0.898011 0.898011
0.877702 1.046382 0.998723 0.983708 0.999568 0.942728 1.025364 0.868611 0.868611 0.868611
0.893571 1.065508 1.024954 1.005930 1.025432 0.965781 1.050426 0.887702 0.887702 0.887702
0.896813 1.064815 1.022021 1.004474 1.012214 0.962471 1.038019 0.875257 0.875257 0.875257
0.896728 1.069349 1.031417 1.010757 1.020004 0.968650 1.047962 0.866612 0.866612 0.866612
0.908425 1.082943 1.034779 1.018446 1.028117 0.978965 1.058989 0.870665 0.870665 0.870665
0.915166 1.086002 1.038923 1.022139 1.031601 0.984539 1.063658 0.871568 0.871568 0.871568
0.906858 1.079246 1.033404 1.014733 1.027187 0.970198 1.059808 0.846507 0.846508 0.846508
0.894233 1.064783 1.014147 1.015203 1.020083 0.941232 1.055370 0.835248 0.835248 0.835248
0.881944 1.097071 1.043941 1.041554 1.052249 0.969560 1.079820 0.853939 0.853939 0.853939
0.871466 1.091185 1.017544 1.026511 1.044938 0.936190 1.054982 0.844968 0.844969 0.844969
0.878737 1.097359 1.027109 1.035439 1.049354 0.943986 1.060406 0.832560 0.832561 0.832561
0.906815 1.132421 1.059927 1.068523 1.082883 0.974148 1.094288 0.847790 0.847790 0.847790
0.839676 1.073034 0.986700 1.005295 1.016236 0.912376 1.028423 0.779882 0.779882 0.779882
0.888867 1.135521 1.035397 1.064510 1.071908 0.964512 1.089859 0.813794 0.813794 0.813794
0.869370 1.116461 1.020850 1.034026 1.061944 0.945097 1.072937 0.795495 0.795495 0.795495
0.858241 1.112582 1.018112 1.030753 1.060660 0.919330 1.057722 0.772181 0.772182 0.772182
0.901748 1.168580 1.070160 1.084466 1.117547 0.962299 1.114178 0.810865 0.810865 0.810865
0.855641 1.133770 1.042713 1.062890 1.089325 0.949936 1.072703 0.790660 0.790660 0.790660
0.888959 1.177917 1.083314 1.104277 1.131741 0.986925 1.114473 0.816506 0.816506 0.816506
0.857416 1.039478 1.044876 1.065095 1.091584 0.934497 1.074928 0.754625 0.754625 0.754625
0.903102 1.094864 1.100550 1.121846 1.149747 0.984290 1.132204 0.782010 0.782010 0.782010
0.882591 1.067207 1.072455 1.090451 1.122815 0.960038 1.106523 0.739437 0.739437 0.739437
0.911150 1.099448 1.108009 1.126206 1.158743 0.991328 1.141672 0.754677 0.754677 0.754677
0.827533 1.037500 1.017311 1.048579 1.045607 0.939978 1.081574 0.715473 0.715474 0.715474
0.832671 1.041251 1.039778 1.060905 1.059651 0.921537 1.099538 0.701264 0.701264 0.701264
0.845844 1.083080 1.073564 1.105924 1.078822 0.958427 1.145248 0.707458 0.707458 0.707458
0.881889 1.131252 1.121801 1.157160 1.124989 1.000131 1.195645 0.735337 0.735338 0.735338
0.881897 1.127326 1.120116 1.158146 1.121742 0.999928 1.197559 0.728511 0.728511 0.728511
0.863532 1.106721 1.099048 1.136763 1.103161 0.981401 1.152836 0.698035 0.698035 0.698035
0.842124 1.039811 1.075053 1.112688 1.081435 0.965264 1.135136 0.661295 0.661295 0.661295
0.884194 1.091399 1.128760 1.168275 1.134776 1.012874 1.190914 0.669068 0.669069 0.669069
0.888359 1.105539 1.110785 1.173865 1.145248 1.023815 1.207646 0.674959 0.674960 0.674960
0.907212 1.129001 1.134358 1.198777 1.169552 1.045542 1.233274 0.679808 0.679809 0.679809
0.850119 1.115240 1.120532 1.123335 1.155297 1.032799 1.198107 0.670530 0.670531 0.670531
0.847212 1.107140 1.110311 1.112904 1.153657 1.020032 1.188960 0.650793 0.650794 0.650794
0.878447 1.141043 1.148294 1.152764 1.187749 1.057711 1.228477 0.673911 0.673912 0.673912
0.877184 1.140887 1.144344 1.148125 1.189281 1.059820 1.225802 0.669170 0.669171 0.669171
0.857165 1.135385 1.129428 1.144735 1.182844 1.053511 1.211683 0.664431 0.664432 0.664432
0.851994 1.127727 1.125548 1.137476 1.173574 1.042099 1.200994 0.648985 0.648985 0.648985
0.737261 0.921797 0.973977 0.929766 1.015535 0.855402 0.952903 0.552814 0.552814 0.552814
0.904327 1.133111 1.196094 1.142047 1.247399 1.051829 1.169080 0.672443 0.672443 0.672443
0.900768 1.128359 1.189516 1.138862 1.237610 1.046827 1.165630 0.666450 0.666451 0.666451
0.883239 1.094521 1.165035 1.094015 1.211786 0.998341 1.142197 0.640924 0.640925 0.640925
0.901646 1.116429 1.186903 1.117437 1.230997 1.020836 1.158262 0.644390 0.644390 0.644390
0.893639 1.109652 1.183124 1.109229 1.229004 1.015641 1.150776 0.635208 0.635209 0.635209
0.930016 1.154823 1.231285 1.154382 1.279034 1.056984 1.197621 0.661066 0.661066 0.661066
0.885488 1.090902 1.163934 1.099351 1.222610 1.001910 1.128348 0.634137 0.634137 0.634137
0.902220 1.114436 1.183991 1.125413 1.247667 1.026394 1.152982 0.636028 0.636028 0.636028
0.901426 1.113455 1.184358 1.125762 1.248054 1.025491 1.145195 0.612473 0.612473 0.612473
0.915214 1.127885 1.199879 1.137453 1.265710 1.037499 1.120645 0.610844 0.610844 0.610844
0.914853 1.124196 1.200900 1.131971 1.246074 1.038881 1.120370 0.612820 0.612820 0.612820
0.927705 1.140454 1.218434 1.146997 1.262624 1.054820 1.131329 0.616356 0.616356 0.616356
0.908916 1.127181 1.204712 1.124908 1.251042 1.040679 1.124582 0.600561 0.600561 0.600561
0.909695 1.126565 1.192639 1.114523 1.249124 1.031671 1.125313 0.595553 0.595553 0.595553
0.933927 1.156033 1.223490 1.142810 1.284403 1.054762 1.150914 0.605427 0.605427 0.605427
0.857636 1.048280 1.106831 1.018763 1.202341 0.984865 1.046197 0.562255 0.562255 0.562255
0.931098 1.116128 1.193773 1.093356 1.300609 1.068297 1.133966 0.605398 0.605398 0.605398
0.941101 1.127424 1.184636 1.098571 1.313607 1.075556 1.144377 0.602388 0.602388 0.602388
0.931344 1.115206 1.171607 0.965204 1.299332 1.041399 1.130454 0.585253 0.585253 0.585253
0.968720 1.156003 1.210363 0.999937 1.345458 1.077115 1.173092 0.605180 0.605181 0.605181
0.967306 1.160002 1.214213 1.003913 1.351068 1.082201 1.174724 0.600706 0.600707 0.600707
0.971581 1.154790 1.219579 1.008350 1.357039 1.086984 1.179917 0.595074 0.595074 0.595074
0.899598 1.088183 1.149607 0.930997 1.257303 1.021891 1.121899 0.563641 0.563641 0.563641
0.961322 1.162192 1.228817 0.995426 1.348283 1.094401 1.196709 0.600409 0.600410 0.600410
0.967890 1.162329 1.233173 1.002961 1.351315 1.102182 1.203233 0.601718 0.601719 0.601719
0.950841 1.163251 1.230801 1.002503 1.330700 1.099620 1.203340 0.600772 0.600773 0.600773
0.963692 1.178973 1.247435 1.016052 1.348685 1.114482 1.219604 0.602914 0.602915 0.602915
0.955069 1.166470 1.234445 1.008559 1.333524 1.104282 1.206292 0.592217 0.592218 0.592218
0.952440 1.157996 1.236250 1.006975 1.326742 1.103278 1.204650 0.591015 0.591016 0.591016
0.920552 1.119226 1.194860 0.973261 1.282322 1.066340 1.164318 0.532193 0.532194 0.532194
0.834357 1.108869 1.172086 0.973723 1.284082 1.030600 1.169735 0.526396 0.526397 0.526397
0.885279 1.172093 1.241001 1.036852 1.363197 1.098974 1.247896 0.561283 0.561284 0.561284
0.888610 1.167378 1.244416 1.028940 1.368947 1.097202 1.255001 0.562581 0.562582 0.562582
0.889246 1.175612 1.251433 1.035068 1.379115 1.105090 1.261127 0.563136 0.563137 0.563137
0.841100 1.111962 1.162270 0.942776 1.293496 1.033851 1.192846 0.526406 0.526407 0.526407
0.851264 1.134885 1.165486 0.954231 1.280539 1.043810 1.196147 0.511083 0.511085 0.511085
0.891505 1.198284 1.220748 0.984323 1.343876 1.092724 1.257147 0.533545 0.533547 0.533547
0.886686 1.199630 1.188094 0.978103 1.317124 1.075082 1.243524 0.521981 0.521982 0.521982
0.922909 1.238112 1.237195 1.016304 1.370227 1.117689 1.286671 0.538075 0.538077 0.538077
0.904163 1.226825 1.229793 1.010364 1.361714 1.109651 1.276748 0.530521 0.530523 0.530523
0.863004 1.167925 1.175747 0.929042 1.260650 1.010846 1.220639 0.491214 0.491215 0.491215
0.916029 1.258838 1.267336 0.990665 1.358931 1.089707 1.315297 0.525356 0.525357 0.525357
0.857393 1.184087 1.179512 0.915822 1.261432 0.829507 1.231132 0.485061 0.485063 0.485063
0.939981 1.298992 1.293039 1.008306 1.381591 0.911439 1.324856 0.532480 0.532481 0.532481
0.871416 1.222789 1.211726 0.936340 1.310134 0.860895 1.219148 0.496094 0.496096 0.496096
0.863477 1.203428 1.212162 0.934698 1.255000 0.854615 1.211390 0.478765 0.478766 0.478766
