0.978012 0.974148 0.976027 0.970175 0.969360 0.968743 0.976194 0.969021 0.969021 0.969021
0.969274 0.963307 0.971041 0.960086 0.955915 0.962238 0.961446 0.961486 0.961486 0.961486
0.961998 0.974458 0.977652 0.958232 0.963507 0.970242 0.968060 0.972631 0.972631 0.972631
0.954170 0.943019 0.966988 0.943052 0.953646 0.957794 0.938718 0.958054 0.958054 0.958054
0.983481 0.978812 1.000286 0.973521 0.983036 0.992734 0.972601 0.992248 0.992248 0.992248
0.974523 0.963647 0.988446 0.964394 0.970761 0.983428 0.959024 0.982514 0.982514 0.982514
0.989707 0.975155 1.001968 0.975070 0.982886 0.992185 0.970973 0.998377 0.998377 0.998377
0.978919 0.963059 0.989782 0.965510 0.970480 0.978916 0.960174 0.991201 0.991201 0.991201
0.982813 0.966735 0.994264 0.937694 0.964921 0.964472 0.956222 0.995028 0.995028 0.995028
0.993603 0.971720 1.003515 0.944056 0.975505 0.973243 0.965696 1.003470 1.003470 1.003470
0.968181 0.954192 0.977361 0.900318 0.953938 0.950650 0.945788 0.985322 0.985322 0.985322
0.961611 0.951095 0.974644 0.901683 0.957153 0.947182 0.934182 0.986651 0.986651 0.986651
0.975432 0.953934 0.985277 0.906169 0.964214 0.953006 0.932416 0.984077 0.984077 0.984077
0.991293 0.952262 0.982744 0.917879 0.980240 0.965177 0.944793 1.004201 1.004201 1.004201
0.942897 0.901911 0.928954 0.870148 0.920269 0.899542 0.882667 0.885379 0.885379 0.885379
1.032868 0.990727 1.017500 0.954776 1.009555 0.985284 0.968740 0.973808 0.973809 0.973809
1.020935 0.974545 0.992304 0.945483 0.979626 0.975359 0.955194 0.964145 0.964145 0.964145
1.019813 0.967479 0.987844 0.922629 0.977138 0.974481 0.956274 0.962224 0.962224 0.962224
0.985297 0.956357 0.971974 0.902912 0.960981 0.966958 0.940166 0.941722 0.941723 0.941723
0.968040 0.945858 0.941468 0.860049 0.922647 0.941830 0.933143 0.945579 0.945579 0.945579
1.009368 0.982819 0.985232 0.900700 0.957911 0.970670 0.977557 0.990986 0.990986 0.990986
1.011119 0.988209 0.980513 0.895166 0.964309 0.973907 0.976963 0.995146 0.995147 0.995147
1.027519 1.003188 0.995694 0.908577 0.978934 0.990436 0.994245 1.012268 1.012268 1.012268
1.010366 0.987245 0.978548 0.881473 0.959033 0.972279 0.954549 0.999882 0.999882 0.999882
1.019375 0.995486 0.985738 0.887635 0.969400 0.972815 0.959289 1.010931 1.010931 1.010931
1.014619 0.990869 0.982043 0.879982 0.951546 0.970949 0.956318 0.999988 0.999989 0.999989
1.010353 0.983983 0.979210 0.877053 0.946770 0.970464 0.957071 0.988214 0.988214 0.988214
1.017625 0.987428 0.980803 0.874127 0.957527 0.979492 0.965360 0.999797 0.999797 0.999797
1.002986 0.983082 0.978616 0.862476 0.955318 0.978859 0.965582 1.004577 1.004577 1.004577
1.006694 0.981514 0.980577 0.864536 0.935835 0.979270 0.970279 1.005542 1.005542 1.005542
0.997222 0.977715 0.976946 0.865086 0.935221 0.977911 0.966540 0.985374 0.985374 0.985374
0.994274 0.978379 0.965857 0.873124 0.936775 0.964399 0.944792 0.993126 0.993126 0.993126
0.999862 0.982102 0.964390 0.871271 0.942663 0.970799 0.948330 0.995386 0.995386 0.995386
1.000343 0.980253 0.954122 0.864774 0.943194 0.967922 0.944354 0.990281 0.990281 0.990281
1.024154 1.003021 0.976122 0.886557 0.962859 0.991187 0.965154 1.002180 1.002180 1.002180
1.007312 0.993124 0.964001 0.865706 0.949526 0.972018 0.952019 0.992571 0.992570 0.992570
0.974879 1.003938 0.963286 0.871833 0.957079 0.981041 0.956838 0.999110 0.999110 0.999110
0.984409 1.009304 0.971999 0.879599 0.964633 0.979722 0.964569 1.006341 1.006340 1.006340
0.986769 1.011158 0.968430 0.876222 0.960215 0.979306 0.954554 1.002388 1.002387 1.002387
0.982284 1.011301 0.970813 0.875900 0.955915 0.976172 0.951366 1.000217 1.000217 1.000217
0.992514 1.022377 0.979701 0.877365 0.964960 0.988322 0.957029 1.004414 1.004414 1.004414
0.979240 1.008904 0.974050 0.873209 0.953749 0.985399 0.954674 1.003628 1.003627 1.003627
0.992818 1.020767 0.986506 0.886015 0.965673 0.997348 0.966590 1.017968 1.017967 1.017967
0.974077 0.997588 0.957412 0.866736 0.946480 0.975862 0.936448 0.988728 0.988728 0.988728
0.977730 0.999598 0.964899 0.869477 0.951109 0.983767 0.945161 1.001582 1.001582 1.001582
0.993777 1.012010 0.977690 0.878237 0.966887 0.989337 0.955453 1.018979 1.018979 1.018979
0.986312 0.997710 0.969468 0.869565 0.956977 0.967920 0.933924 1.005213 1.005214 1.005214
0.990661 1.005340 0.969352 0.875802 0.949344 0.974893 0.937988 1.008395 1.008395 1.008395
0.995058 0.992196 0.969384 0.879457 0.954709 0.975166 0.943375 1.007293 1.007293 1.007293
0.983742 0.993131 0.969610 0.880483 0.938850 0.956869 0.938646 1.001066 1.001066 1.001066
0.990475 1.004360 0.969757 0.886072 0.941902 0.970970 0.947586 1.016390 1.016390 1.016390
0.972880 0.996069 0.946718 0.873031 0.927898 0.960676 0.930585 1.008983 1.008983 1.008983
0.987880 1.012045 0.939545 0.880236 0.939077 0.969439 0.945373 1.026097 1.026097 1.026097
0.979543 1.026168 0.953401 0.883169 0.952081 0.982401 0.958245 1.040174 1.040174 1.040174
0.961424 0.978645 0.931046 0.864552 0.934174 0.966880 0.930961 1.010616 1.010616 1.010616
0.935400 0.947730 0.903055 0.860132 0.917516 0.944338 0.905709 0.992343 0.992344 0.992344
0.983014 0.996621 0.947264 0.905100 0.963361 0.990453 0.952601 1.042717 1.042717 1.042717
0.985217 1.002732 0.952083 0.910449 0.969703 0.993682 0.959233 1.046972 1.046972 1.046972
0.969494 0.993724 0.943972 0.901791 0.955701 0.976094 0.942699 1.034991 1.034991 1.034991
0.959448 0.983429 0.925060 0.895534 0.938392 0.961796 0.933446 1.029752 1.029752 1.029752
