0.958706 0.966132 0.958238 0.938297 0.962127 0.961040 0.963596 0.966087 0.966086 0.966086
0.934486 0.963510 0.951219 0.926400 0.954623 0.962092 0.955780 0.953901 0.953901 0.953901
0.917721 0.941826 0.931278 0.930311 0.946397 0.948477 0.938578 0.945441 0.945441 0.945441
0.966331 0.995562 0.983390 0.983173 1.000843 0.999731 0.992948 0.997346 0.997346 0.997346
0.937687 0.978086 0.965442 0.966131 0.966031 0.962845 0.969714 0.972864 0.972864 0.972864
0.938284 0.976396 0.955312 0.959075 0.966725 0.960141 0.965799 0.968025 0.968024 0.968024
0.948579 0.991484 0.959374 0.969120 0.973842 0.978284 0.978994 0.986872 0.986871 0.986871
0.949096 0.987228 0.947069 0.971433 0.956538 0.980283 0.977120 0.989038 0.989038 0.989038
0.951450 0.986044 0.944167 0.963657 0.962873 0.984767 0.980966 0.995943 0.995943 0.995943
0.954896 0.989062 0.941849 0.961129 0.959633 0.985552 0.971968 0.993242 0.993242 0.993242
0.967146 1.002404 0.952164 0.974736 0.971079 0.996230 0.985254 1.005851 1.005850 1.005850
0.960722 0.991376 0.945155 0.967429 0.962829 0.978713 0.977064 0.996656 0.996656 0.996656
0.956029 0.980457 0.937341 0.940467 0.956745 0.974126 0.974462 0.990901 0.990901 0.990901
0.951117 0.980874 0.937897 0.945124 0.960240 0.976970 0.974894 0.975215 0.975215 0.975215
0.961368 0.984832 0.947147 0.953036 0.967911 0.973433 0.970486 0.979768 0.979768 0.979768
0.969248 0.987669 0.953299 0.959595 0.952421 0.978207 0.979578 0.985105 0.985105 0.985105
0.964877 0.981441 0.942263 0.947913 0.948753 0.974781 0.973342 0.977402 0.977401 0.977401
0.966613 0.979368 0.933745 0.946829 0.949493 0.973880 0.962862 0.969333 0.969333 0.969333
0.931086 0.939351 0.893834 0.908979 0.902711 0.919168 0.910960 0.865479 0.865479 0.865479
1.010656 1.020458 0.969702 0.973478 0.976234 0.996058 0.965448 0.943701 0.943701 0.943701
1.005011 1.014761 0.954861 0.971390 0.963180 0.986205 0.960586 0.943456 0.943456 0.943456
0.998487 1.018386 0.960363 0.966119 0.968655 0.993462 0.968502 0.955559 0.955559 0.955559
0.991413 0.982518 0.948750 0.956751 0.961489 0.989136 0.951867 0.939202 0.939202 0.939202
1.002209 0.990479 0.960353 0.968020 0.971165 1.003628 0.967056 0.942212 0.942212 0.942212
0.969088 1.000384 0.958797 0.974015 0.978030 1.012054 0.971097 0.947586 0.947586 0.947586
0.972444 1.007086 0.957779 0.980077 0.969317 1.018386 0.974404 0.949691 0.949691 0.949691
0.977170 1.010443 0.961206 0.985931 0.972333 1.020777 0.978921 0.957889 0.957888 0.957888
0.976591 1.013623 0.954380 0.977597 0.976553 1.021802 0.976052 0.959675 0.959675 0.959675
0.976126 0.995475 0.949741 0.976873 0.977266 1.017086 0.976854 0.953935 0.953935 0.953935
0.957106 0.979558 0.934992 0.965846 0.968023 1.000420 0.952531 0.943009 0.943009 0.943009
0.957143 0.989080 0.929323 0.968879 0.970916 1.007755 0.952396 0.953104 0.953104 0.953104
0.971605 1.000057 0.941450 0.975636 0.976866 1.013286 0.964988 0.958610 0.958610 0.958610
0.969588 1.002680 0.946108 0.977698 0.974905 1.012549 0.964152 0.958908 0.958908 0.958908
0.983245 1.019639 0.959345 0.993132 0.990082 1.026715 0.979602 0.976371 0.976372 0.976372
0.977270 1.013280 0.954037 0.954861 0.974551 1.001434 0.965799 0.970324 0.970325 0.970325
0.977644 1.020854 0.961619 0.961487 0.976430 1.000046 0.964915 0.975151 0.975152 0.975152
0.933140 0.980864 0.904885 0.889735 0.910754 0.946291 0.930406 0.951232 0.951233 0.951233
0.960414 1.013214 0.923491 0.926989 0.941716 0.963339 0.938828 0.989662 0.989663 0.989663
0.969265 1.011073 0.928821 0.926865 0.943840 0.964335 0.932290 0.982062 0.982063 0.982063
1.000652 1.042723 0.958202 0.955714 0.973394 0.996299 0.963872 1.014846 1.014847 1.014847
0.989634 1.031790 0.946469 0.937011 0.961768 0.987309 0.949048 0.997493 0.997494 0.997494
0.976408 1.018203 0.941020 0.932583 0.950604 0.984399 0.946722 0.996723 0.996723 0.996723
0.988380 1.024751 0.950980 0.940101 0.962249 0.994611 0.957314 1.006454 1.006455 1.006455
0.990076 1.025932 0.951918 0.942989 0.961121 0.996544 0.957293 0.996574 0.996574 0.996574
0.974112 1.007646 0.940368 0.927242 0.946698 0.984726 0.947069 0.989542 0.989542 0.989542
0.967698 0.998795 0.937783 0.919776 0.935782 0.980432 0.934973 0.984176 0.984176 0.984176
0.982919 0.996523 0.934882 0.931174 0.950838 0.992434 0.946888 1.003777 1.003777 1.003777
0.993900 1.003695 0.942391 0.935705 0.961627 0.992907 0.952264 1.015947 1.015947 1.015947
1.001291 1.007535 0.947622 0.938476 0.965829 0.993714 0.956396 1.024071 1.024071 1.024071
0.987678 0.990392 0.938139 0.929779 0.948613 0.968856 0.947830 1.015310 1.015310 1.015310
0.994443 1.004177 0.947969 0.937592 0.955203 0.980945 0.959300 1.027196 1.027196 1.027196
0.995831 1.003487 0.948283 0.939640 0.955249 0.980628 0.959326 1.029058 1.029058 1.029058
0.991823 0.998885 0.942997 0.934073 0.953190 0.968583 0.951725 1.027085 1.027085 1.027085
0.964758 0.990307 0.930493 0.913687 0.941611 0.957174 0.939172 1.018280 1.018280 1.018280
0.973819 1.000219 0.917962 0.915761 0.947299 0.960172 0.948433 1.029407 1.029407 1.029407
0.965608 1.014185 0.931508 0.918819 0.960425 0.973018 0.961355 1.043537 1.043537 1.043537
0.957365 0.999049 0.921014 0.910730 0.948979 0.964453 0.948484 1.033897 1.033897 1.033897
0.943792 0.960929 0.905420 0.890845 0.933547 0.946282 0.914134 1.012200 1.012200 1.012200
0.955903 0.979769 0.920794 0.895786 0.948023 0.955604 0.928533 1.032335 1.032335 1.032335
0.965384 0.989514 0.930784 0.901075 0.944198 0.967747 0.939221 1.036123 1.036123 1.036123
