0.977471 0.981129 0.971105 0.969783 0.982296 0.979033 0.975185 0.979875 0.979875 0.979875
0.978364 0.982626 0.949981 0.963820 0.979930 0.973851 0.976530 0.982262 0.982262 0.982262
0.979174 0.979830 0.945508 0.954529 0.984794 0.976693 0.978758 0.987489 0.987489 0.987489
0.937045 0.943911 0.892053 0.885608 0.920960 0.926611 0.946223 0.965787 0.965788 0.965788
0.988276 0.998293 0.940736 0.935593 0.972731 0.977179 0.999864 1.022734 1.022735 1.022735
0.936983 0.988619 0.920900 0.923033 0.960508 0.966171 0.984466 1.008514 1.008515 1.008515
0.942658 0.989797 0.914097 0.930333 0.948638 0.973479 0.987994 1.016295 1.016296 1.016296
0.955525 1.003962 0.924857 0.944268 0.960730 0.984823 1.002311 1.030030 1.030030 1.030030
0.936747 0.956342 0.902109 0.923276 0.941552 0.968125 0.972627 0.999584 0.999584 0.999584
0.932326 0.970127 0.910800 0.924080 0.951695 0.978919 0.982068 1.014009 1.014009 1.014009
0.940297 0.976935 0.917416 0.933014 0.958162 0.984821 0.990244 1.026518 1.026518 1.026518
0.932533 0.973429 0.916244 0.929193 0.950314 0.978008 0.983256 1.020475 1.020476 1.020476
0.934015 0.978121 0.913563 0.933230 0.940089 0.982289 0.984762 1.020832 1.020832 1.020832
0.946203 0.990327 0.924810 0.946689 0.949610 0.995334 0.995881 1.022247 1.022247 1.022247
0.939729 0.980141 0.921823 0.944336 0.939068 0.977079 0.993719 1.020441 1.020441 1.020441
0.939598 0.986952 0.928664 0.950393 0.940387 0.975216 0.992291 1.024983 1.024982 1.024982
0.931646 0.975902 0.922025 0.943178 0.931666 0.970559 0.988824 1.008582 1.008582 1.008582
0.939492 0.966961 0.925711 0.950870 0.940645 0.974680 0.998446 1.011474 1.011474 1.011474
0.951870 0.974060 0.936355 0.959402 0.953030 0.985682 1.010530 1.022273 1.022273 1.022273
0.950073 0.972064 0.935099 0.926318 0.942033 0.965463 1.000490 1.020222 1.020222 1.020222
0.947371 0.963329 0.929269 0.902349 0.938000 0.962908 0.999871 1.016411 1.016411 1.016411
0.951057 0.971363 0.926683 0.905412 0.938287 0.974232 1.006433 1.028942 1.028942 1.028942
0.937414 0.969356 0.924113 0.903743 0.919928 0.953078 0.998378 1.019507 1.019507 1.019507
0.936379 0.974761 0.926872 0.896252 0.921338 0.949224 1.000151 1.025480 1.025480 1.025480
0.950740 0.989152 0.939623 0.908261 0.937224 0.955790 1.011514 1.043410 1.043409 1.043409
0.961526 0.999329 0.949594 0.917446 0.946874 0.967349 1.024469 1.056270 1.056270 1.056270
0.937221 0.970266 0.915576 0.891629 0.922001 0.940335 0.986047 1.019238 1.019238 1.019238
0.963299 1.001136 0.943724 0.919793 0.951761 0.967482 1.018258 1.049521 1.049521 1.049521
0.941662 0.976882 0.915978 0.892211 0.930998 0.946707 0.993530 1.022535 1.022535 1.022535
0.954846 0.986213 0.928131 0.903925 0.942273 0.949390 1.005747 1.034244 1.034244 1.034244
0.941127 0.969891 0.918327 0.889620 0.924109 0.937843 0.985122 1.020576 1.020576 1.020576
0.942776 0.977023 0.925235 0.900216 0.933908 0.947095 0.992383 1.011376 1.011375 1.011375
0.952964 0.980993 0.934387 0.907779 0.941396 0.943694 0.987925 1.016126 1.016126 1.016126
0.960719 0.983763 0.940402 0.913973 0.926277 0.948267 0.997123 1.021603 1.021603 1.021603
0.948752 0.947878 0.926094 0.895577 0.912805 0.932025 0.962689 1.001910 1.001910 1.001910
0.982933 0.979985 0.958438 0.928574 0.944418 0.963947 0.996010 1.038438 1.038438 1.038438
0.978649 0.976234 0.953072 0.916528 0.939416 0.961676 0.987290 1.027549 1.027549 1.027549
0.953252 0.954289 0.932083 0.900205 0.924394 0.939679 0.956358 1.009080 1.009081 1.009081
0.931064 0.953638 0.927142 0.890604 0.919054 0.942625 0.950534 0.998384 0.998384 0.998384
0.938403 0.968600 0.933993 0.878515 0.929604 0.952368 0.962913 1.014000 1.014000 1.014000
0.954525 0.978893 0.947424 0.893367 0.942351 0.968470 0.974662 1.030691 1.030691 1.030691
0.952067 0.965412 0.941758 0.882811 0.933442 0.958144 0.956567 1.010826 1.010826 1.010826
0.971971 0.992515 0.964912 0.902658 0.953049 0.983642 0.981658 1.036937 1.036936 1.036936
0.914245 0.929589 0.901962 0.846209 0.884798 0.906564 0.906917 0.904081 0.904081 0.904081
0.993183 1.005861 0.977851 0.911906 0.952689 0.975505 0.983390 0.973112 0.973112 0.973112
0.987560 1.000364 0.979810 0.914682 0.948981 0.980222 0.988638 0.979951 0.979951 0.979951
0.990623 1.004285 0.982323 0.905260 0.948405 0.981625 0.968274 0.987447 0.987447 0.987447
0.985027 0.998614 0.967227 0.903260 0.935663 0.971852 0.963336 0.987127 0.987127 0.987127
0.983403 0.994612 0.954892 0.894616 0.934197 0.966909 0.957255 0.979973 0.979973 0.979973
1.000854 1.011696 0.965953 0.904826 0.944157 0.981298 0.961822 0.991070 0.991070 0.991070
0.984786 1.005093 0.944647 0.893061 0.931740 0.972585 0.946210 0.985560 0.985561 0.985561
1.012246 1.029416 0.969170 0.913886 0.954805 0.993132 0.969604 1.013605 1.013606 1.013606
0.989093 1.004131 0.950842 0.892460 0.934026 0.974622 0.952669 0.999548 0.999548 0.999548
0.997249 1.012439 0.959567 0.896243 0.928717 0.985372 0.962039 1.001555 1.001555 1.001555
0.984655 1.003299 0.939471 0.895795 0.921236 0.962330 0.931268 0.999641 0.999641 0.999641
0.954289 0.967838 0.907695 0.887760 0.901301 0.936250 0.902495 0.977761 0.977762 0.977762
0.993684 0.989929 0.927652 0.921372 0.938842 0.971553 0.936990 1.022322 1.022323 1.022323
0.980857 0.987049 0.926971 0.910454 0.938081 0.972381 0.938610 1.028750 1.028750 1.028750
0.973722 1.001999 0.941747 0.914561 0.952188 0.986540 0.952509 1.044088 1.044088 1.044088
0.973708 0.998046 0.938809 0.908845 0.952339 0.976091 0.947319 1.045057 1.045057 1.045057
