0.934337 0.940553 0.921145 0.905847 0.913057 0.926280 0.943889 0.954888 0.954888 0.954888
0.967665 0.970299 0.943680 0.935403 0.944664 0.956713 0.965296 0.979023 0.979024 0.979024
0.994586 1.001166 0.972689 0.964946 0.975152 0.984329 0.996824 1.008107 1.008108 1.008108
0.970151 0.974261 0.938238 0.933770 0.951272 0.956840 0.967792 0.977826 0.977826 0.977826
0.976385 0.980524 0.935038 0.943022 0.949889 0.958818 0.974548 0.989379 0.989379 0.989379
0.984961 0.982764 0.940655 0.951049 0.954965 0.966981 0.978297 0.997363 0.997364 0.997364
0.987322 0.983623 0.941707 0.954385 0.955589 0.966876 0.980423 1.003507 1.003507 1.003507
0.995291 0.985851 0.947735 0.958096 0.963292 0.972862 0.987289 1.009110 1.009111 1.009111
0.966687 0.975928 0.933775 0.935789 0.950172 0.959969 0.972815 0.998969 0.998969 0.998969
0.977538 0.982553 0.943574 0.945480 0.959046 0.960054 0.982082 1.007643 1.007643 1.007643
0.962353 0.977089 0.940374 0.931792 0.955720 0.958317 0.981164 1.011281 1.011281 1.011281
0.963936 0.972168 0.941068 0.931103 0.954651 0.946220 0.967903 1.006823 1.006823 1.006823
0.956228 0.976407 0.944501 0.935372 0.941999 0.931636 0.966341 1.004015 1.004015 1.004015
0.951186 0.947634 0.936897 0.923213 0.935050 0.922340 0.939757 0.991824 0.991824 0.991824
0.970496 0.960918 0.952668 0.920199 0.952658 0.941252 0.960975 1.011055 1.011055 1.011055
0.988171 0.979056 0.968220 0.938186 0.969144 0.956507 0.979289 1.029331 1.029331 1.029331
0.984485 0.974855 0.963109 0.932904 0.967341 0.945038 0.971816 1.027661 1.027661 1.027661
0.974816 0.954443 0.950393 0.915183 0.951234 0.928169 0.946844 1.000532 1.000532 1.000532
0.990153 0.973088 0.959059 0.922270 0.970969 0.944278 0.959491 1.018772 1.018772 1.018772
0.966384 0.953114 0.939811 0.907654 0.957351 0.924522 0.931286 1.002460 1.002460 1.002460
0.987494 0.973390 0.954526 0.921711 0.971454 0.942059 0.939498 1.017894 1.017895 1.017895
0.987146 0.976185 0.949888 0.923921 0.959138 0.944348 0.939113 1.016276 1.016276 1.016276
0.989130 0.974756 0.955259 0.929840 0.956945 0.935292 0.945426 1.023523 1.023523 1.023523
0.980298 0.987870 0.968868 0.932475 0.969716 0.947328 0.957825 1.037051 1.037050 1.037050
0.988119 0.994711 0.975889 0.938770 0.976439 0.955593 0.966863 1.046338 1.046337 1.046337
0.980138 0.982798 0.965002 0.925382 0.968721 0.937850 0.953843 1.038865 1.038865 1.038865
0.974867 0.977540 0.960696 0.916746 0.950199 0.935382 0.950209 1.026884 1.026884 1.026884
0.976153 0.975237 0.956642 0.908355 0.955384 0.938572 0.952844 1.032856 1.032855 1.032855
0.936809 0.977598 0.947925 0.907121 0.954918 0.939349 0.949646 1.030952 1.030952 1.030952
0.931977 0.970875 0.946860 0.901914 0.951072 0.938554 0.949975 1.035087 1.035086 1.035086
0.951827 0.987999 0.965217 0.917032 0.968372 0.952243 0.967225 1.057720 1.057720 1.057720
0.933378 0.967100 0.939789 0.892334 0.950230 0.934730 0.946709 1.033769 1.033768 1.033768
0.896012 0.924426 0.896557 0.853747 0.900336 0.879214 0.892628 0.919869 0.919868 0.919868
0.931973 0.983772 0.949703 0.899478 0.953250 0.939230 0.944792 0.969205 0.969205 0.969205
0.958179 1.006102 0.974760 0.923564 0.956530 0.962487 0.972487 0.993741 0.993741 0.993741
0.949052 1.002089 0.971037 0.924043 0.955790 0.961039 0.968627 0.973696 0.973695 0.973695
0.962001 1.016382 0.961995 0.930042 0.965615 0.968110 0.982299 0.988481 0.988481 0.988481
0.945589 1.006781 0.945120 0.894713 0.952527 0.953910 0.970465 0.979097 0.979096 0.979096
0.954750 1.021320 0.960993 0.907173 0.961821 0.964454 0.981054 0.990946 0.990946 0.990946
0.945764 1.009468 0.955623 0.897307 0.948024 0.957515 0.965767 0.982767 0.982766 0.982766
0.958331 1.030134 0.975644 0.915190 0.962105 0.968523 0.977330 1.000398 1.000397 1.000397
0.950186 1.018563 0.968633 0.908209 0.953147 0.963863 0.973880 0.984354 0.984354 0.984354
0.968391 1.035920 0.986142 0.926340 0.970102 0.980646 0.991184 1.003632 1.003632 1.003632
0.963303 1.030310 0.981498 0.891380 0.955675 0.957291 0.978027 0.998241 0.998241 0.998241
0.947014 1.022695 0.959014 0.879025 0.942286 0.947967 0.961316 0.991829 0.991829 0.991829
0.956434 1.037445 0.962115 0.887330 0.948262 0.964900 0.973462 1.010114 1.010114 1.010114
0.942971 1.026572 0.940586 0.885586 0.939244 0.940955 0.940945 1.006706 1.006706 1.006706
0.961479 1.047278 0.957851 0.895155 0.956776 0.961352 0.955176 1.020148 1.020147 1.020147
0.959892 1.027017 0.938550 0.890742 0.955536 0.956470 0.950797 1.022662 1.022662 1.022662
0.919779 0.979524 0.896559 0.872779 0.924296 0.920035 0.911010 0.988977 0.988977 0.988977
0.945515 1.013665 0.925419 0.890747 0.952668 0.942995 0.939200 1.023736 1.023736 1.023736
0.955211 1.020015 0.933013 0.892671 0.953923 0.943638 0.947068 1.024727 1.024727 1.024727
0.950672 0.986401 0.923896 0.886092 0.949090 0.941736 0.932988 1.009552 1.009551 1.009551
0.976545 1.016072 0.948951 0.911734 0.976346 0.967275 0.960213 1.041247 1.041247 1.041247
0.965753 0.987323 0.934348 0.901420 0.966721 0.952625 0.950834 1.024068 1.024068 1.024068
0.978106 0.999390 0.945611 0.914187 0.976263 0.965030 0.961325 1.025227 1.025227 1.025227
0.963001 0.984150 0.938184 0.907948 0.962896 0.960157 0.956948 1.022275 1.022275 1.022275
0.971291 0.999592 0.949672 0.917177 0.971280 0.973835 0.970220 1.036050 1.036050 1.036050
0.961815 0.985054 0.927840 0.909901 0.944199 0.965779 0.958392 1.027634 1.027634 1.027634
0.965071 0.989194 0.930482 0.900784 0.943892 0.967434 0.938917 1.035788 1.035788 1.035788
