0.957501 0.949366 0.956471 0.956718 0.949029 0.948426 0.956718 0.907920 0.907919 0.907919
1.012524 1.003921 1.011435 1.011697 1.003566 0.995268 1.011697 0.953782 0.953781 0.953781
1.010294 1.001710 1.009207 1.009468 1.001355 0.993076 1.009468 0.937732 0.937732 0.937732
1.020020 1.011889 1.019462 1.019187 1.010996 1.003166 1.019726 0.940765 0.940765 0.940765
1.022836 1.014682 1.022277 1.022000 1.013787 1.005936 1.022541 0.937688 0.937688 0.937688
1.010206 1.002153 1.008003 1.009381 1.001268 0.993515 1.009915 0.903696 0.903696 0.903696
1.022926 1.014771 1.020694 1.021160 1.012953 1.006024 1.022630 0.899556 0.899556 0.899556
1.022678 1.014525 1.020447 1.020913 1.012708 1.005780 1.022383 0.877783 0.877783 0.877783
1.023351 1.015588 1.016337 1.016801 1.008629 1.006833 1.023056 0.866373 0.866373 0.866373
1.037412 1.028916 1.027392 1.028922 1.021634 1.020272 1.033072 0.871292 0.871292 0.871292
1.037177 1.028683 1.027160 1.028689 1.021402 1.020041 1.032838 0.849504 0.849503 0.849503
1.043940 1.035038 1.033499 1.034189 1.024752 1.025947 1.039675 0.837210 0.837209 0.837209
1.058408 1.049117 1.047234 1.047932 1.039230 1.039903 1.054364 0.838853 0.838852 0.838852
0.963014 1.027132 1.025288 1.025972 0.945564 1.018110 1.032268 0.808735 0.808736 0.808736
0.980907 1.046216 1.044338 1.045991 0.964014 1.037976 1.050276 0.792566 0.792566 0.792566
1.011559 1.080651 1.059331 1.059048 0.976048 1.072140 1.083096 0.816344 0.816344 0.816344
1.024000 1.093943 1.072360 1.072073 0.988052 1.085327 1.095946 0.817305 0.817305 0.817305
1.026612 1.096733 1.075096 1.074808 0.990573 1.088095 1.098742 0.809997 0.809997 0.809997
1.025863 1.095933 1.074312 1.069261 0.989829 1.085885 1.088204 0.800284 0.800284 0.800284
1.036399 1.107239 1.085102 1.080055 1.000040 1.097087 1.093190 0.803103 0.803103 0.803103
0.991788 1.059579 1.051304 1.045961 0.968472 1.059498 1.057788 0.748185 0.748185 0.748185
0.981994 1.049116 1.040922 1.035632 0.958908 1.049035 1.047342 0.681533 0.681533 0.681533
1.052614 1.124562 1.113826 1.110109 1.027868 1.124523 1.120834 0.719404 0.719404 0.719404
1.060094 1.132802 1.121986 1.115648 1.035478 1.132762 1.122869 0.718562 0.718562 0.718562
1.020263 1.090239 1.079830 1.075192 0.996572 1.090200 1.082151 0.665166 0.665165 0.665165
1.037786 1.129642 1.118856 1.114048 1.032589 1.129602 1.101034 0.679971 0.679971 0.679971
1.063065 1.156034 1.146111 1.122328 1.057742 1.157118 1.127854 0.693299 0.693298 0.693298
1.034971 1.140852 1.124522 1.109198 1.035509 1.142871 1.110943 0.684115 0.684114 0.684114
1.053961 1.161784 1.145155 1.129550 1.054508 1.163840 1.131326 0.690834 0.690833 0.690833
1.034674 1.135285 1.114450 1.108008 1.035281 1.140232 1.110624 0.664757 0.664757 0.664757
1.038118 1.139064 1.118160 1.111696 1.038727 1.144027 1.114321 0.643047 0.643046 0.643046
1.068483 1.171912 1.152046 1.143995 1.067831 1.177040 1.147666 0.658258 0.658257 0.658257
1.028025 1.127538 1.103931 1.100677 1.027397 1.132471 1.104210 0.597478 0.597477 0.597477
1.017251 1.115720 1.069627 1.066474 1.010167 1.120602 1.085692 0.560167 0.560167 0.560167
1.099825 1.206187 1.156276 1.152781 1.090378 1.212005 1.173554 0.601842 0.601841 0.601841
1.086521 1.194152 1.141833 1.138685 1.079293 1.198124 1.158996 0.590510 0.590510 0.590510
1.104852 1.214299 1.161097 1.157896 1.097502 1.218338 1.178550 0.595882 0.595881 0.595881
1.081992 1.189174 1.134303 1.131176 1.073815 1.194281 1.151353 0.572308 0.572308 0.572308
1.104109 1.213374 1.157489 1.147026 1.095725 1.218648 1.174844 0.576071 0.576070 0.576070
1.090443 1.201138 1.144767 1.130774 1.085951 1.198345 1.156846 0.562548 0.562547 0.562547
1.102165 1.214700 1.157295 1.143541 1.098212 1.211875 1.168978 0.556556 0.556555 0.556555
1.112592 1.224665 1.168243 1.154712 1.110974 1.225709 1.178568 0.557195 0.557195 0.557195
1.109144 1.223792 1.167410 1.154400 1.104280 1.223521 1.171467 0.550464 0.550463 0.550463
1.089377 1.206434 1.135852 1.134854 1.071293 1.207393 1.156026 0.539881 0.539880 0.539880
1.122338 1.239000 1.170219 1.169192 1.101714 1.243926 1.191004 0.551405 0.551404 0.551404
1.080280 1.183901 1.126366 1.117197 1.052720 1.188608 1.146373 0.518742 0.518741 0.518741
1.131967 1.240546 1.180258 1.170650 1.103088 1.245478 1.201222 0.537615 0.537614 0.537614
1.137423 1.246526 1.185948 1.176293 1.108406 1.251481 1.207012 0.536146 0.536146 0.536146
1.086241 1.190434 1.132582 1.123362 1.049787 1.190037 1.152699 0.490393 0.490392 0.490392
1.133661 1.243958 1.182025 1.171192 1.091062 1.242676 1.204431 0.505074 0.505073 0.505073
1.145999 1.259921 1.196647 1.186004 1.102440 1.258116 1.219886 0.508399 0.508398 0.508398
1.137673 1.250362 1.188444 1.177875 1.091445 1.246164 1.210909 0.496422 0.496421 0.496421
1.143317 1.256565 1.168485 1.183718 1.096859 1.234958 1.216916 0.491038 0.491038 0.491038
1.148184 1.261828 1.173459 1.188757 1.099103 1.240130 1.222097 0.483183 0.483183 0.483183
1.136027 1.248468 1.161035 1.176171 1.087466 1.227000 1.209158 0.460630 0.460629 0.460629
1.132415 1.244716 1.157446 1.159606 1.083727 1.223098 1.205447 0.443783 0.443782 0.443782
1.171633 1.288594 1.198258 1.200681 1.121322 1.265116 1.248106 0.453815 0.453814 0.453814
1.163507 1.279657 1.186635 1.189034 1.115791 1.227005 1.236000 0.448195 0.448195 0.448195
1.143067 1.257177 1.165789 1.168146 1.096190 1.205450 1.214287 0.418882 0.418881 0.418881
1.176727 1.295293 1.200622 1.203050 1.127296 1.241505 1.251081 0.424102 0.424102 0.424102
1.154810 1.272808 1.168837 1.175195 1.099738 1.215332 1.217404 0.408558 0.408558 0.408558
1.200905 1.323612 1.215491 1.222103 1.143634 1.263841 1.265997 0.420694 0.420694 0.420694
1.206380 1.330162 1.221146 1.228075 1.149336 1.270180 1.272054 0.420809 0.420809 0.420809
1.203638 1.325409 1.218370 1.225504 1.146930 1.267520 1.267509 0.417463 0.417462 0.417462
1.186617 1.306667 1.201141 1.208174 1.130711 1.249596 1.249585 0.400990 0.400990 0.400990
1.199486 1.320855 1.213829 1.219328 1.142759 1.262911 1.262598 0.398227 0.398227 0.398227
1.204059 1.329076 1.220223 1.226191 1.149747 1.269763 1.269838 0.395775 0.395774 0.395774
1.209259 1.336026 1.226604 1.233438 1.154712 1.274699 1.274775 0.395755 0.395755 0.395755
1.172236 1.294280 1.188277 1.196208 1.120464 1.236223 1.236296 0.368174 0.368174 0.368174
1.187595 1.311239 1.203847 1.211881 1.135145 1.252421 1.252495 0.359629 0.359629 0.359629
1.217270 1.344060 1.234172 1.236214 1.163740 1.281146 1.282783 0.364815 0.364814 0.364814
1.220653 1.343056 1.233259 1.238765 1.166138 1.278307 1.284426 0.362475 0.362474 0.362474
1.233539 1.357437 1.246278 1.252029 1.158907 1.291816 1.298180 0.365576 0.365575 0.365575
1.208131 1.329477 1.220608 1.217619 1.135036 1.265208 1.271440 0.348193 0.348193 0.348193
1.243876 1.368812 1.256722 1.253645 1.168618 1.302641 1.309058 0.357689 0.357689 0.357689
1.199551 1.321095 1.100615 1.210605 1.037571 1.257636 1.260098 0.344914 0.344914 0.344914
1.244291 1.374666 1.115522 1.259696 1.079646 1.304543 1.311196 0.353968 0.353967 0.353967
1.166719 1.288966 1.045978 1.181164 1.012338 1.223215 1.229453 0.299558 0.299558 0.299558
1.265471 1.398066 1.131960 1.281034 1.095611 1.324201 1.329096 0.320665 0.320665 0.320665
1.274174 1.407477 1.135590 1.287027 1.102939 1.331992 1.338068 0.318973 0.318972 0.318972
1.283716 1.418017 1.144093 1.296665 1.111198 1.341967 1.348088 0.318230 0.318230 0.318230
1.288183 1.422952 1.148075 1.301178 1.115065 1.346637 1.352779 0.317078 0.317078 0.317078
1.211358 1.389334 1.120951 1.270437 1.088721 1.314822 1.320819 0.300508 0.300508 0.300508
1.230349 1.415058 1.143345 1.295535 1.110762 1.339012 1.339902 0.302509 0.302509 0.302509
1.242048 1.428514 1.154217 1.307854 1.121324 1.351745 1.352643 0.301343 0.301343 0.301343
1.246265 1.433363 1.158135 1.312294 1.125131 1.356334 1.357235 0.299054 0.299054 0.299054
1.245932 1.432751 1.160125 1.314477 1.127291 1.358243 1.356508 0.297202 0.297202 0.297202
1.256922 1.445389 1.170359 1.326073 1.137235 1.370225 1.368474 0.299015 0.299014 0.299014
1.231563 1.416227 1.146745 1.295345 1.114290 1.342579 1.336764 0.286871 0.286870 0.286870
1.248283 1.435455 1.131405 1.312931 1.129419 1.360807 1.354913 0.287302 0.287301 0.287301
1.255995 1.444323 1.138394 1.321043 1.136396 1.369214 1.363283 0.285924 0.285924 0.285924
1.245472 1.430731 1.128870 1.310243 1.126875 1.356934 1.350400 0.278034 0.278034 0.278034
1.252754 1.425803 1.135470 1.317903 1.133463 1.349185 1.318263 0.277725 0.277724 0.277724
1.272310 1.447908 1.150973 1.334007 1.151158 1.370247 1.338709 0.280196 0.280196 0.280196
1.256103 1.429464 1.136311 1.317014 1.129890 1.352792 1.321656 0.270588 0.270587 0.270587
1.257479 1.431030 1.137556 1.318457 1.131128 1.354274 1.323104 0.264201 0.264200 0.264200
1.262780 1.434688 1.140034 1.324014 1.133591 1.359326 1.327301 0.261565 0.261564 0.261564
1.269116 1.441887 1.145445 1.330658 1.139279 1.366113 1.334499 0.259475 0.259474 0.259474
1.250513 1.416906 1.128654 1.311152 1.122579 1.346087 1.311379 0.252664 0.252663 0.252663
1.281456 1.451966 1.156582 1.343596 1.150356 1.379395 1.343828 0.255795 0.255794 0.255794
