0.950051 0.950051 0.961862 0.961446 0.961446 0.958768 0.960634 0.924896 0.924896 0.924896
0.987722 0.987722 0.978352 0.999568 0.999568 0.982944 0.998723 0.946444 0.946445 0.946445
1.002138 1.002054 0.992479 1.013925 1.012495 0.997652 1.013069 0.954239 0.954239 0.954239
1.006205 1.006121 0.996507 1.018040 1.016604 1.001701 1.017180 0.950089 0.950089 0.950089
1.005660 1.005796 0.996185 1.015350 1.016354 1.001377 1.011288 0.941771 0.941771 0.941771
0.991056 0.991190 0.979327 0.998168 1.000683 0.987788 0.994174 0.910211 0.910211 0.910211
1.017384 1.017415 1.003406 1.021263 1.027267 1.014030 1.020484 0.928216 0.928217 0.928217
1.015231 1.015869 1.001890 1.019878 1.025149 1.011611 1.019068 0.915485 0.915485 0.915485
1.018632 1.019272 1.005246 1.023295 1.028584 1.015000 1.022482 0.905088 0.905089 0.905089
1.026142 1.023535 1.012658 1.030840 1.034296 1.022484 1.030021 0.903876 0.903876 0.903876
1.028990 1.025964 1.016510 1.033503 1.035926 1.024929 1.033556 0.901456 0.901456 0.901456
1.000776 1.001529 0.979367 1.006077 0.995161 1.001537 1.009967 0.875486 0.875486 0.875486
1.004191 1.004293 0.982069 1.009960 0.999542 1.005402 1.013865 0.843061 0.843062 0.843062
1.032677 1.033335 1.010121 1.039165 1.028446 1.034476 1.042354 0.848620 0.848620 0.848620
0.990907 1.029512 1.006383 1.035320 1.024641 1.030648 1.038498 0.820685 0.820685 0.820685
1.010442 1.049808 1.026223 1.055731 1.044841 1.050967 1.058971 0.816215 0.816216 0.816216
1.030185 1.070320 1.046275 1.076359 1.065256 1.063317 1.079662 0.826692 0.826693 0.826693
1.022132 1.060848 1.038108 1.068164 1.056929 1.054378 1.070064 0.804334 0.804335 0.804335
1.040257 1.079821 1.056516 1.087268 1.057834 1.073087 1.089202 0.816976 0.816976 0.816976
1.029218 1.068362 1.042955 1.075642 1.044308 1.059661 1.074073 0.797738 0.797738 0.797738
1.043314 1.082994 1.057239 1.090374 1.058611 1.074174 1.088784 0.800725 0.800725 0.800725
1.040678 1.080258 1.052722 1.087619 1.055936 1.071505 1.084266 0.786521 0.786521 0.786521
1.015470 1.073746 1.046376 1.081060 1.049571 1.065046 1.058287 0.771304 0.771305 0.771305
1.023567 1.084628 1.054298 1.089535 1.060007 1.074237 1.066392 0.772156 0.772157 0.772157
1.027235 1.089437 1.058521 1.093898 1.062700 1.078572 1.071102 0.762139 0.762139 0.762139
1.045381 1.107604 1.077219 1.094827 1.081472 1.097624 1.090023 0.771999 0.771999 0.771999
1.032020 1.096503 1.067954 1.085174 1.072452 1.086499 1.074789 0.755366 0.755366 0.755366
1.024918 1.088957 1.060604 1.077706 1.065071 1.079022 1.067392 0.723281 0.723280 0.723280
1.010708 1.073859 1.045899 1.062764 1.041630 1.059495 1.052593 0.683125 0.683125 0.683125
1.063641 1.126125 1.096813 1.117625 1.095397 1.109429 1.106065 0.712311 0.712311 0.712311
1.070914 1.133826 1.104313 1.125267 1.102888 1.117015 1.113629 0.710194 0.710194 0.710194
0.999713 1.058442 1.030891 1.050452 1.029560 1.042749 1.039587 0.598372 0.598372 0.598372
1.099445 1.164033 1.133734 1.155246 1.132271 1.146774 1.143298 0.654108 0.654107 0.654107
1.104285 1.169157 1.138725 1.160332 1.137255 1.151823 1.148331 0.655510 0.655510 0.655510
1.068058 1.146244 1.109955 1.139244 1.106056 1.130187 1.123701 0.642589 0.642589 0.642589
1.071579 1.153629 1.088113 1.146584 1.113182 1.133913 1.130941 0.637840 0.637839 0.637839
1.084471 1.167508 1.101204 1.155232 1.126550 1.146061 1.134397 0.638239 0.638239 0.638239
1.059808 1.141873 0.977309 1.130485 1.013593 1.121258 1.106569 0.623673 0.623673 0.623673
1.090802 1.175267 1.005890 1.163546 1.043235 1.154048 1.138930 0.618498 0.618498 0.618498
1.118654 1.205169 1.031574 1.185739 1.069834 1.183472 1.167968 0.625672 0.625672 0.625672
1.112713 1.198768 1.023240 1.176158 1.066299 1.149699 1.158532 0.618935 0.618936 0.618936
1.125308 1.212353 1.034534 1.187573 1.078166 1.162495 1.171145 0.614958 0.614958 0.614958
1.124641 1.213152 1.033920 1.185644 1.073048 1.162449 1.171825 0.606515 0.606515 0.606515
1.128542 1.220274 1.039990 1.193131 1.073610 1.168017 1.172437 0.603135 0.603135 0.603135
1.106373 1.196303 1.019561 1.170765 1.053484 1.146121 1.148125 0.568895 0.568895 0.568895
1.151713 1.245328 1.061342 1.218743 1.096656 1.193089 1.195176 0.588019 0.588019 0.588019
1.149086 1.242488 1.058922 1.215964 1.094155 1.190368 1.191938 0.580232 0.580232 0.580232
1.082447 1.170432 0.976751 1.121607 1.024150 1.121335 1.115677 0.517878 0.517878 0.517878
1.171417 1.264984 1.057034 1.214015 1.108528 1.213720 1.205806 0.557254 0.557254 0.557254
1.157221 1.249654 1.042517 1.199302 1.095094 1.199011 1.191193 0.537178 0.537178 0.537178
1.153796 1.248849 1.040890 1.193583 1.095674 1.190277 1.184128 0.529570 0.529570 0.529570
1.164387 1.260312 1.050444 1.200856 1.105731 1.201203 1.191343 0.523283 0.523283 0.523283
1.174139 1.270868 1.058957 1.210914 1.114993 1.211233 1.201807 0.520837 0.520837 0.520837
1.184393 1.284437 1.069775 1.223619 1.124223 1.223673 1.214638 0.523150 0.523150 0.523150
1.137948 1.234068 1.023659 1.175636 1.080137 1.175688 1.167007 0.474179 0.474179 0.474179
1.177590 1.277556 1.054359 1.210894 1.112532 1.217118 1.207662 0.484001 0.484001 0.484001
1.194483 1.297976 1.051966 1.205914 1.107956 1.236572 1.224987 0.490350 0.490350 0.490350
1.193266 1.296652 1.050894 1.204685 1.106827 1.235311 1.223738 0.477709 0.477709 0.477709
1.172549 1.274141 1.032649 1.183770 1.087611 1.213864 1.202492 0.446559 0.446559 0.446559
1.172003 1.262727 1.031058 1.182252 1.077486 1.201800 1.200950 0.423238 0.423238 0.423238
1.229460 1.324440 1.077662 1.237503 1.130098 1.259473 1.259667 0.438627 0.438627 0.438627
1.217255 1.311292 1.066964 1.216604 1.118879 1.246970 1.247163 0.422322 0.422322 0.422322
1.233160 1.327995 1.081352 1.233010 1.130406 1.260419 1.263338 0.420819 0.420819 0.420819
1.246745 1.342626 1.093265 1.246594 1.142860 1.274305 1.277256 0.420800 0.420800 0.420800
1.252421 1.348738 1.098242 1.252269 1.148063 1.280107 1.283071 0.419539 0.419539 0.419539
1.243958 1.342843 1.092403 1.246058 1.142921 1.273500 1.276842 0.412565 0.412565 0.412565
1.238205 1.336541 1.087351 1.240295 1.135130 1.267524 1.270936 0.402375 0.402375 0.402375
1.250280 1.349575 1.097954 1.252390 1.146200 1.279884 1.283330 0.400921 0.400921 0.400921
1.247336 1.333961 1.095369 1.249442 1.143501 1.262199 1.242575 0.397210 0.397210 0.397210
1.209626 1.293632 1.062254 1.213318 1.108930 1.224040 1.206650 0.370498 0.370497 0.370497
1.261366 1.348146 1.104562 1.262945 1.155397 1.275903 1.253361 0.383272 0.383272 0.383272
1.276786 1.365349 1.118657 1.278385 1.169522 1.292184 1.269354 0.385502 0.385501 0.385501
1.153342 1.327109 1.087326 1.242581 1.056449 1.255993 1.233803 0.368984 0.368984 0.368984
1.205132 1.386701 1.136151 1.298378 1.103888 1.312392 1.289206 0.380906 0.380905 0.380905
1.211127 1.393664 1.141548 1.304611 1.109431 1.318982 1.288326 0.380244 0.380243 0.380243
1.213633 1.396547 1.143910 1.307310 1.111726 1.321711 1.290991 0.378118 0.378117 0.378117
1.209304 1.391343 1.142093 1.305163 1.110183 1.319202 1.286040 0.374535 0.374535 0.374535
1.163439 1.328844 1.098777 1.246535 1.060314 1.259944 1.237265 0.352184 0.352183 0.352183
1.214577 1.386902 1.146428 1.300594 1.107213 1.314992 1.291991 0.363350 0.363349 0.363349
1.220191 1.394576 1.152772 1.308677 1.112331 1.320503 1.297405 0.363442 0.363441 0.363441
1.197617 1.362488 1.121634 1.283455 1.091825 1.293450 1.273403 0.349651 0.349651 0.349651
1.218330 1.386052 1.141032 1.304466 1.109699 1.315821 1.295427 0.349667 0.349666 0.349666
1.228023 1.397079 1.150110 1.314844 1.118527 1.326290 1.305733 0.348605 0.348604 0.348604
1.226487 1.395392 1.148900 1.306911 1.117350 1.321980 1.303075 0.344579 0.344578 0.344578
1.241512 1.412486 1.162974 1.322922 1.131038 1.338175 1.319039 0.347859 0.347858 0.347858
1.218856 1.384418 1.139435 1.298780 1.108145 1.313121 1.293622 0.336684 0.336684 0.336684
1.220178 1.385920 1.140670 1.300188 1.109346 1.314545 1.295025 0.328971 0.328971 0.328971
1.235812 1.403677 1.124563 1.316847 1.123560 1.331388 1.311618 0.329217 0.329217 0.329217
1.226453 1.393047 1.116046 1.306875 1.115051 1.321305 1.301685 0.318334 0.318333 0.318333
1.246145 1.415413 1.133966 1.327858 1.132955 1.342520 1.322585 0.319737 0.319736 0.319736
1.232859 1.399845 1.121487 1.312167 1.117265 1.327241 1.308612 0.309731 0.309730 0.309730
1.257221 1.428060 1.143754 1.338533 1.139828 1.354083 1.334770 0.314503 0.314503 0.314503
1.173520 1.332984 1.067607 1.249418 1.063942 1.263932 1.245905 0.270080 0.270079 0.270079
1.231664 1.399030 1.120504 1.311323 1.116657 1.326557 1.307637 0.273294 0.273294 0.273294
1.224700 1.392914 1.105257 1.297892 1.103757 1.315753 1.289255 0.266757 0.266756 0.266756
1.256790 1.429412 1.134218 1.331900 1.126096 1.350229 1.323037 0.267770 0.267770 0.267770
1.244809 1.411954 1.123406 1.319203 1.115361 1.337357 1.306878 0.262098 0.262097 0.262097
1.277009 1.448477 1.152465 1.353327 1.144212 1.371951 1.340683 0.265932 0.265932 0.265932
1.272569 1.441645 1.148458 1.349034 1.142675 1.369830 1.334360 0.262826 0.262825 0.262825
1.237753 1.402449 1.117138 1.297774 1.111125 1.332353 1.297999 0.247071 0.247071 0.247071
