0.958333 0.958333 0.954449 0.958333 0.958333 0.958333 0.958333 0.904078 0.904078 0.904078
1.001811 1.003429 0.981407 0.983581 0.983581 1.003429 1.001811 0.943951 0.943952 0.943952
1.011531 1.013771 0.991531 0.993881 0.993180 1.012892 1.012270 0.942031 0.942032 0.942032
1.007207 1.009093 0.986950 0.988477 0.985749 1.007829 1.008041 0.918440 0.918441 0.918441
1.027063 1.027986 1.006407 0.991309 1.005182 1.027697 1.027914 0.932196 0.932197 0.932197
1.027674 1.028512 1.006852 0.991672 1.004133 1.028681 1.028291 0.926904 0.926905 0.926905
1.013520 1.014741 0.988334 0.973434 0.985665 1.014907 1.014128 0.901662 0.901662 0.901662
1.021629 1.022860 0.993469 0.978491 0.995556 0.999140 1.019397 0.903891 0.903891 0.903891
1.038055 1.039305 1.009441 0.994223 1.011562 1.015204 1.035787 0.906266 0.906266 0.906266
1.039645 1.040897 1.009218 0.995746 1.013112 1.016802 1.035686 0.893813 0.893813 0.893813
1.014817 1.034985 1.003486 0.990088 1.007358 1.011026 1.011226 0.876828 0.876828 0.876828
1.039636 1.060297 1.028028 1.014302 1.031994 1.035753 1.035957 0.891404 0.891404 0.891404
0.939435 1.030946 0.999570 0.986224 0.932530 1.007081 1.007279 0.853496 0.853497 0.853497
0.988054 1.084300 1.051300 1.037264 0.980791 1.059200 1.059409 0.892268 0.892268 0.892268
0.968599 1.058067 1.021663 1.016041 0.961544 1.036244 1.038549 0.857372 0.857372 0.857372
0.993315 1.081629 1.047732 1.041966 0.984297 1.062685 1.065049 0.871644 0.871644 0.871644
0.987282 1.075059 1.039028 1.035553 0.976169 1.054203 1.055073 0.855022 0.855022 0.855022
0.992308 1.070551 1.044317 1.040825 0.981139 1.047395 1.029190 0.853430 0.853430 0.853430
1.003188 1.082134 1.051919 1.049940 0.991711 1.057834 1.040344 0.852371 0.852372 0.852372
1.012837 1.092426 1.059989 1.056498 1.001250 1.068008 1.050245 0.854882 0.854883 0.854883
0.986340 1.078375 1.040307 1.044424 0.980472 1.055147 1.034780 0.843789 0.843789 0.843789
0.996505 1.089489 1.028276 1.055188 0.990577 1.051220 1.045445 0.839077 0.839077 0.839077
0.977790 1.069885 0.916284 1.036769 0.894865 1.032638 1.023931 0.823250 0.823250 0.823250
1.026875 1.123413 0.964193 1.090918 0.941843 1.086293 1.075043 0.859452 0.859452 0.859452
0.988960 1.081934 0.928592 1.052070 0.907068 1.046185 1.036760 0.796124 0.796124 0.796124
1.042076 1.140044 0.978466 1.108575 0.955786 1.093955 1.092444 0.833369 0.833368 0.833368
1.049504 1.148170 0.985441 1.116477 0.962599 1.101752 1.100230 0.837422 0.837422 0.837422
1.046073 1.144416 0.982219 1.112827 0.959451 1.098150 1.096633 0.828778 0.828778 0.828778
1.042346 1.136329 0.975286 1.108071 0.955349 1.088788 1.091094 0.818255 0.818255 0.818255
0.980939 1.069385 0.917829 1.042792 0.899067 1.024644 1.026815 0.695012 0.695012 0.695012
1.060859 1.159743 0.996810 1.132279 0.976689 1.111094 1.109129 0.744963 0.744963 0.744963
1.074685 1.174858 1.009801 1.147036 0.989418 1.125575 1.123102 0.746381 0.746381 0.746381
1.079737 1.180434 1.014320 1.152227 0.994114 1.130917 1.122028 0.744881 0.744881 0.744881
1.077577 1.178073 0.985372 1.149923 0.992126 1.128655 1.119784 0.734536 0.734536 0.734536
1.053089 1.151301 0.962979 1.123790 0.969580 1.103006 1.094337 0.682890 0.682890 0.682890
1.105238 1.208313 1.010665 1.179440 1.017593 1.157627 1.148528 0.714773 0.714772 0.714772
1.093357 1.198196 1.001251 1.168873 1.008964 1.147023 1.138358 0.700067 0.700066 0.700066
1.090195 1.194649 0.998355 1.165493 1.003831 1.143628 1.135065 0.683964 0.683964 0.683964
1.095522 1.200098 1.003649 1.171672 1.005984 1.146629 1.140504 0.676027 0.676026 0.676026
1.091468 1.195657 0.999935 1.159130 1.002262 1.142387 1.136284 0.654991 0.654991 0.654991
1.115774 1.222283 1.022202 1.184942 1.024581 1.167826 1.161587 0.662242 0.662241 0.662241
1.119308 1.226154 1.025440 1.188695 1.027826 1.171525 1.165267 0.657818 0.657817 0.657817
1.108008 1.214803 1.015513 1.177189 1.016391 1.160219 1.154459 0.640434 0.640433 0.640433
1.076276 1.180013 0.986430 1.143475 0.979129 1.122155 1.121397 0.595815 0.595814 0.595814
1.070951 1.174175 0.981550 1.137818 0.974286 1.116603 1.115849 0.545438 0.545437 0.545437
1.141856 1.254911 1.049041 1.216592 1.035741 1.192099 1.186235 0.576310 0.576310 0.576310
1.149070 1.262838 1.055668 1.218847 1.042262 1.198068 1.183142 0.573415 0.573415 0.573415
1.088248 1.195995 0.978983 1.130309 0.980819 1.134653 1.113395 0.514544 0.514544 0.514544
1.162604 1.277712 1.045873 1.207538 1.047835 1.212179 1.189468 0.536526 0.536525 0.536525
1.180254 1.298287 1.062714 1.227813 1.063742 1.230053 1.207008 0.542302 0.542302 0.542302
1.169591 1.288168 1.053113 1.215465 1.049751 1.219615 1.197507 0.530339 0.530339 0.530339
1.148811 1.264459 1.033730 1.194401 1.032117 1.198480 1.176755 0.499918 0.499918 0.499918
1.197750 1.318522 1.077767 1.245469 1.058241 1.249549 1.227068 0.520182 0.520182 0.520182
1.160777 1.282555 1.034703 1.208119 1.012993 1.216700 1.194810 0.503405 0.503404 0.503404
1.181956 1.303798 1.051444 1.230162 1.029383 1.238301 1.215346 0.505346 0.505345 0.505345
1.152024 1.261543 1.024817 1.190293 0.996021 1.198168 1.184568 0.481412 0.481412 0.481412
1.192386 1.305742 1.060722 1.228229 1.030918 1.240148 1.222322 0.487886 0.487886 0.487886
1.184570 1.297183 1.053769 1.220178 1.024160 1.232018 1.214310 0.467009 0.467008 0.467008
1.208752 1.323664 1.074991 1.245087 1.045067 1.257137 1.239599 0.470375 0.470375 0.470375
1.205102 1.323806 1.047202 1.245221 1.045180 1.253341 1.239732 0.463959 0.463959 0.463959
1.218115 1.336435 1.058510 1.259051 1.058726 1.269329 1.251559 0.465108 0.465107 0.465107
1.211468 1.329854 1.052936 1.252852 1.053513 1.263079 1.244407 0.452776 0.452775 0.452775
1.199255 1.312885 1.042321 1.240221 1.042892 1.250345 1.228528 0.442938 0.442938 0.442938
1.207819 1.325331 1.051237 1.246811 1.054016 1.253812 1.233614 0.441089 0.441089 0.441089
1.234690 1.354816 1.074624 1.274550 1.077465 1.281706 1.261059 0.446509 0.446508 0.446508
1.210774 1.328573 1.051242 1.246817 1.055633 1.258093 1.233620 0.429423 0.429422 0.429422
1.242151 1.363003 1.078484 1.279128 1.082989 1.290696 1.265589 0.436862 0.436862 0.436862
1.183868 1.299050 1.040659 1.233732 1.044554 1.241422 1.219642 0.405340 0.405339 0.405339
1.228215 1.346893 1.076593 1.277650 1.082778 1.287428 1.260401 0.417179 0.417179 0.417179
1.243313 1.364171 1.090404 1.293355 1.096087 1.303942 1.276569 0.419633 0.419633 0.419633
1.224460 1.343486 1.073870 1.273744 1.079467 1.284171 1.257212 0.403073 0.403073 0.403073
1.242473 1.365876 1.091270 1.294736 1.094853 1.305048 1.278165 0.407263 0.407262 0.407262
1.235804 1.358563 1.085110 1.285732 1.088772 1.297800 1.270762 0.397969 0.397968 0.397968
1.206506 1.328066 1.050912 1.249458 1.056655 1.263859 1.230151 0.381397 0.381396 0.381396
1.237370 1.362040 1.077796 1.281422 1.083686 1.296191 1.261621 0.381459 0.381458 0.381458
1.242692 1.367898 1.082431 1.286932 1.082022 1.301765 1.267046 0.374736 0.374735 0.374735
1.257974 1.384778 1.095959 1.296520 1.095545 1.315137 1.281620 0.375432 0.375432 0.375432
1.252209 1.376997 1.090949 1.290842 1.090524 1.308331 1.274367 0.366469 0.366469 0.366469
1.272491 1.399842 1.108721 1.312178 1.108658 1.330125 1.295298 0.370816 0.370815 0.370815
1.266549 1.393305 1.103544 1.306050 1.103481 1.323914 1.289250 0.364853 0.364852 0.364852
1.270359 1.396937 1.107999 1.309729 1.105477 1.327389 1.293975 0.363961 0.363960 0.363960
1.217048 1.326942 1.060359 1.253740 1.049715 1.259632 1.238660 0.330631 0.330631 0.330631
1.252256 1.365329 1.091034 1.290009 1.080081 1.296071 1.274493 0.327994 0.327993 0.327993
1.282510 1.397962 1.116765 1.320432 1.106469 1.327048 1.305630 0.331976 0.331976 0.331976
1.288314 1.404288 1.121819 1.326407 1.111476 1.333054 1.311538 0.329842 0.329841 0.329841
1.259877 1.373291 1.097057 1.297130 1.086943 1.303629 1.282589 0.311000 0.310999 0.310999
1.293909 1.410696 1.126938 1.329369 1.116634 1.339137 1.310315 0.316776 0.316775 0.316775
1.291763 1.408231 1.125069 1.318804 1.114741 1.336867 1.308094 0.311953 0.311953 0.311953
1.299236 1.416378 1.131577 1.326433 1.121190 1.344601 1.315661 0.310325 0.310324 0.310324
1.292889 1.409458 1.126049 1.318753 1.114698 1.338031 1.309233 0.303572 0.303571 0.303571
1.284841 1.400685 1.119040 1.310544 1.107760 1.329703 1.301084 0.293936 0.293935 0.293935
1.304624 1.422251 1.136269 1.330722 1.124815 1.350176 1.321116 0.294864 0.294863 0.294863
1.265437 1.379531 1.102139 1.291933 1.092028 1.310819 1.280006 0.275176 0.275175 0.275175
1.314164 1.430786 1.144579 1.341922 1.134282 1.361539 1.327563 0.284145 0.284144 0.284144
1.237912 1.399383 1.119457 1.312469 1.109387 1.331656 1.298425 0.269758 0.269758 0.269758
1.257435 1.424500 1.136658 1.332991 1.129085 1.353539 1.318491 0.272145 0.272145 0.272145
1.277853 1.447631 1.155115 1.354636 1.147419 1.375517 1.339900 0.274486 0.274485 0.274485
1.269899 1.438620 1.147925 1.346204 1.140277 1.366955 1.331560 0.268779 0.268779 0.268779
1.259450 1.426782 1.136618 1.335126 1.130894 1.355707 1.320603 0.260116 0.260116 0.260116
1.237753 1.402449 1.117138 1.297774 1.111125 1.332353 1.297999 0.247071 0.247071 0.247071
