0.984325 0.985914 0.968201 0.966413 0.966413 0.985914 0.984325 0.983134 0.983134 0.983134
0.936992 0.938505 0.921644 0.919941 0.919941 0.938505 0.936992 0.844663 0.844663 0.844663
1.027042 1.028614 1.010064 1.008122 1.006700 1.029073 1.026807 0.920036 0.920036 0.920036
1.002086 1.002968 0.984880 0.984064 0.983208 1.004515 1.002303 0.861494 0.861495 0.861495
1.038134 1.035394 1.016729 1.018736 1.017848 1.035467 1.036808 0.884303 0.884304 0.884304
1.044798 1.042040 1.023255 1.025275 1.024381 1.042113 1.043463 0.880242 0.880242 0.880242
1.008042 0.998073 0.987257 0.982016 0.981160 0.998143 1.006754 0.830074 0.830075 0.830075
1.040742 1.030849 1.014509 1.009123 1.008243 1.030922 1.039412 0.845304 0.845305 0.845305
1.049002 1.041935 1.026891 1.021216 1.020816 1.041888 1.046394 0.844449 0.844449 0.844449
1.055548 1.047800 1.030381 1.025746 1.026328 1.047985 1.048823 0.842961 0.842962 0.842962
1.036217 1.032422 1.002026 1.007874 0.995172 1.033655 1.034481 0.826341 0.826341 0.826341
1.067588 1.063677 1.032362 1.038387 1.025300 1.064948 1.065341 0.842005 0.842005 0.842005
1.073018 1.069087 1.037612 1.043668 1.030515 1.070364 1.070759 0.839201 0.839201 0.839201
1.062900 1.060333 1.027828 1.032760 1.016555 1.060858 1.061907 0.820361 0.820361 0.820361
1.065264 1.062329 1.029758 1.033849 1.015535 1.062445 1.064373 0.805038 0.805038 0.805038
1.078669 1.075541 1.038915 1.044573 1.028122 1.074752 1.077631 0.805327 0.805328 0.805328
1.082943 1.079803 1.043031 1.044060 1.032173 1.077605 1.072306 0.799406 0.799407 0.799407
1.088678 1.085247 1.047965 1.048999 1.037914 1.083039 1.078271 0.794210 0.794210 0.794210
1.093416 1.092071 1.054074 1.055403 1.041962 1.089411 1.085051 0.794273 0.794274 0.794274
1.098461 1.096043 1.058937 1.042752 1.046769 1.094436 1.090057 0.794231 0.794231 0.794231
1.077057 1.074687 1.038304 1.022434 1.026373 1.073112 1.068817 0.750823 0.750823 0.750823
1.095060 1.092650 1.055659 1.039524 1.043529 1.091048 1.086682 0.743770 0.743770 0.743770
1.079577 1.078065 0.945135 1.026210 0.947160 1.076832 1.069355 0.733193 0.733193 0.733193
1.115387 1.108709 0.968018 1.059416 0.978644 1.110301 1.104826 0.742507 0.742508 0.742508
1.147999 1.141296 0.996321 1.090555 0.990555 1.142777 1.137299 0.762703 0.762704 0.762704
1.141785 1.135118 0.990928 1.084651 0.985193 1.136590 1.131143 0.747456 0.747457 0.747457
1.087362 1.081013 0.943695 1.032952 0.938234 1.082415 1.077227 0.654882 0.654883 0.654883
1.171001 1.163697 1.017325 1.112193 1.009193 1.165228 1.160847 0.701420 0.701421 0.701421
1.157262 1.150044 1.002591 1.096084 0.999365 1.124667 1.144034 0.689389 0.689390 0.689390
1.174837 1.167509 1.017817 1.112730 1.014542 1.141747 1.161408 0.690594 0.690595 0.690595
1.178298 1.170760 1.022842 1.118163 1.019756 1.147029 1.164516 0.688523 0.688523 0.688523
1.177038 1.170209 1.022369 1.117820 1.018723 1.145494 1.164121 0.679792 0.679793 0.679793
1.182306 1.175446 1.026944 1.122822 1.023282 1.150621 1.169331 0.674603 0.674604 0.674604
1.167979 1.161203 1.014501 1.101418 1.010882 1.136678 1.155162 0.648090 0.648091 0.648091
1.191378 1.184466 1.007305 1.123483 1.031134 1.159449 1.178303 0.653199 0.653199 0.653199
1.202701 1.195779 1.016652 1.133965 1.040982 1.170523 1.182807 0.655003 0.655004 0.655004
1.211033 1.204062 1.023695 1.141821 1.048194 1.178632 1.191001 0.657761 0.657761 0.657761
1.196693 1.189821 1.011291 1.126500 1.035587 1.164457 1.176395 0.638567 0.638567 0.638567
1.195026 1.188162 1.009882 1.124930 1.028135 1.162834 1.174756 0.623756 0.623756 0.623756
1.214476 1.203676 1.026319 1.143239 1.042981 1.181761 1.193877 0.628426 0.628425 0.628425
1.207962 1.186162 1.020814 1.137107 1.037387 1.161916 1.152475 0.620730 0.620730 0.620730
1.199134 1.177493 1.013354 1.128797 1.029805 1.153425 1.144052 0.593718 0.593718 0.593718
1.233909 1.211641 1.042741 1.161533 1.059670 1.186874 1.177230 0.604273 0.604273 0.604273
1.119157 1.182509 1.017670 1.133606 0.961122 1.158338 1.148926 0.580741 0.580742 0.580742
1.163920 1.229806 1.035462 1.178947 0.999564 1.187942 1.194880 0.594470 0.594470 0.594470
1.183569 1.250567 1.052943 1.198850 1.016439 1.207997 1.215052 0.600228 0.600229 0.600229
1.167365 1.233446 1.036830 1.182437 1.002523 1.191459 1.198417 0.577683 0.577684 0.577684
1.174007 1.241128 1.042927 1.189800 1.008766 1.198878 1.204922 0.568669 0.568669 0.568669
1.192910 1.260979 1.057678 1.204920 1.025009 1.218182 1.224201 0.574006 0.574007 0.574007
1.157149 1.223177 1.025970 1.169869 0.995191 1.182745 1.186178 0.535713 0.535713 0.535713
1.184834 1.255127 1.050097 1.197698 1.020992 1.211831 1.214178 0.544792 0.544792 0.544792
1.175433 1.245169 1.041766 1.188196 1.012892 1.202216 1.204545 0.521098 0.521099 0.521099
1.213362 1.285845 1.075480 1.226936 1.046020 1.241572 1.243691 0.535617 0.535618 0.535618
1.194429 1.265780 1.058699 1.207791 1.029698 1.222198 1.224284 0.514250 0.514250 0.514250
1.209500 1.281639 1.072058 1.215326 1.042653 1.237575 1.239687 0.513663 0.513663 0.513663
1.218533 1.291210 1.080064 1.224403 1.050440 1.246818 1.248945 0.512418 0.512419 0.512419
1.208518 1.279265 1.071199 1.214588 1.041806 1.235835 1.237341 0.498358 0.498358 0.498358
1.224523 1.296206 1.085386 1.230673 1.055603 1.252201 1.253728 0.500038 0.500038 0.500038
1.228636 1.300561 1.089032 1.234808 1.059149 1.256408 1.257940 0.497882 0.497882 0.497882
1.215571 1.289810 1.080030 1.225142 1.044810 1.244684 1.240909 0.488149 0.488149 0.488149
1.217126 1.291460 1.078980 1.226609 1.043848 1.243884 1.238379 0.482383 0.482383 0.482383
1.175457 1.247246 1.054994 1.198823 1.020202 1.212321 1.209304 0.453533 0.453533 0.453533
1.227291 1.302246 1.101516 1.251687 1.065189 1.265780 1.262631 0.468104 0.468103 0.468103
1.224312 1.297467 1.098842 1.249031 1.064878 1.265153 1.257998 0.463122 0.463122 0.463122
1.230517 1.304329 1.104653 1.252723 1.070591 1.271844 1.257732 0.461644 0.461644 0.461644
1.192493 1.264024 1.070518 1.214013 1.037509 1.232543 1.218866 0.425595 0.425595 0.425595
1.202595 1.298502 1.099718 1.247123 1.065808 1.266162 1.229524 0.431346 0.431346 0.431346
1.221564 1.318983 1.115108 1.266794 1.082619 1.286188 1.246886 0.431468 0.431468 0.431468
1.227013 1.324923 1.120304 1.266351 1.087664 1.289339 1.251464 0.428924 0.428924 0.428924
1.217621 1.314781 1.111728 1.252815 1.079338 1.279470 1.238087 0.416762 0.416762 0.416762
1.185866 1.280493 1.078347 1.220143 1.051190 1.246102 1.205799 0.382914 0.382914 0.382914
1.233122 1.329319 1.119043 1.268765 1.090861 1.295133 1.252546 0.392546 0.392546 0.392546
1.172495 1.263962 1.041880 1.181278 1.030635 1.231457 1.183394 0.353645 0.353645 0.353645
1.276492 1.376072 1.134292 1.286054 1.122049 1.340683 1.288357 0.384146 0.384147 0.384147
1.209991 1.304383 1.075199 1.219055 1.054811 1.265384 1.221238 0.348753 0.348753 0.348753
1.221875 1.306003 1.084591 1.230022 1.055746 1.265702 1.232225 0.333942 0.333942 0.333942
1.279315 1.367398 1.135578 1.286675 1.104372 1.325202 1.290152 0.343711 0.343711 0.343711
1.273787 1.361489 1.130671 1.281115 1.099600 1.319476 1.284577 0.334023 0.334023 0.334023
1.292630 1.381630 1.147397 1.300066 1.115866 1.338995 1.303580 0.335252 0.335251 0.335251
1.261993 1.367303 1.128937 1.288455 1.095470 1.326212 1.287629 0.331737 0.331737 0.331737
1.208220 1.359176 1.122226 1.280796 1.088958 1.318329 1.279975 0.320094 0.320094 0.320094
1.247290 1.403127 1.158515 1.322213 1.124172 1.360960 1.321365 0.327962 0.327961 0.327961
1.234255 1.388463 1.146098 1.308395 1.112423 1.346702 1.308084 0.320334 0.320334 0.320334
1.229573 1.383197 1.141751 1.303432 1.108204 1.341594 1.303122 0.311209 0.311209 0.311209
1.234129 1.389497 1.146462 1.308810 1.111153 1.347170 1.309035 0.307209 0.307209 0.307209
1.239826 1.395460 1.152232 1.315397 1.113238 1.350343 1.314955 0.303562 0.303562 0.303562
1.229355 1.386887 1.144103 1.301920 1.107699 1.333131 1.299963 0.297616 0.297616 0.297616
1.258768 1.420069 1.171477 1.333070 1.134202 1.354601 1.331066 0.302733 0.302733 0.302733
1.259261 1.418776 1.171936 1.333832 1.134850 1.355376 1.329853 0.301128 0.301128 0.301128
1.246109 1.403862 1.159696 1.319902 1.120525 1.341129 1.315964 0.291973 0.291973 0.291973
1.264764 1.425633 1.177680 1.339661 1.137300 1.361926 1.336372 0.294468 0.294468 0.294468
1.220625 1.376120 1.136682 1.278766 1.097325 1.314396 1.289878 0.274671 0.274670 0.274670
1.210369 1.364557 1.127131 1.269748 1.088105 1.303352 1.280782 0.261967 0.261966 0.261966
1.254096 1.418289 1.141108 1.319747 1.130951 1.350438 1.331215 0.268539 0.268539 0.268539
1.266691 1.435974 1.154239 1.335412 1.144929 1.366192 1.347158 0.268542 0.268542 0.268542
1.230976 1.397287 1.112725 1.291772 1.106048 1.324348 1.298112 0.256177 0.256176 0.256176
1.248030 1.412811 1.128140 1.309668 1.121371 1.342695 1.312535 0.256671 0.256670 0.256670
1.280589 1.450984 1.158621 1.345965 1.150625 1.377132 1.346198 0.262221 0.262221 0.262221
1.286424 1.457596 1.163901 1.352099 1.155869 1.383408 1.352333 0.261832 0.261831 0.261831
1.255301 1.422331 1.132975 1.316172 1.126877 1.351241 1.316400 0.250574 0.250573 0.250573
