0.994228 0.994228 0.994228 0.994228 0.994228 0.994228 0.994228 0.986533 0.986533 0.986533
1.000952 1.000952 1.000952 1.000952 1.000952 1.000952 1.000952 0.991389 0.991389 0.991389
0.995945 0.995945 0.995945 0.995945 0.995945 0.995945 0.995945 0.977303 0.977303 0.977303
0.988321 0.988321 0.988321 0.988321 0.988321 0.988321 0.988321 0.947275 0.947275 0.947275
0.996676 0.996676 0.996676 0.996676 0.996676 0.996676 0.996676 0.935154 0.935155 0.935155
1.016516 1.016516 1.016516 1.016516 1.016516 1.016516 1.016516 0.950877 0.950878 0.950878
1.010073 1.010073 1.010073 1.010073 1.010073 1.010073 1.010073 0.932998 0.932999 0.932999
0.999426 0.999426 0.999426 0.999426 0.999426 0.999426 0.999426 0.894256 0.894257 0.894257
0.935925 0.935925 0.935925 0.935925 0.935925 0.935925 0.935925 0.725989 0.725989 0.725989
1.066130 1.066130 1.066130 1.066130 1.066130 1.066130 1.066130 0.821159 0.821160 0.821160
1.071627 1.071627 1.071627 1.071627 1.071627 1.071627 1.071627 0.823078 0.823079 0.823079
1.067539 1.067539 1.067539 1.067539 1.067539 1.067539 1.067539 0.813007 0.813008 0.813008
1.062322 1.062322 1.062322 1.062322 1.062322 1.062322 1.062322 0.795109 0.795111 0.795111
1.076352 1.076352 1.076352 1.076352 1.076352 1.076352 1.076352 0.800728 0.800729 0.800729
1.077007 1.077007 1.077007 1.077007 1.077007 1.077007 1.077007 0.795505 0.795505 0.795505
1.083080 1.083080 1.083080 1.083080 1.083080 1.083080 1.083080 0.798163 0.798164 0.798164
1.084069 1.084069 1.084069 1.084069 1.084069 1.084069 1.084069 0.797426 0.797427 0.797427
1.069382 1.069382 1.069382 1.069382 1.069382 1.069382 1.069382 0.771416 0.771417 0.771417
1.070517 1.070517 1.070517 1.070517 1.070517 1.070517 1.070517 0.753925 0.753926 0.753926
1.082438 1.082438 1.082438 1.082438 1.082438 1.082438 1.082438 0.749496 0.749497 0.749497
1.088142 1.088142 1.088142 1.088142 1.088142 1.088142 1.088142 0.742066 0.742067 0.742067
1.101796 1.101796 1.101796 1.101796 1.101796 1.101796 1.101796 0.748332 0.748333 0.748333
1.103935 1.103935 1.103935 1.103935 1.103935 1.103935 1.103935 0.747680 0.747680 0.747680
1.102552 1.102552 1.102552 1.102552 1.102552 1.102552 1.102552 0.742937 0.742937 0.742937
1.099509 1.099509 1.099509 1.099509 1.099509 1.099509 1.099509 0.733588 0.733588 0.733588
1.095960 1.095960 1.095960 1.095960 1.095960 1.095960 1.095960 0.719185 0.719185 0.719185
1.112492 1.112492 1.112492 1.112492 1.112492 1.112492 1.112492 0.728055 0.728055 0.728055
1.106892 1.106892 1.106892 1.106892 1.106892 1.106892 1.106892 0.717491 0.717492 0.717492
1.107898 1.107898 1.107898 1.107898 1.107898 1.107898 1.107898 0.710293 0.710294 0.710294
1.111468 1.111468 1.111468 1.111468 1.111468 1.111468 1.111468 0.705532 0.705532 0.705532
1.114046 1.114046 1.114046 1.114046 1.114046 1.114046 1.114046 0.700340 0.700341 0.700341
1.124283 1.124283 1.124283 1.124283 1.124283 1.124283 1.124283 0.705958 0.705958 0.705958
1.114285 1.114285 1.114285 1.114285 1.114285 1.114285 1.114285 0.691175 0.691176 0.691176
1.098152 1.098152 1.098152 1.098152 1.098152 1.098152 1.098152 0.658797 0.658798 0.658798
1.133530 1.133530 1.133530 1.133530 1.133530 1.133530 1.133530 0.677987 0.677988 0.677988
1.125793 1.125793 1.125793 1.125793 1.125793 1.125793 1.125793 0.665381 0.665383 0.665383
1.138266 1.138266 1.138266 1.138266 1.138266 1.138266 1.138266 0.671651 0.671653 0.671653
1.137762 1.137762 1.137762 1.137762 1.137762 1.137762 1.137762 0.669641 0.669643 0.669643
1.138464 1.138464 1.138464 1.138464 1.138464 1.138464 1.138464 0.668426 0.668427 0.668427
1.141055 1.141055 1.141055 1.141055 1.141055 1.141055 1.141055 0.669728 0.669729 0.669729
1.128169 1.128169 1.128169 1.128169 1.128169 1.128169 1.128169 0.653002 0.653003 0.653003
1.137583 1.137583 1.137583 1.137583 1.137583 1.137583 1.137583 0.653663 0.653665 0.653665
1.139666 1.139666 1.139666 1.139666 1.139666 1.139666 1.139666 0.650401 0.650403 0.650403
1.138221 1.138221 1.138221 1.138221 1.138221 1.138221 1.138221 0.643158 0.643160 0.643160
1.117459 1.117459 1.117459 1.117459 1.117459 1.117459 1.117459 0.609975 0.609977 0.609977
1.157256 1.157256 1.157256 1.157256 1.157256 1.157256 1.157256 0.631398 0.631399 0.631399
1.136500 1.136500 1.136500 1.136500 1.136500 1.136500 1.136500 0.606584 0.606586 0.606586
1.157441 1.157441 1.157441 1.157441 1.157441 1.157441 1.157441 0.614558 0.614560 0.614560
1.155077 1.155077 1.155077 1.155077 1.155077 1.155077 1.155077 0.607981 0.607983 0.607983
1.165086 1.165086 1.165086 1.165086 1.165086 1.165086 1.165086 0.612920 0.612922 0.612922
1.164342 1.164342 1.164342 1.164342 1.164342 1.164342 1.164342 0.611677 0.611679 0.611679
1.153473 1.153473 1.153473 1.153473 1.153473 1.153473 1.153473 0.598359 0.598360 0.598360
1.159460 1.159460 1.159460 1.159460 1.159460 1.159460 1.159460 0.595928 0.595929 0.595929
1.162435 1.162435 1.162435 1.162435 1.162435 1.162435 1.162435 0.592579 0.592580 0.592580
1.169835 1.169835 1.169835 1.169835 1.169835 1.169835 1.169835 0.594835 0.594836 0.594836
1.156145 1.156145 1.156145 1.156145 1.156145 1.156145 1.156145 0.578081 0.578083 0.578083
1.169531 1.169531 1.169531 1.169531 1.169531 1.169531 1.169531 0.580808 0.580810 0.580810
1.171470 1.171470 1.171470 1.171470 1.171470 1.171470 1.171470 0.578136 0.578137 0.578137
1.161439 1.161439 1.161439 1.161439 1.161439 1.161439 1.161439 0.563216 0.563217 0.563217
1.178642 1.178642 1.178642 1.178642 1.178642 1.178642 1.178642 0.569284 0.569286 0.569286
1.153366 1.153366 1.153366 1.153366 1.153366 1.153366 1.153366 0.540545 0.540546 0.540546
1.189087 1.189087 1.189087 1.189087 1.189087 1.189087 1.189087 0.557000 0.557002 0.557002
1.187597 1.187597 1.187597 1.187597 1.187597 1.187597 1.187597 0.555172 0.555174 0.555174
1.170449 1.170449 1.170449 1.170449 1.170449 1.170449 1.170449 0.536767 0.536769 0.536769
1.174862 1.174862 1.174862 1.174862 1.174862 1.174862 1.174862 0.528955 0.528957 0.528957
1.192335 1.192335 1.192335 1.192335 1.192335 1.192335 1.192335 0.534203 0.534205 0.534205
1.194342 1.194342 1.194342 1.194342 1.194342 1.194342 1.194342 0.533031 0.533033 0.533033
1.192877 1.192877 1.192877 1.192877 1.192877 1.192877 1.192877 0.529208 0.529210 0.529210
1.195312 1.195312 1.195312 1.195312 1.195312 1.195312 1.195312 0.527781 0.527784 0.527784
1.188901 1.188901 1.188901 1.188901 1.188901 1.188901 1.188901 0.518839 0.518842 0.518842
1.202366 1.202366 1.202366 1.202366 1.202366 1.202366 1.202366 0.524170 0.524172 0.524172
1.180068 1.180068 1.180068 1.180068 1.180068 1.180068 1.180068 0.502959 0.502961 0.502961
1.153766 1.153766 1.153766 1.153766 1.153766 1.153766 1.153766 0.466202 0.466205 0.466205
1.085205 1.085205 1.085205 1.085205 1.085205 1.085205 1.085205 0.380583 0.380586 0.380586
1.238696 1.238696 1.238696 1.238696 1.238696 1.238696 1.238696 0.433188 0.433190 0.433190
1.238911 1.238911 1.238911 1.238911 1.238911 1.238911 1.238911 0.431949 0.431951 0.431951
1.226675 1.226675 1.226675 1.226675 1.226675 1.226675 1.226675 0.421566 0.421569 0.421569
1.239189 1.239189 1.239189 1.239189 1.239189 1.239189 1.239189 0.423637 0.423640 0.423640
1.246012 1.246012 1.246012 1.246012 1.246012 1.246012 1.246012 0.425970 0.425972 0.425972
1.238880 1.238880 1.238880 1.238880 1.238880 1.238880 1.238880 0.420891 0.420893 0.420893
1.245751 1.245751 1.245751 1.245751 1.245751 1.245751 1.245751 0.422763 0.422766 0.422766
1.247179 1.247179 1.247179 1.247179 1.247179 1.247179 1.247179 0.423248 0.423250 0.423250
1.210352 1.210352 1.210352 1.210352 1.210352 1.210352 1.210352 0.397298 0.397300 0.397300
1.246087 1.246087 1.246087 1.246087 1.246087 1.246087 1.246087 0.406799 0.406801 0.406801
1.252805 1.252805 1.252805 1.252805 1.252805 1.252805 1.252805 0.408843 0.408845 0.408845
1.230487 1.230487 1.230487 1.230487 1.230487 1.230487 1.230487 0.393568 0.393571 0.393571
1.256020 1.256020 1.256020 1.256020 1.256020 1.256020 1.256020 0.401620 0.401623 0.401623
1.234329 1.234329 1.234329 1.234329 1.234329 1.234329 1.234329 0.387122 0.387125 0.387125
1.250525 1.250525 1.250525 1.250525 1.250525 1.250525 1.250525 0.389250 0.389253 0.389253
1.260428 1.260428 1.260428 1.260428 1.260428 1.260428 1.260428 0.392333 0.392336 0.392336
1.257614 1.257614 1.257614 1.257614 1.257614 1.257614 1.257614 0.390518 0.390521 0.390521
1.256809 1.256809 1.256809 1.256809 1.256809 1.256809 1.256809 0.388945 0.388948 0.388948
1.239714 1.239714 1.239714 1.239714 1.239714 1.239714 1.239714 0.376526 0.376529 0.376529
1.253018 1.253018 1.253018 1.253018 1.253018 1.253018 1.253018 0.376994 0.376997 0.376997
1.252387 1.252387 1.252387 1.252387 1.252387 1.252387 1.252387 0.372628 0.372631 0.372631
1.221609 1.221609 1.221609 1.221609 1.221609 1.221609 1.221609 0.349173 0.349175 0.349175
1.266774 1.266774 1.266774 1.266774 1.266774 1.266774 1.266774 0.360293 0.360296 0.360296
1.257214 1.257214 1.257214 1.257214 1.257214 1.257214 1.257214 0.352710 0.352713 0.352713
1.270528 1.270528 1.270528 1.270528 1.270528 1.270528 1.270528 0.355044 0.355047 0.355047
1.243402 1.243402 1.243402 1.243402 1.243402 1.243402 1.243402 0.337926 0.337929 0.337929
