0.996308 0.996308 0.996308 0.996308 0.996308 0.996308 0.996308 0.991384 0.991384 0.991384
0.963874 0.963874 0.963874 0.963874 0.963874 0.963874 0.963874 0.909285 0.909285 0.909285
0.987655 0.987655 0.987655 0.987655 0.987655 0.987655 0.987655 0.895067 0.895067 0.895067
1.024240 1.024240 1.024240 1.024240 1.024240 1.024240 1.024240 0.922695 0.922696 0.922696
1.022844 1.022844 1.022844 1.022844 1.022844 1.022844 1.022844 0.912321 0.912321 0.912321
1.032631 1.032631 1.032631 1.032631 1.032631 1.032631 1.032631 0.920046 0.920046 0.920046
1.031874 1.031874 1.031874 1.031874 1.031874 1.031874 1.031874 0.917137 0.917137 0.917137
1.017893 1.017893 1.017893 1.017893 1.017893 1.017893 1.017893 0.885648 0.885647 0.885647
1.033114 1.033114 1.033114 1.033114 1.033114 1.033114 1.033114 0.890574 0.890574 0.890574
1.042332 1.042332 1.042332 1.042332 1.042332 1.042332 1.042332 0.897585 0.897585 0.897585
1.042139 1.042139 1.042139 1.042139 1.042139 1.042139 1.042139 0.895948 0.895949 0.895949
1.043514 1.043514 1.043514 1.043514 1.043514 1.043514 1.043514 0.896670 0.896672 0.896672
1.030076 1.030076 1.030076 1.030076 1.030076 1.030076 1.030076 0.869728 0.869729 0.869729
1.029817 1.029817 1.029817 1.029817 1.029817 1.029817 1.029817 0.848893 0.848894 0.848894
1.053524 1.053524 1.053524 1.053524 1.053524 1.053524 1.053524 0.866227 0.866228 0.866228
1.054003 1.054003 1.054003 1.054003 1.054003 1.054003 1.054003 0.864188 0.864189 0.864189
1.049913 1.049913 1.049913 1.049913 1.049913 1.049913 1.049913 0.853365 0.853366 0.853366
1.051461 1.051461 1.051461 1.051461 1.051461 1.051461 1.051461 0.846372 0.846373 0.846373
1.034217 1.034217 1.034217 1.034217 1.034217 1.034217 1.034217 0.804209 0.804210 0.804210
1.057244 1.057244 1.057244 1.057244 1.057244 1.057244 1.057244 0.808284 0.808285 0.808285
1.075767 1.075767 1.075767 1.075767 1.075767 1.075767 1.075767 0.822211 0.822212 0.822212
1.072700 1.072700 1.072700 1.072700 1.072700 1.072700 1.072700 0.816642 0.816644 0.816644
0.972829 0.972829 0.972829 0.972829 0.972829 0.972829 0.972829 0.642794 0.642795 0.642795
1.107076 1.107076 1.107076 1.107076 1.107076 1.107076 1.107076 0.726535 0.726537 0.726537
1.113098 1.113098 1.113098 1.113098 1.113098 1.113098 1.113098 0.729004 0.729005 0.729005
1.111729 1.111729 1.111729 1.111729 1.111729 1.111729 1.111729 0.725155 0.725157 0.725157
1.104915 1.104915 1.104915 1.104915 1.104915 1.104915 1.104915 0.711661 0.711663 0.711663
1.106327 1.106327 1.106327 1.106327 1.106327 1.106327 1.106327 0.702380 0.702382 0.702382
1.105797 1.105797 1.105797 1.105797 1.105797 1.105797 1.105797 0.688999 0.689001 0.689001
1.100005 1.100005 1.100005 1.100005 1.100005 1.100005 1.100005 0.665051 0.665053 0.665053
1.130788 1.130788 1.130788 1.130788 1.130788 1.130788 1.130788 0.680943 0.680944 0.680944
1.127731 1.127731 1.127731 1.127731 1.127731 1.127731 1.127731 0.673557 0.673558 0.673558
1.125826 1.125826 1.125826 1.125826 1.125826 1.125826 1.125826 0.664246 0.664247 0.664247
1.137542 1.137542 1.137542 1.137542 1.137542 1.137542 1.137542 0.669276 0.669278 0.669278
1.121901 1.121901 1.121901 1.121901 1.121901 1.121901 1.121901 0.646938 0.646939 0.646939
1.145128 1.145128 1.145128 1.145128 1.145128 1.145128 1.145128 0.660090 0.660092 0.660092
1.139678 1.139678 1.139678 1.139678 1.139678 1.139678 1.139678 0.652967 0.652969 0.652969
1.141891 1.141891 1.141891 1.141891 1.141891 1.141891 1.141891 0.650843 0.650845 0.650845
1.145358 1.145358 1.145358 1.145358 1.145358 1.145358 1.145358 0.650978 0.650979 0.650979
1.139781 1.139781 1.139781 1.139781 1.139781 1.139781 1.139781 0.641845 0.641847 0.641847
1.146189 1.146189 1.146189 1.146189 1.146189 1.146189 1.146189 0.642402 0.642404 0.642404
1.148904 1.148904 1.148904 1.148904 1.148904 1.148904 1.148904 0.641971 0.641973 0.641973
1.146421 1.146421 1.146421 1.146421 1.146421 1.146421 1.146421 0.636581 0.636583 0.636583
1.151004 1.151004 1.151004 1.151004 1.151004 1.151004 1.151004 0.637215 0.637217 0.637217
1.151622 1.151622 1.151622 1.151622 1.151622 1.151622 1.151622 0.635623 0.635626 0.635626
1.124918 1.124918 1.124918 1.124918 1.124918 1.124918 1.124918 0.601442 0.601444 0.601444
1.158382 1.158382 1.158382 1.158382 1.158382 1.158382 1.158382 0.616937 0.616940 0.616940
1.146008 1.146008 1.146008 1.146008 1.146008 1.146008 1.146008 0.599842 0.599845 0.599845
1.159734 1.159734 1.159734 1.159734 1.159734 1.159734 1.159734 0.602749 0.602751 0.602751
1.167790 1.167790 1.167790 1.167790 1.167790 1.167790 1.167790 0.606609 0.606612 0.606612
1.166590 1.166590 1.166590 1.166590 1.166590 1.166590 1.166590 0.604874 0.604878 0.604878
1.136375 1.136375 1.136375 1.136375 1.136375 1.136375 1.136375 0.569910 0.569913 0.569913
1.166268 1.166268 1.166268 1.166268 1.166268 1.166268 1.166268 0.579411 0.579415 0.579415
1.159240 1.159240 1.159240 1.159240 1.159240 1.159240 1.159240 0.565405 0.565409 0.565409
1.171417 1.171417 1.171417 1.171417 1.171417 1.171417 1.171417 0.565700 0.565703 0.565703
1.176232 1.176232 1.176232 1.176232 1.176232 1.176232 1.176232 0.563977 0.563980 0.563980
1.185053 1.185053 1.185053 1.185053 1.185053 1.185053 1.185053 0.568206 0.568210 0.568210
1.176296 1.176296 1.176296 1.176296 1.176296 1.176296 1.176296 0.559239 0.559243 0.559243
1.180276 1.180276 1.180276 1.180276 1.180276 1.180276 1.180276 0.557633 0.557636 0.557636
1.176503 1.176503 1.176503 1.176503 1.176503 1.176503 1.176503 0.549690 0.549694 0.549694
1.182371 1.182371 1.182371 1.182371 1.182371 1.182371 1.182371 0.548275 0.548279 0.548279
1.177543 1.177543 1.177543 1.177543 1.177543 1.177543 1.177543 0.538609 0.538613 0.538613
1.178616 1.178616 1.178616 1.178616 1.178616 1.178616 1.178616 0.530958 0.530962 0.530962
1.163277 1.163277 1.163277 1.163277 1.163277 1.163277 1.163277 0.506837 0.506841 0.506841
1.201827 1.201827 1.201827 1.201827 1.201827 1.201827 1.201827 0.522677 0.522681 0.522681
1.179554 1.179554 1.179554 1.179554 1.179554 1.179554 1.179554 0.501064 0.501067 0.501067
1.207047 1.207047 1.207047 1.207047 1.207047 1.207047 1.207047 0.512030 0.512034 0.512034
1.179653 1.179653 1.179653 1.179653 1.179653 1.179653 1.179653 0.486674 0.486677 0.486677
1.189929 1.189929 1.189929 1.189929 1.189929 1.189929 1.189929 0.479949 0.479952 0.479952
1.204355 1.204355 1.204355 1.204355 1.204355 1.204355 1.204355 0.479674 0.479677 0.479677
1.212802 1.212802 1.212802 1.212802 1.212802 1.212802 1.212802 0.479750 0.479753 0.479753
1.206344 1.206344 1.206344 1.206344 1.206344 1.206344 1.206344 0.470592 0.470595 0.470595
1.223946 1.223946 1.223946 1.223946 1.223946 1.223946 1.223946 0.477458 0.477461 0.477461
1.221119 1.221119 1.221119 1.221119 1.221119 1.221119 1.221119 0.475140 0.475143 0.475143
1.206328 1.206328 1.206328 1.206328 1.206328 1.206328 1.206328 0.461659 0.461662 0.461662
1.226916 1.226916 1.226916 1.226916 1.226916 1.226916 1.226916 0.469384 0.469387 0.469387
1.226046 1.226046 1.226046 1.226046 1.226046 1.226046 1.226046 0.468508 0.468512 0.468512
1.206633 1.206633 1.206633 1.206633 1.206633 1.206633 1.206633 0.452336 0.452339 0.452339
1.230290 1.230290 1.230290 1.230290 1.230290 1.230290 1.230290 0.460984 0.460987 0.460987
1.228348 1.228348 1.228348 1.228348 1.228348 1.228348 1.228348 0.459205 0.459208 0.459208
1.225440 1.225440 1.225440 1.225440 1.225440 1.225440 1.225440 0.455719 0.455722 0.455722
1.219207 1.219207 1.219207 1.219207 1.219207 1.219207 1.219207 0.448124 0.448127 0.448127
1.231112 1.231112 1.231112 1.231112 1.231112 1.231112 1.231112 0.451273 0.451276 0.451276
1.231914 1.231914 1.231914 1.231914 1.231914 1.231914 1.231914 0.450484 0.450487 0.450487
1.223972 1.223972 1.223972 1.223972 1.223972 1.223972 1.223972 0.443171 0.443174 0.443174
1.215082 1.215082 1.215082 1.215082 1.215082 1.215082 1.215082 0.431447 0.431450 0.431450
1.231130 1.231130 1.231130 1.231130 1.231130 1.231130 1.231130 0.433761 0.433764 0.433764
1.235614 1.235614 1.235614 1.235614 1.235614 1.235614 1.235614 0.433217 0.433220 0.433220
1.231155 1.231155 1.231155 1.231155 1.231155 1.231155 1.231155 0.427543 0.427546 0.427546
1.243500 1.243500 1.243500 1.243500 1.243500 1.243500 1.243500 0.431830 0.431834 0.431834
1.239630 1.239630 1.239630 1.239630 1.239630 1.239630 1.239630 0.429027 0.429030 0.429030
1.237829 1.237829 1.237829 1.237829 1.237829 1.237829 1.237829 0.426069 0.426072 0.426072
1.226043 1.226043 1.226043 1.226043 1.226043 1.226043 1.226043 0.414983 0.414986 0.414986
1.222925 1.222925 1.222925 1.222925 1.222925 1.222925 1.222925 0.404923 0.404926 0.404926
1.238483 1.238483 1.238483 1.238483 1.238483 1.238483 1.238483 0.405592 0.405595 0.405595
1.111786 1.111786 1.111786 1.111786 1.111786 1.111786 1.111786 0.315644 0.315647 0.315647
1.267515 1.267515 1.267515 1.267515 1.267515 1.267515 1.267515 0.358022 0.358025 0.358025
1.251627 1.251627 1.251627 1.251627 1.251627 1.251627 1.251627 0.346761 0.346764 0.346764
1.262794 1.262794 1.262794 1.262794 1.262794 1.262794 1.262794 0.345710 0.345713 0.345713
1.269821 1.269821 1.269821 1.269821 1.269821 1.269821 1.269821 0.345106 0.345109 0.345109
