0.993143 0.993143 0.993143 0.993143 0.993143 0.993143 0.993143 0.984001 0.984001 0.984001
0.998677 0.998677 0.998677 0.998677 0.998677 0.998677 0.998677 0.984092 0.984092 0.984092
0.912857 0.912857 0.912857 0.912857 0.912857 0.912857 0.912857 0.779814 0.779814 0.779814
1.043764 1.043764 1.043764 1.043764 1.043764 1.043764 1.043764 0.889502 0.889502 0.889502
1.043627 1.043627 1.043627 1.043627 1.043627 1.043627 1.043627 0.886370 0.886371 0.886371
1.046954 1.046954 1.046954 1.046954 1.046954 1.046954 1.046954 0.888772 0.888772 0.888772
1.032117 1.032117 1.032117 1.032117 1.032117 1.032117 1.032117 0.859541 0.859542 0.859542
1.050921 1.050921 1.050921 1.050921 1.050921 1.050921 1.050921 0.873202 0.873203 0.873203
1.044449 1.044449 1.044449 1.044449 1.044449 1.044449 1.044449 0.858339 0.858339 0.858339
1.052546 1.052546 1.052546 1.052546 1.052546 1.052546 1.052546 0.860903 0.860904 0.860904
1.043885 1.043885 1.043885 1.043885 1.043885 1.043885 1.043885 0.839455 0.839455 0.839455
1.051063 1.051063 1.051063 1.051063 1.051063 1.051063 1.051063 0.833731 0.833732 0.833732
1.063756 1.063756 1.063756 1.063756 1.063756 1.063756 1.063756 0.841431 0.841431 0.841431
1.050220 1.050220 1.050220 1.050220 1.050220 1.050220 1.050220 0.814192 0.814193 0.814193
1.057705 1.057705 1.057705 1.057705 1.057705 1.057705 1.057705 0.805882 0.805883 0.805883
1.071546 1.071546 1.071546 1.071546 1.071546 1.071546 1.071546 0.811337 0.811338 0.811338
0.973996 0.973996 0.973996 0.973996 0.973996 0.973996 0.973996 0.640072 0.640074 0.640074
1.094305 1.094305 1.094305 1.094305 1.094305 1.094305 1.094305 0.703073 0.703075 0.703075
1.119874 1.119874 1.119874 1.119874 1.119874 1.119874 1.119874 0.719295 0.719297 0.719297
1.111372 1.111372 1.111372 1.111372 1.111372 1.111372 1.111372 0.707036 0.707039 0.707039
1.122174 1.122174 1.122174 1.122174 1.122174 1.122174 1.122174 0.713648 0.713650 0.713650
1.115383 1.115383 1.115383 1.115383 1.115383 1.115383 1.115383 0.703839 0.703841 0.703841
1.113412 1.113412 1.113412 1.113412 1.113412 1.113412 1.113412 0.694270 0.694273 0.694273
1.125999 1.125999 1.125999 1.125999 1.125999 1.125999 1.125999 0.701144 0.701146 0.701146
1.110290 1.110290 1.110290 1.110290 1.110290 1.110290 1.110290 0.678516 0.678518 0.678518
1.106406 1.106406 1.106406 1.106406 1.106406 1.106406 1.106406 0.657583 0.657585 0.657585
1.130457 1.130457 1.130457 1.130457 1.130457 1.130457 1.130457 0.666198 0.666200 0.666200
1.137589 1.137589 1.137589 1.137589 1.137589 1.137589 1.137589 0.668367 0.668369 0.668369
1.137477 1.137477 1.137477 1.137477 1.137477 1.137477 1.137477 0.665715 0.665718 0.665718
1.133057 1.133057 1.133057 1.133057 1.133057 1.133057 1.133057 0.656903 0.656906 0.656906
1.124049 1.124049 1.124049 1.124049 1.124049 1.124049 1.124049 0.637949 0.637951 0.637951
1.140612 1.140612 1.140612 1.140612 1.140612 1.140612 1.140612 0.641732 0.641735 0.641735
1.146242 1.146242 1.146242 1.146242 1.146242 1.146242 1.146242 0.641753 0.641756 0.641756
1.145985 1.145985 1.145985 1.145985 1.145985 1.145985 1.145985 0.637600 0.637603 0.637603
1.153517 1.153517 1.153517 1.153517 1.153517 1.153517 1.153517 0.641791 0.641794 0.641794
1.149639 1.149639 1.149639 1.149639 1.149639 1.149639 1.149639 0.637118 0.637121 0.637121
1.151620 1.151620 1.151620 1.151620 1.151620 1.151620 1.151620 0.636426 0.636429 0.636429
1.152055 1.152055 1.152055 1.152055 1.152055 1.152055 1.152055 0.634762 0.634766 0.634766
1.153155 1.153155 1.153155 1.153155 1.153155 1.153155 1.153155 0.633753 0.633757 0.633757
1.146709 1.146709 1.146709 1.146709 1.146709 1.146709 1.146709 0.624125 0.624129 0.624129
1.145961 1.145961 1.145961 1.145961 1.145961 1.145961 1.145961 0.615887 0.615890 0.615890
1.155187 1.155187 1.155187 1.155187 1.155187 1.155187 1.155187 0.617149 0.617152 0.617152
1.149941 1.149941 1.149941 1.149941 1.149941 1.149941 1.149941 0.606640 0.606643 0.606643
1.164627 1.164627 1.164627 1.164627 1.164627 1.164627 1.164627 0.614072 0.614076 0.614076
1.148847 1.148847 1.148847 1.148847 1.148847 1.148847 1.148847 0.595781 0.595784 0.595784
1.154438 1.154438 1.154438 1.154438 1.154438 1.154438 1.154438 0.590118 0.590122 0.590122
1.162475 1.162475 1.162475 1.162475 1.162475 1.162475 1.162475 0.588729 0.588733 0.588733
1.166400 1.166400 1.166400 1.166400 1.166400 1.166400 1.166400 0.586421 0.586426 0.586426
1.165247 1.165247 1.165247 1.165247 1.165247 1.165247 1.165247 0.580045 0.580050 0.580050
1.176267 1.176267 1.176267 1.176267 1.176267 1.176267 1.176267 0.584892 0.584896 0.584896
1.174993 1.174993 1.174993 1.174993 1.174993 1.174993 1.174993 0.582768 0.582772 0.582772
1.171187 1.171187 1.171187 1.171187 1.171187 1.171187 1.171187 0.576941 0.576945 0.576945
1.178991 1.178991 1.178991 1.178991 1.178991 1.178991 1.178991 0.580473 0.580477 0.580477
1.176531 1.176531 1.176531 1.176531 1.176531 1.176531 1.176531 0.577505 0.577510 0.577510
1.173273 1.173273 1.173273 1.173273 1.173273 1.173273 1.173273 0.571985 0.571990 0.571990
1.167476 1.167476 1.167476 1.167476 1.167476 1.167476 1.167476 0.561283 0.561288 0.561288
1.181984 1.181984 1.181984 1.181984 1.181984 1.181984 1.181984 0.566876 0.566881 0.566881
1.176543 1.176543 1.176543 1.176543 1.176543 1.176543 1.176543 0.559660 0.559664 0.559664
1.181347 1.181347 1.181347 1.181347 1.181347 1.181347 1.181347 0.559081 0.559085 0.559085
1.184849 1.184849 1.184849 1.184849 1.184849 1.184849 1.184849 0.559219 0.559223 0.559223
1.153483 1.153483 1.153483 1.153483 1.153483 1.153483 1.153483 0.525919 0.525923 0.525923
1.193119 1.193119 1.193119 1.193119 1.193119 1.193119 1.193119 0.542997 0.543000 0.543000
1.154864 1.154864 1.154864 1.154864 1.154864 1.154864 1.154864 0.504911 0.504914 0.504914
1.196658 1.196658 1.196658 1.196658 1.196658 1.196658 1.196658 0.520013 0.520016 0.520016
1.185814 1.185814 1.185814 1.185814 1.185814 1.185814 1.185814 0.506338 0.506341 0.506341
1.195698 1.195698 1.195698 1.195698 1.195698 1.195698 1.195698 0.504900 0.504904 0.504904
1.189159 1.189159 1.189159 1.189159 1.189159 1.189159 1.189159 0.492518 0.492522 0.492522
1.205484 1.205484 1.205484 1.205484 1.205484 1.205484 1.205484 0.495721 0.495725 0.495725
1.210107 1.210107 1.210107 1.210107 1.210107 1.210107 1.210107 0.495605 0.495608 0.495608
1.215263 1.215263 1.215263 1.215263 1.215263 1.215263 1.215263 0.497717 0.497720 0.497720
1.191822 1.191822 1.191822 1.191822 1.191822 1.191822 1.191822 0.477498 0.477501 0.477501
1.213800 1.213800 1.213800 1.213800 1.213800 1.213800 1.213800 0.483900 0.483904 0.483904
1.200232 1.200232 1.200232 1.200232 1.200232 1.200232 1.200232 0.469756 0.469759 0.469759
1.223366 1.223366 1.223366 1.223366 1.223366 1.223366 1.223366 0.478810 0.478814 0.478814
1.212489 1.212489 1.212489 1.212489 1.212489 1.212489 1.212489 0.469864 0.469868 0.469868
1.223285 1.223285 1.223285 1.223285 1.223285 1.223285 1.223285 0.473272 0.473275 0.473275
1.191331 1.191331 1.191331 1.191331 1.191331 1.191331 1.191331 0.446476 0.446480 0.446480
1.229705 1.229705 1.229705 1.229705 1.229705 1.229705 1.229705 0.460378 0.460382 0.460382
1.228773 1.228773 1.228773 1.228773 1.228773 1.228773 1.228773 0.459095 0.459098 0.459098
1.209986 1.209986 1.209986 1.209986 1.209986 1.209986 1.209986 0.443336 0.443340 0.443340
1.228859 1.228859 1.228859 1.228859 1.228859 1.228859 1.228859 0.447917 0.447920 0.447920
1.231075 1.231075 1.231075 1.231075 1.231075 1.231075 1.231075 0.446939 0.446943 0.446943
1.233038 1.233038 1.233038 1.233038 1.233038 1.233038 1.233038 0.446389 0.446393 0.446393
1.219776 1.219776 1.219776 1.219776 1.219776 1.219776 1.219776 0.434919 0.434922 0.434922
1.225509 1.225509 1.225509 1.225509 1.225509 1.225509 1.225509 0.431652 0.431655 0.431655
1.232672 1.232672 1.232672 1.232672 1.232672 1.232672 1.232672 0.430907 0.430911 0.430911
1.215799 1.215799 1.215799 1.215799 1.215799 1.215799 1.215799 0.414932 0.414936 0.414936
1.244954 1.244954 1.244954 1.244954 1.244954 1.244954 1.244954 0.424391 0.424394 0.424394
1.233194 1.233194 1.233194 1.233194 1.233194 1.233194 1.233194 0.415488 0.415491 0.415491
1.237040 1.237040 1.237040 1.237040 1.237040 1.237040 1.237040 0.412678 0.412682 0.412682
1.243844 1.243844 1.243844 1.243844 1.243844 1.243844 1.243844 0.412776 0.412779 0.412779
1.242577 1.242577 1.242577 1.242577 1.242577 1.242577 1.242577 0.409449 0.409452 0.409452
1.214599 1.214599 1.214599 1.214599 1.214599 1.214599 1.214599 0.387086 0.387089 0.387089
1.254758 1.254758 1.254758 1.254758 1.254758 1.254758 1.254758 0.399150 0.399154 0.399154
1.230445 1.230445 1.230445 1.230445 1.230445 1.230445 1.230445 0.382317 0.382320 0.382320
1.260309 1.260309 1.260309 1.260309 1.260309 1.260309 1.260309 0.391467 0.391470 0.391470
1.223132 1.223132 1.223132 1.223132 1.223132 1.223132 1.223132 0.367477 0.367480 0.367480
1.206312 1.206312 1.206312 1.206312 1.206312 1.206312 1.206312 0.343595 0.343598 0.343598
1.238347 1.238347 1.238347 1.238347 1.238347 1.238347 1.238347 0.342253 0.342256 0.342256
1.257434 1.257434 1.257434 1.257434 1.257434 1.257434 1.257434 0.341739 0.341742 0.341742
