0.996969 0.996969 0.996969 0.996969 0.996969 0.996969 0.996969 0.992928 0.992928 0.992928
0.977187 0.977187 0.977187 0.977187 0.977187 0.977187 0.977187 0.941351 0.941351 0.941351
0.997324 0.997324 0.997324 0.997324 0.997324 0.997324 0.997324 0.943211 0.943211 0.943211
1.013476 1.013476 1.013476 1.013476 1.013476 1.013476 1.013476 0.954673 0.954673 0.954673
1.015541 1.015541 1.015541 1.015541 1.015541 1.015541 1.015541 0.953932 0.953933 0.953933
1.014876 1.014876 1.014876 1.014876 1.014876 1.014876 1.014876 0.948800 0.948801 0.948801
1.016866 1.016866 1.016866 1.016866 1.016866 1.016866 1.016866 0.946922 0.946923 0.946923
1.006189 1.006189 1.006189 1.006189 1.006189 1.006189 1.006189 0.918866 0.918867 0.918867
1.011254 1.011254 1.011254 1.011254 1.011254 1.011254 1.011254 0.905114 0.905115 0.905115
1.023141 1.023141 1.023141 1.023141 1.023141 1.023141 1.023141 0.904903 0.904904 0.904904
1.031069 1.031069 1.031069 1.031069 1.031069 1.031069 1.031069 0.906389 0.906390 0.906390
1.036804 1.036804 1.036804 1.036804 1.036804 1.036804 1.036804 0.910481 0.910483 0.910483
1.031396 1.031396 1.031396 1.031396 1.031396 1.031396 1.031396 0.898337 0.898338 0.898338
1.026503 1.026503 1.026503 1.026503 1.026503 1.026503 1.026503 0.878687 0.878688 0.878688
1.043168 1.043168 1.043168 1.043168 1.043168 1.043168 1.043168 0.890782 0.890783 0.890783
1.040756 1.040756 1.040756 1.040756 1.040756 1.040756 1.040756 0.883181 0.883182 0.883182
0.948818 0.948818 0.948818 0.948818 0.948818 0.948818 0.948818 0.698820 0.698822 0.698822
1.057620 1.057620 1.057620 1.057620 1.057620 1.057620 1.057620 0.753372 0.753374 0.753374
1.060297 1.060297 1.060297 1.060297 1.060297 1.060297 1.060297 0.725568 0.725569 0.725569
1.102771 1.102771 1.102771 1.102771 1.102771 1.102771 1.102771 0.753100 0.753102 0.753102
1.104827 1.104827 1.104827 1.104827 1.104827 1.104827 1.104827 0.754258 0.754259 0.754259
1.098824 1.098824 1.098824 1.098824 1.098824 1.098824 1.098824 0.744873 0.744874 0.744874
1.106483 1.106483 1.106483 1.106483 1.106483 1.106483 1.106483 0.749661 0.749663 0.749663
1.104535 1.104535 1.104535 1.104535 1.104535 1.104535 1.104535 0.746231 0.746233 0.746233
1.107476 1.107476 1.107476 1.107476 1.107476 1.107476 1.107476 0.747944 0.747946 0.747946
1.099131 1.099131 1.099131 1.099131 1.099131 1.099131 1.099131 0.735141 0.735143 0.735143
1.109836 1.109836 1.109836 1.109836 1.109836 1.109836 1.109836 0.741920 0.741922 0.741922
1.090761 1.090761 1.090761 1.090761 1.090761 1.090761 1.090761 0.713307 0.713309 0.713309
1.113034 1.113034 1.113034 1.113034 1.113034 1.113034 1.113034 0.725666 0.725668 0.725668
1.109434 1.109434 1.109434 1.109434 1.109434 1.109434 1.109434 0.717719 0.717722 0.717722
1.105285 1.105285 1.105285 1.105285 1.105285 1.105285 1.105285 0.704809 0.704813 0.704813
1.119816 1.119816 1.119816 1.119816 1.119816 1.119816 1.119816 0.712444 0.712448 0.712448
1.106913 1.106913 1.106913 1.106913 1.106913 1.106913 1.106913 0.692387 0.692390 0.692390
1.121913 1.121913 1.121913 1.121913 1.121913 1.121913 1.121913 0.698302 0.698305 0.698305
1.117477 1.117477 1.117477 1.117477 1.117477 1.117477 1.117477 0.687938 0.687942 0.687942
1.127130 1.127130 1.127130 1.127130 1.127130 1.127130 1.127130 0.691528 0.691532 0.691532
1.128570 1.128570 1.128570 1.128570 1.128570 1.128570 1.128570 0.690536 0.690540 0.690540
1.131784 1.131784 1.131784 1.131784 1.131784 1.131784 1.131784 0.692502 0.692506 0.692506
1.122895 1.122895 1.122895 1.122895 1.122895 1.122895 1.122895 0.680614 0.680617 0.680617
1.129135 1.129135 1.129135 1.129135 1.129135 1.129135 1.129135 0.680907 0.680911 0.680911
1.115290 1.115290 1.115290 1.115290 1.115290 1.115290 1.115290 0.658386 0.658390 0.658390
1.128961 1.128961 1.128961 1.128961 1.128961 1.128961 1.128961 0.658699 0.658702 0.658702
1.135539 1.135539 1.135539 1.135539 1.135539 1.135539 1.135539 0.657551 0.657555 0.657555
1.141805 1.141805 1.141805 1.141805 1.141805 1.141805 1.141805 0.659326 0.659330 0.659330
1.139388 1.139388 1.139388 1.139388 1.139388 1.139388 1.139388 0.654013 0.654017 0.654017
1.124176 1.124176 1.124176 1.124176 1.124176 1.124176 1.124176 0.630279 0.630283 0.630283
1.144817 1.144817 1.144817 1.144817 1.144817 1.144817 1.144817 0.637278 0.637281 0.637281
1.033346 1.033346 1.033346 1.033346 1.033346 1.033346 1.033346 0.498673 0.498675 0.498675
1.183251 1.183251 1.183251 1.183251 1.183251 1.183251 1.183251 0.570742 0.570745 0.570745
1.182401 1.182401 1.182401 1.182401 1.182401 1.182401 1.182401 0.569539 0.569542 0.569542
1.179067 1.179067 1.179067 1.179067 1.179067 1.179067 1.179067 0.565162 0.565165 0.565165
1.177576 1.177576 1.177576 1.177576 1.177576 1.177576 1.177576 0.560344 0.560347 0.560347
1.172270 1.172270 1.172270 1.172270 1.172270 1.172270 1.172270 0.550099 0.550103 0.550103
1.170128 1.170128 1.170128 1.170128 1.170128 1.170128 1.170128 0.538892 0.538895 0.538895
1.191358 1.191358 1.191358 1.191358 1.191358 1.191358 1.191358 0.547770 0.547773 0.547773
1.168779 1.168779 1.168779 1.168779 1.168779 1.168779 1.168779 0.524647 0.524650 0.524650
1.188348 1.188348 1.188348 1.188348 1.188348 1.188348 1.188348 0.528521 0.528524 0.528524
1.194297 1.194297 1.194297 1.194297 1.194297 1.194297 1.194297 0.528386 0.528389 0.528389
1.197636 1.197636 1.197636 1.197636 1.197636 1.197636 1.197636 0.528256 0.528260 0.528260
1.183834 1.183834 1.183834 1.183834 1.183834 1.183834 1.183834 0.513471 0.513474 0.513474
1.194119 1.194119 1.194119 1.194119 1.194119 1.194119 1.194119 0.512829 0.512832 0.512832
1.175152 1.175152 1.175152 1.175152 1.175152 1.175152 1.175152 0.489708 0.489711 0.489711
1.210102 1.210102 1.210102 1.210102 1.210102 1.210102 1.210102 0.503347 0.503350 0.503350
1.202421 1.202421 1.202421 1.202421 1.202421 1.202421 1.202421 0.495524 0.495527 0.495527
1.184728 1.184728 1.184728 1.184728 1.184728 1.184728 1.184728 0.474831 0.474835 0.474835
1.214908 1.214908 1.214908 1.214908 1.214908 1.214908 1.214908 0.485043 0.485046 0.485046
1.200910 1.200910 1.200910 1.200910 1.200910 1.200910 1.200910 0.471115 0.471118 0.471118
1.212087 1.212087 1.212087 1.212087 1.212087 1.212087 1.212087 0.470802 0.470805 0.470805
1.214190 1.214190 1.214190 1.214190 1.214190 1.214190 1.214190 0.467127 0.467131 0.467131
1.226365 1.226365 1.226365 1.226365 1.226365 1.226365 1.226365 0.471811 0.471815 0.471815
1.225151 1.225151 1.225151 1.225151 1.225151 1.225151 1.225151 0.470830 0.470833 0.470833
1.209906 1.209906 1.209906 1.209906 1.209906 1.209906 1.209906 0.457949 0.457952 0.457952
1.229180 1.229180 1.229180 1.229180 1.229180 1.229180 1.229180 0.465244 0.465248 0.465248
1.225841 1.225841 1.225841 1.225841 1.225841 1.225841 1.225841 0.462593 0.462597 0.462597
1.173619 1.173619 1.173619 1.173619 1.173619 1.173619 1.173619 0.419878 0.419881 0.419881
1.224965 1.224965 1.224965 1.224965 1.224965 1.224965 1.224965 0.432920 0.432924 0.432924
1.219316 1.219316 1.219316 1.219316 1.219316 1.219316 1.219316 0.422742 0.422746 0.422746
1.232514 1.232514 1.232514 1.232514 1.232514 1.232514 1.232514 0.423090 0.423094 0.423094
1.239126 1.239126 1.239126 1.239126 1.239126 1.239126 1.239126 0.423042 0.423046 0.423046
1.244898 1.244898 1.244898 1.244898 1.244898 1.244898 1.244898 0.424521 0.424524 0.424524
1.233771 1.233771 1.233771 1.233771 1.233771 1.233771 1.233771 0.416064 0.416068 0.416068
1.247847 1.247847 1.247847 1.247847 1.247847 1.247847 1.247847 0.420690 0.420694 0.420694
1.238279 1.238279 1.238279 1.238279 1.238279 1.238279 1.238279 0.413843 0.413846 0.413846
1.227754 1.227754 1.227754 1.227754 1.227754 1.227754 1.227754 0.402464 0.402467 0.402467
1.244760 1.244760 1.244760 1.244760 1.244760 1.244760 1.244760 0.405271 0.405274 0.405274
1.250682 1.250682 1.250682 1.250682 1.250682 1.250682 1.250682 0.406160 0.406164 0.406164
1.251911 1.251911 1.251911 1.251911 1.251911 1.251911 1.251911 0.405816 0.405820 0.405820
1.239845 1.239845 1.239845 1.239845 1.239845 1.239845 1.239845 0.396863 0.396867 0.396867
1.237247 1.237247 1.237247 1.237247 1.237247 1.237247 1.237247 0.389513 0.389516 0.389516
1.219878 1.219878 1.219878 1.219878 1.219878 1.219878 1.219878 0.370997 0.371001 0.371001
1.257739 1.257739 1.257739 1.257739 1.257739 1.257739 1.257739 0.380529 0.380532 0.380532
1.257241 1.257241 1.257241 1.257241 1.257241 1.257241 1.257241 0.378001 0.378004 0.378004
1.239477 1.239477 1.239477 1.239477 1.239477 1.239477 1.239477 0.364337 0.364340 0.364340
1.232299 1.232299 1.232299 1.232299 1.232299 1.232299 1.232299 0.350885 0.350888 0.350888
1.265081 1.265081 1.265081 1.265081 1.265081 1.265081 1.265081 0.357766 0.357769 0.357769
1.259211 1.259211 1.259211 1.259211 1.259211 1.259211 1.259211 0.351635 0.351638 0.351638
1.272821 1.272821 1.272821 1.272821 1.272821 1.272821 1.272821 0.354532 0.354535 0.354535
1.260009 1.260009 1.260009 1.260009 1.260009 1.260009 1.260009 0.346189 0.346192 0.346192
1.267932 1.267932 1.267932 1.267932 1.267932 1.267932 1.267932 0.345421 0.345424 0.345424
1.276319 1.276319 1.276319 1.276319 1.276319 1.276319 1.276319 0.346872 0.346875 0.346875
