0.997025 0.997025 0.997025 0.997025 0.997025 0.997025 0.997025 0.993058 0.993058 0.993058
0.996520 0.996520 0.996520 0.996520 0.996520 0.996520 0.996520 0.986353 0.986353 0.986353
0.996947 0.996947 0.996947 0.996947 0.996947 0.996947 0.996947 0.978719 0.978719 0.978719
0.998550 0.998550 0.998550 0.998550 0.998550 0.998550 0.998550 0.971223 0.971224 0.971224
1.001709 1.001709 1.001709 1.001709 1.001709 1.001709 1.001709 0.965841 0.965842 0.965842
1.009455 1.009455 1.009455 1.009455 1.009455 1.009455 1.009455 0.971525 0.971525 0.971525
1.005857 1.005857 1.005857 1.005857 1.005857 1.005857 1.005857 0.961024 0.961024 0.961024
1.011685 1.011685 1.011685 1.011685 1.011685 1.011685 1.011685 0.964243 0.964243 0.964243
1.013988 1.013988 1.013988 1.013988 1.013988 1.013988 1.013988 0.966084 0.966085 0.966085
1.013485 1.013485 1.013485 1.013485 1.013485 1.013485 1.013485 0.964488 0.964488 0.964488
0.921312 0.921312 0.921312 0.921312 0.921312 0.921312 0.921312 0.760087 0.760087 0.760087
1.051485 1.051485 1.051485 1.051485 1.051485 1.051485 1.051485 0.863379 0.863380 0.863380
1.048932 1.048932 1.048932 1.048932 1.048932 1.048932 1.048932 0.853197 0.853198 0.853198
1.052257 1.052257 1.052257 1.052257 1.052257 1.052257 1.052257 0.848666 0.848667 0.848667
1.043592 1.043592 1.043592 1.043592 1.043592 1.043592 1.043592 0.823368 0.823369 0.823369
1.054871 1.054871 1.054871 1.054871 1.054871 1.054871 1.054871 0.819698 0.819698 0.819698
1.069357 1.069357 1.069357 1.069357 1.069357 1.069357 1.069357 0.828703 0.828703 0.828703
1.063091 1.063091 1.063091 1.063091 1.063091 1.063091 1.063091 0.814842 0.814842 0.814842
1.072721 1.072721 1.072721 1.072721 1.072721 1.072721 1.072721 0.819731 0.819731 0.819731
1.064498 1.064498 1.064498 1.064498 1.064498 1.064498 1.064498 0.802383 0.802384 0.802384
1.077678 1.077678 1.077678 1.077678 1.077678 1.077678 1.077678 0.810369 0.810370 0.810370
1.079948 1.079948 1.079948 1.079948 1.079948 1.079948 1.079948 0.811659 0.811660 0.811660
1.065720 1.065720 1.065720 1.065720 1.065720 1.065720 1.065720 0.787180 0.787181 0.787181
1.074151 1.074151 1.074151 1.074151 1.074151 1.074151 1.074151 0.783445 0.783446 0.783446
1.080286 1.080286 1.080286 1.080286 1.080286 1.080286 1.080286 0.780667 0.780668 0.780668
1.090467 1.090467 1.090467 1.090467 1.090467 1.090467 1.090467 0.787766 0.787767 0.787767
1.086527 1.086527 1.086527 1.086527 1.086527 1.086527 1.086527 0.781090 0.781091 0.781091
1.071371 1.071371 1.071371 1.071371 1.071371 1.071371 1.071371 0.751934 0.751935 0.751935
1.083290 1.083290 1.083290 1.083290 1.083290 1.083290 1.083290 0.747508 0.747509 0.747509
1.095550 1.095550 1.095550 1.095550 1.095550 1.095550 1.095550 0.750117 0.750118 0.750118
1.103212 1.103212 1.103212 1.103212 1.103212 1.103212 1.103212 0.754314 0.754315 0.754315
1.085944 1.085944 1.085944 1.085944 1.085944 1.085944 1.085944 0.726861 0.726862 0.726862
1.107538 1.107538 1.107538 1.107538 1.107538 1.107538 1.107538 0.739224 0.739225 0.739225
1.109317 1.109317 1.109317 1.109317 1.109317 1.109317 1.109317 0.739198 0.739200 0.739200
1.104704 1.104704 1.104704 1.104704 1.104704 1.104704 1.104704 0.730878 0.730879 0.730879
1.102844 1.102844 1.102844 1.102844 1.102844 1.102844 1.102844 0.721562 0.721563 0.721563
1.109438 1.109438 1.109438 1.109438 1.109438 1.109438 1.109438 0.720934 0.720935 0.720935
1.115500 1.115500 1.115500 1.115500 1.115500 1.115500 1.115500 0.723400 0.723401 0.723401
1.088031 1.088031 1.088031 1.088031 1.088031 1.088031 1.088031 0.682413 0.682414 0.682414
1.098510 1.098510 1.098510 1.098510 1.098510 1.098510 1.098510 0.668541 0.668542 0.668542
1.121825 1.121825 1.121825 1.121825 1.121825 1.121825 1.121825 0.674641 0.674642 0.674642
1.135372 1.135372 1.135372 1.135372 1.135372 1.135372 1.135372 0.682462 0.682463 0.682463
1.114841 1.114841 1.114841 1.114841 1.114841 1.114841 1.114841 0.655155 0.655156 0.655156
1.124524 1.124524 1.124524 1.124524 1.124524 1.124524 1.124524 0.649350 0.649352 0.649352
1.112834 1.112834 1.112834 1.112834 1.112834 1.112834 1.112834 0.620769 0.620770 0.620770
1.149949 1.149949 1.149949 1.149949 1.149949 1.149949 1.149949 0.639527 0.639528 0.639528
1.153084 1.153084 1.153084 1.153084 1.153084 1.153084 1.153084 0.640926 0.640927 0.640927
1.134324 1.134324 1.134324 1.134324 1.134324 1.134324 1.134324 0.617951 0.617952 0.617952
1.151178 1.151178 1.151178 1.151178 1.151178 1.151178 1.151178 0.622713 0.622714 0.622714
1.147673 1.147673 1.147673 1.147673 1.147673 1.147673 1.147673 0.613271 0.613272 0.613272
1.161279 1.161279 1.161279 1.161279 1.161279 1.161279 1.161279 0.619865 0.619866 0.619866
1.155094 1.155094 1.155094 1.155094 1.155094 1.155094 1.155094 0.611923 0.611925 0.611925
1.161685 1.161685 1.161685 1.161685 1.161685 1.161685 1.161685 0.613850 0.613852 0.613852
1.154902 1.154902 1.154902 1.154902 1.154902 1.154902 1.154902 0.604236 0.604238 0.604238
1.147634 1.147634 1.147634 1.147634 1.147634 1.147634 1.147634 0.588826 0.588828 0.588828
1.170774 1.170774 1.170774 1.170774 1.170774 1.170774 1.170774 0.600528 0.600529 0.600529
1.168271 1.168271 1.168271 1.168271 1.168271 1.168271 1.168271 0.597561 0.597563 0.597563
1.171718 1.171718 1.171718 1.171718 1.171718 1.171718 1.171718 0.599324 0.599326 0.599326
1.166183 1.166183 1.166183 1.166183 1.166183 1.166183 1.166183 0.593243 0.593245 0.593245
1.145372 1.145372 1.145372 1.145372 1.145372 1.145372 1.145372 0.566663 0.566665 0.566665
1.173419 1.173419 1.173419 1.173419 1.173419 1.173419 1.173419 0.577580 0.577581 0.577581
1.174373 1.174373 1.174373 1.174373 1.174373 1.174373 1.174373 0.575052 0.575053 0.575053
1.128956 1.128956 1.128956 1.128956 1.128956 1.128956 1.128956 0.524094 0.524095 0.524095
1.174176 1.174176 1.174176 1.174176 1.174176 1.174176 1.174176 0.536007 0.536009 0.536009
1.154308 1.154308 1.154308 1.154308 1.154308 1.154308 1.154308 0.506209 0.506210 0.506210
1.168247 1.168247 1.168247 1.168247 1.168247 1.168247 1.168247 0.495542 0.495544 0.495544
1.189301 1.189301 1.189301 1.189301 1.189301 1.189301 1.189301 0.495263 0.495265 0.495265
1.204872 1.204872 1.204872 1.204872 1.204872 1.204872 1.204872 0.498344 0.498346 0.498346
1.209260 1.209260 1.209260 1.209260 1.209260 1.209260 1.209260 0.498223 0.498225 0.498225
1.203444 1.203444 1.203444 1.203444 1.203444 1.203444 1.203444 0.490921 0.490923 0.490923
1.190929 1.190929 1.190929 1.190929 1.190929 1.190929 1.190929 0.474522 0.474524 0.474524
1.217118 1.217118 1.217118 1.217118 1.217118 1.217118 1.217118 0.483597 0.483599 0.483599
1.216375 1.216375 1.216375 1.216375 1.216375 1.216375 1.216375 0.481401 0.481403 0.481403
1.221403 1.221403 1.221403 1.221403 1.221403 1.221403 1.221403 0.483391 0.483393 0.483393
1.200516 1.200516 1.200516 1.200516 1.200516 1.200516 1.200516 0.466021 0.466023 0.466023
1.222272 1.222272 1.222272 1.222272 1.222272 1.222272 1.222272 0.473383 0.473385 0.473385
1.223175 1.223175 1.223175 1.223175 1.223175 1.223175 1.223175 0.472867 0.472868 0.472868
1.205126 1.205126 1.205126 1.205126 1.205126 1.205126 1.205126 0.457232 0.457234 0.457234
1.210579 1.210579 1.210579 1.210579 1.210579 1.210579 1.210579 0.451741 0.451743 0.451743
1.224632 1.224632 1.224632 1.224632 1.224632 1.224632 1.224632 0.454136 0.454138 0.454138
1.225875 1.225875 1.225875 1.225875 1.225875 1.225875 1.225875 0.451841 0.451844 0.451844
1.230327 1.230327 1.230327 1.230327 1.230327 1.230327 1.230327 0.452126 0.452129 0.452129
1.228639 1.228639 1.228639 1.228639 1.228639 1.228639 1.228639 0.449275 0.449277 0.449277
1.228328 1.228328 1.228328 1.228328 1.228328 1.228328 1.228328 0.446487 0.446490 0.446490
1.224956 1.224956 1.224956 1.224956 1.224956 1.224956 1.224956 0.440875 0.440878 0.440878
1.100926 1.100926 1.100926 1.100926 1.100926 1.100926 1.100926 0.343902 0.343904 0.343904
1.237912 1.237912 1.237912 1.237912 1.237912 1.237912 1.237912 0.379351 0.379354 0.379354
1.251425 1.251425 1.251425 1.251425 1.251425 1.251425 1.251425 0.379789 0.379792 0.379792
1.260153 1.260153 1.260153 1.260153 1.260153 1.260153 1.260153 0.381142 0.381144 0.381144
1.248438 1.248438 1.248438 1.248438 1.248438 1.248438 1.248438 0.372373 0.372376 0.372376
1.249861 1.249861 1.249861 1.249861 1.249861 1.249861 1.249861 0.367466 0.367469 0.367469
1.254972 1.254972 1.254972 1.254972 1.254972 1.254972 1.254972 0.364674 0.364676 0.364676
1.264142 1.264142 1.264142 1.264142 1.264142 1.264142 1.264142 0.365415 0.365418 0.365418
1.269859 1.269859 1.269859 1.269859 1.269859 1.269859 1.269859 0.366686 0.366688 0.366688
1.266419 1.266419 1.266419 1.266419 1.266419 1.266419 1.266419 0.364210 0.364213 0.364213
1.268770 1.268770 1.268770 1.268770 1.268770 1.268770 1.268770 0.363955 0.363958 0.363958
1.235539 1.235539 1.235539 1.235539 1.235539 1.235539 1.235539 0.343325 0.343327 0.343327
1.261574 1.261574 1.261574 1.261574 1.261574 1.261574 1.261574 0.346162 0.346164 0.346164
1.278254 1.278254 1.278254 1.278254 1.278254 1.278254 1.278254 0.350738 0.350741 0.350741
1.266833 1.266833 1.266833 1.266833 1.266833 1.266833 1.266833 0.344294 0.344297 0.344297
