0.994228 0.994228 0.994228 0.994228 0.994228 0.994228 0.994228 0.986533 0.986533 0.986533
0.988097 0.988097 0.988097 0.988097 0.988097 0.988097 0.988097 0.961665 0.961665 0.961665
1.005786 1.005786 1.005786 1.005786 1.005786 1.005786 1.005786 0.975912 0.975913 0.975913
1.006714 1.006714 1.006714 1.006714 1.006714 1.006714 1.006714 0.973892 0.973893 0.973893
0.996110 0.996110 0.996110 0.996110 0.996110 0.996110 0.996110 0.946042 0.946043 0.946043
0.997316 0.997316 0.997316 0.997316 0.997316 0.997316 0.997316 0.924729 0.924730 0.924730
1.022322 1.022322 1.022322 1.022322 1.022322 1.022322 1.022322 0.947915 0.947916 0.947916
1.016834 1.016834 1.016834 1.016834 1.016834 1.016834 1.016834 0.936182 0.936184 0.936184
1.017191 1.017191 1.017191 1.017191 1.017191 1.017191 1.017191 0.927889 0.927891 0.927891
1.025954 1.025954 1.025954 1.025954 1.025954 1.025954 1.025954 0.934583 0.934584 0.934584
1.014319 1.014319 1.014319 1.014319 1.014319 1.014319 1.014319 0.908440 0.908441 0.908441
1.026945 1.026945 1.026945 1.026945 1.026945 1.026945 1.026945 0.913509 0.913511 0.913511
1.032331 1.032331 1.032331 1.032331 1.032331 1.032331 1.032331 0.916069 0.916070 0.916070
1.009269 1.009269 1.009269 1.009269 1.009269 1.009269 1.009269 0.866190 0.866192 0.866192
1.034837 1.034837 1.034837 1.034837 1.034837 1.034837 1.034837 0.877611 0.877613 0.877613
1.030725 1.030725 1.030725 1.030725 1.030725 1.030725 1.030725 0.855705 0.855707 0.855707
0.953779 0.953779 0.953779 0.953779 0.953779 0.953779 0.953779 0.687244 0.687245 0.687245
1.086917 1.086917 1.086917 1.086917 1.086917 1.086917 1.086917 0.779115 0.779116 0.779116
1.048265 1.048265 1.048265 1.048265 1.048265 1.048265 1.048265 0.712373 0.712374 0.712374
1.086306 1.086306 1.086306 1.086306 1.086306 1.086306 1.086306 0.721737 0.721738 0.721738
1.109615 1.109615 1.109615 1.109615 1.109615 1.109615 1.109615 0.735348 0.735350 0.735350
1.112316 1.112316 1.112316 1.112316 1.112316 1.112316 1.112316 0.736928 0.736930 0.736930
1.110301 1.110301 1.110301 1.110301 1.110301 1.110301 1.110301 0.733717 0.733719 0.733719
1.105784 1.105784 1.105784 1.105784 1.105784 1.105784 1.105784 0.724765 0.724767 0.724767
1.101447 1.101447 1.101447 1.101447 1.101447 1.101447 1.101447 0.711020 0.711022 0.711022
1.005827 1.005827 1.005827 1.005827 1.005827 1.005827 1.005827 0.562884 0.562885 0.562885
1.119500 1.119500 1.119500 1.119500 1.119500 1.119500 1.119500 0.605214 0.605215 0.605215
1.140788 1.140788 1.140788 1.140788 1.140788 1.140788 1.140788 0.604800 0.604801 0.604801
1.164079 1.164079 1.164079 1.164079 1.164079 1.164079 1.164079 0.617148 0.617149 0.617149
1.150286 1.150286 1.150286 1.150286 1.150286 1.150286 1.150286 0.601397 0.601398 0.601398
1.153443 1.153443 1.153443 1.153443 1.153443 1.153443 1.153443 0.594845 0.594846 0.594846
1.168126 1.168126 1.168126 1.168126 1.168126 1.168126 1.168126 0.601316 0.601317 0.601317
1.165576 1.165576 1.165576 1.165576 1.165576 1.165576 1.165576 0.597167 0.597168 0.597168
1.168519 1.168519 1.168519 1.168519 1.168519 1.168519 1.168519 0.596996 0.596997 0.596997
1.167839 1.167839 1.167839 1.167839 1.167839 1.167839 1.167839 0.594230 0.594232 0.594232
1.166475 1.166475 1.166475 1.166475 1.166475 1.166475 1.166475 0.589835 0.589837 0.589837
1.173638 1.173638 1.173638 1.173638 1.173638 1.173638 1.173638 0.593174 0.593176 0.593176
1.135064 1.135064 1.135064 1.135064 1.135064 1.135064 1.135064 0.551111 0.551113 0.551113
1.179600 1.179600 1.179600 1.179600 1.179600 1.179600 1.179600 0.571127 0.571128 0.571128
1.170153 1.170153 1.170153 1.170153 1.170153 1.170153 1.170153 0.559439 0.559440 0.559440
1.174169 1.174169 1.174169 1.174169 1.174169 1.174169 1.174169 0.555138 0.555139 0.555139
1.180304 1.180304 1.180304 1.180304 1.180304 1.180304 1.180304 0.553981 0.553983 0.553983
1.172261 1.172261 1.172261 1.172261 1.172261 1.172261 1.172261 0.541149 0.541151 0.541151
1.181178 1.181178 1.181178 1.181178 1.181178 1.181178 1.181178 0.539306 0.539307 0.539307
1.162353 1.162353 1.162353 1.162353 1.162353 1.162353 1.162353 0.514092 0.514094 0.514094
1.200583 1.200583 1.200583 1.200583 1.200583 1.200583 1.200583 0.530827 0.530829 0.530829
1.180961 1.180961 1.180961 1.180961 1.180961 1.180961 1.180961 0.512238 0.512239 0.512239
1.194321 1.194321 1.194321 1.194321 1.194321 1.194321 1.194321 0.513031 0.513033 0.513033
1.193461 1.193461 1.193461 1.193461 1.193461 1.193461 1.193461 0.506430 0.506432 0.506432
1.204570 1.204570 1.204570 1.204570 1.204570 1.204570 1.204570 0.509166 0.509168 0.509168
1.199358 1.199358 1.199358 1.199358 1.199358 1.199358 1.199358 0.502203 0.502205 0.502205
1.203502 1.203502 1.203502 1.203502 1.203502 1.203502 1.203502 0.500347 0.500349 0.500349
1.203372 1.203372 1.203372 1.203372 1.203372 1.203372 1.203372 0.496063 0.496065 0.496065
1.210386 1.210386 1.210386 1.210386 1.210386 1.210386 1.210386 0.497264 0.497266 0.497266
1.196109 1.196109 1.196109 1.196109 1.196109 1.196109 1.196109 0.482940 0.482943 0.482943
1.215823 1.215823 1.215823 1.215823 1.215823 1.215823 1.215823 0.489999 0.490002 0.490002
1.211647 1.211647 1.211647 1.211647 1.211647 1.211647 1.211647 0.485410 0.485412 0.485412
1.216256 1.216256 1.216256 1.216256 1.216256 1.216256 1.216256 0.485936 0.485938 0.485938
1.216384 1.216384 1.216384 1.216384 1.216384 1.216384 1.216384 0.484513 0.484515 0.484515
1.210747 1.210747 1.210747 1.210747 1.210747 1.210747 1.210747 0.478083 0.478085 0.478085
1.216429 1.216429 1.216429 1.216429 1.216429 1.216429 1.216429 0.477983 0.477986 0.477986
1.221389 1.221389 1.221389 1.221389 1.221389 1.221389 1.221389 0.479377 0.479379 0.479379
1.217247 1.217247 1.217247 1.217247 1.217247 1.217247 1.217247 0.475316 0.475318 0.475318
1.221115 1.221115 1.221115 1.221115 1.221115 1.221115 1.221115 0.475682 0.475684 0.475684
1.219840 1.219840 1.219840 1.219840 1.219840 1.219840 1.219840 0.473317 0.473319 0.473319
1.224882 1.224882 1.224882 1.224882 1.224882 1.224882 1.224882 0.475273 0.475275 0.475275
1.217352 1.217352 1.217352 1.217352 1.217352 1.217352 1.217352 0.469135 0.469137 0.469137
1.212229 1.212229 1.212229 1.212229 1.212229 1.212229 1.212229 0.461301 0.461303 0.461303
1.227657 1.227657 1.227657 1.227657 1.227657 1.227657 1.227657 0.466920 0.466923 0.466923
1.212530 1.212530 1.212530 1.212530 1.212530 1.212530 1.212530 0.454571 0.454574 0.454574
1.225292 1.225292 1.225292 1.225292 1.225292 1.225292 1.225292 0.457086 0.457089 0.457089
1.201422 1.201422 1.201422 1.201422 1.201422 1.201422 1.201422 0.435879 0.435882 0.435882
1.229507 1.229507 1.229507 1.229507 1.229507 1.229507 1.229507 0.443365 0.443368 0.443368
1.226209 1.226209 1.226209 1.226209 1.226209 1.226209 1.226209 0.437801 0.437804 0.437804
1.231917 1.231917 1.231917 1.231917 1.231917 1.231917 1.231917 0.437091 0.437093 0.437093
1.234077 1.234077 1.234077 1.234077 1.234077 1.234077 1.234077 0.435565 0.435567 0.435567
1.239686 1.239686 1.239686 1.239686 1.239686 1.239686 1.239686 0.437089 0.437092 0.437092
1.240626 1.240626 1.240626 1.240626 1.240626 1.240626 1.240626 0.437261 0.437263 0.437263
1.239236 1.239236 1.239236 1.239236 1.239236 1.239236 1.239236 0.436055 0.436058 0.436058
1.240783 1.240783 1.240783 1.240783 1.240783 1.240783 1.240783 0.436376 0.436378 0.436378
1.220534 1.220534 1.220534 1.220534 1.220534 1.220534 1.220534 0.421278 0.421281 0.421281
1.221993 1.221993 1.221993 1.221993 1.221993 1.221993 1.221993 0.413388 0.413391 0.413391
1.245343 1.245343 1.245343 1.245343 1.245343 1.245343 1.245343 0.420431 0.420434 0.420434
1.228203 1.228203 1.228203 1.228203 1.228203 1.228203 1.228203 0.407433 0.407435 0.407435
1.239395 1.239395 1.239395 1.239395 1.239395 1.239395 1.239395 0.407083 0.407086 0.407086
1.241317 1.241317 1.241317 1.241317 1.241317 1.241317 1.241317 0.403832 0.403835 0.403835
1.216558 1.216558 1.216558 1.216558 1.216558 1.216558 1.216558 0.382815 0.382818 0.382818
1.252447 1.252447 1.252447 1.252447 1.252447 1.252447 1.252447 0.391960 0.391963 0.391963
1.248146 1.248146 1.248146 1.248146 1.248146 1.248146 1.248146 0.386766 0.386769 0.386769
1.259811 1.259811 1.259811 1.259811 1.259811 1.259811 1.259811 0.389955 0.389958 0.389958
1.258572 1.258572 1.258572 1.258572 1.258572 1.258572 1.258572 0.388682 0.388685 0.388685
1.236383 1.236383 1.236383 1.236383 1.236383 1.236383 1.236383 0.373523 0.373526 0.373526
1.260116 1.260116 1.260116 1.260116 1.260116 1.260116 1.260116 0.379178 0.379181 0.379181
1.245898 1.245898 1.245898 1.245898 1.245898 1.245898 1.245898 0.368655 0.368658 0.368658
1.258903 1.258903 1.258903 1.258903 1.258903 1.258903 1.258903 0.369700 0.369703 0.369703
1.241656 1.241656 1.241656 1.241656 1.241656 1.241656 1.241656 0.356158 0.356161 0.356161
1.237423 1.237423 1.237423 1.237423 1.237423 1.237423 1.237423 0.344411 0.344414 0.344414
1.262426 1.262426 1.262426 1.262426 1.262426 1.262426 1.262426 0.347280 0.347283 0.347283
1.266818 1.266818 1.266818 1.266818 1.266818 1.266818 1.266818 0.345264 0.345267 0.345267
1.275754 1.275754 1.275754 1.275754 1.275754 1.275754 1.275754 0.346719 0.346722 0.346722
