0.998096 0.998096 0.998096 0.998096 0.998096 0.998096 0.998096 0.995558 0.995559 0.995559
0.999240 0.999240 0.999240 0.999240 0.999240 0.999240 0.999240 0.994675 0.994675 0.994675
0.992694 0.992694 0.992694 0.992694 0.992694 0.992694 0.992694 0.976656 0.976656 0.976656
0.995980 0.995980 0.995980 0.995980 0.995980 0.995980 0.995980 0.968279 0.968279 0.968279
0.994445 0.994445 0.994445 0.994445 0.994445 0.994445 0.994445 0.948822 0.948823 0.948823
1.010842 1.010842 1.010842 1.010842 1.010842 1.010842 1.010842 0.960558 0.960558 0.960558
1.000564 1.000564 1.000564 1.000564 1.000564 1.000564 1.000564 0.932575 0.932575 0.932575
1.020391 1.020391 1.020391 1.020391 1.020391 1.020391 1.020391 0.950542 0.950544 0.950544
1.018327 1.018327 1.018327 1.018327 1.018327 1.018327 1.018327 0.945404 0.945406 0.945406
1.011423 1.011423 1.011423 1.011423 1.011423 1.011423 1.011423 0.926223 0.926225 0.926225
1.018685 1.018685 1.018685 1.018685 1.018685 1.018685 1.018685 0.924242 0.924244 0.924244
1.019067 1.019067 1.019067 1.019067 1.019067 1.019067 1.019067 0.913350 0.913352 0.913352
1.006559 1.006559 1.006559 1.006559 1.006559 1.006559 1.006559 0.872512 0.872515 0.872515
1.023066 1.023066 1.023066 1.023066 1.023066 1.023066 1.023066 0.866203 0.866205 0.866205
1.041547 1.041547 1.041547 1.041547 1.041547 1.041547 1.041547 0.874651 0.874653 0.874653
1.031274 1.031274 1.031274 1.031274 1.031274 1.031274 1.031274 0.845491 0.845493 0.845493
1.039804 1.039804 1.039804 1.039804 1.039804 1.039804 1.039804 0.834521 0.834523 0.834523
1.060673 1.060673 1.060673 1.060673 1.060673 1.060673 1.060673 0.848963 0.848966 0.848966
1.053188 1.053188 1.053188 1.053188 1.053188 1.053188 1.053188 0.832398 0.832400 0.832400
1.061834 1.061834 1.061834 1.061834 1.061834 1.061834 1.061834 0.833998 0.834001 0.834001
1.063742 1.063742 1.063742 1.063742 1.063742 1.063742 1.063742 0.830523 0.830525 0.830525
1.052084 1.052084 1.052084 1.052084 1.052084 1.052084 1.052084 0.803553 0.803555 0.803555
1.075073 1.075073 1.075073 1.075073 1.075073 1.075073 1.075073 0.819970 0.819972 0.819972
1.075226 1.075226 1.075226 1.075226 1.075226 1.075226 1.075226 0.818743 0.818746 0.818746
1.071233 1.071233 1.071233 1.071233 1.071233 1.071233 1.071233 0.810170 0.810172 0.810172
1.070381 1.070381 1.070381 1.070381 1.070381 1.070381 1.070381 0.801551 0.801553 0.801553
1.064366 1.064366 1.064366 1.064366 1.064366 1.064366 1.064366 0.781185 0.781187 0.781187
1.084496 1.084496 1.084496 1.084496 1.084496 1.084496 1.084496 0.793929 0.793931 0.793931
1.082803 1.082803 1.082803 1.082803 1.082803 1.082803 1.082803 0.788539 0.788541 0.788541
1.087150 1.087150 1.087150 1.087150 1.087150 1.087150 1.087150 0.790258 0.790260 0.790260
1.084435 1.084435 1.084435 1.084435 1.084435 1.084435 1.084435 0.783989 0.783991 0.783991
1.089024 1.089024 1.089024 1.089024 1.089024 1.089024 1.089024 0.785862 0.785864 0.785864
1.087642 1.087642 1.087642 1.087642 1.087642 1.087642 1.087642 0.781778 0.781780 0.781780
1.084469 1.084469 1.084469 1.084469 1.084469 1.084469 1.084469 0.772734 0.772736 0.772736
1.082140 1.082140 1.082140 1.082140 1.082140 1.082140 1.082140 0.760404 0.760406 0.760406
1.091429 1.091429 1.091429 1.091429 1.091429 1.091429 1.091429 0.761355 0.761358 0.761358
1.091252 1.091252 1.091252 1.091252 1.091252 1.091252 1.091252 0.753982 0.753985 0.753985
1.089379 1.089379 1.089379 1.089379 1.089379 1.089379 1.089379 0.741923 0.741926 0.741926
1.103052 1.103052 1.103052 1.103052 1.103052 1.103052 1.103052 0.748958 0.748961 0.748961
1.086513 1.086513 1.086513 1.086513 1.086513 1.086513 1.086513 0.721252 0.721255 0.721255
1.000344 1.000344 1.000344 1.000344 1.000344 1.000344 1.000344 0.575676 0.575679 0.575679
1.142069 1.142069 1.142069 1.142069 1.142069 1.142069 1.142069 0.654621 0.654624 0.654624
1.134676 1.134676 1.134676 1.134676 1.134676 1.134676 1.134676 0.642217 0.642220 0.642220
1.119603 1.119603 1.119603 1.119603 1.119603 1.119603 1.119603 0.613843 0.613846 0.613846
1.036858 1.036858 1.036858 1.036858 1.036858 1.036858 1.036858 0.493394 0.493396 0.493396
1.169585 1.169585 1.169585 1.169585 1.169585 1.169585 1.169585 0.547392 0.547395 0.547395
1.149715 1.149715 1.149715 1.149715 1.149715 1.149715 1.149715 0.516925 0.516928 0.516928
1.191152 1.191152 1.191152 1.191152 1.191152 1.191152 1.191152 0.532209 0.532212 0.532212
1.179771 1.179771 1.179771 1.179771 1.179771 1.179771 1.179771 0.517501 0.517503 0.517503
1.197296 1.197296 1.197296 1.197296 1.197296 1.197296 1.197296 0.522626 0.522629 0.522629
1.202927 1.202927 1.202927 1.202927 1.202927 1.202927 1.202927 0.524833 0.524836 0.524836
1.149751 1.149751 1.149751 1.149751 1.149751 1.149751 1.149751 0.475573 0.475575 0.475575
1.204290 1.204290 1.204290 1.204290 1.204290 1.204290 1.204290 0.493921 0.493923 0.493923
1.213814 1.213814 1.213814 1.213814 1.213814 1.213814 1.213814 0.497284 0.497286 0.497286
1.210048 1.210048 1.210048 1.210048 1.210048 1.210048 1.210048 0.493397 0.493400 0.493400
1.179724 1.179724 1.179724 1.179724 1.179724 1.179724 1.179724 0.464690 0.464693 0.464693
1.221879 1.221879 1.221879 1.221879 1.221879 1.221879 1.221879 0.481137 0.481140 0.481140
1.218949 1.218949 1.218949 1.218949 1.218949 1.218949 1.218949 0.478528 0.478530 0.478530
1.222265 1.222265 1.222265 1.222265 1.222265 1.222265 1.222265 0.479584 0.479586 0.479586
1.222924 1.222924 1.222924 1.222924 1.222924 1.222924 1.222924 0.479842 0.479845 0.479845
1.204688 1.204688 1.204688 1.204688 1.204688 1.204688 1.204688 0.464813 0.464816 0.464816
1.207361 1.207361 1.207361 1.207361 1.207361 1.207361 1.207361 0.458008 0.458010 0.458010
1.225663 1.225663 1.225663 1.225663 1.225663 1.225663 1.225663 0.463645 0.463648 0.463648
1.193473 1.193473 1.193473 1.193473 1.193473 1.193473 1.193473 0.436682 0.436684 0.436684
1.224392 1.224392 1.224392 1.224392 1.224392 1.224392 1.224392 0.443789 0.443792 0.443792
1.227782 1.227782 1.227782 1.227782 1.227782 1.227782 1.227782 0.441573 0.441576 0.441576
1.237783 1.237783 1.237783 1.237783 1.237783 1.237783 1.237783 0.445170 0.445173 0.445173
1.226639 1.226639 1.226639 1.226639 1.226639 1.226639 1.226639 0.436797 0.436800 0.436800
1.236028 1.236028 1.236028 1.236028 1.236028 1.236028 1.236028 0.438825 0.438828 0.438828
1.239497 1.239497 1.239497 1.239497 1.239497 1.239497 1.239497 0.439895 0.439898 0.439898
1.239647 1.239647 1.239647 1.239647 1.239647 1.239647 1.239647 0.439823 0.439826 0.439826
1.209382 1.209382 1.209382 1.209382 1.209382 1.209382 1.209382 0.417307 0.417310 0.417310
1.232095 1.232095 1.232095 1.232095 1.232095 1.232095 1.232095 0.420498 0.420501 0.420501
1.229108 1.229108 1.229108 1.229108 1.229108 1.229108 1.229108 0.413143 0.413146 0.413146
1.247354 1.247354 1.247354 1.247354 1.247354 1.247354 1.247354 0.418791 0.418794 0.418794
1.229250 1.229250 1.229250 1.229250 1.229250 1.229250 1.229250 0.405609 0.405612 0.405612
1.245593 1.245593 1.245593 1.245593 1.245593 1.245593 1.245593 0.408871 0.408873 0.408873
1.251177 1.251177 1.251177 1.251177 1.251177 1.251177 1.251177 0.410276 0.410279 0.410279
1.244681 1.244681 1.244681 1.244681 1.244681 1.244681 1.244681 0.405367 0.405370 0.405370
1.246581 1.246581 1.246581 1.246581 1.246581 1.246581 1.246581 0.403525 0.403528 0.403528
1.248795 1.248795 1.248795 1.248795 1.248795 1.248795 1.248795 0.402244 0.402247 0.402247
1.235260 1.235260 1.235260 1.235260 1.235260 1.235260 1.235260 0.390964 0.390967 0.390967
1.249177 1.249177 1.249177 1.249177 1.249177 1.249177 1.249177 0.392394 0.392397 0.392397
1.237109 1.237109 1.237109 1.237109 1.237109 1.237109 1.237109 0.381225 0.381228 0.381228
1.261913 1.261913 1.261913 1.261913 1.261913 1.261913 1.261913 0.388868 0.388871 0.388871
1.253561 1.253561 1.253561 1.253561 1.253561 1.253561 1.253561 0.383542 0.383545 0.383545
1.251391 1.251391 1.251391 1.251391 1.251391 1.251391 1.251391 0.379094 0.379098 0.379098
1.258406 1.258406 1.258406 1.258406 1.258406 1.258406 1.258406 0.379277 0.379279 0.379279
1.242587 1.242587 1.242587 1.242587 1.242587 1.242587 1.242587 0.367269 0.367272 0.367272
1.233423 1.233423 1.233423 1.233423 1.233423 1.233423 1.233423 0.353742 0.353745 0.353745
1.269472 1.269472 1.269472 1.269472 1.269472 1.269472 1.269472 0.363249 0.363252 0.363252
1.267900 1.267900 1.267900 1.267900 1.267900 1.267900 1.267900 0.361395 0.361398 0.361398
1.269684 1.269684 1.269684 1.269684 1.269684 1.269684 1.269684 0.360883 0.360886 0.360886
1.265042 1.265042 1.265042 1.265042 1.265042 1.265042 1.265042 0.357030 0.357033 0.357033
1.263444 1.263444 1.263444 1.263444 1.263444 1.263444 1.263444 0.353296 0.353299 0.353299
1.262466 1.262466 1.262466 1.262466 1.262466 1.262466 1.262466 0.349110 0.349113 0.349113
1.273831 1.273831 1.273831 1.273831 1.273831 1.273831 1.273831 0.351266 0.351269 0.351269
1.274696 1.274696 1.274696 1.274696 1.274696 1.274696 1.274696 0.350661 0.350664 0.350664
1.266336 1.266336 1.266336 1.266336 1.266336 1.266336 1.266336 0.344997 0.345000 0.345000
1.276277 1.276277 1.276277 1.276277 1.276277 1.276277 1.276277 0.346861 0.346864 0.346864
