0.998773 0.998773 0.998773 0.998773 0.998773 0.998773 0.998773 0.997136 0.997137 0.997137
0.989280 0.989280 0.989280 0.989280 0.989280 0.989280 0.989280 0.972743 0.972743 0.972743
0.992171 0.992171 0.992171 0.992171 0.992171 0.992171 0.992171 0.958795 0.958795 0.958795
1.005014 1.005014 1.005014 1.005014 1.005014 1.005014 1.005014 0.964592 0.964593 0.964593
1.009251 1.009251 1.009251 1.009251 1.009251 1.009251 1.009251 0.964911 0.964912 0.964912
1.011396 1.011396 1.011396 1.011396 1.011396 1.011396 1.011396 0.964495 0.964496 0.964496
1.005058 1.005058 1.005058 1.005058 1.005058 1.005058 1.005058 0.947095 0.947096 0.947096
1.017236 1.017236 1.017236 1.017236 1.017236 1.017236 1.017236 0.958113 0.958114 0.958114
0.992871 0.992871 0.992871 0.992871 0.992871 0.992871 0.992871 0.904452 0.904453 0.904453
1.020810 1.020810 1.020810 1.020810 1.020810 1.020810 1.020810 0.922041 0.922043 0.922043
1.012450 1.012450 1.012450 1.012450 1.012450 1.012450 1.012450 0.894066 0.894068 0.894068
1.035941 1.035941 1.035941 1.035941 1.035941 1.035941 1.035941 0.914341 0.914343 0.914343
1.033251 1.033251 1.033251 1.033251 1.033251 1.033251 1.033251 0.908270 0.908272 0.908272
1.029775 1.029775 1.029775 1.029775 1.029775 1.029775 1.029775 0.896298 0.896300 0.896300
1.036643 1.036643 1.036643 1.036643 1.036643 1.036643 1.036643 0.898009 0.898012 0.898012
1.040952 1.040952 1.040952 1.040952 1.040952 1.040952 1.040952 0.900803 0.900806 0.900806
1.028141 1.028141 1.028141 1.028141 1.028141 1.028141 1.028141 0.874242 0.874245 0.874245
1.042071 1.042071 1.042071 1.042071 1.042071 1.042071 1.042071 0.880717 0.880719 0.880719
1.045452 1.045452 1.045452 1.045452 1.045452 1.045452 1.045452 0.880059 0.880062 0.880062
1.048153 1.048153 1.048153 1.048153 1.048153 1.048153 1.048153 0.880541 0.880544 0.880544
1.040453 1.040453 1.040453 1.040453 1.040453 1.040453 1.040453 0.863448 0.863450 0.863450
1.052629 1.052629 1.052629 1.052629 1.052629 1.052629 1.052629 0.872338 0.872341 0.872341
1.052649 1.052649 1.052649 1.052649 1.052649 1.052649 1.052649 0.870760 0.870763 0.870763
1.054671 1.054671 1.054671 1.054671 1.054671 1.054671 1.054671 0.872433 0.872436 0.872436
1.048776 1.048776 1.048776 1.048776 1.048776 1.048776 1.048776 0.861374 0.861376 0.861376
1.029959 1.029959 1.029959 1.029959 1.029959 1.029959 1.029959 0.818214 0.818216 0.818216
1.055175 1.055175 1.055175 1.055175 1.055175 1.055175 1.055175 0.827720 0.827723 0.827723
1.064804 1.064804 1.064804 1.064804 1.064804 1.064804 1.064804 0.831016 0.831018 0.831018
1.037794 1.037794 1.037794 1.037794 1.037794 1.037794 1.037794 0.778075 0.778077 0.778077
1.057700 1.057700 1.057700 1.057700 1.057700 1.057700 1.057700 0.771232 0.771234 0.771234
1.085801 1.085801 1.085801 1.085801 1.085801 1.085801 1.085801 0.789355 0.789357 0.789357
0.982604 0.982604 0.982604 0.982604 0.982604 0.982604 0.982604 0.619987 0.619988 0.619988
1.113627 1.113627 1.113627 1.113627 1.113627 1.113627 1.113627 0.694478 0.694480 0.694480
1.122353 1.122353 1.122353 1.122353 1.122353 1.122353 1.122353 0.696255 0.696257 0.696257
1.121677 1.121677 1.121677 1.121677 1.121677 1.121677 1.121677 0.690776 0.690779 0.690779
1.122061 1.122061 1.122061 1.122061 1.122061 1.122061 1.122061 0.685017 0.685020 0.685020
1.132310 1.132310 1.132310 1.132310 1.132310 1.132310 1.132310 0.691274 0.691277 0.691277
1.104595 1.104595 1.104595 1.104595 1.104595 1.104595 1.104595 0.654343 0.654345 0.654345
1.090980 1.090980 1.090980 1.090980 1.090980 1.090980 1.090980 0.612703 0.612706 0.612706
1.151111 1.151111 1.151111 1.151111 1.151111 1.151111 1.151111 0.646262 0.646264 0.646264
1.149146 1.149146 1.149146 1.149146 1.149146 1.149146 1.149146 0.643611 0.643613 0.643613
1.149057 1.149057 1.149057 1.149057 1.149057 1.149057 1.149057 0.641609 0.641611 0.641611
1.136302 1.136302 1.136302 1.136302 1.136302 1.136302 1.136302 0.623813 0.623815 0.623815
1.137692 1.137692 1.137692 1.137692 1.137692 1.137692 1.137692 0.612609 0.612611 0.612611
1.154498 1.154498 1.154498 1.154498 1.154498 1.154498 1.154498 0.617782 0.617784 0.617784
1.161532 1.161532 1.161532 1.161532 1.161532 1.161532 1.161532 0.621212 0.621215 0.621215
1.128911 1.128911 1.128911 1.128911 1.128911 1.128911 1.128911 0.583254 0.583256 0.583256
1.162738 1.162738 1.162738 1.162738 1.162738 1.162738 1.162738 0.596656 0.596659 0.596659
1.167956 1.167956 1.167956 1.167956 1.167956 1.167956 1.167956 0.597516 0.597519 0.597519
1.171677 1.171677 1.171677 1.171677 1.171677 1.171677 1.171677 0.599420 0.599423 0.599423
1.169203 1.169203 1.169203 1.169203 1.169203 1.169203 1.169203 0.596701 0.596703 0.596703
1.163906 1.163906 1.163906 1.163906 1.163906 1.163906 1.163906 0.589148 0.589150 0.589150
1.168354 1.168354 1.168354 1.168354 1.168354 1.168354 1.168354 0.588177 0.588179 0.588179
1.173864 1.173864 1.173864 1.173864 1.173864 1.173864 1.173864 0.590267 0.590269 0.590269
1.156811 1.156811 1.156811 1.156811 1.156811 1.156811 1.156811 0.571072 0.571075 0.571075
1.169670 1.169670 1.169670 1.169670 1.169670 1.169670 1.169670 0.572105 0.572107 0.572107
1.162023 1.162023 1.162023 1.162023 1.162023 1.162023 1.162023 0.557804 0.557806 0.557806
1.181906 1.181906 1.181906 1.181906 1.181906 1.181906 1.181906 0.565757 0.565760 0.565760
1.180254 1.180254 1.180254 1.180254 1.180254 1.180254 1.180254 0.562174 0.562177 0.562177
1.183460 1.183460 1.183460 1.183460 1.183460 1.183460 1.183460 0.562119 0.562122 0.562122
1.172871 1.172871 1.172871 1.172871 1.172871 1.172871 1.172871 0.549512 0.549515 0.549515
1.178142 1.178142 1.178142 1.178142 1.178142 1.178142 1.178142 0.545865 0.545868 0.545868
1.171220 1.171220 1.171220 1.171220 1.171220 1.171220 1.171220 0.531859 0.531861 0.531861
1.171113 1.171113 1.171113 1.171113 1.171113 1.171113 1.171113 0.519201 0.519203 0.519203
1.198518 1.198518 1.198518 1.198518 1.198518 1.198518 1.198518 0.530376 0.530379 0.530379
1.193330 1.193330 1.193330 1.193330 1.193330 1.193330 1.193330 0.524358 0.524361 0.524361
1.193930 1.193930 1.193930 1.193930 1.193930 1.193930 1.193930 0.520561 0.520564 0.520564
1.193117 1.193117 1.193117 1.193117 1.193117 1.193117 1.193117 0.515067 0.515070 0.515070
1.199964 1.199964 1.199964 1.199964 1.199964 1.199964 1.199964 0.515337 0.515340 0.515340
1.205331 1.205331 1.205331 1.205331 1.205331 1.205331 1.205331 0.517077 0.517080 0.517080
1.199996 1.199996 1.199996 1.199996 1.199996 1.199996 1.199996 0.511572 0.511575 0.511575
1.197654 1.197654 1.197654 1.197654 1.197654 1.197654 1.197654 0.505711 0.505714 0.505714
1.186432 1.186432 1.186432 1.186432 1.186432 1.186432 1.186432 0.490075 0.490077 0.490077
1.213311 1.213311 1.213311 1.213311 1.213311 1.213311 1.213311 0.500995 0.500997 0.500997
1.180342 1.180342 1.180342 1.180342 1.180342 1.180342 1.180342 0.472119 0.472122 0.472122
1.198508 1.198508 1.198508 1.198508 1.198508 1.198508 1.198508 0.470119 0.470121 0.470121
1.218633 1.218633 1.218633 1.218633 1.218633 1.218633 1.218633 0.476132 0.476135 0.476135
1.213034 1.213034 1.213034 1.213034 1.213034 1.213034 1.213034 0.469369 0.469371 0.469371
1.210128 1.210128 1.210128 1.210128 1.210128 1.210128 1.210128 0.461765 0.461767 0.461767
1.221165 1.221165 1.221165 1.221165 1.221165 1.221165 1.221165 0.463202 0.463205 0.463205
1.210405 1.210405 1.210405 1.210405 1.210405 1.210405 1.210405 0.451473 0.451476 0.451476
1.205994 1.205994 1.205994 1.205994 1.205994 1.205994 1.205994 0.439370 0.439373 0.439373
1.223380 1.223380 1.223380 1.223380 1.223380 1.223380 1.223380 0.440832 0.440835 0.440835
1.234401 1.234401 1.234401 1.234401 1.234401 1.234401 1.234401 0.443598 0.443601 0.443601
1.234722 1.234722 1.234722 1.234722 1.234722 1.234722 1.234722 0.442462 0.442464 0.442464
1.238058 1.238058 1.238058 1.238058 1.238058 1.238058 1.238058 0.443531 0.443534 0.443534
1.227274 1.227274 1.227274 1.227274 1.227274 1.227274 1.227274 0.435318 0.435320 0.435320
1.218741 1.218741 1.218741 1.218741 1.218741 1.218741 1.218741 0.424084 0.424086 0.424086
1.237615 1.237615 1.237615 1.237615 1.237615 1.237615 1.237615 0.428550 0.428552 0.428552
1.220193 1.220193 1.220193 1.220193 1.220193 1.220193 1.220193 0.413614 0.413616 0.413616
1.238743 1.238743 1.238743 1.238743 1.238743 1.238743 1.238743 0.416742 0.416745 0.416745
1.237796 1.237796 1.237796 1.237796 1.237796 1.237796 1.237796 0.412514 0.412517 0.412517
1.247394 1.247394 1.247394 1.247394 1.247394 1.247394 1.247394 0.414763 0.414766 0.414766
1.234012 1.234012 1.234012 1.234012 1.234012 1.234012 1.234012 0.404446 0.404449 0.404449
1.249676 1.249676 1.249676 1.249676 1.249676 1.249676 1.249676 0.408538 0.408541 0.408541
1.234120 1.234120 1.234120 1.234120 1.234120 1.234120 1.234120 0.396811 0.396814 0.396814
1.251611 1.251611 1.251611 1.251611 1.251611 1.251611 1.251611 0.401071 0.401075 0.401075
1.241561 1.241561 1.241561 1.241561 1.241561 1.241561 1.241561 0.392860 0.392863 0.392863
1.115877 1.115877 1.115877 1.115877 1.115877 1.115877 1.115877 0.306100 0.306102 0.306102
1.267192 1.267192 1.267192 1.267192 1.267192 1.267192 1.267192 0.344392 0.344394 0.344394
