0.930102 0.934013 0.967616 0.959782 0.963696 0.955423 0.967301 0.967301 0.967301 0.967301
0.875232 0.874755 0.912933 0.701466 0.704327 0.903199 0.908580 0.908580 0.908580 0.908580
0.968197 0.963398 0.833509 0.779157 0.787320 1.008651 1.018888 1.018888 1.018888 1.018888
0.988315 0.977325 0.840108 0.775499 0.789225 1.026069 1.040427 1.040427 1.040428 1.040428
0.996314 0.988946 0.841458 0.788102 0.796672 1.038961 1.056696 1.056696 1.056697 1.056697
1.018663 1.009895 0.857017 0.804620 0.815080 1.057824 1.083480 1.083480 1.083480 1.083480
0.973092 0.992958 0.830669 0.779475 0.799751 1.035609 1.064315 1.064315 1.064315 1.064315
0.948126 0.973288 0.816853 0.758667 0.764156 1.024878 1.053980 1.053980 1.053980 1.053980
0.961398 0.986348 0.793864 0.704516 0.767744 1.036808 1.064364 1.064364 1.064365 1.064365
0.979238 1.016325 0.814763 0.721861 0.785219 1.067214 1.092539 1.092539 1.092540 1.092540
0.803556 0.366915 0.667567 0.153883 0.638757 0.874392 0.897178 0.897178 0.897178 0.897178
0.329525 0.458735 0.836868 0.193690 0.805011 1.104761 1.142721 1.142721 1.142721 1.142721
0.373293 0.526126 0.950685 0.218677 0.860133 1.242533 1.318657 1.318657 1.318658 1.318658
0.348672 0.496256 0.625174 0.203275 0.796593 0.817094 1.243522 1.243522 1.243523 1.243523
0.403805 0.575363 0.723801 0.236416 0.909794 0.849368 1.444094 1.444094 1.444095 1.444095
0.416459 0.595212 0.750345 0.244764 0.939776 0.873591 1.493054 1.493054 1.493055 1.493055
0.378489 0.544556 0.703200 0.234187 0.881802 0.836819 1.448155 1.448155 1.448156 1.448156
0.393152 0.565706 0.731061 0.242581 0.909721 0.863807 1.515378 1.515378 1.515379 1.515379
0.384752 0.545772 0.678087 0.234716 0.888128 0.842492 1.483510 1.483510 1.483512 1.483512
0.375720 0.549358 0.684638 0.235461 0.898479 0.850979 1.515876 1.515876 1.515878 1.515878
0.369449 0.526375 0.672838 0.231556 0.885805 0.838549 1.488831 1.488831 1.488832 1.488832
0.370940 0.513026 0.672657 0.227724 0.881168 0.841185 1.516794 1.516794 1.516795 1.516795
0.372830 0.516250 0.653095 0.229303 0.871714 0.842783 1.532587 1.532587 1.532588 1.532588
0.362643 0.459208 0.632464 0.219819 0.847971 0.807124 1.499440 1.499440 1.499441 1.499441
0.377169 0.472391 0.657009 0.227234 0.881544 0.839569 1.553598 1.553598 1.553599 1.553599
0.366325 0.409214 0.636667 0.220659 0.854608 0.753379 1.518269 1.518269 1.518270 1.518270
0.361767 0.424486 0.653474 0.226225 0.878379 0.774961 1.572568 1.572568 1.572568 1.572568
0.333801 0.416115 0.644675 0.223542 0.858767 0.757383 1.556892 1.556892 1.556892 1.556892
0.331262 0.399372 0.629970 0.222004 0.837753 0.756417 1.557145 1.557145 1.557145 1.557145
0.339908 0.413892 0.651634 0.231156 0.860078 0.783674 1.623769 1.623769 1.623770 1.623770
0.307904 0.402005 0.630892 0.224907 0.790618 0.754870 1.588913 1.588913 1.588914 1.588914
0.310320 0.411766 0.626085 0.229213 0.801963 0.740605 1.624370 1.624370 1.624371 1.624371
0.304857 0.404238 0.616134 0.224946 0.790377 0.728015 1.569758 1.569758 1.569758 1.569758
0.264435 0.389909 0.583602 0.201204 0.758919 0.671833 1.539093 1.539093 1.539093 1.539093
0.283754 0.418824 0.621664 0.215826 0.817699 0.718253 1.666726 1.666726 1.666727 1.666727
0.280596 0.416322 0.618600 0.214858 0.817411 0.711265 1.669318 1.669318 1.669318 1.669318
0.240727 0.361834 0.125425 0.185810 0.707428 0.614937 1.461726 1.461726 1.461726 1.461726
0.281727 0.422320 0.146090 0.217917 0.841963 0.730556 1.751644 1.751644 1.751645 1.751645
0.270652 0.413769 0.143547 0.214861 0.819057 0.714306 1.733931 1.733931 1.733931 1.733931
0.274127 0.414017 0.143889 0.217951 0.826075 0.722164 1.762003 1.762003 1.762004 1.762004
0.214928 0.329905 0.121374 0.180680 0.659280 0.568532 1.435201 1.435201 1.435201 1.435201
0.268759 0.414510 0.152599 0.225517 0.817617 0.708026 1.806236 1.806236 1.806236 1.806236
0.255257 0.387834 0.138796 0.214893 0.744129 0.643560 1.714119 1.714119 1.714120 1.714120
0.262552 0.392818 0.141683 0.219247 0.743367 0.652498 1.754649 1.754649 1.754649 1.754649
0.258268 0.379328 0.138617 0.218535 0.725793 0.638389 1.750619 1.750619 1.750619 1.750619
0.182694 0.268330 0.098055 0.163140 0.513413 0.211389 1.295051 1.295051 1.295051 1.295051
0.258770 0.383912 0.138998 0.231825 0.724049 0.296676 1.866709 1.866709 1.866709 1.866709
0.259789 0.380622 0.140866 0.236849 0.731049 0.295313 1.911162 1.911162 1.911162 1.911162
0.247879 0.369875 0.130969 0.230355 0.687524 0.287912 1.876473 1.876473 1.876472 1.876472
0.253014 0.374330 0.132909 0.223799 0.695589 0.293594 1.919530 1.919530 1.919530 1.919530
0.255140 0.370229 0.133943 0.225344 0.690447 0.292271 1.929014 1.929014 1.929013 1.929013
0.252975 0.366807 0.133024 0.219761 0.632556 0.288668 1.912309 1.912309 1.912308 1.912308
0.256780 0.375310 0.135856 0.223932 0.617373 0.295994 1.962974 1.962974 1.962973 1.962973
0.256429 0.373264 0.135807 0.224344 0.615919 0.294979 1.978277 1.978277 1.978277 1.978277
0.251337 0.354391 0.129743 0.217689 0.605171 0.287077 1.951694 1.951694 1.951694 1.951694
0.242865 0.347652 0.125756 0.207535 0.572075 0.278289 1.921416 1.921416 1.921416 1.921416
0.157016 0.221063 0.080179 0.123453 0.374763 0.074745 1.091111 1.091111 1.091111 1.091111
0.272968 0.386806 0.140193 0.197505 0.656565 0.130732 1.924786 1.924786 1.924786 1.924786
0.281530 0.398242 0.144019 0.201853 0.669777 0.134221 1.982648 1.982648 1.982648 1.982648
0.276930 0.393976 0.141919 0.197649 0.662374 0.132431 1.972361 1.972361 1.972361 1.972361
