0.992421 0.992421 0.992421 0.992421 0.992421 0.992421 0.988631 0.988631 0.988631 0.988631
0.984688 0.984688 0.984688 0.984688 0.984688 0.984688 0.972543 0.972543 0.972543 0.972543
0.995672 0.995672 0.995672 0.995672 0.995672 0.995672 0.978812 0.978812 0.978812 0.978812
1.006819 1.006819 1.006819 1.006819 1.006819 1.006819 0.989771 0.989771 0.989771 0.989771
0.985827 0.985827 0.985827 0.985827 0.985827 0.985827 0.958837 0.958837 0.958837 0.958837
1.002280 1.002280 1.002280 1.002280 1.002280 1.002280 0.970577 0.970577 0.970578 0.970578
1.008771 1.008771 1.008771 1.008771 1.008771 1.008771 0.974912 0.974912 0.974913 0.974913
1.008052 1.008052 1.008052 1.008052 1.008052 1.008052 0.971544 0.971544 0.971545 0.971545
1.003076 1.003076 1.003076 1.003076 1.003076 1.003076 0.961171 0.961171 0.961172 0.961172
1.003553 1.003553 1.003553 1.003553 1.003553 1.003553 0.955222 0.955222 0.955223 0.955223
1.001632 1.001632 1.001632 1.001632 1.001632 1.001632 0.944873 0.944873 0.944874 0.944874
1.017526 1.017526 1.017526 1.017526 1.017526 1.017526 0.957213 0.957213 0.957214 0.957214
1.023639 1.023639 1.023639 1.023639 1.023639 1.023639 0.962663 0.962663 0.962663 0.962663
0.984856 0.984856 0.984856 0.984856 0.984856 0.984856 0.907732 0.907732 0.907733 0.907733
1.030647 1.030647 1.030647 1.030647 1.030647 1.030647 0.949168 0.949168 0.949168 0.949168
1.027360 1.027360 1.027360 1.027360 1.027360 1.027360 0.943726 0.943726 0.943726 0.943726
0.935482 0.935482 0.935482 0.935482 0.935482 0.935482 0.814743 0.814743 0.814743 0.814743
1.053053 1.053053 1.053053 1.053053 1.053053 1.053053 0.916546 0.916546 0.916546 0.916546
1.039830 1.039830 1.039830 1.039830 1.039830 1.039830 0.898678 0.898678 0.898678 0.898678
1.055519 1.055519 1.055519 1.055519 1.055519 1.055519 0.911432 0.911432 0.911432 0.911432
1.033445 1.033445 1.033445 1.033445 1.033445 1.033445 0.882057 0.882057 0.882057 0.882057
1.062242 1.062242 1.062242 1.062242 1.062242 1.062242 0.906636 0.906636 0.906636 0.906636
1.027556 1.027556 1.027556 1.027556 1.027556 1.027556 0.862510 0.862510 0.862510 0.862510
1.053279 1.053279 1.053279 1.053279 1.053279 1.053279 0.877779 0.877779 0.877780 0.877780
1.067826 1.067826 1.067826 1.067826 1.067826 1.067826 0.888441 0.888441 0.888441 0.888441
1.063353 1.063353 1.063353 1.063353 1.063353 1.063353 0.881183 0.881183 0.881184 0.881184
1.070592 1.070592 1.070592 1.070592 1.070592 1.070592 0.885976 0.885976 0.885977 0.885977
1.059739 1.059739 1.059739 1.059739 1.059739 1.059739 0.871190 0.871190 0.871190 0.871190
1.053617 1.053617 1.053617 1.053617 1.053617 1.053617 0.856918 0.856918 0.856919 0.856919
1.078367 1.078367 1.078367 1.078367 1.078367 1.078367 0.876120 0.876120 0.876122 0.876122
1.076968 1.076968 1.076968 1.076968 1.076968 1.076968 0.873344 0.873344 0.873346 0.873346
1.073636 1.073636 1.073636 1.073636 1.073636 1.073636 0.867406 0.867406 0.867408 0.867408
1.077215 1.077215 1.077215 1.077215 1.077215 1.077215 0.867928 0.867928 0.867930 0.867930
1.033404 1.033404 1.033404 1.033404 1.033404 1.033404 0.812673 0.812673 0.812675 0.812675
1.082236 1.082236 1.082236 1.082236 1.082236 1.082236 0.846799 0.846799 0.846801 0.846801
1.092579 1.092579 1.092579 1.092579 1.092579 1.092579 0.853852 0.853852 0.853854 0.853854
1.080071 1.080071 1.080071 1.080071 1.080071 1.080071 0.838117 0.838117 0.838119 0.838119
1.088311 1.088311 1.088311 1.088311 1.088311 1.088311 0.840701 0.840701 0.840703 0.840703
1.082307 1.082307 1.082307 1.082307 1.082307 1.082307 0.829387 0.829387 0.829389 0.829389
1.089600 1.089600 1.089600 1.089600 1.089600 1.089600 0.829955 0.829955 0.829958 0.829958
1.103000 1.103000 1.103000 1.103000 1.103000 1.103000 0.839291 0.839291 0.839294 0.839294
1.094600 1.094600 1.094600 1.094600 1.094600 1.094600 0.828790 0.828790 0.828794 0.828794
1.088479 1.088479 1.088479 1.088479 1.088479 1.088479 0.817154 0.817154 0.817157 0.817157
1.075632 1.075632 1.075632 1.075632 1.075632 1.075632 0.794766 0.794766 0.794769 0.794769
1.099267 1.099267 1.099267 1.099267 1.099267 1.099267 0.806037 0.806037 0.806040 0.806040
1.119160 1.119160 1.119160 1.119160 1.119160 1.119160 0.820523 0.820523 0.820526 0.820526
1.111624 1.111624 1.111624 1.111624 1.111624 1.111624 0.812215 0.812215 0.812218 0.812218
1.099214 1.099214 1.099214 1.099214 1.099214 1.099214 0.795562 0.795562 0.795565 0.795565
1.111406 1.111406 1.111406 1.111406 1.111406 1.111406 0.799917 0.799917 0.799920 0.799920
0.928597 0.928597 0.928597 0.928597 0.928597 0.928597 0.600437 0.600437 0.600439 0.600439
1.142615 1.142615 1.142615 1.142615 1.142615 1.142615 0.732048 0.732048 0.732050 0.732050
1.167854 1.167854 1.167854 1.167854 1.167854 1.167854 0.748218 0.748218 0.748220 0.748220
1.072195 1.072195 1.072195 1.072195 1.072195 1.072195 0.657900 0.657900 0.657903 0.657903
1.163600 1.163600 1.163600 1.163600 1.163600 1.163600 0.708403 0.708403 0.708406 0.708406
1.153158 1.153158 1.153158 1.153158 1.153158 1.153158 0.692734 0.692734 0.692737 0.692737
1.166825 1.166825 1.166825 1.166825 1.166825 1.166825 0.694349 0.694349 0.694352 0.694352
1.186744 1.186744 1.186744 1.186744 1.186744 1.186744 0.704366 0.704366 0.704369 0.704369
1.187063 1.187063 1.187063 1.187063 1.187063 1.187063 0.702568 0.702568 0.702570 0.702570
1.188282 1.188282 1.188282 1.188282 1.188282 1.188282 0.701380 0.701380 0.701383 0.701383
1.182921 1.182921 1.182921 1.182921 1.182921 1.182921 0.694565 0.694565 0.694567 0.694567
1.126130 1.126130 1.126130 1.126130 1.126130 1.126130 0.641438 0.641438 0.641440 0.641440
1.206498 1.206498 1.206498 1.206498 1.206498 1.206498 0.686822 0.686822 0.686825 0.686825
1.193345 1.193345 1.193345 1.193345 1.193345 1.193345 0.675370 0.675370 0.675372 0.675372
1.199292 1.199292 1.199292 1.199292 1.199292 1.199292 0.675860 0.675860 0.675862 0.675862
1.200493 1.200493 1.200493 1.200493 1.200493 1.200493 0.673622 0.673622 0.673624 0.673624
1.188772 1.188772 1.188772 1.188772 1.188772 1.188772 0.660682 0.660682 0.660685 0.660685
1.214676 1.214676 1.214676 1.214676 1.214676 1.214676 0.674709 0.674709 0.674712 0.674712
1.213417 1.213417 1.213417 1.213417 1.213417 1.213417 0.673266 0.673266 0.673269 0.673269
1.203423 1.203423 1.203423 1.203423 1.203423 1.203423 0.664283 0.664283 0.664286 0.664286
1.208700 1.208700 1.208700 1.208700 1.208700 1.208700 0.664704 0.664704 0.664706 0.664706
1.212056 1.212056 1.212056 1.212056 1.212056 1.212056 0.664617 0.664617 0.664619 0.664619
1.202139 1.202139 1.202139 1.202139 1.202139 1.202139 0.654462 0.654462 0.654464 0.654464
1.220001 1.220001 1.220001 1.220001 1.220001 1.220001 0.663461 0.663461 0.663463 0.663463
1.214544 1.214544 1.214544 1.214544 1.214544 1.214544 0.658289 0.658289 0.658291 0.658291
1.210922 1.210922 1.210922 1.210922 1.210922 1.210922 0.652935 0.652935 0.652938 0.652938
1.213415 1.213415 1.213415 1.213415 1.213415 1.213415 0.651113 0.651113 0.651115 0.651115
1.191374 1.191374 1.191374 1.191374 1.191374 1.191374 0.630222 0.630222 0.630225 0.630225
1.220376 1.220376 1.220376 1.220376 1.220376 1.220376 0.642657 0.642657 0.642659 0.642659
1.231523 1.231523 1.231523 1.231523 1.231523 1.231523 0.648019 0.648019 0.648020 0.648020
1.230486 1.230486 1.230486 1.230486 1.230486 1.230486 0.646648 0.646648 0.646650 0.646650
1.224514 1.224514 1.224514 1.224514 1.224514 1.224514 0.641121 0.641121 0.641123 0.641123
1.226138 1.226138 1.226138 1.226138 1.226138 1.226138 0.639699 0.639699 0.639701 0.639701
1.208183 1.208183 1.208183 1.208183 1.208183 1.208183 0.623428 0.623428 0.623430 0.623430
1.240076 1.240076 1.240076 1.240076 1.240076 1.240076 0.639885 0.639885 0.639887 0.639887
1.232347 1.232347 1.232347 1.232347 1.232347 1.232347 0.634038 0.634038 0.634040 0.634040
1.227850 1.227850 1.227850 1.227850 1.227850 1.227850 0.628571 0.628571 0.628573 0.628573
1.223911 1.223911 1.223911 1.223911 1.223911 1.223911 0.622103 0.622103 0.622105 0.622105
1.230181 1.230181 1.230181 1.230181 1.230181 1.230181 0.621823 0.621823 0.621825 0.621825
1.244737 1.244737 1.244737 1.244737 1.244737 1.244737 0.628745 0.628745 0.628747 0.628747
1.236767 1.236767 1.236767 1.236767 1.236767 1.236767 0.622360 0.622360 0.622362 0.622362
1.213082 1.213082 1.213082 1.213082 1.213082 1.213082 0.602284 0.602284 0.602286 0.602286
1.220611 1.220611 1.220611 1.220611 1.220611 1.220611 0.598748 0.598748 0.598749 0.598749
1.251234 1.251234 1.251234 1.251234 1.251234 1.251234 0.612696 0.612696 0.612698 0.612698
1.251075 1.251075 1.251075 1.251075 1.251075 1.251075 0.611388 0.611388 0.611390 0.611390
1.232718 1.232718 1.232718 1.232718 1.232718 1.232718 0.596894 0.596894 0.596895 0.596895
1.253214 1.253214 1.253214 1.253214 1.253214 1.253214 0.605306 0.605306 0.605308 0.605308
1.253609 1.253609 1.253609 1.253609 1.253609 1.253609 0.603906 0.603906 0.603908 0.603908
1.260445 1.260445 1.260445 1.260445 1.260445 1.260445 0.606959 0.606959 0.606961 0.606961
1.252420 1.252420 1.252420 1.252420 1.252420 1.252420 0.601037 0.601037 0.601039 0.601039
1.227772 1.227772 1.227772 1.227772 1.227772 1.227772 0.581459 0.581459 0.581462 0.581462
