0.992071 0.992071 0.992071 0.992071 0.992071 0.992071 0.988106 0.988106 0.988106 0.988106
0.988507 0.988507 0.988507 0.988507 0.988507 0.988507 0.978039 0.978039 0.978038 0.978038
0.995261 0.995261 0.995261 0.995261 0.995261 0.995261 0.980277 0.980277 0.980278 0.980278
0.987191 0.987191 0.987191 0.987191 0.987191 0.987191 0.963055 0.963055 0.963055 0.963055
0.999800 0.999800 0.999800 0.999800 0.999800 0.999800 0.970454 0.970454 0.970454 0.970454
1.005146 1.005146 1.005146 1.005146 1.005146 1.005146 0.972387 0.972387 0.972388 0.972388
1.005498 1.005498 1.005498 1.005498 1.005498 1.005498 0.969014 0.969014 0.969014 0.969014
0.988608 0.988608 0.988608 0.988608 0.988608 0.988608 0.940207 0.940207 0.940207 0.940207
1.009353 1.009353 1.009353 1.009353 1.009353 1.009353 0.954917 0.954917 0.954917 0.954917
0.999998 0.999998 0.999998 0.999998 0.999998 0.999998 0.935706 0.935706 0.935706 0.935706
1.024142 1.024142 1.024142 1.024142 1.024142 1.024142 0.957251 0.957251 0.957251 0.957251
1.024547 1.024547 1.024547 1.024547 1.024547 1.024547 0.956573 0.956573 0.956573 0.956573
1.009957 1.009957 1.009957 1.009957 1.009957 1.009957 0.934939 0.934939 0.934939 0.934939
1.006235 1.006235 1.006235 1.006235 1.006235 1.006235 0.920312 0.920312 0.920312 0.920312
1.031939 1.031939 1.031939 1.031939 1.031939 1.031939 0.942271 0.942271 0.942272 0.942272
1.019549 1.019549 1.019549 1.019549 1.019549 1.019549 0.923525 0.923525 0.923525 0.923525
1.033472 1.033472 1.033472 1.033472 1.033472 1.033472 0.933596 0.933596 0.933596 0.933596
1.020693 1.020693 1.020693 1.020693 1.020693 1.020693 0.913344 0.913344 0.913345 0.913345
0.961470 0.961470 0.961470 0.961470 0.961470 0.961470 0.823990 0.823990 0.823990 0.823990
1.041215 1.041215 1.041215 1.041215 1.041215 1.041215 0.884149 0.884149 0.884150 0.884150
1.062456 1.062456 1.062456 1.062456 1.062456 1.062456 0.901455 0.901455 0.901455 0.901455
1.058269 1.058269 1.058269 1.058269 1.058269 1.058269 0.895298 0.895298 0.895298 0.895298
1.063727 1.063727 1.063727 1.063727 1.063727 1.063727 0.899121 0.899121 0.899121 0.899121
1.061658 1.061658 1.061658 1.061658 1.061658 1.061658 0.895581 0.895581 0.895581 0.895581
1.061224 1.061224 1.061224 1.061224 1.061224 1.061224 0.892930 0.892930 0.892930 0.892930
1.058578 1.058578 1.058578 1.058578 1.058578 1.058578 0.886931 0.886931 0.886931 0.886931
1.053965 1.053965 1.053965 1.053965 1.053965 1.053965 0.876751 0.876751 0.876752 0.876752
1.060092 1.060092 1.060092 1.060092 1.060092 1.060092 0.876958 0.876958 0.876959 0.876959
1.073031 1.073031 1.073031 1.073031 1.073031 1.073031 0.887177 0.887177 0.887177 0.887177
1.066333 1.066333 1.066333 1.066333 1.066333 1.066333 0.878361 0.878361 0.878362 0.878362
1.070110 1.070110 1.070110 1.070110 1.070110 1.070110 0.879156 0.879156 0.879158 0.879158
1.075604 1.075604 1.075604 1.075604 1.075604 1.075604 0.883165 0.883165 0.883166 0.883166
1.074093 1.074093 1.074093 1.074093 1.074093 1.074093 0.880725 0.880725 0.880726 0.880726
1.065479 1.065479 1.065479 1.065479 1.065479 1.065479 0.868808 0.868808 0.868809 0.868809
1.077038 1.077038 1.077038 1.077038 1.077038 1.077038 0.877165 0.877165 0.877166 0.877166
1.069375 1.069375 1.069375 1.069375 1.069375 1.069375 0.866628 0.866628 0.866630 0.866630
1.072450 1.072450 1.072450 1.072450 1.072450 1.072450 0.865320 0.865320 0.865322 0.865322
1.073472 1.073472 1.073472 1.073472 1.073472 1.073472 0.862111 0.862111 0.862114 0.862114
1.079412 1.079412 1.079412 1.079412 1.079412 1.079412 0.864503 0.864503 0.864505 0.864505
1.066954 1.066954 1.066954 1.066954 1.066954 1.066954 0.846889 0.846889 0.846891 0.846891
0.984641 0.984641 0.984641 0.984641 0.984641 0.984641 0.741004 0.741004 0.741006 0.741006
1.096771 1.096771 1.096771 1.096771 1.096771 1.096771 0.820627 0.820627 0.820630 0.820630
1.111708 1.111708 1.111708 1.111708 1.111708 1.111708 0.831702 0.831702 0.831705 0.831705
1.101014 1.101014 1.101014 1.101014 1.101014 1.101014 0.819714 0.819714 0.819717 0.819717
1.106022 1.106022 1.106022 1.106022 1.106022 1.106022 0.820634 0.820634 0.820636 0.820636
1.112657 1.112657 1.112657 1.112657 1.112657 1.112657 0.824684 0.824684 0.824687 0.824687
1.099310 1.099310 1.099310 1.099310 1.099310 1.099310 0.809003 0.809003 0.809005 0.809005
1.117384 1.117384 1.117384 1.117384 1.117384 1.117384 0.822046 0.822046 0.822048 0.822048
1.106382 1.106382 1.106382 1.106382 1.106382 1.106382 0.809747 0.809747 0.809749 0.809749
1.067032 1.067032 1.067032 1.067032 1.067032 1.067032 0.762231 0.762231 0.762233 0.762233
1.112747 1.112747 1.112747 1.112747 1.112747 1.112747 0.789302 0.789302 0.789304 0.789304
1.122748 1.122748 1.122748 1.122748 1.122748 1.122748 0.793388 0.793388 0.793390 0.793390
1.100451 1.100451 1.100451 1.100451 1.100451 1.100451 0.766608 0.766608 0.766609 0.766609
1.131215 1.131215 1.131215 1.131215 1.131215 1.131215 0.785735 0.785735 0.785737 0.785737
1.136148 1.136148 1.136148 1.136148 1.136148 1.136148 0.788156 0.788156 0.788158 0.788158
1.133735 1.133735 1.133735 1.133735 1.133735 1.133735 0.784523 0.784523 0.784525 0.784525
1.122666 1.122666 1.122666 1.122666 1.122666 1.122666 0.770940 0.770940 0.770942 0.770942
1.138503 1.138503 1.138503 1.138503 1.138503 1.138503 0.780246 0.780246 0.780248 0.780248
1.130224 1.130224 1.130224 1.130224 1.130224 1.130224 0.770051 0.770051 0.770053 0.770053
1.114945 1.114945 1.114945 1.114945 1.114945 1.114945 0.749490 0.749490 0.749492 0.749492
1.134141 1.134141 1.134141 1.134141 1.134141 1.134141 0.757012 0.757012 0.757013 0.757013
1.134835 1.134835 1.134835 1.134835 1.134835 1.134835 0.751551 0.751551 0.751553 0.751553
1.156199 1.156199 1.156199 1.156199 1.156199 1.156199 0.765700 0.765700 0.765702 0.765702
1.155242 1.155242 1.155242 1.155242 1.155242 1.155242 0.764763 0.764763 0.764765 0.764765
1.144373 1.144373 1.144373 1.144373 1.144373 1.144373 0.753787 0.753787 0.753788 0.753788
1.158110 1.158110 1.158110 1.158110 1.158110 1.158110 0.762835 0.762835 0.762837 0.762837
1.156543 1.156543 1.156543 1.156543 1.156543 1.156543 0.761310 0.761310 0.761312 0.761312
1.153807 1.153807 1.153807 1.153807 1.153807 1.153807 0.758086 0.758086 0.758088 0.758088
1.144573 1.144573 1.144573 1.144573 1.144573 1.144573 0.747497 0.747497 0.747499 0.747499
1.150261 1.150261 1.150261 1.150261 1.150261 1.150261 0.747829 0.747829 0.747831 0.747831
1.131195 1.131195 1.131195 1.131195 1.131195 1.131195 0.725678 0.725678 0.725680 0.725680
1.158777 1.158777 1.158777 1.158777 1.158777 1.158777 0.740741 0.740741 0.740743 0.740743
1.158144 1.158144 1.158144 1.158144 1.158144 1.158144 0.737146 0.737146 0.737148 0.737148
1.161802 1.161802 1.161802 1.161802 1.161802 1.161802 0.736949 0.736949 0.736951 0.736951
1.145706 1.145706 1.145706 1.145706 1.145706 1.145706 0.719017 0.719017 0.719020 0.719020
1.175045 1.175045 1.175045 1.175045 1.175045 1.175045 0.737430 0.737430 0.737432 0.737432
1.137199 1.137199 1.137199 1.137199 1.137199 1.137199 0.702416 0.702416 0.702418 0.702418
1.173556 1.173556 1.173556 1.173556 1.173556 1.173556 0.722828 0.722828 0.722830 0.722830
1.181513 1.181513 1.181513 1.181513 1.181513 1.181513 0.727729 0.727729 0.727731 0.727731
0.970771 0.970771 0.970771 0.970771 0.970771 0.970771 0.537175 0.537175 0.537176 0.537176
1.199221 1.199221 1.199221 1.199221 1.199221 1.199221 0.658838 0.658838 0.658840 0.658840
1.213149 1.213149 1.213149 1.213149 1.213149 1.213149 0.664758 0.664758 0.664760 0.664760
1.211074 1.211074 1.211074 1.211074 1.211074 1.211074 0.661143 0.661143 0.661144 0.661144
1.171977 1.171977 1.171977 1.171977 1.171977 1.171977 0.627049 0.627049 0.627051 0.627051
1.201059 1.201059 1.201059 1.201059 1.201059 1.201059 0.635755 0.635755 0.635757 0.635757
1.229871 1.229871 1.229871 1.229871 1.229871 1.229871 0.650496 0.650496 0.650497 0.650497
1.207838 1.207838 1.207838 1.207838 1.207838 1.207838 0.632831 0.632831 0.632832 0.632832
1.192819 1.192819 1.192819 1.192819 1.192819 1.192819 0.614615 0.614615 0.614616 0.614616
1.216576 1.216576 1.216576 1.216576 1.216576 1.216576 0.621108 0.621108 0.621109 0.621109
1.233616 1.233616 1.233616 1.233616 1.233616 1.233616 0.627469 0.627469 0.627471 0.627471
1.231002 1.231002 1.231002 1.231002 1.231002 1.231002 0.622916 0.622916 0.622917 0.622917
1.170652 1.170652 1.170652 1.170652 1.170652 1.170652 0.574655 0.574655 0.574656 0.574656
1.253853 1.253853 1.253853 1.253853 1.253853 1.253853 0.615071 0.615071 0.615073 0.615073
1.225378 1.225378 1.225378 1.225378 1.225378 1.225378 0.594156 0.594156 0.594157 0.594157
1.256715 1.256715 1.256715 1.256715 1.256715 1.256715 0.608718 0.608718 0.608720 0.608720
1.252488 1.252488 1.252488 1.252488 1.252488 1.252488 0.605019 0.605019 0.605021 0.605021
1.242806 1.242806 1.242806 1.242806 1.242806 1.242806 0.596342 0.596342 0.596344 0.596344
1.239830 1.239830 1.239830 1.239830 1.239830 1.239830 0.589829 0.589829 0.589831 0.589831
1.260593 1.260593 1.260593 1.260593 1.260593 1.260593 0.598658 0.598658 0.598660 0.598660
1.258368 1.258368 1.258368 1.258368 1.258368 1.258368 0.595950 0.595950 0.595952 0.595952
