0.986141 0.986141 0.986141 0.986141 0.986141 0.986141 0.979212 0.979212 0.979212 0.979212
0.946156 0.946156 0.946156 0.946156 0.946156 0.946156 0.911400 0.911400 0.911400 0.911400
1.008986 1.008986 1.008986 1.008986 1.008986 1.008986 0.969080 0.969080 0.969081 0.969081
1.005917 1.005917 1.005917 1.005917 1.005917 1.005917 0.961278 0.961278 0.961279 0.961279
1.008071 1.008071 1.008071 1.008071 1.008071 1.008071 0.958585 0.958585 0.958586 0.958586
1.010869 1.010869 1.010869 1.010869 1.010869 1.010869 0.956917 0.956917 0.956918 0.956918
1.021814 1.021814 1.021814 1.021814 1.021814 1.021814 0.967278 0.967278 0.967278 0.967278
1.017724 1.017724 1.017724 1.017724 1.017724 1.017724 0.961482 0.961482 0.961483 0.961483
1.008087 1.008087 1.008087 1.008087 1.008087 1.008087 0.945567 0.945567 0.945569 0.945569
1.013653 1.013653 1.013653 1.013653 1.013653 1.013653 0.945304 0.945304 0.945306 0.945306
1.016329 1.016329 1.016329 1.016329 1.016329 1.016329 0.942533 0.942533 0.942535 0.942535
0.948914 0.948914 0.948914 0.948914 0.948914 0.948914 0.842823 0.842823 0.842824 0.842824
1.014335 1.014335 1.014335 1.014335 1.014335 1.014335 0.886713 0.886713 0.886714 0.886714
1.042089 1.042089 1.042089 1.042089 1.042089 1.042089 0.906284 0.906284 0.906285 0.906285
1.054994 1.054994 1.054994 1.054994 1.054994 1.054994 0.917507 0.917507 0.917508 0.917508
1.005936 1.005936 1.005936 1.005936 1.005936 1.005936 0.853876 0.853876 0.853876 0.853876
1.022768 1.022768 1.022768 1.022768 1.022768 1.022768 0.850863 0.850863 0.850864 0.850864
1.072077 1.072077 1.072077 1.072077 1.072077 1.072077 0.891884 0.891884 0.891885 0.891885
1.071391 1.071391 1.071391 1.071391 1.071391 1.071391 0.891035 0.891035 0.891035 0.891035
1.055328 1.055328 1.055328 1.055328 1.055328 1.055328 0.870812 0.870812 0.870813 0.870813
0.971792 0.971792 0.971792 0.971792 0.971792 0.971792 0.760278 0.760278 0.760279 0.760279
1.091438 1.091438 1.091438 1.091438 1.091438 1.091438 0.852390 0.852390 0.852391 0.852391
1.088379 1.088379 1.088379 1.088379 1.088379 1.088379 0.847100 0.847100 0.847101 0.847101
1.091205 1.091205 1.091205 1.091205 1.091205 1.091205 0.846995 0.846995 0.846996 0.846996
1.097427 1.097427 1.097427 1.097427 1.097427 1.097427 0.851487 0.851487 0.851488 0.851488
1.095725 1.095725 1.095725 1.095725 1.095725 1.095725 0.849133 0.849133 0.849134 0.849134
1.090968 1.090968 1.090968 1.090968 1.090968 1.090968 0.842454 0.842454 0.842454 0.842454
1.074644 1.074644 1.074644 1.074644 1.074644 1.074644 0.820257 0.820257 0.820258 0.820258
1.096183 1.096183 1.096183 1.096183 1.096183 1.096183 0.833586 0.833586 0.833588 0.833588
1.088039 1.088039 1.088039 1.088039 1.088039 1.088039 0.820788 0.820788 0.820789 0.820789
1.079603 1.079603 1.079603 1.079603 1.079603 1.079603 0.803713 0.803713 0.803715 0.803715
1.097717 1.097717 1.097717 1.097717 1.097717 1.097717 0.811393 0.811393 0.811394 0.811394
1.110229 1.110229 1.110229 1.110229 1.110229 1.110229 0.818407 0.818407 0.818408 0.818408
0.921877 0.921877 0.921877 0.921877 0.921877 0.921877 0.610516 0.610516 0.610518 0.610518
1.140383 1.140383 1.140383 1.140383 1.140383 1.140383 0.750223 0.750223 0.750225 0.750225
1.152387 1.152387 1.152387 1.152387 1.152387 1.152387 0.756185 0.756185 0.756186 0.756186
1.156776 1.156776 1.156776 1.156776 1.156776 1.156776 0.758228 0.758228 0.758229 0.758229
1.157939 1.157939 1.157939 1.157939 1.157939 1.157939 0.758395 0.758395 0.758396 0.758396
1.134056 1.134056 1.134056 1.134056 1.134056 1.134056 0.734619 0.734619 0.734620 0.734620
1.157276 1.157276 1.157276 1.157276 1.157276 1.157276 0.747588 0.747588 0.747590 0.747590
1.158902 1.158902 1.158902 1.158902 1.158902 1.158902 0.746773 0.746773 0.746775 0.746775
1.162519 1.162519 1.162519 1.162519 1.162519 1.162519 0.748085 0.748085 0.748087 0.748087
1.152883 1.152883 1.152883 1.152883 1.152883 1.152883 0.737771 0.737771 0.737773 0.737773
1.164242 1.164242 1.164242 1.164242 1.164242 1.164242 0.743817 0.743817 0.743818 0.743818
1.163921 1.163921 1.163921 1.163921 1.163921 1.163921 0.742119 0.742119 0.742121 0.742121
1.137536 1.137536 1.137536 1.137536 1.137536 1.137536 0.715604 0.715604 0.715605 0.715605
1.172865 1.172865 1.172865 1.172865 1.172865 1.172865 0.737425 0.737425 0.737427 0.737427
1.169789 1.169789 1.169789 1.169789 1.169789 1.169789 0.734113 0.734113 0.734115 0.734115
1.175055 1.175055 1.175055 1.175055 1.175055 1.175055 0.737417 0.737417 0.737419 0.737419
1.160784 1.160784 1.160784 1.160784 1.160784 1.160784 0.724211 0.724211 0.724212 0.724212
1.170124 1.170124 1.170124 1.170124 1.170124 1.170124 0.727977 0.727977 0.727979 0.727979
1.155705 1.155705 1.155705 1.155705 1.155705 1.155705 0.712414 0.712414 0.712415 0.712415
1.169291 1.169291 1.169291 1.169291 1.169291 1.169291 0.717299 0.717299 0.717301 0.717301
1.176446 1.176446 1.176446 1.176446 1.176446 1.176446 0.719813 0.719813 0.719814 0.719814
1.182181 1.182181 1.182181 1.182181 1.182181 1.182181 0.722854 0.722854 0.722855 0.722855
1.174546 1.174546 1.174546 1.174546 1.174546 1.174546 0.715443 0.715443 0.715444 0.715444
1.167670 1.167670 1.167670 1.167670 1.167670 1.167670 0.706165 0.706165 0.706166 0.706166
1.164518 1.164518 1.164518 1.164518 1.164518 1.164518 0.697607 0.697607 0.697609 0.697609
1.179394 1.179394 1.179394 1.179394 1.179394 1.179394 0.703228 0.703228 0.703230 0.703230
1.163017 1.163017 1.163017 1.163017 1.163017 1.163017 0.685139 0.685139 0.685141 0.685141
1.189377 1.189377 1.189377 1.189377 1.189377 1.189377 0.698636 0.698636 0.698638 0.698638
1.176337 1.176337 1.176337 1.176337 1.176337 1.176337 0.685070 0.685070 0.685072 0.685072
1.159746 1.159746 1.159746 1.159746 1.159746 1.159746 0.664225 0.664225 0.664227 0.664227
1.203346 1.203346 1.203346 1.203346 1.203346 1.203346 0.688444 0.688444 0.688446 0.688446
1.195737 1.195737 1.195737 1.195737 1.195737 1.195737 0.681193 0.681193 0.681195 0.681195
1.191037 1.191037 1.191037 1.191037 1.191037 1.191037 0.673995 0.673995 0.673997 0.673997
1.199931 1.199931 1.199931 1.199931 1.199931 1.199931 0.676314 0.676314 0.676316 0.676316
1.204725 1.204725 1.204725 1.204725 1.204725 1.204725 0.677233 0.677233 0.677235 0.677235
1.210545 1.210545 1.210545 1.210545 1.210545 1.210545 0.680033 0.680033 0.680035 0.680035
1.199807 1.199807 1.199807 1.199807 1.199807 1.199807 0.670636 0.670636 0.670638 0.670638
1.211930 1.211930 1.211930 1.211930 1.211930 1.211930 0.676815 0.676815 0.676817 0.676817
1.204914 1.204914 1.204914 1.204914 1.204914 1.204914 0.670383 0.670383 0.670385 0.670385
1.180034 1.180034 1.180034 1.180034 1.180034 1.180034 0.647233 0.647233 0.647234 0.647234
1.186781 1.186781 1.186781 1.186781 1.186781 1.186781 0.642300 0.642300 0.642301 0.642301
1.215895 1.215895 1.215895 1.215895 1.215895 1.215895 0.655810 0.655810 0.655811 0.655811
1.216060 1.216060 1.216060 1.216060 1.216060 1.216060 0.653421 0.653421 0.653423 0.653423
1.202885 1.202885 1.202885 1.202885 1.202885 1.202885 0.640261 0.640261 0.640262 0.640262
1.218751 1.218751 1.218751 1.218751 1.218751 1.218751 0.645870 0.645870 0.645871 0.645871
1.229427 1.229427 1.229427 1.229427 1.229427 1.229427 0.650999 0.650999 0.651000 0.651000
1.204301 1.204301 1.204301 1.204301 1.204301 1.204301 0.630893 0.630893 0.630894 0.630894
1.219546 1.219546 1.219546 1.219546 1.219546 1.219546 0.635038 0.635038 0.635039 0.635039
1.215039 1.215039 1.215039 1.215039 1.215039 1.215039 0.627315 0.627315 0.627317 0.627317
1.231085 1.231085 1.231085 1.231085 1.231085 1.231085 0.633479 0.633479 0.633480 0.633480
1.213267 1.213267 1.213267 1.213267 1.213267 1.213267 0.617677 0.617677 0.617678 0.617678
1.241519 1.241519 1.241519 1.241519 1.241519 1.241519 0.631392 0.631392 0.631393 0.631393
1.220605 1.220605 1.220605 1.220605 1.220605 1.220605 0.615064 0.615064 0.615065 0.615065
1.240249 1.240249 1.240249 1.240249 1.240249 1.240249 0.623247 0.623247 0.623249 0.623249
1.223312 1.223312 1.223312 1.223312 1.223312 1.223312 0.608872 0.608872 0.608874 0.608874
1.239922 1.239922 1.239922 1.239922 1.239922 1.239922 0.614479 0.614479 0.614481 0.614481
1.251228 1.251228 1.251228 1.251228 1.251228 1.251228 0.619728 0.619728 0.619730 0.619730
1.240889 1.240889 1.240889 1.240889 1.240889 1.240889 0.611833 0.611833 0.611836 0.611836
1.235549 1.235549 1.235549 1.235549 1.235549 1.235549 0.604899 0.604899 0.604901 0.604901
1.236218 1.236218 1.236218 1.236218 1.236218 1.236218 0.600612 0.600612 0.600614 0.600614
1.235082 1.235082 1.235082 1.235082 1.235082 1.235082 0.594697 0.594697 0.594700 0.594700
1.258851 1.258851 1.258851 1.258851 1.258851 1.258851 0.605514 0.605514 0.605516 0.605516
1.258527 1.258527 1.258527 1.258527 1.258527 1.258527 0.604587 0.604587 0.604589 0.604589
1.248448 1.248448 1.248448 1.248448 1.248448 1.248448 0.596647 0.596647 0.596649 0.596649
1.249839 1.249839 1.249839 1.249839 1.249839 1.249839 0.594188 0.594188 0.594190 0.594190
1.265224 1.265224 1.265224 1.265224 1.265224 1.265224 0.601429 0.601429 0.601431 0.601431
1.255526 1.255526 1.255526 1.255526 1.255526 1.255526 0.594604 0.594604 0.594606 0.594606
