0.989806 0.989806 0.989806 0.989806 0.989806 0.989806 0.984710 0.984710 0.984709 0.984709
1.000969 1.000969 1.000969 1.000969 1.000969 1.000969 0.995271 0.995271 0.995270 0.995270
1.000097 1.000097 1.000097 1.000097 1.000097 1.000097 0.993318 0.993318 0.993318 0.993318
0.975049 0.975049 0.975049 0.975049 0.975049 0.975049 0.954711 0.954711 0.954710 0.954710
0.997949 0.997949 0.997949 0.997949 0.997949 0.997949 0.972024 0.972024 0.972023 0.972023
1.005203 1.005203 1.005203 1.005203 1.005203 1.005203 0.976517 0.976517 0.976516 0.976516
1.006067 1.006067 1.006067 1.006067 1.006067 1.006067 0.974704 0.974704 0.974703 0.974703
1.011465 1.011465 1.011465 1.011465 1.011465 1.011465 0.979373 0.979373 0.979372 0.979372
0.980265 0.980265 0.980265 0.980265 0.980265 0.980265 0.933447 0.933447 0.933447 0.933447
1.002241 1.002241 1.002241 1.002241 1.002241 1.002241 0.946215 0.946215 0.946215 0.946215
1.015066 1.015066 1.015066 1.015066 1.015066 1.015066 0.954664 0.954664 0.954663 0.954663
1.020788 1.020788 1.020788 1.020788 1.020788 1.020788 0.958367 0.958367 0.958366 0.958366
1.019394 1.019394 1.019394 1.019394 1.019394 1.019394 0.954413 0.954413 0.954412 0.954412
1.017965 1.017965 1.017965 1.017965 1.017965 1.017965 0.949266 0.949266 0.949265 0.949265
1.010428 1.010428 1.010428 1.010428 1.010428 1.010428 0.934232 0.934232 0.934232 0.934232
0.933244 0.933244 0.933244 0.933244 0.933244 0.933244 0.818100 0.818100 0.818100 0.818100
1.050535 1.050535 1.050535 1.050535 1.050535 1.050535 0.920324 0.920324 0.920324 0.920324
1.032919 1.032919 1.032919 1.032919 1.032919 1.032919 0.896594 0.896594 0.896594 0.896594
1.006630 1.006630 1.006630 1.006630 1.006630 1.006630 0.852834 0.852834 0.852834 0.852834
1.054680 1.054680 1.054680 1.054680 1.054680 1.054680 0.889217 0.889217 0.889217 0.889217
1.047353 1.047353 1.047353 1.047353 1.047353 1.047353 0.874942 0.874942 0.874942 0.874942
1.067836 1.067836 1.067836 1.067836 1.067836 1.067836 0.890968 0.890968 0.890968 0.890968
1.048109 1.048109 1.048109 1.048109 1.048109 1.048109 0.865181 0.865181 0.865182 0.865182
1.065658 1.065658 1.065658 1.065658 1.065658 1.065658 0.875876 0.875876 0.875877 0.875877
1.068442 1.068442 1.068442 1.068442 1.068442 1.068442 0.874848 0.874848 0.874849 0.874849
1.074528 1.074528 1.074528 1.074528 1.074528 1.074528 0.878387 0.878387 0.878387 0.878387
1.077892 1.077892 1.077892 1.077892 1.077892 1.077892 0.880788 0.880788 0.880789 0.880789
1.074792 1.074792 1.074792 1.074792 1.074792 1.074792 0.876609 0.876609 0.876610 0.876610
1.073256 1.073256 1.073256 1.073256 1.073256 1.073256 0.872818 0.872818 0.872818 0.872818
1.070853 1.070853 1.070853 1.070853 1.070853 1.070853 0.866942 0.866942 0.866942 0.866942
1.070256 1.070256 1.070256 1.070256 1.070256 1.070256 0.861644 0.861644 0.861644 0.861644
1.050532 1.050532 1.050532 1.050532 1.050532 1.050532 0.832418 0.832418 0.832418 0.832418
1.086090 1.086090 1.086090 1.086090 1.086090 1.086090 0.858866 0.858866 0.858867 0.858867
1.073704 1.073704 1.073704 1.073704 1.073704 1.073704 0.842292 0.842292 0.842292 0.842292
1.081509 1.081509 1.081509 1.081509 1.081509 1.081509 0.843521 0.843521 0.843522 0.843522
1.076703 1.076703 1.076703 1.076703 1.076703 1.076703 0.832268 0.832268 0.832268 0.832268
1.099878 1.099878 1.099878 1.099878 1.099878 1.099878 0.850182 0.850182 0.850182 0.850182
1.097881 1.097881 1.097881 1.097881 1.097881 1.097881 0.847889 0.847889 0.847889 0.847889
1.070705 1.070705 1.070705 1.070705 1.070705 1.070705 0.815851 0.815851 0.815851 0.815851
1.105228 1.105228 1.105228 1.105228 1.105228 1.105228 0.842157 0.842157 0.842158 0.842158
1.104515 1.104515 1.104515 1.104515 1.104515 1.104515 0.841350 0.841350 0.841350 0.841350
1.102834 1.102834 1.102834 1.102834 1.102834 1.102834 0.839142 0.839142 0.839142 0.839142
1.099855 1.099855 1.099855 1.099855 1.099855 1.099855 0.834700 0.834700 0.834701 0.834701
1.100489 1.100489 1.100489 1.100489 1.100489 1.100489 0.832889 0.832889 0.832889 0.832889
1.101938 1.101938 1.101938 1.101938 1.101938 1.101938 0.831858 0.831858 0.831858 0.831858
1.106902 1.106902 1.106902 1.106902 1.106902 1.106902 0.834950 0.834950 0.834950 0.834950
1.082132 1.082132 1.082132 1.082132 1.082132 1.082132 0.806467 0.806467 0.806467 0.806467
1.111029 1.111029 1.111029 1.111029 1.111029 1.111029 0.827128 0.827128 0.827128 0.827128
1.097595 1.097595 1.097595 1.097595 1.097595 1.097595 0.811279 0.811279 0.811279 0.811279
1.113563 1.113563 1.113563 1.113563 1.113563 1.113563 0.822034 0.822034 0.822034 0.822034
1.103629 1.103629 1.103629 1.103629 1.103629 1.103629 0.809945 0.809945 0.809945 0.809945
1.112617 1.112617 1.112617 1.112617 1.112617 1.112617 0.814238 0.814238 0.814238 0.814238
1.107431 1.107431 1.107431 1.107431 1.107431 1.107431 0.805949 0.805949 0.805949 0.805949
1.106077 1.106077 1.106077 1.106077 1.106077 1.106077 0.799307 0.799307 0.799307 0.799307
1.116578 1.116578 1.116578 1.116578 1.116578 1.116578 0.804039 0.804039 0.804039 0.804039
1.108082 1.108082 1.108082 1.108082 1.108082 1.108082 0.791682 0.791682 0.791682 0.791682
1.102448 1.102448 1.102448 1.102448 1.102448 1.102448 0.778552 0.778552 0.778553 0.778553
1.108645 1.108645 1.108645 1.108645 1.108645 1.108645 0.774610 0.774610 0.774611 0.774611
1.130623 1.130623 1.130623 1.130623 1.130623 1.130623 0.787816 0.787816 0.787817 0.787817
1.138020 1.138020 1.138020 1.138020 1.138020 1.138020 0.792970 0.792970 0.792971 0.792971
1.136100 1.136100 1.136100 1.136100 1.136100 1.136100 0.790990 0.790990 0.790990 0.790990
1.135098 1.135098 1.135098 1.135098 1.135098 1.135098 0.789218 0.789218 0.789218 0.789218
1.130062 1.130062 1.130062 1.130062 1.130062 1.130062 0.782800 0.782800 0.782801 0.782801
1.128323 1.128323 1.128323 1.128323 1.128323 1.128323 0.777669 0.777669 0.777669 0.777669
1.137221 1.137221 1.137221 1.137221 1.137221 1.137221 0.782236 0.782236 0.782237 0.782237
1.125871 1.125871 1.125871 1.125871 1.125871 1.125871 0.768891 0.768891 0.768892 0.768892
1.137143 1.137143 1.137143 1.137143 1.137143 1.137143 0.773937 0.773937 0.773939 0.773939
1.139516 1.139516 1.139516 1.139516 1.139516 1.139516 0.773285 0.773285 0.773286 0.773286
1.101580 1.101580 1.101580 1.101580 1.101580 1.101580 0.732645 0.732645 0.732646 0.732646
1.148698 1.148698 1.148698 1.148698 1.148698 1.148698 0.762079 0.762079 0.762080 0.762080
1.143756 1.143756 1.143756 1.143756 1.143756 1.143756 0.755057 0.755057 0.755058 0.755058
1.146484 1.146484 1.146484 1.146484 1.146484 1.146484 0.753442 0.753442 0.753444 0.753444
1.090347 1.090347 1.090347 1.090347 1.090347 1.090347 0.695113 0.695113 0.695115 0.695115
1.160467 1.160467 1.160467 1.160467 1.160467 1.160467 0.737053 0.737053 0.737055 0.737055
1.152395 1.152395 1.152395 1.152395 1.152395 1.152395 0.726345 0.726345 0.726347 0.726347
1.173547 1.173547 1.173547 1.173547 1.173547 1.173547 0.739677 0.739677 0.739679 0.739679
1.161343 1.161343 1.161343 1.161343 1.161343 1.161343 0.728331 0.728331 0.728333 0.728333
1.162631 1.162631 1.162631 1.162631 1.162631 1.162631 0.725372 0.725372 0.725374 0.725374
1.165638 1.165638 1.165638 1.165638 1.165638 1.165638 0.723862 0.723862 0.723864 0.723864
1.169524 1.169524 1.169524 1.169524 1.169524 1.169524 0.723574 0.723574 0.723577 0.723577
1.153314 1.153314 1.153314 1.153314 1.153314 1.153314 0.705732 0.705732 0.705734 0.705734
1.166364 1.166364 1.166364 1.166364 1.166364 1.166364 0.708678 0.708678 0.708680 0.708680
1.183593 1.183593 1.183593 1.183593 1.183593 1.183593 0.718401 0.718401 0.718403 0.718403
1.163082 1.163082 1.163082 1.163082 1.163082 1.163082 0.699217 0.699217 0.699220 0.699220
1.173271 1.173271 1.173271 1.173271 1.173271 1.173271 0.700643 0.700643 0.700646 0.700646
1.175605 1.175605 1.175605 1.175605 1.175605 1.175605 0.697390 0.697390 0.697392 0.697392
1.161934 1.161934 1.161934 1.161934 1.161934 1.161934 0.680215 0.680215 0.680218 0.680218
1.181002 1.181002 1.181002 1.181002 1.181002 1.181002 0.686466 0.686466 0.686468 0.686468
1.190156 1.190156 1.190156 1.190156 1.190156 1.190156 0.688762 0.688762 0.688765 0.688765
1.179097 1.179097 1.179097 1.179097 1.179097 1.179097 0.675942 0.675942 0.675944 0.675944
1.182085 1.182085 1.182085 1.182085 1.182085 1.182085 0.671255 0.671255 0.671257 0.671257
1.200461 1.200461 1.200461 1.200461 1.200461 1.200461 0.679415 0.679415 0.679417 0.679417
0.992469 0.992469 0.992469 0.992469 0.992469 0.992469 0.504628 0.504628 0.504630 0.504630
1.228860 1.228860 1.228860 1.228860 1.228860 1.228860 0.621066 0.621066 0.621068 0.621068
1.237559 1.237559 1.237559 1.237559 1.237559 1.237559 0.623329 0.623329 0.623331 0.623331
1.245852 1.245852 1.245852 1.245852 1.245852 1.245852 0.627071 0.627071 0.627074 0.627074
1.213267 1.213267 1.213267 1.213267 1.213267 1.213267 0.602570 0.602570 0.602573 0.602573
1.251766 1.251766 1.251766 1.251766 1.251766 1.251766 0.621615 0.621615 0.621617 0.621617
1.240819 1.240819 1.240819 1.240819 1.240819 1.240819 0.613569 0.613569 0.613571 0.613571
1.148260 1.148260 1.148260 1.148260 1.148260 1.148260 0.543803 0.543803 0.543805 0.543805
