0.936323 0.945670 0.947529 0.945408 0.942147 0.944209 0.921928 0.921928 0.921928 0.921928
0.972635 0.981223 0.982926 0.983252 0.970508 0.984770 0.956863 0.956863 0.956863 0.956863
0.967351 0.976633 0.980509 0.979661 0.965458 0.983865 0.951035 0.951035 0.951035 0.951035
0.953041 0.951922 0.973294 0.948944 0.954500 0.974220 0.941489 0.941489 0.941489 0.941489
0.994889 0.993721 1.016032 0.990612 0.996412 1.016998 0.979869 0.979869 0.979869 0.979869
0.955987 0.947324 0.970088 0.950237 0.949226 0.967998 0.929155 0.929155 0.929155 0.929155
0.907646 0.899659 0.942173 0.914855 0.918634 0.925404 0.906030 0.906030 0.906030 0.906030
0.976883 0.966229 1.007384 0.984815 0.985797 0.994076 0.974075 0.974075 0.974075 0.974075
0.938896 0.922353 0.974593 0.940643 0.941930 0.950901 0.940313 0.940313 0.940314 0.940314
0.947045 0.943377 0.984071 0.948121 0.952777 0.950566 0.966591 0.966591 0.966591 0.966591
0.926104 0.945650 0.984848 0.956176 0.955855 0.946396 0.974896 0.974896 0.974896 0.974896
0.883767 0.919395 0.951950 0.905083 0.904267 0.899879 0.936552 0.936552 0.936552 0.936552
0.923354 0.955739 0.991285 0.944257 0.942633 0.939606 0.971357 0.971357 0.971357 0.971357
0.916061 0.952915 0.956334 0.933052 0.947874 0.900333 0.977386 0.977386 0.977386 0.977386
0.932103 0.947945 0.971264 0.907975 0.964728 0.916196 0.993316 0.993316 0.993316 0.993316
0.886131 0.889968 0.928854 0.840596 0.902837 0.864392 0.963630 0.963630 0.963631 0.963631
0.847409 0.851078 0.888264 0.676851 0.846869 0.826619 0.897840 0.897840 0.897840 0.897840
0.966592 0.969820 1.012841 0.743891 0.949757 0.940155 1.027216 1.027216 1.027216 1.027216
0.975411 0.979878 1.025907 0.748173 0.956063 0.951496 1.040679 1.040679 1.040680 1.040680
0.901033 0.903858 0.939066 0.702061 0.902720 0.887872 0.993033 0.993033 0.993033 0.993033
0.821408 0.928423 0.963316 0.722244 0.927812 0.909973 1.020960 1.020960 1.020960 1.020960
0.846410 0.960543 0.990424 0.738355 0.944974 0.936338 1.051068 1.051068 1.051069 1.051069
0.776913 0.904534 0.961179 0.710037 0.905675 0.906772 1.029133 1.029133 1.029133 1.029133
0.767904 0.891175 0.938775 0.702815 0.896464 0.895189 0.986401 0.986401 0.986402 0.986402
0.815773 0.948614 1.000721 0.745260 0.816070 0.949942 1.053469 1.053469 1.053469 1.053469
0.835266 0.960375 1.021735 0.753169 0.828668 0.964479 1.077835 1.077835 1.077835 1.077835
0.830809 0.956271 1.007847 0.753965 0.829486 0.962946 1.076062 1.076062 1.076063 1.076063
0.804949 0.889015 0.962479 0.731981 0.802150 0.908305 1.045585 1.045585 1.045585 1.045585
0.846351 0.931725 0.986959 0.754644 0.842844 0.956182 1.099782 1.099782 1.099783 1.099783
0.758849 0.849498 0.867083 0.698849 0.768461 0.871797 1.002272 1.002272 1.002273 1.002273
0.785101 0.857329 0.841906 0.700846 0.774127 0.881145 1.036133 1.036133 1.036134 1.036134
0.865537 0.945166 0.928162 0.772650 0.853439 0.971421 1.136667 1.136667 1.136669 1.136669
0.851449 0.930643 0.914397 0.759847 0.837758 0.958547 1.119430 1.119430 1.119431 1.119431
0.843373 0.917336 0.904113 0.748210 0.830515 0.947303 1.103484 1.103484 1.103486 1.103486
0.827883 0.852620 0.881846 0.635949 0.807943 0.927228 1.087960 1.087960 1.087962 1.087962
0.779250 0.780717 0.836127 0.550104 0.762616 0.876935 1.015166 1.015166 1.015168 1.015168
0.856206 0.851737 0.914368 0.609059 0.844494 0.960926 1.130751 1.130751 1.130752 1.130752
0.854469 0.855240 0.919530 0.610971 0.844482 0.956860 1.141251 1.141251 1.141253 1.141253
0.852680 0.860608 0.919284 0.611480 0.849079 0.961961 1.142642 1.142642 1.142644 1.142644
0.841683 0.848303 0.905059 0.601873 0.837317 0.943578 1.128496 1.128496 1.128498 1.128498
0.826143 0.833564 0.885465 0.593991 0.825364 0.930831 1.102258 1.102258 1.102259 1.102259
0.731945 0.822674 0.878093 0.589742 0.825413 0.836280 1.111266 1.111266 1.111267 1.111267
0.726429 0.819728 0.843141 0.594338 0.816058 0.820226 1.112487 1.112487 1.112489 1.112489
0.721451 0.813788 0.847977 0.592589 0.806033 0.812595 1.100766 1.100766 1.100768 1.100768
0.773119 0.872114 0.908238 0.635125 0.863890 0.871136 1.157884 1.157884 1.157886 1.157886
0.784182 0.882098 0.923227 0.646164 0.875910 0.875266 1.179666 1.179666 1.179668 1.179668
0.693289 0.864595 0.905076 0.631952 0.861178 0.858472 1.162003 1.162003 1.162005 1.162005
0.658641 0.809587 0.862086 0.606472 0.819354 0.827849 1.080654 1.080654 1.080656 1.080656
0.719293 0.882075 0.928193 0.663973 0.891675 0.901618 1.181836 1.181836 1.181838 1.181838
0.698101 0.858094 0.894213 0.629403 0.867055 0.879917 1.158385 1.158385 1.158387 1.158387
0.719159 0.870801 0.923136 0.647971 0.894495 0.899694 1.193668 1.193668 1.193670 1.193670
0.689851 0.834545 0.884528 0.622157 0.862536 0.868114 1.127006 1.127006 1.127008 1.127008
0.646597 0.794739 0.792932 0.582388 0.825589 0.839982 1.054047 1.054047 1.054048 1.054048
0.704416 0.850936 0.832229 0.630496 0.885855 0.896686 1.151319 1.151319 1.151320 1.151320
0.712061 0.861241 0.845780 0.637806 0.888238 0.909372 1.153975 1.153975 1.153976 1.153976
0.725710 0.869467 0.859591 0.649819 0.887551 0.929862 1.175474 1.175474 1.175475 1.175475
0.561213 0.842445 0.835589 0.629351 0.859728 0.903290 1.142631 1.142631 1.142633 1.142633
0.556056 0.776795 0.832833 0.611865 0.839812 0.902200 1.145478 1.145478 1.145480 1.145480
0.589581 0.820742 0.880390 0.650972 0.885891 0.954312 1.215347 1.215347 1.215349 1.215349
0.560874 0.780724 0.837525 0.555510 0.842758 0.875027 1.154446 1.154446 1.154447 1.154447
0.592965 0.832384 0.809262 0.592136 0.897675 0.935458 1.231358 1.231358 1.231360 1.231360
0.608007 0.847562 0.822115 0.604245 0.915576 0.953821 1.258711 1.258711 1.258712 1.258712
0.584223 0.817114 0.794411 0.577843 0.890009 0.803704 1.214220 1.214220 1.214222 1.214222
0.597966 0.836065 0.812438 0.592710 0.914356 0.817531 1.234847 1.234847 1.234848 1.234848
0.598569 0.828181 0.816686 0.588020 0.917160 0.816806 1.242026 1.242026 1.242027 1.242027
0.625679 0.865691 0.853676 0.614653 0.958701 0.853801 1.295876 1.295876 1.295877 1.295877
0.554596 0.789708 0.762297 0.556792 0.509646 0.738101 1.189259 1.189259 1.189260 1.189260
0.594913 0.852381 0.819437 0.595686 0.553906 0.803112 1.277916 1.277916 1.277917 1.277917
0.611294 0.878081 0.842093 0.612796 0.505832 0.826587 1.322119 1.322119 1.322119 1.322119
0.604337 0.871461 0.828252 0.606924 0.502892 0.813866 1.311837 1.311837 1.311838 1.311838
0.562511 0.833686 0.793466 0.568810 0.487074 0.790141 1.278188 1.278188 1.278188 1.278188
0.583062 0.838989 0.798246 0.572090 0.472936 0.808076 1.308285 1.308285 1.308286 1.308286
0.606809 0.869581 0.822825 0.591179 0.489590 0.839113 1.349947 1.349947 1.349948 1.349948
0.559520 0.868189 0.823852 0.591958 0.490783 0.828906 1.351893 1.351893 1.351894 1.351894
0.551980 0.853986 0.810034 0.578343 0.484669 0.807622 1.339211 1.339211 1.339212 1.339212
0.573230 0.880335 0.840408 0.598698 0.501892 0.830531 1.385597 1.385597 1.385598 1.385598
0.571128 0.881044 0.840656 0.592223 0.499923 0.830466 1.386042 1.386042 1.386043 1.386043
0.535084 0.833284 0.821125 0.568195 0.479793 0.785017 1.352947 1.352947 1.352949 1.352949
0.556227 0.866210 0.844912 0.590647 0.493692 0.807758 1.405612 1.405612 1.405613 1.405613
0.511201 0.852143 0.835458 0.582212 0.485125 0.798870 1.393516 1.393516 1.393518 1.393518
0.523772 0.873099 0.856004 0.596530 0.497055 0.818516 1.417939 1.417939 1.417941 1.417941
0.499124 0.848344 0.824831 0.568858 0.474553 0.791346 1.385074 1.385074 1.385076 1.385076
0.506431 0.864359 0.844293 0.580245 0.485058 0.800485 1.415530 1.415530 1.415532 1.415532
0.476271 0.820729 0.795561 0.540787 0.456171 0.719927 1.346222 1.346222 1.346223 1.346223
0.505929 0.868366 0.843830 0.574953 0.484854 0.761966 1.433495 1.433495 1.433497 1.433497
0.475068 0.817324 0.796373 0.455949 0.449377 0.674025 1.353464 1.353464 1.353465 1.353465
0.501103 0.861835 0.847648 0.485269 0.473447 0.709605 1.428778 1.428778 1.428780 1.428780
0.484926 0.800316 0.757316 0.451285 0.459132 0.667391 1.375829 1.375829 1.375831 1.375831
0.517990 0.855350 0.811626 0.480276 0.489479 0.714622 1.477039 1.477039 1.477040 1.477040
0.505730 0.830902 0.794772 0.470546 0.477472 0.691925 1.445592 1.445592 1.445593 1.445593
0.490985 0.805536 0.745744 0.445754 0.470783 0.649242 1.410612 1.410612 1.410614 1.410614
0.502920 0.815789 0.754142 0.451643 0.479770 0.656662 1.454625 1.454625 1.454627 1.454627
0.516696 0.838135 0.774800 0.464015 0.492912 0.620878 1.489288 1.489288 1.489290 1.489290
0.509679 0.831473 0.728873 0.454280 0.489649 0.619934 1.490256 1.490256 1.490257 1.490257
0.516842 0.843670 0.732885 0.454682 0.475867 0.622790 1.507258 1.507258 1.507260 1.507260
0.504716 0.827523 0.720323 0.442068 0.463771 0.611625 1.464249 1.464249 1.464251 1.464251
0.508892 0.827251 0.730303 0.448502 0.468152 0.621436 1.483347 1.483347 1.483349 1.483349
0.518005 0.843782 0.744260 0.454217 0.477028 0.630742 1.519478 1.519478 1.519480 1.519480
0.491946 0.823686 0.717120 0.430861 0.457192 0.608681 1.471116 1.471116 1.471118 1.471118
0.517033 0.865692 0.753691 0.452834 0.480507 0.639722 1.536791 1.536791 1.536793 1.536793
