0.902618 0.966171 0.971131 0.968095 0.965077 0.971313 0.973668 0.973668 0.973668 0.973668
0.856168 0.905036 0.926635 0.894236 0.901129 0.914328 0.942442 0.942442 0.942442 0.942442
0.896590 0.955792 0.886893 0.944174 0.950768 0.968224 0.995719 0.995719 0.995719 0.995719
0.898259 0.959479 0.891596 0.944201 0.816233 0.968957 1.002883 1.002883 1.002883 1.002883
0.881396 0.942511 0.872019 0.931543 0.804328 0.955566 0.979257 0.979257 0.979257 0.979257
0.905815 0.974153 0.854662 0.950170 0.832445 0.994045 1.020905 1.020905 1.020905 1.020905
0.909879 0.973767 0.856970 0.948814 0.836888 0.996241 1.020557 1.020557 1.020558 1.020558
0.919890 0.983358 0.865211 0.960406 0.839028 1.011253 1.030905 1.030905 1.030905 1.030905
0.904304 0.966384 0.849861 0.946167 0.827899 0.987981 1.006965 1.006965 1.006965 1.006965
0.925482 0.988042 0.869461 0.933012 0.833061 1.008197 1.033666 1.033666 1.033666 1.033666
0.907407 0.940546 0.827387 0.887636 0.765130 0.975312 1.000781 1.000781 1.000781 1.000781
0.927583 0.951203 0.852167 0.892119 0.784876 1.002048 1.027970 1.027970 1.027971 1.027971
0.943077 0.945491 0.864783 0.867453 0.798197 1.018893 1.043895 1.043895 1.043896 1.043896
0.880514 0.870087 0.809519 0.818138 0.746352 0.965624 0.954093 0.954093 0.954094 0.954094
0.939991 0.941857 0.865097 0.872770 0.799006 1.021619 1.037995 1.037995 1.037995 1.037995
0.857927 0.836262 0.795358 0.732050 0.731298 0.936891 0.939157 0.939157 0.939158 0.939158
0.899146 0.879934 0.806471 0.779074 0.763501 0.970368 0.992844 0.992844 0.992845 0.992845
0.921392 0.907308 0.828166 0.796233 0.792711 1.008636 1.019164 1.019164 1.019164 1.019164
0.952901 0.935048 0.853913 0.826277 0.815628 1.040641 1.054718 1.054718 1.054718 1.054718
0.957865 0.943844 0.865936 0.834982 0.825934 1.042874 1.067890 1.067890 1.067891 1.067891
0.948742 0.926035 0.855300 0.826759 0.802061 1.036351 1.057162 1.057162 1.057163 1.057163
0.948786 0.921413 0.852497 0.825602 0.800282 1.035759 1.049490 1.049490 1.049491 1.049491
0.928702 0.924524 0.853993 0.833420 0.803643 1.032211 1.059529 1.059529 1.059530 1.059530
0.910619 0.900369 0.842884 0.812117 0.783393 1.007325 1.043466 1.043466 1.043466 1.043466
0.885680 0.872900 0.810085 0.791015 0.763037 0.978569 0.984161 0.984161 0.984161 0.984161
0.956124 0.939287 0.852892 0.837302 0.823175 1.057684 1.062842 1.062842 1.062843 1.062843
0.856881 0.856002 0.748957 0.775041 0.750185 0.963900 0.968165 0.968165 0.968166 0.968166
0.937206 0.936955 0.821615 0.849213 0.820697 1.059043 1.058222 1.058222 1.058223 1.058223
0.891839 0.900205 0.783368 0.800846 0.780970 0.963754 1.018337 1.018337 1.018339 1.018339
0.940373 0.946517 0.827786 0.846985 0.823150 1.006615 1.078522 1.078522 1.078523 1.078523
0.888966 0.903276 0.815841 0.819946 0.797125 0.960101 1.062258 1.062258 1.062259 1.062259
0.933319 0.948344 0.856547 0.860856 0.836897 1.008004 1.109770 1.109770 1.109771 1.109771
0.921617 0.936453 0.845807 0.850061 0.826403 0.916032 1.092055 1.092055 1.092056 1.092056
0.876475 0.890520 0.804378 0.725182 0.785925 0.839669 1.037013 1.037013 1.037014 1.037014
0.846160 0.859719 0.776557 0.589482 0.744229 0.810627 0.975419 0.975419 0.975420 0.975420
0.988604 1.004446 0.907284 0.688717 0.869514 0.947089 1.137513 1.137513 1.137513 1.137513
0.947816 0.955399 0.864314 0.659164 0.826478 0.899435 1.076218 1.076218 1.076219 1.076219
0.976847 0.985261 0.883277 0.670531 0.816346 0.918349 1.106290 1.106290 1.106290 1.106290
0.958699 0.971775 0.842961 0.655442 0.812049 0.870492 1.101174 1.101174 1.101174 1.101174
0.979189 0.994568 0.861996 0.666054 0.830261 0.886535 1.131837 1.131837 1.131837 1.131837
0.947395 0.964531 0.827866 0.629419 0.804836 0.862517 1.105941 1.105941 1.105941 1.105941
0.984253 0.999925 0.854425 0.654021 0.833684 0.894346 1.147707 1.147707 1.147708 1.147708
0.936000 0.950029 0.811630 0.622551 0.796965 0.855512 1.074267 1.074267 1.074268 1.074268
0.936184 0.976721 0.823622 0.621945 0.804445 0.869494 1.095385 1.095385 1.095386 1.095386
0.988704 1.031516 0.869828 0.656836 0.849575 0.918273 1.153352 1.153352 1.153353 1.153353
0.946185 0.985754 0.830247 0.626796 0.812250 0.873249 1.104329 1.104329 1.104330 1.104330
0.822279 0.954283 0.807599 0.610418 0.796774 0.769553 1.092076 1.092076 1.092077 1.092077
0.866688 1.008381 0.851308 0.644129 0.746365 0.812452 1.158958 1.158958 1.158959 1.158959
0.787314 0.930693 0.739636 0.584375 0.692381 0.761900 1.050529 1.050529 1.050530 1.050530
0.885049 1.047518 0.834564 0.654726 0.776415 0.858975 1.185600 1.185600 1.185600 1.185600
0.757487 1.010176 0.803752 0.632351 0.749188 0.826510 1.144387 1.144387 1.144388 1.144388
0.768376 1.013112 0.804921 0.634492 0.756084 0.827849 1.168648 1.168648 1.168649 1.168649
0.710745 0.964442 0.750067 0.599798 0.419441 0.746836 1.119212 1.119212 1.119213 1.119213
0.748070 0.944667 0.794151 0.619449 0.435241 0.792390 1.191876 1.191876 1.191877 1.191877
0.801196 0.996675 0.852351 0.663013 0.466822 0.842329 1.276886 1.276886 1.276887 1.276887
0.731475 0.985268 0.845000 0.657341 0.463345 0.823878 1.266119 1.266119 1.266120 1.266120
0.726595 0.970345 0.844008 0.657023 0.460789 0.824685 1.263620 1.263620 1.263622 1.263622
0.682811 0.912115 0.811354 0.626101 0.441386 0.780349 1.219594 1.219594 1.219595 1.219595
0.681099 0.887512 0.759543 0.605374 0.428695 0.760431 1.215582 1.215582 1.215584 1.215584
0.737028 0.958149 0.810321 0.656720 0.462275 0.820632 1.317261 1.317261 1.317262 1.317262
0.718063 0.917462 0.760582 0.635818 0.443589 0.783431 1.286737 1.286737 1.286738 1.286738
0.742119 0.949076 0.787218 0.656923 0.457473 0.812166 1.331347 1.331347 1.331348 1.331348
0.720181 0.918327 0.761393 0.631348 0.444407 0.778408 1.297353 1.297353 1.297354 1.297354
0.708299 0.866684 0.691348 0.596709 0.438000 0.744042 1.269651 1.269651 1.269651 1.269651
0.724465 0.850594 0.696991 0.611569 0.447151 0.740902 1.302386 1.302386 1.302387 1.302387
0.688719 0.831093 0.681971 0.585397 0.442331 0.734659 1.296067 1.296067 1.296068 1.296068
0.698651 0.841887 0.668624 0.579445 0.455711 0.720281 1.321474 1.321474 1.321474 1.321474
0.737662 0.885358 0.704898 0.612323 0.481432 0.757724 1.398621 1.398621 1.398622 1.398622
0.713578 0.859780 0.678397 0.593409 0.468338 0.730013 1.357891 1.357891 1.357891 1.357891
0.663129 0.819711 0.666549 0.577744 0.454441 0.715750 1.346080 1.346080 1.346080 1.346080
0.671716 0.838614 0.683261 0.590904 0.463189 0.731124 1.342548 1.342548 1.342548 1.342548
0.704582 0.873172 0.716001 0.617844 0.484466 0.759416 1.403000 1.403000 1.403001 1.403001
0.686658 0.842084 0.700728 0.596760 0.473112 0.738695 1.373872 1.373872 1.373873 1.373873
0.692903 0.850652 0.701232 0.606059 0.480450 0.748222 1.391514 1.391514 1.391515 1.391515
0.685817 0.837715 0.696124 0.601956 0.475116 0.734433 1.380638 1.380638 1.380639 1.380639
0.681048 0.825993 0.688024 0.602349 0.475509 0.727349 1.389881 1.389881 1.389882 1.389882
0.652754 0.806569 0.667947 0.572653 0.451811 0.694620 1.341048 1.341048 1.341049 1.341049
0.694863 0.858600 0.703824 0.609594 0.476078 0.731929 1.426751 1.426751 1.426752 1.426752
0.688025 0.846667 0.690245 0.599327 0.468896 0.723112 1.400653 1.400653 1.400654 1.400654
0.685253 0.842982 0.693710 0.602291 0.466458 0.718823 1.396126 1.396126 1.396126 1.396126
0.669636 0.839940 0.685471 0.588978 0.456682 0.712661 1.398497 1.398497 1.398497 1.398497
0.693786 0.870233 0.710193 0.610220 0.473152 0.738363 1.440174 1.440174 1.440175 1.440175
0.603133 0.838727 0.684609 0.586838 0.457430 0.712109 1.394932 1.394932 1.394933 1.394933
0.585198 0.815710 0.667617 0.480868 0.438075 0.650894 1.360903 1.360903 1.360903 1.360903
0.478354 0.835423 0.685978 0.492276 0.448538 0.668346 1.398307 1.398307 1.398307 1.398307
0.487388 0.854030 0.702875 0.499184 0.462332 0.597153 1.430306 1.430306 1.430307 1.430307
0.507423 0.879152 0.729698 0.512962 0.477362 0.616483 1.487988 1.487988 1.487989 1.487989
0.515362 0.886694 0.734259 0.518489 0.482264 0.622625 1.506619 1.506619 1.506620 1.506620
0.474582 0.816207 0.684728 0.479341 0.441674 0.571941 1.382256 1.382256 1.382257 1.382257
0.494903 0.805911 0.709493 0.432816 0.456451 0.594715 1.447755 1.447755 1.447756 1.447756
0.507764 0.831942 0.733528 0.446363 0.469258 0.608824 1.502220 1.502220 1.502220 1.502220
0.522183 0.855567 0.754357 0.459038 0.482583 0.626112 1.534224 1.534224 1.534224 1.534224
0.513126 0.840771 0.740891 0.451145 0.474285 0.615497 1.479861 1.479861 1.479862 1.479862
0.483829 0.791627 0.692240 0.432119 0.457110 0.586252 1.441391 1.441391 1.441392 1.441392
0.500048 0.819180 0.719288 0.446931 0.468618 0.607879 1.477114 1.477114 1.477115 1.477115
0.508744 0.836790 0.730166 0.451116 0.471243 0.617571 1.501421 1.501421 1.501422 1.501422
0.506984 0.840890 0.728972 0.450874 0.473160 0.620013 1.501192 1.501192 1.501193 1.501193
0.512464 0.853794 0.739781 0.452478 0.478151 0.628972 1.523492 1.523492 1.523493 1.523493
0.496142 0.830261 0.720856 0.436147 0.461995 0.612392 1.467308 1.467308 1.467310 1.467310
0.512882 0.858741 0.747639 0.449198 0.476649 0.634585 1.524451 1.524451 1.524453 1.524453
