0.988207 0.992635 0.990650 0.986009 0.991780 0.992351 0.989641 0.989981 0.989981 0.989981
0.923332 0.937997 0.926473 0.939818 0.951539 0.936796 0.936800 0.940160 0.940160 0.940160
0.950991 0.969407 0.955872 0.971893 0.983815 0.890120 0.960599 0.972455 0.972455 0.972455
0.957590 0.980465 0.960188 0.981600 0.993577 0.896556 0.971273 0.986851 0.986851 0.986851
0.965515 0.985907 0.972083 0.994111 1.002825 0.903497 0.981520 0.998516 0.998516 0.998516
0.966773 0.991257 0.975568 0.996454 1.005913 0.906489 0.985406 1.003715 1.003715 1.003715
0.914571 0.893416 0.935686 0.956894 0.939839 0.866915 0.896715 0.961764 0.961764 0.961764
0.967162 0.944874 0.986793 1.011607 0.993403 0.911862 0.943749 1.015418 1.015418 1.015418
0.965076 0.951728 0.994700 1.016075 1.001149 0.917818 0.948585 1.019155 1.019155 1.019155
0.932395 0.907134 0.904090 0.973846 0.961066 0.870879 0.913659 0.978043 0.978043 0.978043
0.969362 0.946575 0.942889 1.012074 1.001139 0.911817 0.950587 1.017833 1.017833 1.017833
0.974284 0.947797 0.947982 1.018296 1.002732 0.906413 0.953779 1.021790 1.021790 1.021790
0.907545 0.878263 0.878472 0.399283 0.927382 0.844329 0.877057 0.949281 0.949281 0.949281
1.037710 1.004654 1.001617 0.455167 1.064171 0.964013 1.000375 1.085047 1.085047 1.085047
0.899745 0.961377 0.961798 0.435604 0.978895 0.926124 0.941623 1.042050 1.042050 1.042050
0.955725 1.024264 1.023294 0.462147 1.039529 0.986206 0.996461 1.108119 1.108119 1.108119
0.955283 1.022219 1.025922 0.463349 1.041989 0.990882 0.998464 1.108353 1.108353 1.108353
0.936069 1.021878 1.024958 0.464287 1.032604 0.987073 0.997546 1.110401 1.110401 1.110401
0.929522 1.020907 1.026568 0.462707 1.027995 0.978755 0.989276 1.109498 1.109498 1.109498
0.917487 1.016504 1.014111 0.459552 0.993675 0.964548 0.967897 1.092913 1.092913 1.092913
0.944680 1.046596 1.039816 0.471923 1.024263 0.992958 0.996269 1.125299 1.125299 1.125299
0.923833 1.020454 1.023357 0.458906 1.010910 0.977593 0.981001 1.109523 1.109523 1.109523
0.933734 1.031884 1.011040 0.463297 1.019626 0.982044 0.990574 1.117475 1.117475 1.117475
0.943642 1.044151 1.023180 0.469309 1.032915 0.991550 1.002485 1.129954 1.129954 1.129954
0.942731 1.044242 1.017844 0.467437 1.029307 0.989392 1.000020 1.128744 1.128744 1.128744
0.932499 0.997136 0.991730 0.457854 1.016371 0.978141 0.986903 1.113571 1.113571 1.113571
0.941162 1.013672 1.010155 0.466244 1.034505 0.993607 0.995463 1.131650 1.131650 1.131650
0.936052 1.008078 1.002462 0.461362 1.025142 0.989066 0.988379 1.126494 1.126494 1.126494
0.934604 1.010821 1.003560 0.460835 1.021364 0.988863 0.965290 1.128906 1.128906 1.128906
0.938114 1.014330 1.009125 0.459223 1.024032 0.993501 0.970345 1.133726 1.133726 1.133726
0.941479 1.018645 1.012593 0.454200 1.029705 0.996864 0.970800 1.140213 1.140213 1.140213
0.937458 1.017411 1.012727 0.450785 1.027404 0.996809 0.957564 1.138253 1.138253 1.138253
0.885792 0.991619 0.961200 0.428994 1.000652 0.966369 0.911277 1.106448 1.106448 1.106448
0.911588 1.023398 0.984061 0.439604 1.031254 0.984579 0.934245 1.136504 1.136504 1.136504
0.921334 1.038436 0.996147 0.444213 1.038576 0.996631 0.948032 1.147142 1.147142 1.147142
0.928308 1.045356 1.003862 0.446392 1.042090 1.002854 0.948230 1.153714 1.153714 1.153714
0.899548 1.036118 0.993986 0.441131 1.025075 0.991270 0.910908 1.144910 1.144910 1.144910
0.916319 1.053096 1.014137 0.449942 1.044493 1.008010 0.927795 1.165228 1.165228 1.165228
0.909054 1.040474 1.005661 0.444034 1.033156 1.000052 0.919664 1.152620 1.152620 1.152620
0.890084 1.029731 0.985172 0.435284 1.026666 0.990151 0.873963 1.145653 1.145653 1.145653
0.904711 1.045422 1.001321 0.442112 1.035839 1.006323 0.870405 1.161798 1.161798 1.161798
0.907886 1.050588 1.003884 0.443812 1.040984 1.001154 0.872329 1.159579 1.159579 1.159579
0.849552 0.526607 0.945969 0.415856 0.979448 0.939208 0.807402 1.089127 1.089127 1.089127
0.944346 0.577592 1.052143 0.458591 1.073393 1.048192 0.889165 1.198423 1.198423 1.198423
0.925141 0.529806 0.951369 0.443610 1.034768 1.006029 0.830049 1.178051 1.178051 1.178051
0.993003 0.567783 1.019272 0.476116 1.109051 1.077959 0.890146 1.256358 1.256358 1.256358
0.978299 0.555966 1.007842 0.468064 1.066643 1.061437 0.874997 1.241066 1.241066 1.241066
0.544093 0.460055 0.827023 0.389160 0.855972 0.879384 0.710377 0.960800 0.960800 0.960800
0.708350 0.599020 1.080619 0.505732 1.113362 1.141401 0.924298 1.249927 1.249927 1.249927
0.708316 0.599774 1.081907 0.505894 1.114682 1.140465 0.927076 1.252859 1.252859 1.252859
0.700653 0.583830 1.068820 0.500193 1.092844 1.128523 0.914639 1.236040 1.236040 1.236040
0.652052 0.533400 1.002016 0.432429 1.020877 0.999611 0.847307 1.171036 1.171036 1.171036
0.684094 0.559787 1.042858 0.454777 1.035063 1.002982 0.861491 1.225370 1.225370 1.225370
0.714508 0.584594 1.085888 0.474229 1.086131 1.052485 0.895461 1.280312 1.280312 1.280312
0.712418 0.577839 1.079622 0.472647 1.075085 1.045282 0.885459 1.278726 1.278726 1.278726
0.721067 0.587952 1.098157 0.479757 1.088904 1.061006 0.894579 1.293017 1.293017 1.293017
0.714225 0.584929 1.093598 0.475852 1.085229 1.043416 0.869330 1.290258 1.290258 1.290258
0.708092 0.582910 1.095784 0.463101 1.089042 1.039431 0.868855 1.294459 1.294459 1.294459
0.672313 0.553843 0.963063 0.436916 1.015087 0.980751 0.827231 1.200848 1.200848 1.200848
0.709183 0.590759 1.032298 0.456076 1.088549 1.045618 0.882403 1.288458 1.288458 1.288458
