0.988770 0.990018 0.990135 0.991084 0.991139 0.987858 0.990152 0.989313 0.989313 0.989313
0.979699 0.983951 0.985391 0.978789 0.984055 0.982940 0.971843 0.982750 0.982750 0.982750
0.980356 0.988511 0.987604 0.979246 0.981217 0.985108 0.976408 0.982115 0.982115 0.982115
0.976316 0.993723 0.993559 0.981636 0.986922 0.989591 0.979480 0.983789 0.983789 0.983789
0.916726 0.943662 0.933783 0.940269 0.951554 0.938803 0.931760 0.938893 0.938893 0.938893
0.952817 0.983601 0.965512 0.973118 0.990419 0.966017 0.964757 0.974000 0.974000 0.974000
0.963523 0.993482 0.976320 0.983326 0.994158 0.976775 0.955916 0.982675 0.982675 0.982675
0.957832 0.971875 0.969301 0.977074 0.979523 0.971347 0.947777 0.974298 0.974298 0.974298
0.971736 0.982267 0.983688 0.992312 0.990294 0.974658 0.959888 0.987270 0.987270 0.987270
0.957627 0.973019 0.979756 0.959943 0.987826 0.965125 0.953623 0.984558 0.984558 0.984558
0.955327 0.957791 0.977980 0.950041 0.971567 0.966668 0.942506 0.972271 0.972271 0.972271
0.922331 0.881008 0.957292 0.931088 0.926420 0.943481 0.875317 0.950797 0.950797 0.950797
0.921928 0.908361 0.961161 0.937354 0.954509 0.967597 0.881207 0.977710 0.977710 0.977710
0.524002 0.768165 0.806039 0.796456 0.782807 0.819244 0.731130 0.773540 0.773540 0.773540
0.671030 0.988068 1.029719 1.023020 1.005423 1.049418 0.940156 0.998323 0.998323 0.998323
0.683451 1.010866 1.051371 1.039638 1.027736 1.073325 0.958948 1.018627 1.018627 1.018627
0.676850 0.999566 1.044373 1.032753 1.020690 1.068493 0.952035 1.009469 1.009469 1.009469
0.669945 0.993711 1.039289 1.023609 1.016512 1.050022 0.924497 1.006589 1.006589 1.006589
0.676259 1.003556 1.025467 1.032082 1.023965 1.053453 0.932325 1.012506 1.012506 1.012506
0.679003 1.007716 1.026820 1.035950 1.027622 1.052069 0.931635 1.014964 1.014964 1.014964
0.678464 1.012249 1.031102 1.038097 1.027531 1.054249 0.929203 1.013192 1.013192 1.013192
0.677030 1.010538 1.026002 1.032763 1.029012 1.050478 0.924950 1.010691 1.010691 1.010691
0.652962 0.974921 0.981625 0.998462 0.959092 0.968938 0.864521 0.972214 0.972214 0.972214
0.670332 1.012064 1.024028 1.014346 1.000969 1.005370 0.897493 1.015219 1.015219 1.015219
0.667737 1.016964 1.020902 1.016694 0.976448 0.999886 0.886171 1.009237 1.009237 1.009237
0.682659 1.039826 1.047520 1.037542 0.997355 1.019140 0.905450 1.031024 1.031024 1.031024
0.672735 1.021660 1.038878 1.016691 0.991932 1.011096 0.898438 1.024397 1.024397 1.024397
0.676214 0.991378 1.028623 1.011982 0.995334 1.015793 0.901019 1.027001 1.027001 1.027001
0.670494 1.002834 1.039879 1.026089 0.998100 1.023922 0.910896 1.041135 1.041135 1.041135
0.667976 0.992980 1.039753 1.020052 0.970704 1.019540 0.905439 1.040001 1.040001 1.040001
0.632453 0.940832 0.911267 0.959689 0.902259 0.959298 0.859656 0.962099 0.962099 0.962099
0.687027 1.017835 0.989470 1.037033 0.977223 1.042109 0.933048 1.042070 1.042070 1.042070
0.688023 1.020766 0.989968 1.038887 0.980063 1.034630 0.933193 1.037948 1.037948 1.037948
0.642957 0.948925 0.920333 0.408669 0.909336 0.966868 0.860891 0.967398 0.967398 0.967398
0.736980 1.092170 1.057322 0.468924 1.044161 1.110481 0.989402 1.113189 1.113189 1.113189
0.633323 1.035842 1.006273 0.444784 0.951959 1.057362 0.923024 1.059583 1.059583 1.059583
0.675448 1.105473 1.073042 0.467502 1.017252 1.127463 0.981359 1.132463 1.132463 1.132463
0.650341 0.996590 0.953595 0.444459 0.963797 1.063517 0.900372 1.094085 1.094085 1.094085
0.688986 1.058986 1.011897 0.470301 1.020803 1.129533 0.950301 1.160391 1.160391 1.160391
0.668782 1.014109 0.924041 0.452873 0.984537 1.076802 0.919612 1.118814 1.118814 1.118814
0.696710 1.064092 0.971489 0.476008 1.034342 1.129018 0.957430 1.173557 1.173557 1.173557
0.639096 0.958254 0.897723 0.405626 0.952388 0.985725 0.874244 1.095915 1.095915 1.095915
0.696449 1.043952 0.980029 0.438833 1.036674 1.075184 0.954105 1.194875 1.194875 1.194875
0.679254 1.041445 0.976688 0.436477 1.026368 1.069665 0.922503 1.193456 1.193456 1.193456
0.693271 1.061279 0.995005 0.445452 1.046019 1.089852 0.940705 1.210273 1.210273 1.210273
0.679784 1.031626 0.972864 0.436606 1.018217 1.064450 0.914778 1.188736 1.188736 1.188736
0.694024 1.054346 0.989018 0.444402 1.036917 1.085430 0.932544 1.213508 1.213508 1.213508
0.678781 1.034723 0.968963 0.436403 1.018045 0.979360 0.908031 1.191918 1.191918 1.191918
0.678939 1.046109 0.969679 0.437024 1.033453 0.990561 0.881504 1.210247 1.210247 1.210247
0.685938 1.060789 0.982755 0.441362 1.046165 1.007858 0.891251 1.223941 1.223941 1.223941
0.685555 1.057330 0.986211 0.443070 1.046650 1.006760 0.892762 1.227556 1.227556 1.227556
0.692275 1.067658 0.991728 0.446233 1.058085 1.016447 0.901230 1.239583 1.239583 1.239583
0.680562 1.055982 0.983358 0.440269 1.042835 0.997807 0.884825 1.226195 1.226195 1.226195
0.689977 1.069627 0.997134 0.445179 1.052867 1.010279 0.890512 1.240887 1.240887 1.240887
0.692509 1.071174 1.002394 0.447396 1.057042 1.012239 0.893688 1.244344 1.244344 1.244344
0.684561 1.058786 0.988711 0.440019 1.041105 1.001486 0.881932 1.231142 1.231142 1.231142
0.686784 1.063615 0.993153 0.441611 1.045775 1.003964 0.887498 1.238097 1.238097 1.238097
0.679440 1.052095 0.979524 0.436183 1.039425 0.997884 0.873781 1.225300 1.225300 1.225300
0.640267 0.531080 0.929521 0.411589 0.984876 0.942740 0.814447 1.158968 1.158968 1.158968
0.716649 0.596977 1.043164 0.460877 1.100008 1.056625 0.891692 1.302021 1.302021 1.302021
