0.963310 0.971737 0.964103 0.969293 0.943364 0.961780 0.954854 0.961357 0.961357 0.961357
0.977952 0.980495 0.982327 0.981924 0.934927 0.975885 0.967193 0.978581 0.978581 0.978581
0.929271 0.942263 0.934294 0.951821 0.912228 0.936899 0.931102 0.945119 0.945119 0.945119
0.971448 0.990247 0.981551 0.997875 0.954305 0.982232 0.971592 0.987074 0.987074 0.987074
0.980269 0.998339 0.990635 1.004272 0.958969 0.989846 0.973251 0.994218 0.994218 0.994218
0.900220 0.900055 0.916448 0.856747 0.883983 0.865192 0.889693 0.929488 0.929488 0.929488
0.980819 0.983590 1.000119 0.932327 0.962878 0.945014 0.965719 1.013838 1.013838 1.013838
0.961065 0.974158 0.980471 0.914635 0.957541 0.936353 0.918411 1.008459 1.008459 1.008459
0.535280 0.807267 0.805725 0.761549 0.769527 0.776873 0.746699 0.781848 0.781848 0.781848
0.684688 1.036131 1.032397 0.978061 0.988106 0.916742 0.950898 1.004346 1.004346 1.004346
0.692579 1.039001 1.041315 0.988924 0.992231 0.923663 0.953903 1.017638 1.017638 1.017638
0.701750 1.052462 1.056984 0.994778 1.004225 0.936764 0.967960 1.031642 1.031642 1.031642
0.700214 1.057747 1.064378 1.001487 1.010518 0.940754 0.965252 1.036469 1.036469 1.036469
0.649328 0.975757 0.981915 0.390934 0.930398 0.872393 0.883633 0.958606 0.958606 0.958606
0.749353 1.131114 1.135976 0.450152 1.077603 1.011004 1.021232 1.108261 1.108261 1.108261
0.743674 1.122685 1.131475 0.445935 1.068456 1.000306 1.012905 1.099043 1.099043 1.099043
0.724623 1.118924 1.126545 0.443119 1.056828 0.994225 0.978424 1.096693 1.096693 1.096693
0.702724 1.085450 1.083774 0.430768 0.990461 0.922118 0.919553 1.060771 1.060771 1.060771
0.695920 1.075692 0.993485 0.423896 0.962916 0.907491 0.913165 1.026395 1.026395 1.026395
0.756547 1.164997 1.080384 0.461315 1.043171 0.975748 0.991018 1.114491 1.114491 1.114491
0.758742 1.169152 1.083355 0.455957 1.048233 0.978381 0.990805 1.120101 1.120101 1.120101
0.757174 1.166840 1.078169 0.454874 1.045561 0.971137 0.984034 1.115972 1.115972 1.115972
0.754837 1.122951 1.058755 0.449047 1.040527 0.967632 0.978752 1.109615 1.109615 1.109615
0.752679 1.116409 1.062464 0.445238 1.047133 0.971371 0.982682 1.115549 1.115549 1.115549
0.760818 1.129021 1.049776 0.449541 1.056263 0.975887 0.992366 1.123651 1.123651 1.123651
0.761082 1.129893 1.047161 0.448335 1.060395 0.974795 0.990262 1.123642 1.123642 1.123642
0.764087 1.138847 1.052951 0.450013 1.060800 0.980145 0.998171 1.126593 1.126593 1.126593
0.724599 1.028950 1.012377 0.433205 0.993547 0.939649 0.910554 1.082149 1.082149 1.082149
0.659721 1.033928 1.020806 0.435344 0.959692 0.947918 0.899992 1.091305 1.091305 1.091305
0.702216 1.102098 1.085532 0.463542 1.022994 1.000285 0.956724 1.155328 1.155328 1.155328
0.699928 1.102556 1.085396 0.461858 1.021671 1.004085 0.954314 1.152711 1.152711 1.152711
0.701313 1.103042 1.090842 0.464190 1.026590 1.011310 0.958568 1.155771 1.155771 1.155771
0.689410 1.089938 1.083777 0.447931 1.021484 0.998927 0.949942 1.149728 1.149728 1.149728
0.692430 1.099391 1.091405 0.450075 1.023761 1.004650 0.933258 1.159028 1.159028 1.159028
0.696386 1.104372 1.097596 0.452313 1.022014 1.010291 0.919657 1.162965 1.162965 1.162965
0.691195 1.100950 1.095284 0.449553 1.020656 0.995582 0.895535 1.162866 1.162866 1.162866
0.690304 1.106222 1.103306 0.450597 1.021938 0.992863 0.893212 1.168595 1.168595 1.168595
0.693645 1.116154 1.111173 0.453254 1.028705 0.999670 0.899917 1.178830 1.178830 1.178830
0.693111 1.110733 1.109835 0.450530 1.024881 0.998934 0.898466 1.174488 1.174488 1.174488
0.700479 1.120054 1.123428 0.455914 1.036081 1.007812 0.907924 1.185928 1.185928 1.185928
0.698982 1.119072 1.122577 0.456005 1.036345 1.004731 0.907250 1.184045 1.184045 1.184045
0.654580 1.080993 1.055975 0.430099 1.000374 0.965378 0.855709 1.140714 1.140714 1.140714
0.676530 1.114222 1.095836 0.446491 1.034978 0.997221 0.886398 1.183109 1.183109 1.183109
0.676530 1.117646 1.100682 0.445035 1.037094 1.001443 0.878063 1.186141 1.186141 1.186141
0.653080 1.010189 0.980706 0.424201 0.985156 0.947105 0.807699 1.148929 1.148929 1.148929
0.700989 1.082605 1.050709 0.455288 1.055883 1.014828 0.866183 1.225306 1.225306 1.225306
0.688893 1.063777 1.029416 0.446709 1.042510 1.001992 0.847138 1.204598 1.204598 1.204598
0.649524 0.537265 0.977392 0.421748 0.988330 0.947130 0.790038 1.139999 1.139999 1.139999
0.715692 0.603949 1.098035 0.475211 1.101357 1.060944 0.887573 1.284286 1.284286 1.284286
0.717609 0.606358 1.102341 0.476659 1.105669 1.062965 0.892667 1.290808 1.290808 1.290808
0.704972 0.598324 1.080324 0.469684 1.089418 1.044549 0.880582 1.277983 1.277983 1.277983
0.711823 0.604085 1.088424 0.471844 1.095999 1.055612 0.887632 1.291535 1.291535 1.291535
0.705846 0.591057 1.079922 0.464170 1.071481 1.050946 0.872012 1.267753 1.267753 1.267753
0.724804 0.606912 1.104306 0.475379 1.101483 1.078980 0.895151 1.301797 1.301797 1.301797
0.713926 0.599502 1.082090 0.466247 1.086490 1.052171 0.878360 1.279818 1.279818 1.279818
0.701416 0.595593 1.080313 0.453306 1.085192 1.044808 0.872667 1.278988 1.278988 1.278988
0.717247 0.609678 1.099997 0.462134 1.106877 1.067094 0.891029 1.307716 1.307716 1.307716
0.691649 0.580013 0.997905 0.442090 1.060554 1.010607 0.856600 1.252593 1.252593 1.252593
0.716194 0.591024 1.031985 0.457570 1.088452 1.046839 0.884671 1.293628 1.293628 1.293628
0.722555 0.601897 1.051762 0.464675 1.109074 1.065333 0.899041 1.312752 1.312752 1.312752
