0.989858 0.989824 0.985733 0.987245 0.990959 0.989681 0.989546 0.989853 0.989853 0.989853
0.982892 0.984262 0.977870 0.980628 0.985415 0.974251 0.981312 0.977581 0.977581 0.977581
0.977159 0.981301 0.967123 0.970749 0.981057 0.958893 0.971873 0.970028 0.970028 0.970028
0.962040 0.976938 0.967550 0.945774 0.981929 0.954171 0.967590 0.971422 0.971422 0.971422
0.977312 0.992533 0.980229 0.960491 0.997034 0.964132 0.978253 0.985240 0.985240 0.985240
0.975810 0.998169 0.987731 0.967600 1.003937 0.968870 0.976153 0.990496 0.990496 0.990496
0.976168 0.999199 0.987945 0.953945 1.006259 0.969031 0.973478 0.992967 0.992967 0.992967
0.980408 1.004805 0.993606 0.960331 1.013051 0.972342 0.979072 0.997827 0.997827 0.997827
0.533054 0.812843 0.797081 0.780562 0.794757 0.787528 0.777069 0.755190 0.755190 0.755190
0.686690 1.051714 1.032347 1.006903 1.030138 1.007246 0.982099 0.980072 0.980072 0.980072
0.678417 1.060019 1.039867 1.017246 1.029264 1.011634 0.989273 0.989966 0.989966 0.989966
0.686549 1.070348 1.054015 1.030782 1.041907 1.021995 1.001028 1.000950 1.000950 1.000950
0.680853 1.061605 1.049080 1.020388 1.032317 1.010450 0.992148 0.991907 0.991907 0.991907
0.678037 1.054356 1.049002 1.020672 1.029099 1.005737 0.990272 0.991276 0.991276 0.991276
0.684899 1.064068 1.059800 1.028273 1.035194 1.014578 0.992986 0.999479 0.999479 0.999479
0.634251 0.980237 0.976347 0.400837 0.951805 0.939558 0.907771 0.923123 0.923123 0.923123
0.727770 1.126243 1.121697 0.460110 1.093495 1.077263 1.044800 1.061771 1.061771 1.061771
0.714813 1.109982 1.103626 0.453749 1.078159 0.976124 1.021662 1.047316 1.047316 1.047316
0.729616 1.138968 1.132076 0.464474 1.101263 0.999196 1.040923 1.067986 1.067986 1.067986
0.729481 1.138435 1.133884 0.461032 1.099805 0.999940 1.042266 1.068335 1.068335 1.068335
0.727368 1.145844 1.142124 0.462726 1.107559 1.005726 1.046830 1.071472 1.071472 1.071472
0.680088 0.573894 1.075372 0.433231 1.041254 0.942742 0.968139 1.005567 1.005567 1.005567
0.756017 0.629495 1.196139 0.477779 1.141194 1.052198 1.066242 1.106543 1.106543 1.106543
0.768967 0.642245 1.222009 0.484378 1.163115 1.074752 1.074308 1.128381 1.128381 1.128381
0.757539 0.630817 1.211529 0.474488 1.156411 1.065919 1.065639 1.120760 1.120760 1.120760
0.748766 0.630226 1.198103 0.469550 1.160046 1.065376 1.022288 1.124552 1.124552 1.124552
0.755888 0.614186 1.191398 0.469393 1.169051 1.074946 1.029651 1.132277 1.132277 1.132277
0.720722 0.592260 1.137026 0.456562 1.144578 1.035539 0.994626 1.097308 1.097308 1.097308
0.726543 0.597232 1.137055 0.461365 1.115062 0.998365 0.971697 1.103281 1.103281 1.103281
0.758487 0.627285 1.197286 0.483391 1.167055 1.040755 1.013095 1.158957 1.158957 1.158957
0.657292 0.599940 1.149070 0.462366 1.072957 0.999311 0.953083 1.112433 1.112433 1.112433
0.660415 0.621778 1.159702 0.467894 1.111227 1.030175 0.964477 1.149860 1.149860 1.149860
0.686554 0.643952 1.205992 0.486931 1.151201 1.059223 1.000935 1.193956 1.193956 1.193956
0.694719 0.650594 1.218083 0.492686 1.163191 1.069967 1.011940 1.200407 1.200407 1.200407
0.689955 0.646442 1.182497 0.488752 1.152820 1.056149 1.004048 1.187988 1.187988 1.187988
0.688783 0.647723 1.184200 0.487738 1.153132 1.061821 1.003086 1.187153 1.187153 1.187153
0.691736 0.649735 1.189229 0.489468 1.149533 1.066268 0.987066 1.189497 1.189497 1.189497
0.652666 0.613466 1.038638 0.458897 1.064752 0.999766 0.933887 1.096559 1.096559 1.096559
0.696190 0.657765 1.119730 0.480508 1.149619 1.071565 1.004244 1.183657 1.183657 1.183657
0.690001 0.657620 1.110689 0.479195 1.115807 1.060353 0.986580 1.170756 1.170756 1.170756
0.703855 0.669794 1.136424 0.490314 1.141430 1.087273 1.008877 1.195067 1.195067 1.195067
0.692507 0.661920 1.115412 0.483870 1.126357 1.070055 0.996726 1.184985 1.184985 1.184985
0.644201 0.604490 1.045256 0.418141 1.051741 0.947423 0.922963 1.122195 1.122195 1.122195
0.707761 0.664833 1.143502 0.458007 1.152589 1.039640 1.012512 1.232787 1.232787 1.232787
0.702665 0.662032 1.137109 0.454160 1.143992 1.034737 1.001456 1.225276 1.225276 1.225276
0.701565 0.660937 1.132832 0.451151 1.138042 1.034010 0.998193 1.224432 1.224432 1.224432
0.701447 0.661106 1.129427 0.449708 1.141905 1.032320 0.995562 1.223791 1.223791 1.223791
0.699620 0.655366 1.130595 0.447578 1.111845 1.029090 0.990741 1.223870 1.223870 1.223870
0.702403 0.660785 1.138096 0.449541 1.113877 1.034572 0.972951 1.233277 1.233277 1.233277
0.706122 0.666916 1.145923 0.451829 1.115797 1.041645 0.982038 1.238175 1.238175 1.238175
0.699417 0.650055 1.133577 0.447335 1.095401 1.032117 0.970160 1.223187 1.223187 1.223187
0.690157 0.656106 1.142974 0.450156 1.097241 1.038872 0.949037 1.236075 1.236075 1.236075
0.695775 0.664171 1.154904 0.454298 1.108136 1.049431 0.959301 1.250997 1.250997 1.250997
0.668631 0.597608 1.024380 0.431079 1.047895 0.988016 0.878450 1.206288 1.206288 1.206288
0.701253 0.621341 1.071293 0.451924 1.091036 1.032148 0.913691 1.267282 1.267282 1.267282
0.704647 0.624261 1.073182 0.453378 1.101437 1.042006 0.913693 1.273876 1.273876 1.273876
0.711628 0.627868 1.083345 0.455469 1.109069 1.052365 0.921969 1.282747 1.282747 1.282747
0.673548 0.566184 1.039589 0.437611 1.036750 1.006938 0.839417 1.229763 1.229763 1.229763
0.690633 0.572740 1.002817 0.445136 1.056257 1.014015 0.858077 1.252507 1.252507 1.252507
0.726121 0.604868 1.056952 0.466969 1.114547 1.070591 0.903478 1.319230 1.319230 1.319230
