0.981272 0.980994 0.983021 0.974181 0.980154 0.982184 0.982719 0.981775 0.981775 0.981775
0.973628 0.973218 0.972377 0.965033 0.977062 0.979103 0.970370 0.974480 0.974480 0.974480
0.991504 0.988891 0.991815 0.984033 0.995294 0.995360 0.988085 0.991497 0.991497 0.991497
0.989327 0.987965 0.991003 0.984171 0.995488 0.992258 0.987293 0.989864 0.989864 0.989864
0.946564 0.885056 0.875151 0.929777 0.937246 0.930096 0.900121 0.950305 0.950305 0.950305
1.003737 0.942379 0.930125 0.986975 0.995618 0.988253 0.957021 1.011633 1.011633 1.011633
1.000385 0.942119 0.931120 0.980470 0.994324 0.989124 0.944857 1.010839 1.010839 1.010839
1.009014 0.949391 0.939314 0.986311 0.998733 0.996342 0.946044 1.017696 1.017696 1.017696
0.988135 0.934562 0.929699 0.948161 0.990005 0.980418 0.933983 1.008543 1.008543 1.008543
0.924960 0.870244 0.865753 0.373606 0.920100 0.917743 0.863065 0.941568 0.941568 0.941568
0.975976 0.901456 0.920239 0.366207 0.974512 0.921676 0.906508 1.011409 1.011409 1.011409
1.058153 0.971402 1.001362 0.396194 1.031439 0.998755 0.980630 1.099504 1.099504 1.099504
1.047530 0.970063 0.992126 0.394652 0.999942 0.987159 0.962264 1.086259 1.086259 1.086259
1.070345 0.995116 1.015329 0.403165 1.018090 1.010205 0.987177 1.108455 1.108455 1.108455
1.053894 0.976905 1.006102 0.394730 1.011699 1.001385 0.978705 1.100401 1.100401 1.100401
1.062881 0.983724 1.017758 0.399316 1.023214 1.015183 0.989493 1.110533 1.110533 1.110533
1.003799 0.958305 0.965490 0.379823 0.996071 0.983688 0.941189 1.078961 1.078961 1.078961
1.047738 1.004735 1.010243 0.395567 1.043431 1.031053 0.983813 1.128212 1.128212 1.128212
1.037605 0.998012 1.002095 0.391268 1.033071 1.023637 0.970649 1.118548 1.118548 1.118548
1.026800 0.979071 0.988829 0.387034 1.014885 1.008996 0.952599 1.108772 1.108772 1.108772
1.030712 0.987114 0.997944 0.389038 1.025039 1.005590 0.938140 1.121259 1.121259 1.121259
1.036051 0.992649 1.000268 0.389868 1.034020 1.009317 0.940673 1.126667 1.126667 1.126667
1.037425 0.993877 0.999392 0.388406 1.031620 1.011529 0.940323 1.129151 1.129151 1.129151
0.898558 0.950069 0.958658 0.371323 0.947961 0.970756 0.884172 1.083273 1.083273 1.083273
0.956501 1.011465 1.024196 0.394555 1.008165 1.030230 0.940642 1.152270 1.152270 1.152270
0.525607 0.826964 0.830391 0.324120 0.799366 0.843320 0.754538 0.881386 0.881386 0.881386
0.684381 1.075504 1.081188 0.421718 1.033158 1.097960 0.962647 1.144990 1.144990 1.144990
0.691110 1.087223 1.087175 0.424576 1.040677 1.107411 0.970659 1.156125 1.156125 1.156125
0.660593 1.039542 1.030869 0.406811 0.961308 1.012335 0.899146 1.102186 1.102186 1.102186
0.689545 1.091707 1.085330 0.426176 1.005998 1.055178 0.937329 1.157654 1.157654 1.157654
0.651557 1.032285 0.949293 0.400147 0.933177 0.990825 0.888137 1.068777 1.068777 1.068777
0.707221 1.120572 1.027582 0.434198 1.012409 1.069719 0.959405 1.158200 1.158200 1.158200
0.710015 1.125748 1.031488 0.429605 1.018387 1.073731 0.960204 1.165250 1.165250 1.165250
0.706024 1.127509 1.035130 0.431014 1.021243 1.074594 0.954223 1.166674 1.166674 1.166674
0.695988 1.096720 1.021018 0.421517 0.992539 1.063567 0.931931 1.138471 1.138471 1.138471
0.710614 1.115547 1.042810 0.430833 1.009880 1.074027 0.949886 1.161019 1.161019 1.161019
0.665914 0.559974 0.984068 0.404277 0.951554 1.009026 0.880454 1.092052 1.092052 1.092052
0.744960 0.628753 1.104340 0.452095 1.066605 1.136792 0.985697 1.222899 1.222899 1.222899
0.731126 0.623721 1.084379 0.444226 1.062392 1.128178 0.938912 1.218359 1.218359 1.218359
0.737944 0.607736 1.078113 0.443996 1.070442 1.138103 0.945500 1.226504 1.226504 1.226504
0.743491 0.614922 1.089092 0.447515 1.076179 1.148199 0.931796 1.240287 1.240287 1.240287
0.748116 0.619043 1.071197 0.449787 1.080628 1.148295 0.936703 1.243619 1.243619 1.243619
0.745044 0.618253 1.061265 0.446029 1.077718 1.132159 0.929306 1.236156 1.236156 1.236156
0.753005 0.625676 1.073935 0.450961 1.090577 1.143373 0.942103 1.252354 1.252354 1.252354
0.729079 0.597649 0.978217 0.433153 1.049177 1.087244 0.909378 1.204434 1.204434 1.204434
0.758830 0.620356 1.022287 0.452827 1.093108 1.131010 0.948621 1.257989 1.257989 1.257989
0.753373 0.606079 1.013625 0.449366 1.075623 1.123271 0.939327 1.245652 1.245652 1.245652
0.750740 0.606641 1.007651 0.449151 1.075041 1.119670 0.939924 1.250995 1.250995 1.250995
0.758509 0.616165 1.023136 0.455101 1.086932 1.134501 0.947923 1.262736 1.262736 1.262736
0.743911 0.616505 1.023080 0.456425 1.078096 1.131141 0.947890 1.266190 1.266190 1.266190
0.754455 0.624268 1.035667 0.462861 1.091780 1.145191 0.960473 1.275902 1.275902 1.275902
0.707482 0.557735 0.984650 0.440602 1.011155 1.085628 0.866390 1.211895 1.211895 1.211895
0.748634 0.591019 1.040938 0.466388 1.071526 1.138879 0.915599 1.275463 1.275463 1.275463
0.729495 0.582359 1.030721 0.449731 1.061484 1.121651 0.902218 1.264201 1.264201 1.264201
0.738053 0.594748 1.053442 0.458005 1.084650 1.144692 0.919463 1.286514 1.286514 1.286514
0.736389 0.590981 1.050612 0.454576 1.079013 1.142149 0.916618 1.279872 1.279872 1.279872
0.742950 0.596226 1.055555 0.457415 1.089838 1.152119 0.924494 1.291269 1.291269 1.291269
0.725903 0.584542 1.033114 0.448730 1.068929 1.038488 0.899288 1.267022 1.267022 1.267022
0.699269 0.569486 0.996131 0.440965 1.057342 1.010733 0.877655 1.240552 1.240552 1.240552
0.713767 0.594577 1.038970 0.459024 1.095585 1.052377 0.888107 1.296786 1.296786 1.296786
