0.958592 0.961625 0.962322 0.964092 0.959123 0.964583 0.957296 0.957296 0.957296 0.957296
0.963559 0.978300 0.965837 0.935773 0.958293 0.978097 0.976244 0.976244 0.976243 0.976243
0.984264 0.996823 0.985607 0.954232 0.978441 0.998332 0.999857 0.999857 0.999857 0.999857
0.972513 0.989998 0.977573 0.948001 0.969632 0.988739 0.995385 0.995385 0.995385 0.995385
0.962606 0.980217 0.962090 0.936522 0.952123 0.972128 0.979985 0.979985 0.979985 0.979985
0.965965 0.979667 0.956986 0.934487 0.947404 0.968137 0.974600 0.974600 0.974600 0.974600
0.977580 0.986822 0.966111 0.939738 0.959347 0.981064 0.985744 0.985744 0.985744 0.985744
0.984011 0.996790 0.973214 0.949829 0.965293 0.990561 0.996949 0.996949 0.996949 0.996949
0.977517 0.992882 0.967956 0.942636 0.960855 0.983894 0.993649 0.993649 0.993649 0.993649
0.972595 0.984412 0.960463 0.935771 0.952229 0.979678 0.982520 0.982520 0.982520 0.982520
0.973891 0.987132 0.949821 0.941555 0.953934 0.983440 0.990080 0.990080 0.990080 0.990080
0.928591 0.958800 0.927061 0.871743 0.886947 0.948625 0.955952 0.955952 0.955952 0.955952
0.981053 1.012969 0.979437 0.905915 0.937056 1.002219 1.004394 1.004394 1.004394 1.004394
0.965827 1.011668 0.977943 0.901774 0.934947 1.001551 1.004839 1.004839 1.004840 1.004840
0.963563 1.013237 0.979266 0.903173 0.936397 1.003104 1.006874 1.006874 1.006874 1.006874
0.939144 0.992185 0.963647 0.882431 0.911071 0.975562 0.982649 0.982649 0.982649 0.982649
0.969443 1.024195 0.994736 0.910901 0.940465 1.007036 1.009421 1.009421 1.009421 1.009421
0.883808 0.938001 0.900775 0.838967 0.832620 0.913359 0.912431 0.912431 0.912431 0.912431
0.952749 1.011900 0.973092 0.901819 0.898291 0.987833 0.977488 0.977488 0.977488 0.977488
0.968173 1.026331 0.987036 0.916767 0.914924 1.003167 0.995304 0.995304 0.995305 0.995305
0.977346 1.036054 0.996387 0.925452 0.923592 1.012672 0.999151 0.999151 0.999152 0.999152
0.902510 0.977720 0.951539 0.890072 0.856043 0.927433 0.965087 0.965087 0.965088 0.965088
0.934954 1.009641 0.982379 0.914231 0.873579 0.955996 0.995820 0.995820 0.995821 0.995821
0.930479 1.000718 0.958554 0.909582 0.860618 0.944021 0.981583 0.981583 0.981584 0.981584
0.964343 1.031417 0.992231 0.938701 0.890677 0.972181 1.016630 1.016630 1.016631 1.016631
0.917053 0.978718 0.965198 0.910521 0.867237 0.943446 0.974160 0.974160 0.974161 0.974161
0.866046 0.956614 0.917895 0.861356 0.801777 0.914724 0.961834 0.961834 0.961835 0.961835
0.913978 1.010855 0.964036 0.908257 0.838818 0.958466 1.006998 1.006998 1.007000 1.007000
0.929757 1.026301 0.979869 0.914743 0.851259 0.971983 1.025512 1.025512 1.025513 1.025513
0.847880 0.935923 0.922374 0.862128 0.793768 0.886387 0.967269 0.967269 0.967271 0.967271
0.906137 1.008342 0.982508 0.922753 0.848031 0.952515 1.041790 1.041790 1.041791 1.041791
0.900856 1.006922 0.980662 0.917129 0.848697 0.948302 1.041767 1.041767 1.041768 1.041768
0.897430 1.003818 0.975970 0.917291 0.849262 0.948774 1.043622 1.043622 1.043623 1.043623
0.830814 0.929305 0.933180 0.836767 0.812027 0.882976 0.985167 0.985167 0.985168 0.985168
0.886026 0.994331 0.992706 0.894407 0.864126 0.941981 1.054653 1.054653 1.054655 1.054655
0.885076 0.993265 0.991641 0.893448 0.863199 0.940970 1.041577 1.041577 1.041578 1.041578
0.884831 0.986127 0.984159 0.890013 0.863971 0.940122 1.036358 1.036358 1.036359 1.036359
0.831581 0.921823 0.904625 0.825410 0.795638 0.884943 0.989336 0.989336 0.989337 0.989337
0.887658 0.982348 0.963380 0.879525 0.847893 0.943308 1.053348 1.053348 1.053350 1.053350
0.880721 0.978596 0.950638 0.876783 0.842151 0.938193 1.046449 1.046449 1.046450 1.046450
0.827743 0.914467 0.887583 0.810201 0.775439 0.886962 1.018531 1.018531 1.018532 1.018532
0.854266 0.945604 0.921576 0.841765 0.801856 0.918131 1.042181 1.042181 1.042183 1.042183
0.850812 0.941780 0.872409 0.829712 0.798614 0.869148 1.030134 1.030134 1.030136 1.030136
0.868280 0.962728 0.894387 0.817774 0.809926 0.782356 1.059450 1.059450 1.059451 1.059451
0.844883 0.928367 0.888545 0.811774 0.777609 0.769373 1.031961 1.031961 1.031962 1.031962
0.901953 1.000412 0.951878 0.874409 0.836526 0.824057 1.115206 1.115206 1.115207 1.115207
0.880668 0.991914 0.923849 0.863117 0.825690 0.816336 1.106788 1.106788 1.106789 1.106789
0.832687 0.954542 0.897238 0.804711 0.781185 0.785668 1.059401 1.059401 1.059402 1.059402
0.873464 0.973659 0.915207 0.844142 0.815439 0.824144 1.111975 1.111975 1.111976 1.111976
0.848867 0.982878 0.923891 0.849717 0.803207 0.831652 1.123340 1.123340 1.123341 1.123341
0.843768 0.980935 0.925519 0.848543 0.795998 0.832695 1.127180 1.127180 1.127181 1.127181
0.846772 0.986232 0.924043 0.855582 0.799246 0.833280 1.138061 1.138061 1.138062 1.138062
0.778627 0.925222 0.864974 0.800298 0.567021 0.762193 1.073229 1.073229 1.073229 1.073229
0.758577 0.933848 0.851902 0.807760 0.572308 0.746256 1.069157 1.069157 1.069158 1.069158
0.762884 0.938363 0.843678 0.624667 0.572146 0.747484 1.077000 1.077000 1.077002 1.077002
0.815771 1.001082 0.914807 0.670066 0.614932 0.805860 1.177633 1.177633 1.177635 1.177635
0.830153 1.012758 0.928116 0.671667 0.622860 0.818630 1.191827 1.191827 1.191828 1.191828
0.778785 0.885957 0.870686 0.637271 0.528835 0.718906 1.133094 1.133094 1.133096 1.133096
0.840397 0.950872 0.935636 0.684690 0.569900 0.773406 1.208173 1.208173 1.208175 1.208175
0.860860 0.973437 0.953668 0.698592 0.582218 0.791229 1.239462 1.239462 1.239464 1.239464
0.862397 0.971073 0.953423 0.697738 0.581567 0.787763 1.245709 1.245709 1.245711 1.245711
0.865386 0.974967 0.957203 0.698465 0.581339 0.791869 1.251757 1.251757 1.251759 1.251759
0.769319 0.870311 0.862402 0.619743 0.532389 0.727635 1.159505 1.159505 1.159506 1.159506
0.806152 0.908289 0.871091 0.651087 0.552615 0.768276 1.229552 1.229552 1.229554 1.229554
0.815033 0.925207 0.880210 0.662522 0.561621 0.778907 1.244189 1.244189 1.244190 1.244190
0.820493 0.933405 0.883042 0.658437 0.561624 0.775997 1.261155 1.261155 1.261157 1.261157
0.837194 0.952690 0.900945 0.667967 0.568913 0.791904 1.289911 1.289911 1.289913 1.289913
0.836879 0.952332 0.900606 0.667716 0.568699 0.791606 1.280764 1.280764 1.280766 1.280766
0.793994 0.951579 0.899894 0.667188 0.568250 0.790980 1.270625 1.270625 1.270627 1.270627
0.776619 0.950336 0.904275 0.670436 0.571016 0.773672 1.270683 1.270683 1.270685 1.270685
0.711484 0.818794 0.779108 0.577637 0.523125 0.666583 1.107791 1.107791 1.107793 1.107793
0.806300 0.923022 0.880407 0.654072 0.584547 0.743050 1.246373 1.246373 1.246375 1.246375
0.801647 0.917695 0.875326 0.588823 0.525041 0.738761 1.230727 1.230727 1.230729 1.230729
0.838740 0.961797 0.915539 0.615554 0.550311 0.774689 1.288053 1.288053 1.288055 1.288055
0.833469 0.950615 0.914309 0.616918 0.547758 0.774765 1.293555 1.293555 1.293557 1.293557
0.823591 0.938556 0.906638 0.613096 0.540644 0.767972 1.282751 1.282751 1.282753 1.282753
0.830713 0.947156 0.914120 0.617636 0.544049 0.775108 1.294126 1.294126 1.294128 1.294128
0.712024 0.863953 0.783514 0.529391 0.466317 0.707018 1.166472 1.166472 1.166474 1.166474
0.792518 0.961622 0.872090 0.589238 0.519034 0.786946 1.277853 1.277853 1.277854 1.277854
0.739606 0.903750 0.753362 0.552553 0.488442 0.726726 1.217725 1.217725 1.217726 1.217726
0.698323 0.905691 0.686789 0.553740 0.461179 0.647639 1.215988 1.215988 1.215989 1.215989
0.768896 0.996103 0.758852 0.612219 0.508658 0.715954 1.342978 1.342978 1.342979 1.342979
0.727033 0.957629 0.726108 0.585697 0.486780 0.679903 1.265649 1.265649 1.265650 1.265650
0.614605 0.832005 0.608629 0.490935 0.411504 0.569899 1.131866 1.131866 1.131868 1.131868
0.740442 1.005087 0.732694 0.589639 0.498653 0.688804 1.369085 1.369085 1.369087 1.369087
0.688452 0.934515 0.681248 0.548238 0.463640 0.640439 1.199154 1.199154 1.199156 1.199156
0.759937 1.037306 0.757481 0.605879 0.514707 0.690496 1.341908 1.341908 1.341909 1.341909
0.767755 1.047977 0.722944 0.608828 0.520002 0.693857 1.351954 1.351954 1.351955 1.351955
0.776380 1.058663 0.729384 0.615243 0.523524 0.697550 1.369269 1.369269 1.369271 1.369271
0.768144 1.045593 0.719523 0.609971 0.520089 0.692102 1.364688 1.364688 1.364689 1.364689
0.662923 0.906053 0.607788 0.559395 0.468641 0.580937 1.248998 1.248998 1.248999 1.248999
0.720814 0.986838 0.648440 0.608387 0.503066 0.637222 1.370608 1.370608 1.370609 1.370609
0.748262 1.024417 0.673133 0.631554 0.522223 0.661488 1.422801 1.422801 1.422802 1.422802
0.744061 1.018665 0.669353 0.628009 0.519291 0.657774 1.406702 1.406702 1.406702 1.406702
0.672711 0.920982 0.605167 0.567787 0.469494 0.594698 1.186149 1.186149 1.186149 1.186149
0.719305 1.000875 0.677793 0.633481 0.513440 0.664425 1.322423 1.322423 1.322422 1.322422
0.726950 1.030232 0.694887 0.642755 0.520568 0.680716 1.362520 1.362520 1.362520 1.362520
0.721942 1.028230 0.687049 0.638048 0.518725 0.651672 1.357684 1.357684 1.357683 1.357683
0.729935 1.031936 0.690591 0.642660 0.523766 0.653062 1.376757 1.376757 1.376756 1.376756
0.733287 1.036035 0.692836 0.646186 0.525290 0.654997 1.386646 1.386646 1.386645 1.386645
