0.987416 0.987416 0.987416 0.971250 0.987416 0.987416 0.981974 0.981974 0.981974 0.981974
0.973244 0.978089 0.968940 0.956890 0.976524 0.938182 0.971133 0.971133 0.971133 0.971133
0.909546 0.914075 0.935246 0.881169 0.942566 0.881400 0.925434 0.925434 0.925434 0.925434
0.960759 0.970930 0.995125 0.931883 1.001326 0.909372 0.991011 0.991011 0.991011 0.991011
0.960710 0.971584 0.994096 0.935560 1.005768 0.913253 0.996516 0.996516 0.996516 0.996516
0.861545 0.902664 0.901218 0.869195 0.934423 0.823056 0.913795 0.913795 0.913795 0.913795
0.912624 0.957785 0.959010 0.889224 0.983649 0.769002 0.975491 0.975491 0.975491 0.975491
0.944103 0.990821 0.992088 0.919895 1.017577 0.795527 0.993213 0.993213 0.993213 0.993213
0.911266 0.974226 0.980232 0.862170 0.957763 0.776807 0.970778 0.970778 0.970777 0.970777
0.964444 1.031078 1.037434 0.912483 1.013655 0.822139 1.021720 1.021720 1.021720 1.021720
0.954718 1.030295 1.030560 0.911412 1.011158 0.816537 1.023846 1.023846 1.023845 1.023845
0.939981 1.013535 1.018208 0.902481 0.994406 0.806442 1.011613 1.011613 1.011612 1.011612
0.929073 0.997695 0.986707 0.891740 0.972940 0.790885 0.990318 0.990318 0.990317 0.990317
0.957097 1.031385 1.017250 0.922435 1.001908 0.817251 1.025042 1.025042 1.025042 1.025042
0.956426 1.026327 1.014465 0.919021 0.998304 0.811652 1.027652 1.027652 1.027651 1.027651
0.957325 1.027291 0.959253 0.914950 0.999242 0.808057 1.025766 1.025766 1.025766 1.025766
0.958424 1.026665 0.957528 0.917888 1.004480 0.811272 1.034481 1.034481 1.034480 1.034480
0.876226 0.938614 0.875407 0.839166 0.918332 0.741695 0.890928 0.890928 0.890928 0.890928
0.988471 1.059426 0.988038 0.944378 1.031989 0.838162 1.006449 1.006449 1.006448 1.006448
0.892231 0.956278 0.920579 0.880982 0.952479 0.756557 0.939609 0.939609 0.939608 0.939608
0.959731 1.029149 0.989835 0.946463 1.022149 0.814313 1.010913 1.010913 1.010912 1.010912
0.957093 1.031610 0.990899 0.949029 1.022369 0.813990 1.015752 1.015752 1.015752 1.015752
0.938942 1.006713 0.969322 0.930257 0.988951 0.785482 0.989307 0.989307 0.989307 0.989307
0.878113 0.974428 0.912872 0.871487 0.905431 0.754178 0.967311 0.967311 0.967311 0.967311
0.946672 1.050823 0.984067 0.934115 0.969068 0.813176 1.045335 1.045335 1.045335 1.045335
0.927270 1.031496 0.960564 0.903277 0.942895 0.788253 1.030967 1.030967 1.030967 1.030967
0.931315 1.031815 0.956300 0.902098 0.939038 0.785700 1.026195 1.026195 1.026195 1.026195
0.952357 1.055127 0.977907 0.922480 0.960255 0.803452 1.042330 1.042330 1.042330 1.042330
0.943791 1.041963 0.966474 0.912118 0.947847 0.796825 1.026553 1.026553 1.026553 1.026553
0.936907 1.046875 0.957966 0.874337 0.935272 0.797960 1.033879 1.033879 1.033879 1.033879
0.941891 1.050691 0.960819 0.877445 0.938700 0.801092 1.036718 1.036718 1.036718 1.036718
0.958431 1.069142 0.977692 0.892853 0.955184 0.815159 1.048875 1.048875 1.048875 1.048875
0.934705 1.058804 0.947779 0.880279 0.941694 0.806566 1.039725 1.039725 1.039725 1.039725
0.916717 1.060273 0.954962 0.886951 0.948831 0.791044 1.042578 1.042578 1.042578 1.042578
0.865673 1.017988 0.912561 0.847417 0.906834 0.750229 0.981262 0.981262 0.981261 0.981261
0.898580 1.064640 0.946738 0.885326 0.946222 0.780922 1.019458 1.019458 1.019457 1.019457
0.908786 1.075524 0.960854 0.899079 0.958613 0.792963 1.034194 1.034194 1.034194 1.034194
0.912737 1.083762 0.962617 0.905044 0.960706 0.796686 1.042661 1.042661 1.042660 1.042660
0.822929 0.977126 0.867901 0.815993 0.866178 0.718297 0.876753 0.876753 0.876752 0.876752
0.754530 0.920771 0.789031 0.741840 0.794185 0.653022 0.850417 0.850417 0.850416 0.850416
0.851864 0.969378 0.890815 0.847060 0.811494 0.690155 0.973014 0.973014 0.973013 0.973013
0.931316 1.057722 0.973095 0.916848 0.885058 0.752179 1.064936 1.064936 1.064936 1.064936
0.924344 1.043648 0.962885 0.896356 0.874343 0.745238 1.051170 1.051170 1.051170 1.051170
0.937702 1.056722 0.975013 0.909655 0.889010 0.755513 1.068500 1.068500 1.068500 1.068500
0.906324 1.023348 0.948100 0.885108 0.860948 0.732425 1.023918 1.023918 1.023918 1.023918
0.937031 1.059959 0.975188 0.919413 0.890579 0.755084 1.065036 1.065036 1.065036 1.065036
0.872288 0.977854 0.926854 0.873135 0.818007 0.710390 0.992467 0.992467 0.992467 0.992467
0.925643 1.040497 0.982811 0.923704 0.873113 0.756281 1.057403 1.057403 1.057403 1.057403
0.930383 1.048645 0.989034 0.927524 0.879352 0.760054 1.066336 1.066336 1.066336 1.066336
0.944807 1.064903 1.004368 0.941904 0.892986 0.771838 1.082869 1.082869 1.082869 1.082869
0.863689 0.994838 0.949515 0.896784 0.819352 0.699762 1.035432 1.035432 1.035432 1.035432
0.899392 1.030393 0.993680 0.941843 0.854635 0.733369 1.089687 1.089687 1.089687 1.089687
0.773379 0.942912 0.854457 0.809883 0.734893 0.671105 0.985370 0.985370 0.985370 0.985370
0.851741 1.057672 0.954622 0.895486 0.811963 0.749264 1.106360 1.106360 1.106360 1.106360
0.747564 0.985298 0.808976 0.834210 0.712651 0.620700 1.026979 1.026979 1.026979 1.026979
0.798529 1.093223 0.897605 0.922959 0.771544 0.688444 1.140317 1.140317 1.140317 1.140317
0.738318 1.031253 0.844861 0.868085 0.550388 0.633187 1.081290 1.081290 1.081290 1.081290
0.787395 1.103281 0.904527 0.931100 0.587299 0.679496 1.151606 1.151606 1.151605 1.151605
0.801265 1.117479 0.918196 0.941504 0.597988 0.692373 1.171209 1.171209 1.171208 1.171208
0.791995 1.108999 0.902623 0.935019 0.591691 0.686014 1.159135 1.159135 1.159135 1.159135
0.769692 1.075441 0.897309 0.926861 0.588768 0.680353 1.135098 1.135098 1.135098 1.135098
0.797587 1.113744 0.925220 0.956660 0.608477 0.704112 1.178014 1.178014 1.178013 1.178013
0.796461 1.114070 0.923622 0.954510 0.608696 0.704705 1.176696 1.176696 1.176696 1.176696
0.794881 1.103650 0.916397 0.948997 0.606677 0.697090 1.177821 1.177821 1.177821 1.177821
0.790370 1.098953 0.899901 0.948180 0.603510 0.694869 1.178578 1.178578 1.178578 1.178578
0.722651 0.944968 0.773807 0.815321 0.551800 0.597504 1.025462 1.025462 1.025461 1.025461
0.834626 1.090719 0.892516 0.942495 0.636236 0.688970 1.187413 1.187413 1.187413 1.187413
0.812587 1.066891 0.877322 0.919845 0.618353 0.669321 1.157579 1.157579 1.157579 1.157579
0.770540 1.006273 0.813661 0.860734 0.574557 0.635692 1.114977 1.114977 1.114977 1.114977
0.777021 1.032775 0.842789 0.855870 0.579748 0.652508 1.138232 1.138232 1.138232 1.138232
0.810941 1.074426 0.876576 0.885639 0.596024 0.677606 1.183213 1.183213 1.183213 1.183213
0.832278 1.102695 0.899639 0.908941 0.611706 0.695434 1.208441 1.208441 1.208442 1.208442
0.814452 1.083452 0.887251 0.893612 0.596817 0.685511 1.193772 1.193772 1.193772 1.193772
0.814721 1.092601 0.884626 0.895254 0.596819 0.689519 1.203477 1.203477 1.203477 1.203477
0.814857 1.097050 0.888053 0.898900 0.599250 0.692327 1.208949 1.208949 1.208950 1.208950
0.818947 1.096474 0.891424 0.899593 0.601405 0.691395 1.214208 1.214208 1.214209 1.214209
0.808214 1.082440 0.874719 0.886080 0.588804 0.677775 1.191898 1.191898 1.191898 1.191898
0.806113 1.073781 0.868794 0.879925 0.586478 0.673943 1.174640 1.174640 1.174641 1.174641
0.817983 1.094436 0.885088 0.892641 0.599073 0.684832 1.198896 1.198896 1.198897 1.198897
0.735838 0.988590 0.806926 0.801467 0.555163 0.636775 1.123765 1.123765 1.123766 1.123766
0.761426 1.077367 0.879390 0.873440 0.605018 0.693958 1.215948 1.215948 1.215948 1.215948
0.772017 1.089622 0.890732 0.884061 0.613155 0.703061 1.236120 1.236120 1.236120 1.236120
0.745634 1.054160 0.844118 0.854047 0.584646 0.685004 1.204898 1.204898 1.204898 1.204898
0.731553 1.031849 0.839782 0.840546 0.576532 0.677582 1.208802 1.208802 1.208802 1.208802
0.742709 1.062734 0.864709 0.862856 0.593214 0.698295 1.247138 1.247138 1.247138 1.247138
0.721910 1.032973 0.840493 0.759409 0.520910 0.678739 1.203943 1.203943 1.203943 1.203943
0.749994 1.065742 0.866842 0.786137 0.541809 0.704704 1.244858 1.244858 1.244858 1.244858
0.748478 1.064955 0.860929 0.783883 0.536028 0.698265 1.232467 1.232467 1.232467 1.232467
0.703277 0.994915 0.803621 0.724171 0.493441 0.659969 1.199282 1.199282 1.199282 1.199282
0.649914 0.923178 0.726888 0.711148 0.476109 0.593186 1.175327 1.175327 1.175327 1.175327
0.664673 0.950801 0.688130 0.730808 0.491004 0.600312 1.227404 1.227404 1.227404 1.227404
0.716655 0.996874 0.721474 0.787984 0.526818 0.647261 1.324223 1.324223 1.324223 1.324223
0.694577 0.966163 0.664629 0.755830 0.510589 0.596263 1.273741 1.273741 1.273742 1.273742
0.723250 1.006774 0.693528 0.784777 0.532095 0.622913 1.318074 1.318074 1.318075 1.318075
0.688109 0.973519 0.691146 0.779073 0.517764 0.619242 1.307539 1.307539 1.307539 1.307539
0.715617 1.011398 0.717123 0.809659 0.536089 0.640233 1.361926 1.361926 1.361927 1.361927
0.650207 0.918181 0.641641 0.565692 0.484201 0.579380 1.239481 1.239481 1.239481 1.239481
0.697679 0.981231 0.663651 0.608557 0.514651 0.626413 1.345884 1.345884 1.345885 1.345885
0.721336 1.014503 0.686154 0.629192 0.532102 0.647653 1.375743 1.375743 1.375743 1.375743
0.667828 0.943552 0.630989 0.588503 0.478399 0.596528 1.262864 1.262864 1.262864 1.262864
