0.859170 0.911917 0.829550 0.911917 0.859170 0.810934 0.908664 0.908664 0.908664 0.908664
0.922475 0.981012 0.896072 0.985670 0.924286 0.873301 0.967277 0.967277 0.967277 0.967277
0.879456 0.941859 0.790775 0.944239 0.888569 0.823867 0.941645 0.941645 0.941644 0.941644
0.883948 0.941252 0.789592 0.933121 0.874993 0.832962 0.980163 0.980163 0.980163 0.980163
0.952888 1.012124 0.850324 1.004161 0.942807 0.897223 1.059400 1.059400 1.059400 1.059400
0.950848 1.009957 0.848503 0.985606 0.940788 0.895302 1.051305 1.051305 1.051305 1.051305
0.933618 0.992371 0.834888 0.964974 0.924484 0.881960 1.025835 1.025835 1.025835 1.025835
0.890269 0.962129 0.805635 0.930995 0.892221 0.844649 0.974963 0.974963 0.974962 0.974962
0.933918 1.011469 0.842211 0.964159 0.929742 0.876877 1.029812 1.029812 1.029812 1.029812
0.814202 0.938427 0.734250 0.840566 0.810561 0.813554 0.944137 0.944137 0.944137 0.944137
0.912090 1.056667 0.825679 0.946779 0.910709 0.913513 1.065639 1.065639 1.065639 1.065639
0.898221 1.046406 0.819066 0.933484 0.901985 0.878697 1.063895 1.063895 1.063895 1.063895
0.911801 1.062546 0.831384 0.942137 0.909004 0.892108 1.082571 1.082571 1.082571 1.082571
0.903532 1.057021 0.826898 0.937238 0.904277 0.887469 1.077451 1.077451 1.077451 1.077451
0.880679 1.035111 0.813750 0.915760 0.879865 0.863145 1.051581 1.051581 1.051581 1.051581
0.820834 0.998521 0.763763 0.854999 0.802828 0.825939 1.024717 1.024717 1.024717 1.024717
0.821987 1.016272 0.801134 0.893384 0.822256 0.864216 1.069940 1.069940 1.069940 1.069940
0.845731 1.049076 0.822213 0.921284 0.844185 0.889487 1.105054 1.105054 1.105054 1.105054
0.842359 1.041222 0.816707 0.915538 0.837487 0.886608 1.093827 1.093827 1.093827 1.093827
0.851699 1.052132 0.821670 0.922035 0.844513 0.895297 1.107627 1.107627 1.107627 1.107627
0.845981 1.039450 0.820211 0.923679 0.840232 0.894998 1.111878 1.111878 1.111877 1.111877
0.784924 0.959271 0.744307 0.845701 0.763903 0.831718 1.047886 1.047886 1.047885 1.047885
0.833060 1.032823 0.801182 0.907548 0.821679 0.896043 1.130184 1.130184 1.130183 1.130183
0.721306 0.897923 0.678987 0.835029 0.742827 0.754588 1.037768 1.037768 1.037767 1.037767
0.742690 0.924543 0.722063 0.847195 0.789953 0.781054 1.089560 1.089560 1.089560 1.089560
0.789500 0.955696 0.746394 0.900616 0.835642 0.830282 1.158957 1.158957 1.158957 1.158957
0.798416 0.968138 0.754584 0.910025 0.846579 0.841553 1.172388 1.172388 1.172388 1.172388
0.798235 0.968414 0.754117 0.908697 0.844415 0.841900 1.172378 1.172378 1.172378 1.172378
0.637724 0.795152 0.597380 0.719832 0.674619 0.666918 0.990855 0.990855 0.990855 0.990855
0.758254 0.952552 0.709900 0.861421 0.806311 0.795178 1.179160 1.179160 1.179160 1.179160
0.767861 0.960727 0.712594 0.867413 0.809654 0.799158 1.183410 1.183410 1.183410 1.183410
0.788311 0.986314 0.731572 0.890515 0.831218 0.820442 1.209022 1.209022 1.209022 1.209022
0.769068 0.957168 0.711670 0.868055 0.799585 0.787313 1.171009 1.171009 1.171009 1.171009
0.789942 0.979011 0.729496 0.888939 0.818907 0.803705 1.206700 1.206700 1.206700 1.206700
0.789553 0.978530 0.688807 0.883735 0.818504 0.799001 1.202762 1.202762 1.202763 1.202763
0.772481 0.958986 0.661243 0.864827 0.790590 0.788597 1.187619 1.187619 1.187620 1.187620
0.797045 0.989481 0.682269 0.892327 0.815729 0.813673 1.218359 1.218359 1.218359 1.218359
0.797735 0.990875 0.683200 0.890943 0.813298 0.815795 1.221103 1.221103 1.221103 1.221103
0.732079 0.847942 0.626970 0.826913 0.675490 0.700819 1.135652 1.135652 1.135652 1.135652
0.735847 0.851591 0.620590 0.639141 0.674943 0.701601 1.143378 1.143378 1.143378 1.143378
0.811063 0.937846 0.686421 0.708506 0.743078 0.775730 1.264715 1.264715 1.264715 1.264715
0.812372 0.937795 0.685929 0.708403 0.743052 0.775903 1.263514 1.263514 1.263514 1.263514
0.808987 0.935088 0.679785 0.704853 0.733543 0.767161 1.248247 1.248247 1.248247 1.248247
0.817966 0.946151 0.686653 0.715524 0.745012 0.779025 1.269176 1.269176 1.269176 1.269176
0.827040 0.956647 0.694270 0.723461 0.753276 0.787667 1.274634 1.274634 1.274635 1.274635
0.748126 0.865366 0.648262 0.676349 0.696738 0.712510 1.192547 1.192547 1.192548 1.192548
0.793658 0.921756 0.693091 0.720852 0.736935 0.761396 1.277123 1.277123 1.277124 1.277124
0.790903 0.913169 0.688593 0.707591 0.730958 0.757422 1.265714 1.265714 1.265715 1.265715
0.815551 0.941628 0.710053 0.729643 0.753738 0.781027 1.305160 1.305160 1.305161 1.305161
0.738699 0.856803 0.638822 0.667675 0.662987 0.703790 1.172120 1.172120 1.172120 1.172120
0.816191 0.946683 0.705836 0.737715 0.732536 0.777619 1.287882 1.287882 1.287883 1.287883
0.809885 0.939369 0.700383 0.732016 0.726877 0.771611 1.263442 1.263442 1.263443 1.263443
0.812194 0.950923 0.704834 0.740712 0.734562 0.776369 1.282617 1.282617 1.282617 1.282617
0.732801 0.857969 0.635936 0.668307 0.662758 0.700478 1.079297 1.079297 1.079297 1.079297
0.803807 0.938916 0.707330 0.735362 0.730686 0.774656 1.210574 1.210574 1.210574 1.210574
0.832643 0.967233 0.731814 0.758522 0.755828 0.797363 1.253168 1.253168 1.253167 1.253167
0.784168 0.927940 0.705511 0.693661 0.694126 0.759695 1.195118 1.195118 1.195118 1.195118
0.762242 0.921789 0.709221 0.702260 0.677226 0.732374 1.215139 1.215139 1.215138 1.215138
0.804162 0.971486 0.746504 0.740371 0.711320 0.768135 1.283962 1.283962 1.283961 1.283961
0.776493 0.938060 0.720819 0.647316 0.620506 0.741706 1.231327 1.231327 1.231326 1.231326
0.773652 0.984329 0.756373 0.679245 0.651112 0.778290 1.282848 1.282848 1.282847 1.282847
0.778371 0.993800 0.761572 0.686213 0.654836 0.785450 1.296814 1.296814 1.296813 1.296813
0.772568 0.984659 0.753670 0.682501 0.652612 0.781799 1.296593 1.296593 1.296592 1.296592
0.739969 0.943110 0.686130 0.646958 0.625074 0.711738 1.232510 1.232510 1.232509 1.232509
0.775481 0.988678 0.714952 0.676690 0.649863 0.740912 1.284763 1.284763 1.284762 1.284762
0.767965 0.982194 0.710779 0.673978 0.643922 0.738317 1.270592 1.270592 1.270591 1.270591
0.778169 0.999669 0.723083 0.682749 0.656818 0.749183 1.294992 1.294992 1.294991 1.294991
0.732337 0.957515 0.698977 0.633577 0.618514 0.717673 1.233762 1.233762 1.233761 1.233761
0.767233 1.011276 0.729875 0.664767 0.647775 0.756016 1.302627 1.302627 1.302626 1.302626
0.761898 1.005678 0.715815 0.663341 0.643565 0.752639 1.301789 1.301789 1.301788 1.301788
0.745483 1.004712 0.719549 0.666801 0.646922 0.736424 1.302300 1.302300 1.302299 1.302299
0.743599 1.004905 0.717193 0.663078 0.649055 0.736939 1.304224 1.304224 1.304223 1.304223
0.736642 0.999512 0.706607 0.659984 0.643658 0.731804 1.293668 1.293668 1.293668 1.293668
0.679890 0.867582 0.613339 0.572869 0.594069 0.635210 1.136235 1.136235 1.136235 1.136235
0.773654 0.992147 0.694839 0.651589 0.678277 0.696773 1.297281 1.297281 1.297280 1.297280
0.701309 0.903080 0.638346 0.589531 0.633392 0.652855 1.225328 1.225328 1.225327 1.225327
0.760306 0.981691 0.692880 0.638498 0.688059 0.707683 1.332806 1.332806 1.332805 1.332805
0.762195 0.983524 0.693675 0.640655 0.688614 0.708292 1.339565 1.339565 1.339564 1.339564
0.758590 0.977015 0.689130 0.637867 0.686927 0.704480 1.335902 1.335902 1.335902 1.335902
0.731008 0.937682 0.640118 0.616257 0.655706 0.684033 1.302729 1.302729 1.302728 1.302728
0.753371 0.961861 0.658078 0.631090 0.676155 0.705885 1.341800 1.341800 1.341800 1.341800
0.754255 0.964754 0.655466 0.634811 0.677298 0.704700 1.351529 1.351529 1.351529 1.351529
0.753189 0.956276 0.650710 0.631504 0.675437 0.697483 1.353594 1.353594 1.353593 1.353593
0.753458 0.954752 0.650405 0.625444 0.674062 0.695564 1.355570 1.355570 1.355569 1.355569
0.748251 0.947091 0.648179 0.623687 0.670554 0.693532 1.350326 1.350326 1.350325 1.350325
0.745691 0.940844 0.643756 0.616269 0.658285 0.687722 1.340374 1.340374 1.340374 1.340374
0.751819 0.942020 0.644327 0.619117 0.664472 0.692940 1.344991 1.344991 1.344990 1.344990
0.731479 0.918071 0.629758 0.581756 0.642462 0.594660 1.318768 1.318768 1.318767 1.318767
0.732534 0.917409 0.645120 0.594246 0.658762 0.607717 1.330757 1.330757 1.330756 1.330756
0.742419 0.944172 0.649910 0.608856 0.674931 0.624895 1.370886 1.370886 1.370885 1.370885
0.690536 0.878190 0.604492 0.566307 0.627764 0.581225 1.201159 1.201159 1.201159 1.201159
0.708124 0.918787 0.631046 0.590748 0.496678 0.592895 1.263244 1.263244 1.263243 1.263243
0.756822 0.977975 0.661251 0.631184 0.525474 0.628741 1.337215 1.337215 1.337215 1.337215
0.762388 1.003401 0.675733 0.638351 0.531044 0.642071 1.373301 1.373301 1.373300 1.373300
0.684953 0.933942 0.613728 0.594162 0.494283 0.579723 1.261623 1.261623 1.261623 1.261623
0.739990 1.003522 0.660267 0.639106 0.533276 0.624387 1.346762 1.346762 1.346762 1.346762
0.704417 0.946696 0.641713 0.620644 0.500882 0.600695 1.283337 1.283337 1.283337 1.283337
0.740380 1.007063 0.673448 0.629903 0.523285 0.636907 1.368462 1.368462 1.368461 1.368461
0.719205 1.016140 0.679531 0.633777 0.515203 0.642420 1.381824 1.381824 1.381824 1.381824
0.718200 1.014720 0.678581 0.632891 0.514483 0.641521 1.358117 1.358117 1.358116 1.358116
