0.972844 0.974234 0.960785 0.977555 0.973289 0.975280 0.979026 0.979026 0.979026 0.979026
0.977222 0.971390 0.959462 0.978221 0.976361 0.971008 0.986327 0.986327 0.986328 0.986328
0.961256 0.973205 0.957414 0.966060 0.963503 0.968273 0.989120 0.989120 0.989120 0.989120
0.964677 0.974953 0.957994 0.971497 0.970886 0.974467 0.999926 0.999926 0.999926 0.999926
0.892873 0.897219 0.880860 0.884081 0.880392 0.907257 0.958460 0.958460 0.958460 0.958460
0.951136 0.958918 0.935992 0.943915 0.935820 0.966792 1.024905 1.024905 1.024905 1.024905
0.959792 0.967934 0.944435 0.947016 0.937510 0.975728 1.036712 1.036712 1.036712 1.036712
0.878498 0.885951 0.892814 0.854112 0.886269 0.897791 0.967576 0.967576 0.967576 0.967576
0.843044 0.853704 0.868321 0.818078 0.876149 0.890529 0.967499 0.967499 0.967499 0.967499
0.909425 0.925018 0.940412 0.882256 0.951424 0.962006 1.049774 1.049774 1.049774 1.049774
0.909131 0.920406 0.937796 0.876388 0.951664 0.962958 1.048824 1.048824 1.048824 1.048824
0.828978 0.789289 0.804203 0.751542 0.867762 0.825780 0.910086 0.910086 0.910086 0.910086
0.917533 0.871574 0.902583 0.834433 0.965359 0.921491 1.030020 1.030020 1.030020 1.030020
0.877831 0.826367 0.881644 0.814415 0.911291 0.890997 0.986463 0.986463 0.986463 0.986463
0.935778 0.876182 0.944516 0.875603 0.973057 0.955914 1.062752 1.062752 1.062752 1.062752
0.944673 0.884510 0.953494 0.883926 0.982306 0.965000 1.067638 1.067638 1.067638 1.067638
0.940745 0.880833 0.897009 0.875529 0.978222 0.955833 1.060252 1.060252 1.060252 1.060252
0.951877 0.890341 0.905535 0.885278 0.985432 0.961490 1.074468 1.074468 1.074468 1.074468
0.906860 0.848235 0.819999 0.834710 0.938829 0.870668 1.015928 1.015928 1.015929 1.015929
0.941915 0.891680 0.850400 0.837171 0.969252 0.912266 1.070537 1.070537 1.070537 1.070537
0.874504 0.827169 0.777501 0.597684 0.894552 0.843580 0.995559 0.995559 0.995559 0.995559
0.964461 0.912258 0.857480 0.659166 0.986571 0.930356 1.080643 1.080643 1.080643 1.080643
0.785701 0.763795 0.692638 0.532447 0.803713 0.751504 0.931311 0.931311 0.931312 0.931312
0.956555 0.930362 0.842925 0.647431 0.976205 0.915507 1.134076 1.134076 1.134076 1.134076
0.877734 0.859719 0.715966 0.596950 0.903274 0.831282 1.062604 1.062604 1.062605 1.062605
0.946298 0.934395 0.769356 0.644551 0.973517 0.901161 1.154542 1.154542 1.154543 1.154543
0.933669 0.916934 0.755912 0.633177 0.959224 0.886412 1.125567 1.125567 1.125567 1.125567
0.953352 0.939919 0.774707 0.649049 0.983269 0.908632 1.154327 1.154327 1.154327 1.154327
0.932797 0.933879 0.753465 0.642005 0.972559 0.901999 1.148006 1.148006 1.148006 1.148006
0.927592 0.933851 0.754736 0.639177 0.972658 0.876102 1.157331 1.157331 1.157331 1.157331
0.942918 0.949280 0.767206 0.649737 0.988729 0.890577 1.169916 1.169916 1.169916 1.169916
0.921245 0.931195 0.745483 0.637809 0.967017 0.872205 1.144482 1.144482 1.144482 1.144482
0.850408 0.859594 0.710336 0.608486 0.912753 0.805139 1.092706 1.092706 1.092706 1.092706
0.911270 0.922801 0.757264 0.655110 0.978583 0.860304 1.178017 1.178017 1.178017 1.178017
0.910329 0.921848 0.756482 0.654433 0.977573 0.859416 1.163457 1.163457 1.163457 1.163457
0.918034 0.932905 0.763471 0.662700 0.985474 0.869361 1.178887 1.178887 1.178887 1.178887
0.855748 0.883827 0.745446 0.644565 0.939522 0.846743 1.145790 1.145790 1.145789 1.145789
0.889480 0.918667 0.774831 0.659005 0.976556 0.880120 1.184392 1.184392 1.184391 1.184391
0.874982 0.907357 0.768158 0.651280 0.957770 0.872099 1.176134 1.176134 1.176134 1.176134
0.874472 0.900561 0.762129 0.648578 0.958334 0.871047 1.169884 1.169884 1.169884 1.169884
0.892080 0.916397 0.776699 0.660496 0.977188 0.887891 1.196594 1.196594 1.196594 1.196594
0.841552 0.910464 0.771671 0.656220 0.970862 0.882142 1.180370 1.180370 1.180369 1.180369
0.842414 0.919983 0.775161 0.662806 0.979339 0.885964 1.196099 1.196099 1.196098 1.196098
0.776711 0.790972 0.714703 0.618060 0.817216 0.764673 1.117621 1.117621 1.117621 1.117621
0.841937 0.859733 0.774142 0.667910 0.891017 0.831568 1.216339 1.216339 1.216339 1.216339
0.845715 0.868041 0.780597 0.674580 0.897675 0.837269 1.231030 1.231030 1.231029 1.231029
0.821711 0.843403 0.758441 0.593474 0.787954 0.813505 1.187930 1.187930 1.187929 1.187929
0.853239 0.876398 0.786767 0.618708 0.821858 0.848366 1.240425 1.240425 1.240425 1.240425
0.855174 0.876719 0.787108 0.620346 0.825609 0.849733 1.245732 1.245732 1.245732 1.245732
0.787085 0.810611 0.719572 0.576819 0.737920 0.778056 1.136798 1.136798 1.136798 1.136798
0.867691 0.893626 0.793264 0.635891 0.813492 0.857737 1.244799 1.244799 1.244799 1.244799
0.786564 0.838412 0.724131 0.577429 0.721924 0.798270 1.179755 1.179755 1.179756 1.179756
0.835876 0.866390 0.748294 0.613646 0.763437 0.848315 1.254500 1.254500 1.254500 1.254500
0.839599 0.868800 0.749878 0.615297 0.765575 0.850911 1.256862 1.256862 1.256863 1.256863
0.852889 0.883031 0.762126 0.623527 0.774703 0.865884 1.278524 1.278524 1.278525 1.278525
0.837718 0.862238 0.746302 0.603264 0.757381 0.848991 1.248899 1.248899 1.248900 1.248900
0.852348 0.876767 0.755572 0.611375 0.768550 0.862717 1.272631 1.272631 1.272632 1.272632
0.823012 0.848237 0.733991 0.594290 0.743555 0.835527 1.218328 1.218328 1.218328 1.218328
0.800568 0.839771 0.733364 0.570021 0.723723 0.827281 1.199727 1.199727 1.199728 1.199728
0.811199 0.883871 0.771891 0.598253 0.743264 0.870416 1.263670 1.263670 1.263670 1.263670
0.817008 0.891720 0.777172 0.602033 0.749916 0.878627 1.273092 1.273092 1.273093 1.273093
0.804847 0.879081 0.767223 0.591373 0.739349 0.868386 1.246343 1.246343 1.246344 1.246344
0.824813 0.895919 0.785299 0.603482 0.756618 0.884292 1.276412 1.276412 1.276413 1.276413
0.816391 0.883655 0.775166 0.595971 0.745925 0.875922 1.255549 1.255549 1.255550 1.255550
0.758271 0.820747 0.719981 0.553543 0.692822 0.813564 1.098555 1.098555 1.098556 1.098556
0.841023 0.909296 0.801360 0.616487 0.769751 0.905975 1.222175 1.222175 1.222176 1.222176
0.801711 0.882986 0.781969 0.570640 0.715525 0.873692 1.179762 1.179762 1.179763 1.179763
0.830172 0.915507 0.805834 0.590396 0.734505 0.898257 1.211933 1.211933 1.211934 1.211934
0.732913 0.811552 0.696333 0.553882 0.677051 0.771300 1.134674 1.134674 1.134675 1.134675
0.799393 0.889312 0.766815 0.605596 0.737174 0.839437 1.239227 1.239227 1.239228 1.239228
0.757062 0.860703 0.751028 0.597340 0.700733 0.788441 1.227589 1.227589 1.227591 1.227591
0.758298 0.860245 0.769494 0.610281 0.718647 0.805907 1.238985 1.238985 1.238986 1.238986
0.774868 0.883420 0.782832 0.623343 0.736826 0.793849 1.270315 1.270315 1.270316 1.270316
0.774988 0.896334 0.794084 0.630374 0.746874 0.805952 1.291115 1.291115 1.291116 1.291116
0.753459 0.889766 0.793138 0.629623 0.745984 0.783562 1.283389 1.283389 1.283390 1.283390
0.750910 0.886008 0.793225 0.631087 0.742606 0.783349 1.283579 1.283579 1.283580 1.283580
0.710638 0.852520 0.759651 0.604267 0.711278 0.744544 1.210712 1.210712 1.210713 1.210713
0.757530 0.904952 0.808126 0.642206 0.756015 0.788790 1.294795 1.294795 1.294796 1.294796
0.735945 0.880649 0.770339 0.624052 0.725103 0.773051 1.269514 1.269514 1.269516 1.269516
0.740308 0.881204 0.772688 0.627230 0.719200 0.764906 1.267839 1.267839 1.267840 1.267840
0.747046 0.891134 0.777023 0.624850 0.720921 0.763867 1.288195 1.288195 1.288196 1.288196
0.740433 0.886039 0.773141 0.622873 0.714935 0.761837 1.275065 1.275065 1.275066 1.275066
0.728369 0.873064 0.764018 0.591758 0.698899 0.661016 1.264032 1.264032 1.264033 1.264033
0.760180 0.909417 0.796726 0.611457 0.727678 0.687740 1.320690 1.320690 1.320691 1.320691
0.747396 0.890484 0.768007 0.600995 0.708216 0.670917 1.286073 1.286073 1.286074 1.286074
0.762531 0.904849 0.776691 0.609704 0.716476 0.679322 1.300368 1.300368 1.300369 1.300369
0.781769 0.927677 0.796287 0.625087 0.734552 0.696460 1.325533 1.325533 1.325532 1.325532
0.666222 0.841322 0.678594 0.532698 0.625984 0.631629 1.187915 1.187915 1.187915 1.187915
0.693313 0.870849 0.690685 0.547041 0.638330 0.658354 1.255698 1.255698 1.255698 1.255698
0.647787 0.863619 0.623083 0.542499 0.596415 0.580589 1.240831 1.240831 1.240831 1.240831
0.693517 0.920844 0.643005 0.582292 0.632494 0.626306 1.344316 1.344316 1.344316 1.344316
0.701143 0.937976 0.649723 0.592506 0.642788 0.634960 1.360291 1.360291 1.360290 1.360290
0.639392 0.886162 0.598970 0.559776 0.607281 0.581916 1.268446 1.268446 1.268446 1.268446
0.711212 0.985700 0.666249 0.622652 0.675493 0.647280 1.410924 1.410924 1.410923 1.410923
0.640652 0.905882 0.610953 0.570553 0.469461 0.579997 1.303438 1.303438 1.303438 1.303438
0.696693 0.987782 0.665197 0.619855 0.511556 0.630650 1.422151 1.422151 1.422151 1.422151
0.691597 0.980861 0.656562 0.614126 0.503777 0.621854 1.404212 1.404212 1.404212 1.404212
0.701431 0.994195 0.665009 0.623413 0.510085 0.629674 1.427852 1.427852 1.427851 1.427851
0.636480 0.902134 0.603430 0.565687 0.462852 0.571368 1.208372 1.208372 1.208371 1.208371
0.719780 1.016953 0.680075 0.634284 0.515615 0.642933 1.361106 1.361106 1.361105 1.361105
