0.931244 0.939643 0.934542 0.935723 0.932161 0.928645 0.950493 0.950493 0.950493 0.950493
0.970588 0.957101 0.974698 0.978490 0.967620 0.971754 0.996737 0.996737 0.996737 0.996737
0.971785 0.961064 0.975579 0.982120 0.970312 0.975060 1.003915 1.003915 1.003915 1.003915
0.963499 0.955395 0.965278 0.966120 0.862893 0.967444 0.997773 0.997773 0.997773 0.997773
0.909692 0.898625 0.932128 0.909656 0.769455 0.927759 0.965383 0.965383 0.965383 0.965383
0.939019 0.915235 0.928844 0.942875 0.772005 0.933951 1.008181 1.008181 1.008181 1.008181
0.952003 0.933976 0.924662 0.962824 0.782021 0.931807 1.036692 1.036692 1.036692 1.036692
0.864244 0.863369 0.796183 0.902541 0.716914 0.864612 0.985493 0.985493 0.985493 0.985493
0.913100 0.932750 0.848370 0.977383 0.755165 0.909889 1.065219 1.065219 1.065219 1.065219
0.928190 0.950294 0.871247 1.004247 0.773651 0.934490 1.095200 1.095200 1.095200 1.095200
0.922350 0.945074 0.864614 0.996153 0.767525 0.931127 1.090687 1.090687 1.090687 1.090687
0.884048 0.907723 0.822679 0.946990 0.728001 0.865750 1.065983 1.065983 1.065983 1.065983
0.928625 0.953495 0.864162 0.994741 0.764710 0.909405 1.113576 1.113576 1.113576 1.113576
0.911717 0.935341 0.843724 0.927264 0.738989 0.870401 1.091016 1.091016 1.091016 1.091016
0.920627 0.951719 0.851108 0.945403 0.755133 0.889532 1.113042 1.113042 1.113042 1.113042
0.922282 0.949551 0.853756 0.950255 0.756893 0.893028 1.120684 1.120684 1.120684 1.120684
0.908232 0.935909 0.830600 0.935510 0.745665 0.870079 1.096195 1.096195 1.096195 1.096195
0.919419 0.948362 0.820151 0.947368 0.759021 0.877349 1.118998 1.118998 1.118998 1.118998
0.917517 0.931923 0.819563 0.942099 0.747834 0.874961 1.117968 1.117968 1.117968 1.117968
0.885282 0.911020 0.793345 0.928818 0.734514 0.852565 1.094539 1.094539 1.094539 1.094539
0.911444 0.938792 0.818746 0.941464 0.755283 0.871013 1.131877 1.131877 1.131877 1.131877
0.912082 0.941423 0.820597 0.941196 0.758178 0.874213 1.137883 1.137883 1.137883 1.137883
0.910617 0.934575 0.813397 0.928487 0.752791 0.870310 1.133042 1.133042 1.133042 1.133042
0.920927 0.945564 0.817025 0.936889 0.760117 0.879618 1.145467 1.145467 1.145467 1.145467
0.670440 0.873261 0.762386 0.874234 0.709283 0.640367 1.059903 1.059903 1.059903 1.059903
0.749482 0.977179 0.855705 0.983014 0.796452 0.717842 1.195184 1.195184 1.195184 1.195184
0.744587 0.973532 0.849052 0.977078 0.788420 0.711071 1.194495 1.194495 1.194495 1.194495
0.743667 0.959357 0.847165 0.970745 0.785172 0.706735 1.191558 1.191558 1.191558 1.191558
0.745503 0.960134 0.848800 0.958327 0.783404 0.706931 1.195368 1.195368 1.195368 1.195368
0.732095 0.942866 0.826950 0.940091 0.755077 0.694217 1.162227 1.162227 1.162227 1.162227
0.752004 0.964138 0.842477 0.962470 0.775393 0.711427 1.195601 1.195601 1.195601 1.195601
0.695993 0.898992 0.788902 0.907669 0.722741 0.651670 1.125571 1.125571 1.125571 1.125571
0.727958 0.955996 0.833832 0.966450 0.768731 0.686365 1.199731 1.199731 1.199731 1.199731
0.730249 0.957652 0.840578 0.970726 0.771512 0.691626 1.212222 1.212222 1.212222 1.212222
0.734970 0.967845 0.850235 0.981481 0.779745 0.699079 1.227268 1.227268 1.227268 1.227268
0.713730 0.941251 0.825455 0.936863 0.744983 0.672843 1.198264 1.198264 1.198264 1.198264
0.723228 0.934535 0.834254 0.950561 0.746846 0.679239 1.219197 1.219197 1.219197 1.219197
0.730810 0.946391 0.842912 0.959332 0.755211 0.685304 1.232387 1.232387 1.232387 1.232387
0.727876 0.943890 0.840981 0.952949 0.754083 0.684708 1.229090 1.229090 1.229090 1.229090
0.721434 0.941540 0.836863 0.939114 0.750889 0.683066 1.225681 1.225681 1.225681 1.225681
0.657965 0.913784 0.808816 0.911304 0.726430 0.667809 1.206156 1.206156 1.206156 1.206156
0.642074 0.893055 0.805063 0.893770 0.705462 0.659812 1.214050 1.214050 1.214050 1.214050
0.668043 0.930209 0.838344 0.930153 0.729116 0.686327 1.266234 1.266234 1.266234 1.266234
0.664678 0.910836 0.836077 0.927797 0.723514 0.679777 1.266647 1.266647 1.266647 1.266647
0.665547 0.909694 0.833824 0.928939 0.720879 0.679079 1.269439 1.269439 1.269439 1.269439
0.646065 0.899132 0.824433 0.911532 0.713446 0.662557 1.260693 1.260693 1.260693 1.260693
0.656337 0.903763 0.836853 0.926826 0.724048 0.672648 1.284493 1.284493 1.284493 1.284493
0.635405 0.888045 0.821797 0.913612 0.714333 0.659940 1.266708 1.266708 1.266708 1.266708
0.638715 0.896488 0.822421 0.923938 0.721579 0.665678 1.276586 1.276586 1.276586 1.276586
0.643634 0.903927 0.827676 0.926901 0.726627 0.666892 1.285753 1.285753 1.285753 1.285753
0.639346 0.906988 0.829469 0.930040 0.728038 0.668336 1.290551 1.290551 1.290551 1.290551
0.632192 0.904438 0.827664 0.926680 0.729455 0.667224 1.291907 1.291907 1.291907 1.291907
0.628341 0.895965 0.823081 0.904275 0.725012 0.665021 1.278194 1.278194 1.278194 1.278194
0.628999 0.899723 0.824324 0.896435 0.724298 0.662013 1.285910 1.285910 1.285910 1.285910
0.628804 0.897139 0.825695 0.894125 0.723935 0.660730 1.286001 1.286001 1.286001 1.286001
0.630376 0.900762 0.829688 0.899247 0.728198 0.662787 1.293342 1.293342 1.293342 1.293342
0.611343 0.878895 0.804992 0.875791 0.701681 0.644556 1.269295 1.269295 1.269295 1.269295
0.624905 0.901542 0.824605 0.898913 0.720291 0.657935 1.306923 1.306923 1.306923 1.306923
0.621369 0.896228 0.821669 0.884610 0.716574 0.654677 1.305594 1.305594 1.305594 1.305594
0.622533 0.899196 0.824241 0.885687 0.713272 0.657561 1.314198 1.314198 1.314198 1.314198
0.607982 0.877870 0.802513 0.876848 0.705872 0.651419 1.303133 1.303133 1.303133 1.303133
0.588860 0.856241 0.795415 0.841414 0.674835 0.643225 1.296922 1.296922 1.296922 1.296922
0.591889 0.850420 0.801641 0.837739 0.664320 0.632130 1.316797 1.316797 1.316797 1.316797
0.505622 0.706900 0.721055 0.710725 0.594961 0.586736 1.232334 1.232334 1.232334 1.232334
0.558103 0.791144 0.799230 0.790664 0.664438 0.654317 1.375200 1.375200 1.375200 1.375200
0.564130 0.800918 0.806602 0.798462 0.672180 0.660907 1.393905 1.393905 1.393905 1.393905
0.561313 0.801159 0.805515 0.796827 0.672191 0.656464 1.398454 1.398454 1.398454 1.398454
0.541322 0.768323 0.746770 0.761099 0.641284 0.629642 1.345552 1.345552 1.345552 1.345552
0.558180 0.795328 0.772371 0.789183 0.660164 0.651082 1.390767 1.390767 1.390767 1.390767
0.552406 0.790738 0.768111 0.780519 0.656511 0.647579 1.392766 1.392766 1.392766 1.392766
0.550976 0.785709 0.759338 0.779350 0.655854 0.648682 1.393629 1.393629 1.393629 1.393629
0.548201 0.780146 0.754188 0.777056 0.654658 0.647454 1.384356 1.384356 1.384356 1.384356
0.514863 0.756368 0.713212 0.753785 0.626509 0.620388 1.355532 1.355532 1.355532 1.355532
0.530594 0.781638 0.737771 0.777393 0.645018 0.640247 1.400129 1.400129 1.400129 1.400129
0.530335 0.781774 0.725668 0.773457 0.643696 0.609476 1.405121 1.405121 1.405121 1.405121
0.536615 0.794653 0.734310 0.781046 0.650315 0.616926 1.428148 1.428148 1.428148 1.428148
0.531086 0.789289 0.716565 0.771742 0.644306 0.613279 1.418509 1.418509 1.418509 1.418509
0.532181 0.795649 0.721904 0.778777 0.647876 0.612519 1.428288 1.428288 1.428288 1.428288
0.499632 0.746581 0.680735 0.727019 0.602761 0.560537 1.373399 1.373399 1.373399 1.373399
0.391376 0.591717 0.551296 0.565859 0.457370 0.426833 1.110208 1.110208 1.110208 1.110208
0.519630 0.781854 0.729162 0.747642 0.605633 0.564431 1.466132 1.466132 1.466132 1.466132
0.513073 0.772272 0.723465 0.733869 0.602116 0.558274 1.461280 1.461280 1.461280 1.461280
0.515746 0.771822 0.725612 0.738034 0.605593 0.561209 1.467379 1.467379 1.467379 1.467379
0.516976 0.774273 0.730648 0.738336 0.608501 0.563658 1.476738 1.476738 1.476738 1.476738
0.500590 0.732809 0.699520 0.705848 0.589985 0.534750 1.448426 1.448426 1.448426 1.448426
0.512275 0.750016 0.713874 0.721649 0.603381 0.544949 1.485242 1.485242 1.485242 1.485242
0.506188 0.743138 0.705669 0.716492 0.598491 0.537664 1.482147 1.482147 1.482147 1.482147
0.504216 0.739707 0.705545 0.709664 0.598279 0.535058 1.486142 1.486142 1.486142 1.486142
0.510226 0.747986 0.711198 0.715684 0.601540 0.537530 1.506986 1.506986 1.506986 1.506986
0.505524 0.745204 0.707405 0.710894 0.598735 0.535937 1.503385 1.503385 1.503385 1.503385
0.505078 0.744102 0.704204 0.708251 0.593103 0.536489 1.506047 1.506047 1.506047 1.506047
0.499860 0.736133 0.691889 0.702282 0.588611 0.531132 1.495375 1.495375 1.495375 1.495375
0.463598 0.697170 0.667576 0.665802 0.560289 0.510178 1.460594 1.460594 1.460594 1.460594
0.475038 0.707258 0.686099 0.679894 0.578289 0.519639 1.503197 1.503197 1.503197 1.503197
0.482160 0.715348 0.692311 0.687146 0.585634 0.526819 1.524914 1.524914 1.524914 1.524914
0.479060 0.713529 0.687567 0.688783 0.585878 0.528842 1.535171 1.535171 1.535171 1.535171
0.458177 0.699958 0.675330 0.674861 0.566007 0.513201 1.503736 1.503736 1.503736 1.503736
0.463481 0.709631 0.680800 0.682581 0.575247 0.520017 1.520494 1.520494 1.520494 1.520494
0.426383 0.652015 0.625525 0.636456 0.528542 0.477796 1.430016 1.430016 1.430016 1.430016
0.447698 0.680168 0.656731 0.669906 0.549539 0.504931 1.503935 1.503935 1.503935 1.503935
