0.975119 0.979288 0.970802 0.981029 0.979905 0.978500 0.977630 0.977630 0.977630 0.977630
0.923199 0.926644 0.923158 0.923551 0.919356 0.903009 0.947985 0.947985 0.947985 0.947985
0.971899 0.978273 0.970639 0.972750 0.964391 0.947869 1.003975 1.003975 1.003975 1.003975
0.726631 0.740024 0.750263 0.722625 0.698432 0.688891 0.774604 0.774604 0.774604 0.774604
0.932136 0.943159 0.962357 0.929264 0.887205 0.889448 0.995286 0.995286 0.995286 0.995286
0.812532 0.799992 0.883285 0.804467 0.810795 0.842428 0.950459 0.950459 0.950459 0.950459
0.848542 0.862431 0.928797 0.867731 0.862791 0.897571 1.034848 1.034848 1.034848 1.034848
0.862476 0.856806 0.933415 0.870770 0.878107 0.893852 1.065445 1.065445 1.065445 1.065445
0.881729 0.874696 0.958953 0.891341 0.898129 0.917920 1.097116 1.097116 1.097116 1.097116
0.885646 0.874367 0.959538 0.890953 0.899717 0.918298 1.096090 1.096090 1.096090 1.096090
0.880808 0.871895 0.952341 0.879147 0.802586 0.913941 1.092751 1.092751 1.092751 1.092751
0.896077 0.888283 0.970064 0.893801 0.811216 0.932135 1.116926 1.116926 1.116926 1.116926
0.890317 0.862529 0.964494 0.891000 0.802746 0.929851 1.116566 1.116566 1.116566 1.116566
0.885578 0.859864 0.969212 0.895812 0.804721 0.934466 1.123317 1.123317 1.123317 1.123317
0.874508 0.848790 0.950174 0.886314 0.796874 0.923104 1.112911 1.112911 1.112911 1.112911
0.866214 0.841971 0.940925 0.862938 0.776571 0.906225 1.108334 1.108334 1.108334 1.108334
0.835791 0.813621 0.926030 0.836821 0.745678 0.885308 1.103047 1.103047 1.103047 1.103047
0.867733 0.847169 0.961104 0.870950 0.775374 0.921133 1.152029 1.152029 1.152029 1.152029
0.851603 0.843003 0.947188 0.861481 0.769910 0.913335 1.143044 1.143044 1.143044 1.143044
0.846114 0.839891 0.944627 0.856565 0.764197 0.908732 1.138262 1.138262 1.138262 1.138262
0.761063 0.769267 0.805904 0.795561 0.694140 0.835457 1.072110 1.072110 1.072110 1.072110
0.839022 0.849372 0.887073 0.876242 0.765890 0.920375 1.185211 1.185211 1.185211 1.185211
0.822480 0.839006 0.868704 0.867292 0.759766 0.913135 1.173827 1.173827 1.173827 1.173827
0.823404 0.837797 0.871399 0.866299 0.760476 0.912674 1.175596 1.175596 1.175596 1.175596
0.822524 0.841909 0.875149 0.871465 0.762301 0.908696 1.180003 1.180003 1.180003 1.180003
0.823134 0.843694 0.877314 0.869800 0.764797 0.912241 1.182467 1.182467 1.182467 1.182467
0.812640 0.836785 0.870354 0.858159 0.758717 0.905126 1.181287 1.181287 1.181287 1.181287
0.809382 0.834245 0.845545 0.855021 0.759851 0.897969 1.186413 1.186413 1.186413 1.186413
0.752161 0.791661 0.817457 0.812220 0.724730 0.864261 1.161125 1.161125 1.161125 1.161125
0.784414 0.828503 0.854329 0.850544 0.759014 0.900063 1.219754 1.219754 1.219754 1.219754
0.725061 0.762914 0.807671 0.784024 0.662617 0.845023 1.155384 1.155384 1.155384 1.155384
0.773377 0.811670 0.858048 0.836204 0.703277 0.899231 1.233478 1.233478 1.233478 1.233478
0.772124 0.811598 0.858653 0.837538 0.704510 0.898323 1.235420 1.235420 1.235420 1.235420
0.773200 0.813634 0.860589 0.838916 0.700802 0.899350 1.240160 1.240160 1.240160 1.240160
0.765053 0.802018 0.843981 0.830986 0.694523 0.893704 1.231040 1.231040 1.231040 1.231040
0.771312 0.812882 0.854005 0.840265 0.703731 0.899450 1.251411 1.251411 1.251411 1.251411
0.744045 0.779777 0.791938 0.802807 0.671556 0.862934 1.204398 1.204398 1.204398 1.204398
0.767514 0.806064 0.818192 0.827316 0.694908 0.892800 1.248107 1.248107 1.248107 1.248107
0.773419 0.815638 0.828602 0.837503 0.703180 0.903522 1.265141 1.265141 1.265141 1.265141
0.724455 0.770892 0.778893 0.788254 0.659311 0.843959 1.209541 1.209541 1.209541 1.209541
0.724643 0.790903 0.800109 0.807733 0.666154 0.856549 1.239097 1.239097 1.239097 1.239097
0.736493 0.804563 0.815139 0.808233 0.676208 0.863863 1.264938 1.264938 1.264938 1.264938
0.728818 0.796881 0.796906 0.799582 0.669432 0.845778 1.243344 1.243344 1.243344 1.243344
0.739571 0.792323 0.806550 0.812430 0.672063 0.855036 1.266870 1.266870 1.266870 1.266870
0.748154 0.800942 0.812759 0.819066 0.675516 0.858718 1.284239 1.284239 1.284239 1.284239
0.742611 0.795647 0.805665 0.811551 0.669414 0.854666 1.277509 1.277509 1.277509 1.277509
0.747042 0.802140 0.810388 0.815380 0.673886 0.858443 1.285558 1.285558 1.285558 1.285558
0.743286 0.796786 0.805880 0.798928 0.667341 0.852259 1.280023 1.280023 1.280023 1.280023
0.680331 0.728388 0.736701 0.741170 0.610055 0.779099 1.197760 1.197760 1.197760 1.197760
0.733981 0.781367 0.789091 0.790089 0.654538 0.838131 1.288787 1.288787 1.288787 1.288787
0.711551 0.774574 0.771505 0.785079 0.632628 0.809316 1.278220 1.278220 1.278220 1.278220
0.721514 0.790459 0.785427 0.791518 0.644472 0.825989 1.304062 1.304062 1.304062 1.304062
0.709268 0.777043 0.765998 0.777257 0.621810 0.811970 1.269215 1.269215 1.269215 1.269215
0.719493 0.790409 0.777347 0.792242 0.633186 0.822437 1.300280 1.300280 1.300280 1.300280
0.724125 0.795310 0.784003 0.789122 0.637582 0.828320 1.314761 1.314761 1.314761 1.314761
0.722907 0.794756 0.785841 0.792399 0.639357 0.829212 1.323984 1.323984 1.323984 1.323984
0.707092 0.769626 0.770952 0.772409 0.629917 0.806218 1.300697 1.300697 1.300697 1.300697
0.689929 0.756229 0.769798 0.746689 0.606683 0.801977 1.304093 1.304093 1.304093 1.304093
0.512628 0.712804 0.733127 0.711120 0.577783 0.595881 1.231561 1.231561 1.231561 1.231561
0.520232 0.769773 0.788429 0.767849 0.621972 0.648242 1.348559 1.348559 1.348559 1.348559
0.531302 0.787896 0.802439 0.784083 0.638189 0.663152 1.376668 1.376668 1.376668 1.376668
0.534829 0.789901 0.808827 0.791916 0.642769 0.668976 1.392821 1.392821 1.392821 1.392821
0.537095 0.793718 0.811196 0.791725 0.645041 0.667892 1.398001 1.398001 1.398001 1.398001
0.530703 0.772275 0.802629 0.779565 0.629272 0.659512 1.382953 1.382953 1.382953 1.382953
0.517734 0.743363 0.755887 0.763667 0.596691 0.627460 1.364962 1.364962 1.364962 1.364962
0.538932 0.774134 0.781498 0.793149 0.620146 0.652747 1.420350 1.420350 1.420350 1.420350
0.539424 0.766642 0.781568 0.794560 0.620077 0.652912 1.425815 1.425815 1.425815 1.425815
0.536008 0.758351 0.770254 0.786924 0.615977 0.647260 1.418885 1.418885 1.418885 1.418885
0.524678 0.754729 0.761922 0.784161 0.613164 0.638009 1.415398 1.415398 1.415398 1.415398
0.528329 0.749841 0.766464 0.785470 0.615647 0.639320 1.423500 1.423500 1.423500 1.423500
0.524506 0.744910 0.748802 0.776217 0.610239 0.604486 1.418933 1.418933 1.418933 1.418933
0.524785 0.745580 0.752846 0.772064 0.614775 0.605854 1.433071 1.433071 1.433071 1.433071
0.528093 0.749831 0.754828 0.774726 0.613372 0.610840 1.445932 1.445932 1.445932 1.445932
0.527863 0.750095 0.757927 0.772861 0.614582 0.611778 1.451059 1.451059 1.451059 1.451059
0.511837 0.738216 0.745469 0.763048 0.607296 0.601169 1.433232 1.433232 1.433232 1.433232
0.493814 0.721600 0.721563 0.752229 0.596431 0.585734 1.403082 1.403082 1.403082 1.403082
0.515578 0.753402 0.753364 0.785382 0.622717 0.611549 1.456862 1.456862 1.456862 1.456862
0.497399 0.731272 0.727120 0.760899 0.596906 0.591620 1.422305 1.422305 1.422305 1.422305
0.504331 0.744365 0.736940 0.778346 0.609395 0.606066 1.461224 1.461224 1.461224 1.461224
0.502849 0.739729 0.735183 0.761936 0.607604 0.605980 1.450298 1.450298 1.450298 1.450298
0.498542 0.732773 0.724846 0.717227 0.592934 0.585687 1.434873 1.434873 1.434873 1.434873
0.497183 0.735569 0.709801 0.720444 0.590820 0.574802 1.451361 1.451361 1.451361 1.451361
0.503195 0.750771 0.724933 0.734743 0.605908 0.587357 1.487094 1.487094 1.487094 1.487094
0.499377 0.745176 0.717448 0.728487 0.600937 0.580469 1.478805 1.478805 1.478805 1.478805
0.490979 0.732386 0.703224 0.726058 0.598694 0.578907 1.476197 1.476197 1.476197 1.476197
0.489138 0.729113 0.703204 0.719245 0.598571 0.576186 1.480396 1.480396 1.480396 1.480396
0.492222 0.737070 0.707686 0.722329 0.601417 0.580038 1.496424 1.496424 1.496424 1.496424
0.490836 0.730759 0.704120 0.720629 0.600061 0.578432 1.490674 1.490674 1.490674 1.490674
0.486759 0.723199 0.697044 0.716145 0.596997 0.575439 1.475885 1.475885 1.475885 1.475885
0.492027 0.728466 0.700465 0.720809 0.602096 0.580994 1.491055 1.491055 1.491055 1.491055
0.469387 0.696401 0.663372 0.682028 0.568418 0.537672 1.450461 1.450461 1.450461 1.450461
0.486277 0.723728 0.687559 0.699710 0.587675 0.553919 1.510141 1.510141 1.510141 1.510141
0.486746 0.712930 0.689836 0.702148 0.586679 0.551942 1.519747 1.519747 1.519747 1.519747
0.484351 0.713358 0.689133 0.700473 0.586475 0.552693 1.522689 1.522689 1.522689 1.522689
0.479738 0.709100 0.673008 0.692675 0.581512 0.549858 1.513603 1.513603 1.513603 1.513603
0.473898 0.692145 0.666589 0.677766 0.562588 0.531063 1.510319 1.510319 1.510319 1.510319
0.479806 0.703497 0.676956 0.690049 0.568663 0.539202 1.532802 1.532802 1.532802 1.532802
0.466460 0.696373 0.670338 0.678136 0.563645 0.526874 1.524528 1.524528 1.524528 1.524528
0.435089 0.654392 0.632613 0.644520 0.529476 0.486388 1.446443 1.446443 1.446443 1.446443
0.463666 0.704427 0.680154 0.693800 0.569139 0.522941 1.557574 1.557574 1.557574 1.557574
