0.966971 0.980441 0.971019 0.974573 0.978342 0.976945 0.977601 0.977601 0.977601 0.977601
0.966881 0.982552 0.980900 0.984989 0.985906 0.986956 0.988684 0.988684 0.988684 0.988684
0.898706 0.942771 0.918030 0.945627 0.933773 0.935934 0.958104 0.958104 0.958104 0.958104
0.934812 0.976658 0.956165 0.986893 0.971806 0.975610 1.001640 1.001640 1.001640 1.001640
0.897250 0.961498 0.942498 0.970393 0.942194 0.950131 0.984628 0.984628 0.984628 0.984628
0.910356 0.979360 0.955856 0.993299 0.962543 0.973973 1.012239 1.012239 1.012239 1.012239
0.897606 0.968293 0.942841 0.984081 0.952690 0.958888 1.007958 1.007958 1.007958 1.007958
0.907327 0.979870 0.953871 0.994989 0.956606 0.969031 1.021359 1.021359 1.021359 1.021359
0.836351 0.922322 0.914715 0.937527 0.905000 0.925101 0.991494 0.991494 0.991494 0.991494
0.865560 0.960659 0.950436 0.964721 0.940967 0.963641 1.032411 1.032411 1.032411 1.032411
0.867580 0.957352 0.950530 0.967421 0.943693 0.965937 1.033755 1.033755 1.033755 1.033755
0.859860 0.953216 0.946668 0.958196 0.939842 0.962142 1.036752 1.036752 1.036752 1.036752
0.849547 0.932404 0.938117 0.943461 0.935322 0.944915 1.028809 1.028809 1.028809 1.028809
0.854934 0.937956 0.937238 0.951267 0.943874 0.951236 1.038726 1.038726 1.038726 1.038726
0.838040 0.925031 0.919122 0.936420 0.919287 0.935021 1.030379 1.030379 1.030379 1.030379
0.857329 0.947068 0.944549 0.956084 0.942713 0.958428 1.058293 1.058293 1.058293 1.058293
0.846016 0.933897 0.935568 0.938133 0.933583 0.944880 1.051241 1.051241 1.051241 1.051241
0.793416 0.872517 0.897382 0.877384 0.826910 0.900048 1.010298 1.010298 1.010298 1.010298
0.845459 0.933008 0.958285 0.938793 0.884889 0.957747 1.084426 1.084426 1.084426 1.084426
0.841467 0.929882 0.955412 0.931884 0.882940 0.956235 1.080757 1.080757 1.080757 1.080757
0.845476 0.935750 0.958468 0.935457 0.887895 0.960099 1.088918 1.088918 1.088918 1.088918
0.832959 0.922797 0.921054 0.921933 0.879584 0.942183 1.081789 1.081789 1.081789 1.081789
0.828931 0.918672 0.921060 0.912081 0.881368 0.939250 1.086706 1.086706 1.086706 1.086706
0.811998 0.913384 0.915200 0.909724 0.879839 0.932417 1.084350 1.084350 1.084350 1.084350
0.817906 0.918732 0.926402 0.917510 0.886656 0.943430 1.100149 1.100149 1.100149 1.100149
0.805048 0.893544 0.914272 0.894540 0.854722 0.907911 1.093822 1.093822 1.093822 1.093822
0.822569 0.908611 0.930605 0.909570 0.870999 0.923948 1.111644 1.111644 1.111644 1.111644
0.822925 0.911644 0.930702 0.912214 0.872724 0.926350 1.118755 1.118755 1.118755 1.118755
0.822632 0.913307 0.930274 0.910756 0.873033 0.924595 1.118728 1.118728 1.118728 1.118728
0.817170 0.902093 0.917462 0.893927 0.862460 0.915826 1.108352 1.108352 1.108352 1.108352
0.808604 0.893945 0.907617 0.869473 0.839639 0.898174 1.102682 1.102682 1.102682 1.102682
0.695039 0.747693 0.821445 0.742228 0.756643 0.838850 1.038359 1.038359 1.038359 1.038359
0.781035 0.841410 0.924238 0.833516 0.844760 0.945022 1.172325 1.172325 1.172325 1.172325
0.768622 0.826335 0.907952 0.821993 0.834018 0.932940 1.151816 1.151816 1.151816 1.151816
0.747934 0.809752 0.904137 0.792470 0.801081 0.925520 1.151696 1.151696 1.151696 1.151696
0.764795 0.828823 0.928247 0.815071 0.822804 0.948999 1.187918 1.187918 1.187918 1.187918
0.760087 0.820005 0.914972 0.807380 0.817508 0.940950 1.182353 1.182353 1.182353 1.182353
0.760294 0.801601 0.915854 0.810279 0.814428 0.944975 1.189943 1.189943 1.189943 1.189943
0.702875 0.746598 0.856649 0.763284 0.758274 0.864628 1.118985 1.118985 1.118985 1.118985
0.745804 0.792722 0.894495 0.806195 0.803330 0.873769 1.192144 1.192144 1.192144 1.192144
0.754512 0.789252 0.907061 0.817662 0.810550 0.879968 1.212566 1.212566 1.212566 1.212566
0.750748 0.786025 0.904696 0.800988 0.805506 0.868846 1.211861 1.211861 1.211861 1.211861
0.755274 0.788741 0.906512 0.805755 0.806356 0.872046 1.220259 1.220259 1.220259 1.220259
0.738024 0.783609 0.895147 0.801531 0.801278 0.858089 1.215145 1.215145 1.215145 1.215145
0.742957 0.792457 0.901190 0.805269 0.805390 0.864149 1.228762 1.228762 1.228762 1.228762
0.740970 0.790151 0.900676 0.794835 0.803639 0.862450 1.231196 1.231196 1.231196 1.231196
0.735678 0.786587 0.892411 0.782978 0.715670 0.856909 1.225372 1.225372 1.225372 1.225372
0.712617 0.763526 0.858147 0.752242 0.686028 0.805206 1.210339 1.210339 1.210339 1.210339
0.740781 0.791084 0.892559 0.767743 0.713140 0.839378 1.252447 1.252447 1.252447 1.252447
0.676976 0.769314 0.864388 0.746513 0.691306 0.822288 1.234987 1.234987 1.234987 1.234987
0.520495 0.598467 0.687092 0.570295 0.514863 0.614578 0.979872 0.979872 0.979872 0.979872
0.662062 0.778410 0.881430 0.743528 0.652930 0.778652 1.275130 1.275130 1.275130 1.275130
0.671091 0.791859 0.880936 0.752444 0.662545 0.792774 1.297163 1.297163 1.297163 1.297163
0.673541 0.792714 0.885899 0.753480 0.664837 0.794374 1.302397 1.302397 1.302397 1.302397
0.600555 0.719727 0.749211 0.693716 0.598624 0.723954 1.216011 1.216011 1.216011 1.216011
0.654287 0.768302 0.814110 0.756762 0.645227 0.785767 1.330249 1.330249 1.330249 1.330249
0.645271 0.757715 0.796549 0.745541 0.624560 0.774939 1.298907 1.298907 1.298907 1.298907
0.644415 0.770479 0.810254 0.752633 0.635916 0.777854 1.327097 1.327097 1.327097 1.327097
0.657656 0.786309 0.826901 0.768097 0.648982 0.793836 1.346915 1.346915 1.346915 1.346915
0.638131 0.767969 0.787846 0.750682 0.629185 0.758019 1.325558 1.325558 1.325558 1.325558
0.647971 0.779916 0.797787 0.761545 0.638489 0.766496 1.348727 1.348727 1.348727 1.348727
0.592590 0.712366 0.728689 0.705895 0.583188 0.700108 1.260987 1.260987 1.260987 1.260987
0.643891 0.765847 0.791121 0.767668 0.633028 0.760216 1.374169 1.374169 1.374169 1.374169
0.611412 0.736791 0.753663 0.744838 0.611888 0.729005 1.324025 1.324025 1.324025 1.324025
0.629381 0.760829 0.776171 0.759285 0.628593 0.746253 1.369730 1.369730 1.369730 1.369730
0.633943 0.766798 0.780779 0.761378 0.632706 0.747278 1.378947 1.378947 1.378947 1.378947
0.634809 0.768176 0.776540 0.760705 0.632573 0.747835 1.380343 1.380343 1.380343 1.380343
0.630020 0.763983 0.771885 0.754224 0.629767 0.744400 1.376236 1.376236 1.376236 1.376236
0.595770 0.723536 0.744517 0.716812 0.592655 0.712716 1.342358 1.342358 1.342358 1.342358
0.610848 0.743903 0.766233 0.735499 0.607057 0.731786 1.379462 1.379462 1.379462 1.379462
0.616925 0.750855 0.771035 0.740709 0.607866 0.740482 1.396886 1.396886 1.396886 1.396886
0.578732 0.703989 0.726485 0.690930 0.565087 0.677101 1.342134 1.342134 1.342134 1.342134
0.591732 0.715132 0.742730 0.708177 0.572133 0.696795 1.374503 1.374503 1.374503 1.374503
0.606449 0.737304 0.765298 0.730900 0.588399 0.711773 1.415484 1.415484 1.415484 1.415484
0.589793 0.700868 0.735895 0.701791 0.572988 0.678220 1.394413 1.394413 1.394413 1.394413
0.601814 0.721213 0.757739 0.721582 0.592434 0.698711 1.440447 1.440447 1.440447 1.440447
0.598268 0.715777 0.752870 0.706410 0.586170 0.693075 1.433000 1.433000 1.433000 1.433000
0.433365 0.657741 0.699009 0.655873 0.544235 0.502040 1.319330 1.319330 1.319330 1.319330
0.484180 0.735991 0.782790 0.735137 0.610104 0.561249 1.478744 1.478744 1.478744 1.478744
0.483232 0.724752 0.780487 0.729846 0.607153 0.557425 1.474045 1.474045 1.474045 1.474045
0.483177 0.725252 0.779360 0.728464 0.606089 0.558871 1.477094 1.477094 1.477094 1.477094
0.479428 0.721220 0.770656 0.722714 0.604210 0.555469 1.465009 1.465009 1.465009 1.465009
0.481783 0.728783 0.777476 0.728114 0.609967 0.561721 1.482349 1.482349 1.482349 1.482349
0.483573 0.730967 0.777352 0.728338 0.608320 0.559741 1.490954 1.490954 1.490954 1.490954
0.455329 0.694480 0.734541 0.689096 0.573353 0.525576 1.432888 1.432888 1.432888 1.432888
0.473091 0.728871 0.769978 0.723220 0.600880 0.550932 1.504363 1.504363 1.504363 1.504363
0.453613 0.689550 0.712700 0.696319 0.559996 0.515167 1.459326 1.459326 1.459326 1.459326
0.456812 0.690544 0.689954 0.694521 0.557883 0.515978 1.466239 1.466239 1.466239 1.466239
0.470321 0.714005 0.707213 0.719394 0.577200 0.533079 1.513488 1.513488 1.513488 1.513488
0.465100 0.705482 0.695486 0.675450 0.561824 0.513909 1.493562 1.493562 1.493562 1.493562
0.475400 0.718579 0.706728 0.687464 0.572969 0.524681 1.525813 1.525813 1.525813 1.525813
0.475311 0.720469 0.705711 0.687676 0.570812 0.523052 1.534672 1.534672 1.534672 1.534672
0.472592 0.719130 0.703811 0.687560 0.566610 0.521527 1.529537 1.529537 1.529537 1.529537
0.464477 0.706533 0.689610 0.685022 0.564293 0.519937 1.526291 1.526291 1.526291 1.526291
0.464697 0.704197 0.683829 0.686098 0.565461 0.522423 1.531930 1.531930 1.531930 1.531930
0.460419 0.698327 0.669353 0.679586 0.560481 0.512112 1.507624 1.507624 1.507624 1.507624
0.465583 0.695358 0.677778 0.684803 0.559572 0.517518 1.526289 1.526289 1.526289 1.526289
0.473535 0.710171 0.692794 0.699692 0.571507 0.528611 1.561529 1.561529 1.561529 1.561529
0.461904 0.698035 0.675095 0.689122 0.564135 0.521860 1.538885 1.538885 1.538885 1.538885
0.464741 0.706060 0.681730 0.695408 0.570458 0.524153 1.561184 1.561184 1.561184 1.561184
