0.973126 0.958240 0.974444 0.969719 0.960770 0.972489 0.974245 0.974245 0.974245 0.974245
0.971975 0.956296 0.967897 0.919615 0.944555 0.946921 0.971061 0.971061 0.971061 0.971061
0.989568 0.979431 0.990716 0.942851 0.964991 0.960884 0.993405 0.993405 0.993405 0.993405
0.973749 0.965185 0.974632 0.911957 0.934232 0.937122 0.982826 0.982826 0.982826 0.982826
0.991905 0.979738 0.986995 0.925001 0.949501 0.953490 1.000611 1.000611 1.000611 1.000611
0.967923 0.970370 0.976961 0.919078 0.944226 0.942929 0.994619 0.994619 0.994619 0.994619
0.985589 0.992183 0.999757 0.940143 0.965476 0.964251 1.018757 1.018757 1.018757 1.018757
0.918901 0.924547 0.936214 0.871581 0.892024 0.876308 0.972821 0.972821 0.972821 0.972821
0.902691 0.937573 0.926046 0.884345 0.892911 0.878274 0.996354 0.996354 0.996354 0.996354
0.939438 0.972522 0.964281 0.903598 0.929260 0.916592 1.032195 1.032195 1.032195 1.032195
0.942060 0.976021 0.965687 0.904507 0.930328 0.921641 1.037337 1.037337 1.037337 1.037337
0.942927 0.971290 0.964421 0.905760 0.931708 0.922534 1.037223 1.037223 1.037223 1.037223
0.860967 0.943746 0.933176 0.879954 0.902401 0.902970 1.021879 1.021879 1.021879 1.021879
0.884580 0.971668 0.960266 0.903200 0.930055 0.930494 1.054740 1.054740 1.054740 1.054740
0.880714 0.969594 0.965887 0.908948 0.933235 0.936007 1.062134 1.062134 1.062134 1.062134
0.839933 0.926632 0.914458 0.859781 0.880765 0.865949 1.032901 1.032901 1.032901 1.032901
0.638524 0.893631 0.891048 0.837771 0.858218 0.658302 0.998023 0.998023 0.998023 0.998023
0.713801 0.998748 0.998198 0.926882 0.959877 0.736433 1.120891 1.120891 1.120891 1.120891
0.708671 0.987822 0.982250 0.921229 0.954497 0.734288 1.116417 1.116417 1.116417 1.116417
0.712327 0.997463 0.987382 0.924123 0.957942 0.738353 1.127217 1.127217 1.127217 1.127217
0.710672 0.993498 0.984558 0.907940 0.951217 0.735027 1.125415 1.125415 1.125415 1.125415
0.711939 0.979475 0.988626 0.911848 0.950380 0.733003 1.133499 1.133499 1.133499 1.133499
0.682728 0.963419 0.973633 0.895811 0.920606 0.713229 1.113263 1.113263 1.113263 1.113263
0.671912 0.969542 0.966386 0.903643 0.903298 0.699163 1.120897 1.120897 1.120897 1.120897
0.685025 0.988596 0.982527 0.920418 0.920354 0.709833 1.145090 1.145090 1.145090 1.145090
0.683820 0.985464 0.985631 0.919968 0.919165 0.711775 1.151352 1.151352 1.151352 1.151352
0.686570 0.990013 0.988307 0.919549 0.922215 0.710469 1.155387 1.155387 1.155387 1.155387
0.683765 0.963576 0.984949 0.918828 0.914738 0.710399 1.157736 1.157736 1.157736 1.157736
0.683219 0.964284 0.986455 0.921052 0.917098 0.710266 1.160514 1.160514 1.160514 1.160514
0.679728 0.969061 0.990135 0.925614 0.920314 0.712916 1.166664 1.166664 1.166664 1.166664
0.628691 0.892906 0.936649 0.853760 0.803936 0.669741 1.105791 1.105791 1.105791 1.105791
0.639164 0.919732 0.955353 0.886905 0.832001 0.687628 1.140729 1.140729 1.140729 1.140729
0.655720 0.944475 0.955993 0.910198 0.858268 0.702677 1.180083 1.180083 1.180083 1.180083
0.662440 0.956236 0.965690 0.918384 0.867681 0.708787 1.192573 1.192573 1.192573 1.192573
0.640938 0.942031 0.951682 0.898217 0.855916 0.689273 1.180470 1.180470 1.180470 1.180470
0.644314 0.951042 0.952459 0.908421 0.864647 0.695306 1.189743 1.189743 1.189743 1.189743
0.646844 0.955530 0.960543 0.910189 0.870135 0.699413 1.199172 1.199172 1.199172 1.199172
0.637919 0.940409 0.945627 0.899518 0.860900 0.691942 1.180703 1.180703 1.180703 1.180703
0.620806 0.921620 0.941739 0.867290 0.826976 0.686500 1.180687 1.180687 1.180687 1.180687
0.627843 0.932411 0.957049 0.871966 0.842120 0.695485 1.205328 1.205328 1.205328 1.205328
0.631752 0.941506 0.965064 0.881016 0.850959 0.698839 1.221687 1.221687 1.221687 1.221687
0.625980 0.936529 0.959160 0.877842 0.841793 0.694409 1.213416 1.213416 1.213416 1.213416
0.624075 0.934524 0.958530 0.861623 0.838191 0.686974 1.215083 1.215083 1.215083 1.215083
0.626083 0.940170 0.960409 0.864822 0.837879 0.687171 1.226297 1.226297 1.226297 1.226297
0.627111 0.943066 0.963192 0.865675 0.833825 0.690039 1.234093 1.234093 1.234093 1.234093
0.525384 0.768802 0.849668 0.720270 0.732375 0.628142 1.132673 1.132673 1.132673 1.132673
0.571860 0.841916 0.925237 0.787307 0.792047 0.685601 1.247617 1.247617 1.247617 1.247617
0.581318 0.863092 0.949113 0.806461 0.815842 0.703654 1.283951 1.283951 1.283951 1.283951
0.565077 0.844482 0.905917 0.789598 0.792382 0.673118 1.265872 1.265872 1.265872 1.265872
0.576638 0.866346 0.927840 0.808139 0.812666 0.685696 1.302490 1.302490 1.302490 1.302490
0.572867 0.858477 0.918086 0.802791 0.803358 0.679623 1.295129 1.295129 1.295129 1.295129
0.565072 0.853284 0.904679 0.799544 0.801902 0.678479 1.290683 1.290683 1.290683 1.290683
0.565664 0.851990 0.907416 0.798568 0.802590 0.678085 1.292530 1.292530 1.292530 1.292530
0.504449 0.773671 0.767533 0.735348 0.722775 0.618074 1.206995 1.206995 1.206995 1.206995
0.549715 0.826086 0.834220 0.802371 0.779231 0.671009 1.320705 1.320705 1.320705 1.320705
0.548706 0.827530 0.821025 0.799597 0.778636 0.672749 1.323015 1.323015 1.323015 1.323015
0.544304 0.821615 0.804607 0.792955 0.772703 0.660262 1.303582 1.303582 1.303582 1.303582
0.525134 0.793869 0.791789 0.768878 0.741887 0.644956 1.297231 1.297231 1.297231 1.297231
0.515736 0.786694 0.780373 0.758750 0.729328 0.631646 1.300350 1.300350 1.300350 1.300350
0.540331 0.815490 0.816916 0.795621 0.763328 0.661333 1.366357 1.366357 1.366357 1.366357
0.521920 0.782593 0.789004 0.770391 0.730112 0.642938 1.321939 1.321939 1.321939 1.321939
0.537380 0.795025 0.811573 0.789046 0.749569 0.658760 1.359430 1.359430 1.359430 1.359430
0.542059 0.803182 0.817363 0.795179 0.756733 0.664018 1.375071 1.375071 1.375071 1.375071
0.537681 0.797482 0.814032 0.793367 0.753980 0.660476 1.375848 1.375848 1.375848 1.375848
0.528657 0.786269 0.803382 0.780630 0.740596 0.650308 1.355833 1.355833 1.355833 1.355833
0.526558 0.785298 0.800510 0.781259 0.740477 0.646753 1.363844 1.363844 1.363844 1.363844
0.532011 0.794313 0.809494 0.789547 0.743171 0.653287 1.381327 1.381327 1.381327 1.381327
0.517787 0.785999 0.796159 0.782277 0.735548 0.640268 1.370055 1.370055 1.370055 1.370055
0.520137 0.785084 0.794030 0.776462 0.734816 0.641332 1.372621 1.372621 1.372621 1.372621
0.526306 0.790585 0.800383 0.781856 0.741551 0.646334 1.381466 1.381466 1.381466 1.381466
0.517126 0.769058 0.788778 0.765586 0.733914 0.631260 1.363320 1.363320 1.363320 1.363320
0.517368 0.780136 0.792451 0.771967 0.742893 0.638070 1.378953 1.378953 1.378953 1.378953
0.509730 0.768619 0.774584 0.759761 0.718380 0.628649 1.345120 1.345120 1.345120 1.345120
0.509459 0.750870 0.765453 0.749707 0.718938 0.615604 1.361794 1.361794 1.361794 1.361794
0.517536 0.763279 0.765205 0.758105 0.729195 0.595598 1.388993 1.388993 1.388993 1.388993
0.483752 0.718783 0.723669 0.722050 0.686441 0.550995 1.320640 1.320640 1.320640 1.320640
0.520013 0.772106 0.774910 0.773537 0.733177 0.588023 1.422586 1.422586 1.422586 1.422586
0.517840 0.768420 0.768858 0.768118 0.723884 0.586687 1.420402 1.420402 1.420402 1.420402
0.513709 0.764312 0.761162 0.756024 0.644104 0.582428 1.412496 1.412496 1.412496 1.412496
0.518505 0.775727 0.771279 0.765026 0.653104 0.591576 1.435505 1.435505 1.435505 1.435505
0.499861 0.737868 0.717786 0.740575 0.611977 0.556179 1.400101 1.400101 1.400101 1.400101
0.508444 0.741620 0.732059 0.746162 0.609650 0.553126 1.438566 1.438566 1.438566 1.438566
0.516341 0.749742 0.737337 0.755252 0.618944 0.560403 1.463074 1.463074 1.463074 1.463074
0.517413 0.753480 0.738624 0.758691 0.621188 0.562782 1.474850 1.474850 1.474850 1.474850
0.474206 0.705165 0.704246 0.710781 0.584311 0.534191 1.423522 1.423522 1.423522 1.423522
0.367418 0.552812 0.564131 0.547201 0.438546 0.402345 1.138207 1.138207 1.138207 1.138207
0.490012 0.737265 0.752362 0.729783 0.584874 0.536594 1.509638 1.509638 1.509638 1.509638
0.443802 0.666903 0.680559 0.669918 0.529055 0.485383 1.397791 1.397791 1.397791 1.397791
0.477631 0.719994 0.732774 0.713984 0.568227 0.519474 1.511837 1.511837 1.511837 1.511837
0.469940 0.708152 0.718769 0.712122 0.566519 0.518454 1.510271 1.510271 1.510271 1.510271
0.473521 0.714532 0.725501 0.715647 0.572281 0.524054 1.523828 1.523828 1.523828 1.523828
0.466912 0.707813 0.718864 0.705204 0.567036 0.519330 1.520443 1.520443 1.520443 1.520443
0.463586 0.702264 0.716410 0.696221 0.565000 0.515140 1.519605 1.519605 1.519605 1.519605
0.462480 0.702142 0.712244 0.694467 0.566297 0.514776 1.515332 1.515332 1.515332 1.515332
0.463070 0.705789 0.712849 0.701520 0.570927 0.520761 1.537357 1.537357 1.537357 1.537357
0.457858 0.697577 0.699728 0.694956 0.566073 0.515078 1.525034 1.525034 1.525034 1.525034
0.459941 0.697901 0.703834 0.700443 0.568952 0.518524 1.539726 1.539726 1.539726 1.539726
0.456211 0.696683 0.700910 0.690789 0.566965 0.517666 1.536601 1.536601 1.536601 1.536601
0.459750 0.702390 0.701555 0.694584 0.570464 0.521359 1.547976 1.547976 1.547976 1.547976
0.445157 0.676307 0.653003 0.666104 0.546420 0.502065 1.495398 1.495398 1.495398 1.495398
