0.960698 0.956643 0.958676 0.958766 0.952167 0.945378 0.967684 0.967684 0.967684 0.967684
0.980163 0.978749 0.980008 0.980828 0.970562 0.965437 0.991703 0.991703 0.991703 0.991703
0.986446 0.984212 0.985720 0.986264 0.976626 0.969606 0.995298 0.995298 0.995298 0.995298
0.974375 0.958693 0.968337 0.963158 0.960475 0.953952 0.985097 0.985097 0.985098 0.985098
0.966976 0.951123 0.948544 0.953237 0.952298 0.933985 0.976210 0.976210 0.976210 0.976210
0.970843 0.962331 0.960190 0.965659 0.960747 0.940281 0.984525 0.984525 0.984525 0.984525
0.987666 0.980591 0.978672 0.981518 0.978380 0.958710 1.006974 1.006974 1.006973 1.006973
0.971078 0.972172 0.962990 0.968292 0.969255 0.950587 0.996942 0.996942 0.996942 0.996942
0.954730 0.956923 0.948223 0.935770 0.953161 0.937090 0.979219 0.979219 0.979219 0.979219
0.950247 0.967575 0.956048 0.934279 0.958590 0.944437 0.990880 0.990880 0.990880 0.990880
0.917597 0.972007 0.960823 0.911771 0.965769 0.947397 0.992317 0.992317 0.992317 0.992317
0.924684 0.981744 0.964951 0.923408 0.970348 0.953158 1.007465 1.007465 1.007465 1.007465
0.923969 0.971383 0.963621 0.926742 0.957345 0.953075 1.010973 1.010973 1.010973 1.010973
0.857459 0.959046 0.953589 0.870183 0.944561 0.917956 0.996035 0.996035 0.996035 0.996035
0.880026 0.986361 0.979931 0.887870 0.921743 0.943540 1.026447 1.026447 1.026447 1.026447
0.881343 0.983072 0.980070 0.876423 0.918241 0.950132 1.035321 1.035321 1.035321 1.035321
0.886995 0.974973 0.960936 0.869438 0.920597 0.950533 1.043852 1.043852 1.043852 1.043852
0.896663 0.982941 0.972339 0.854090 0.929999 0.962082 1.057654 1.057654 1.057654 1.057654
0.879404 0.962330 0.972325 0.854317 0.929718 0.924355 1.058120 1.058120 1.058120 1.058120
0.872913 0.956723 0.969665 0.849369 0.917514 0.926632 1.059630 1.059630 1.059629 1.059629
0.860998 0.960775 0.974860 0.854860 0.919520 0.932346 1.072531 1.072531 1.072531 1.072531
0.866472 0.947779 0.978792 0.860860 0.925124 0.928560 1.079716 1.079716 1.079715 1.079715
0.846294 0.934200 0.967598 0.843537 0.903308 0.852081 1.070403 1.070403 1.070402 1.070402
0.843398 0.944740 0.974592 0.854722 0.909093 0.861172 1.077955 1.077955 1.077955 1.077955
0.849184 0.954762 0.977948 0.858911 0.901317 0.870224 1.090286 1.090286 1.090286 1.090286
0.857477 0.970678 0.992881 0.873045 0.916383 0.883592 1.110584 1.110584 1.110583 1.110583
0.843613 0.959953 0.978244 0.863626 0.896733 0.873231 1.100725 1.100725 1.100724 1.100724
0.841478 0.951829 0.965538 0.847547 0.885406 0.861390 1.101302 1.101302 1.101302 1.101302
0.788170 0.939442 0.936545 0.752674 0.873883 0.842868 1.089778 1.089778 1.089777 1.089777
0.802238 0.923911 0.944010 0.759160 0.886389 0.829121 1.113258 1.113258 1.113257 1.113257
0.781959 0.922369 0.935060 0.749760 0.876235 0.818128 1.116905 1.116905 1.116904 1.116904
0.803348 0.943956 0.952073 0.764754 0.901406 0.839861 1.152075 1.152075 1.152075 1.152075
0.808862 0.946568 0.952138 0.769027 0.895018 0.842992 1.160277 1.160277 1.160276 1.160276
0.800482 0.936076 0.937302 0.759772 0.874810 0.825400 1.148988 1.148988 1.148987 1.148987
0.795120 0.933452 0.937768 0.753283 0.862465 0.811965 1.147545 1.147545 1.147544 1.147544
0.797406 0.941043 0.943784 0.760501 0.862698 0.814285 1.150993 1.150993 1.150992 1.150992
0.813062 0.955885 0.957563 0.774307 0.879696 0.828641 1.171061 1.171061 1.171060 1.171060
0.790055 0.931088 0.899534 0.751289 0.864261 0.806592 1.148868 1.148868 1.148867 1.148867
0.793924 0.946960 0.914375 0.761369 0.881776 0.823034 1.174357 1.174357 1.174356 1.174356
0.784299 0.936716 0.885002 0.724265 0.862753 0.785204 1.165865 1.165865 1.165865 1.165865
0.796759 0.935403 0.895776 0.731258 0.869499 0.792370 1.187549 1.187549 1.187548 1.187548
0.789540 0.935545 0.888102 0.729479 0.867536 0.787785 1.189354 1.189354 1.189353 1.189353
0.777201 0.919532 0.875530 0.720215 0.857301 0.785792 1.187368 1.187368 1.187367 1.187367
0.777072 0.922486 0.885124 0.720942 0.867129 0.783789 1.203064 1.203064 1.203064 1.203064
0.749958 0.896666 0.850183 0.690509 0.844016 0.766902 1.176623 1.176623 1.176622 1.176622
0.771985 0.916377 0.866384 0.706530 0.859675 0.767350 1.207955 1.207955 1.207954 1.207954
0.762628 0.909078 0.854108 0.690720 0.851796 0.767686 1.215404 1.215404 1.215404 1.215404
0.768323 0.921778 0.846675 0.697878 0.863333 0.779266 1.233217 1.233217 1.233217 1.233217
0.773544 0.909091 0.852208 0.703551 0.870951 0.785661 1.244849 1.244849 1.244848 1.244848
0.771559 0.890157 0.849799 0.700123 0.867241 0.779390 1.243964 1.243964 1.243964 1.243964
0.744771 0.880555 0.842934 0.690920 0.862704 0.773390 1.235127 1.235127 1.235127 1.235127
0.738510 0.871826 0.839258 0.687938 0.857588 0.766155 1.229636 1.229636 1.229636 1.229636
0.735700 0.857689 0.833166 0.693655 0.864542 0.769980 1.240363 1.240363 1.240363 1.240363
0.716174 0.828456 0.810144 0.683495 0.847186 0.756984 1.235735 1.235735 1.235734 1.235734
0.735674 0.851604 0.833782 0.700264 0.871039 0.777278 1.272480 1.272480 1.272480 1.272480
0.724048 0.831800 0.822599 0.680221 0.855321 0.762588 1.255064 1.255064 1.255064 1.255064
0.730945 0.839318 0.826799 0.688210 0.858512 0.743195 1.272367 1.272367 1.272366 1.272366
0.730789 0.839646 0.800038 0.689522 0.858636 0.739833 1.277774 1.277774 1.277774 1.277774
0.725864 0.848198 0.805778 0.692254 0.867536 0.744556 1.293288 1.293288 1.293288 1.293288
0.706938 0.812074 0.782619 0.672366 0.845665 0.729008 1.262446 1.262446 1.262446 1.262446
