0.985439 0.967398 0.985182 0.983161 0.983766 0.980089 0.987273 0.987273 0.987273 0.987273
0.906278 0.946520 0.966156 0.914855 0.961899 0.935484 0.963936 0.963936 0.963936 0.963936
0.917563 0.942056 0.975509 0.923722 0.974740 0.952181 0.978170 0.978170 0.978170 0.978170
0.922104 0.946428 0.967645 0.925760 0.978655 0.944032 0.981595 0.981595 0.981595 0.981595
0.938758 0.964105 0.953441 0.944481 0.996688 0.956940 1.003786 1.003786 1.003786 1.003786
0.933684 0.960161 0.929089 0.904563 0.981818 0.919164 1.003305 1.003305 1.003305 1.003305
0.954440 0.962112 0.947548 0.925279 1.003381 0.929869 1.025955 1.025955 1.025955 1.025955
0.951611 0.961936 0.946583 0.925022 0.999482 0.927982 1.027486 1.027486 1.027486 1.027486
0.941746 0.947372 0.935503 0.902281 0.983891 0.923396 1.024094 1.024094 1.024094 1.024094
0.948423 0.937853 0.938693 0.903105 0.982998 0.923755 1.034108 1.034108 1.034108 1.034108
0.915812 0.912083 0.902111 0.865438 0.957301 0.904328 1.011912 1.011912 1.011912 1.011912
0.939160 0.922371 0.920055 0.877447 0.977433 0.923716 1.039800 1.039800 1.039799 1.039799
0.932444 0.922876 0.921008 0.879010 0.975154 0.919615 1.037011 1.037011 1.037010 1.037010
0.943627 0.930354 0.923744 0.883184 0.988168 0.929930 1.053673 1.053673 1.053672 1.053672
0.898106 0.921181 0.915012 0.849516 0.981256 0.919434 1.040032 1.040032 1.040031 1.040031
0.908501 0.931161 0.920719 0.857895 0.980359 0.920199 1.052740 1.052740 1.052739 1.052739
0.906704 0.945154 0.931769 0.865421 0.995268 0.930512 1.070628 1.070628 1.070628 1.070628
0.905885 0.944956 0.932695 0.862373 0.995267 0.929293 1.072273 1.072273 1.072273 1.072273
0.897951 0.942726 0.909686 0.857277 0.992501 0.928118 1.070465 1.070465 1.070465 1.070465
0.886352 0.932006 0.902137 0.847559 0.974011 0.925216 1.066014 1.066014 1.066014 1.066014
0.870268 0.929645 0.897291 0.834774 0.966322 0.919869 1.064132 1.064132 1.064132 1.064132
0.881424 0.941107 0.904813 0.847332 0.973090 0.899400 1.082320 1.082320 1.082320 1.082320
0.889355 0.951112 0.914679 0.854196 0.982835 0.909519 1.097934 1.097934 1.097934 1.097934
0.870640 0.939755 0.895878 0.841815 0.968759 0.893323 1.086308 1.086308 1.086308 1.086308
0.856589 0.941352 0.898404 0.845117 0.968426 0.896562 1.096758 1.096758 1.096758 1.096758
0.849863 0.936086 0.888318 0.842675 0.957979 0.888072 1.096290 1.096290 1.096290 1.096290
0.825512 0.902219 0.861899 0.828530 0.936710 0.871189 1.089830 1.089830 1.089829 1.089829
0.830748 0.896630 0.864358 0.843926 0.953925 0.884457 1.110535 1.110535 1.110535 1.110535
0.845319 0.911606 0.879010 0.857987 0.970500 0.898100 1.126886 1.126886 1.126886 1.126886
0.833724 0.900998 0.868056 0.841277 0.910112 0.887121 1.115993 1.115993 1.115993 1.115993
0.815717 0.903394 0.872747 0.841503 0.917657 0.892257 1.123126 1.123126 1.123126 1.123126
0.824739 0.910921 0.883244 0.826779 0.927176 0.903241 1.138158 1.138158 1.138158 1.138158
0.806524 0.892961 0.835021 0.807328 0.916730 0.884827 1.123725 1.123725 1.123725 1.123725
0.810551 0.900451 0.848525 0.812312 0.932022 0.887123 1.144453 1.144453 1.144453 1.144453
0.803660 0.903591 0.851025 0.812234 0.938232 0.893138 1.154247 1.154247 1.154247 1.154247
0.811450 0.908893 0.855032 0.818917 0.947391 0.900023 1.162923 1.162923 1.162922 1.162922
0.801732 0.902681 0.846017 0.813535 0.931027 0.893261 1.157512 1.157512 1.157511 1.157511
0.789341 0.892214 0.838975 0.799476 0.909795 0.870974 1.145865 1.145865 1.145864 1.145864
0.782966 0.888731 0.830474 0.784785 0.905148 0.874922 1.157652 1.157652 1.157651 1.157651
0.796700 0.910503 0.849648 0.803841 0.927363 0.895202 1.188283 1.188283 1.188283 1.188283
0.772344 0.881120 0.839826 0.794771 0.916379 0.850167 1.175080 1.175080 1.175080 1.175080
0.759253 0.874131 0.835609 0.783832 0.900576 0.785208 1.172505 1.172505 1.172504 1.172504
0.779095 0.893327 0.851660 0.803297 0.911307 0.803219 1.203452 1.203452 1.203452 1.203452
0.721602 0.871870 0.816876 0.705423 0.889418 0.777185 1.177580 1.177580 1.177579 1.177579
0.742187 0.900080 0.837327 0.724134 0.900786 0.802254 1.216681 1.216681 1.216680 1.216680
0.736994 0.887014 0.833488 0.709701 0.892445 0.794134 1.210765 1.210765 1.210764 1.210764
0.750628 0.884976 0.848689 0.723787 0.910787 0.809959 1.236394 1.236394 1.236393 1.236393
0.740106 0.864029 0.836284 0.716773 0.886672 0.799153 1.224253 1.224253 1.224252 1.224252
0.733514 0.827409 0.820793 0.703946 0.875720 0.765455 1.217756 1.217756 1.217756 1.217756
0.747909 0.838630 0.828127 0.706185 0.883864 0.771847 1.245459 1.245459 1.245458 1.245458
0.735298 0.821009 0.812449 0.692881 0.861245 0.746731 1.233362 1.233362 1.233362 1.233362
0.736206 0.822984 0.814693 0.681917 0.862510 0.749658 1.233701 1.233701 1.233701 1.233701
0.716708 0.820593 0.805970 0.672639 0.851574 0.738803 1.236210 1.236210 1.236210 1.236210
0.720329 0.823491 0.811254 0.678049 0.859207 0.752416 1.260073 1.260073 1.260073 1.260073
0.727428 0.819501 0.798136 0.674946 0.864358 0.755309 1.274801 1.274801 1.274801 1.274801
0.726323 0.825088 0.797549 0.676196 0.869601 0.760545 1.281710 1.281710 1.281710 1.281710
0.721241 0.823611 0.794765 0.675956 0.861274 0.755211 1.272907 1.272907 1.272907 1.272907
0.716032 0.816421 0.792245 0.673843 0.857189 0.749039 1.268763 1.268763 1.268763 1.268763
0.723597 0.819124 0.792592 0.676880 0.857141 0.735783 1.278751 1.278751 1.278751 1.278751
0.714383 0.820626 0.790861 0.679447 0.854571 0.736685 1.275741 1.275741 1.275741 1.275741
