0.967058 0.970850 0.974063 0.965265 0.959840 0.957732 0.972356 0.972356 0.972356 0.972356
0.903089 0.964546 0.969983 0.912052 0.952977 0.928241 0.964012 0.964012 0.964012 0.964012
0.922453 0.997139 1.002220 0.939507 0.988298 0.962758 1.001623 1.001623 1.001623 1.001623
0.913108 0.989284 0.988694 0.934640 0.975391 0.951451 0.998896 0.998896 0.998896 0.998896
0.924134 1.002850 1.002522 0.945084 0.988163 0.965090 1.016397 1.016397 1.016397 1.016397
0.914884 0.978359 0.966910 0.922254 0.974532 0.949743 1.008050 1.008050 1.008050 1.008050
0.897753 0.975307 0.961149 0.907807 0.966270 0.943699 1.005678 1.005678 1.005678 1.005678
0.902570 0.988726 0.967064 0.915759 0.978834 0.956792 1.018100 1.018100 1.018100 1.018100
0.901254 0.990960 0.962376 0.912644 0.962443 0.958861 1.021238 1.021238 1.021238 1.021238
0.870083 0.963530 0.924680 0.874398 0.937088 0.938501 0.999111 0.999111 0.999111 0.999111
0.888961 1.001209 0.957975 0.902993 0.973907 0.971531 1.040191 1.040191 1.040191 1.040191
0.882257 0.994260 0.920175 0.898085 0.966908 0.960049 1.036956 1.036956 1.036956 1.036956
0.868380 0.980993 0.875591 0.882657 0.962230 0.946590 1.030462 1.030462 1.030462 1.030462
0.877566 0.981667 0.884317 0.895908 0.960120 0.957260 1.045797 1.045797 1.045797 1.045797
0.875092 0.980193 0.863971 0.860274 0.948255 0.921861 1.048013 1.048013 1.048013 1.048013
0.872783 0.978749 0.863005 0.843384 0.945974 0.921894 1.044246 1.044246 1.044246 1.044246
0.860887 0.957928 0.850289 0.842053 0.939277 0.918355 1.054147 1.054147 1.054147 1.054147
0.879155 0.971233 0.859631 0.854767 0.949127 0.911614 1.073648 1.073648 1.073648 1.073648
0.875793 0.969035 0.860351 0.852863 0.940026 0.917135 1.079033 1.079033 1.079033 1.079033
0.863787 0.964517 0.858853 0.843896 0.926859 0.849850 1.080217 1.080217 1.080216 1.080216
0.874318 0.962744 0.864574 0.844508 0.934076 0.856809 1.095588 1.095588 1.095588 1.095588
0.868051 0.963255 0.865454 0.845997 0.931882 0.852991 1.092630 1.092630 1.092630 1.092630
0.881120 0.975119 0.879325 0.834479 0.945269 0.866904 1.111629 1.111629 1.111629 1.111629
0.872591 0.967717 0.871922 0.821577 0.890080 0.859812 1.105390 1.105390 1.105389 1.105389
0.891373 0.984803 0.886292 0.838042 0.909301 0.876593 1.126749 1.126749 1.126748 1.126748
0.882220 0.968894 0.867994 0.816060 0.890851 0.857998 1.118595 1.118595 1.118595 1.118595
0.875792 0.965084 0.871255 0.811065 0.894645 0.849715 1.125310 1.125310 1.125310 1.125310
0.870695 0.964498 0.869244 0.811738 0.887129 0.844756 1.118907 1.118907 1.118906 1.118906
0.869258 0.955615 0.869916 0.799842 0.883647 0.840708 1.119462 1.119462 1.119461 1.119461
0.885738 0.969771 0.880427 0.813973 0.887924 0.853980 1.140975 1.140975 1.140974 1.140974
0.865861 0.946346 0.877549 0.811539 0.884766 0.817821 1.137762 1.137762 1.137761 1.137761
0.867634 0.953217 0.880620 0.817647 0.881825 0.823196 1.148540 1.148540 1.148539 1.148539
0.853199 0.935935 0.869503 0.807362 0.869320 0.808726 1.133945 1.133945 1.133944 1.133944
0.861291 0.950911 0.863661 0.817362 0.882858 0.822569 1.152868 1.152868 1.152867 1.152867
0.865144 0.936292 0.865521 0.821558 0.886575 0.817695 1.158417 1.158417 1.158416 1.158416
0.867008 0.938960 0.869031 0.821170 0.889288 0.819122 1.163746 1.163746 1.163745 1.163745
0.854320 0.920756 0.855156 0.797527 0.871640 0.811559 1.154902 1.154902 1.154901 1.154901
0.833722 0.920833 0.857569 0.795692 0.876609 0.814161 1.159299 1.159299 1.159298 1.159298
0.829224 0.924381 0.853368 0.796693 0.877865 0.812445 1.165357 1.165357 1.165356 1.165356
0.795089 0.907796 0.831500 0.774003 0.853665 0.788607 1.150117 1.150117 1.150117 1.150117
0.798897 0.908294 0.833724 0.776146 0.850137 0.779748 1.164029 1.164029 1.164029 1.164029
0.820910 0.939703 0.861367 0.802816 0.879573 0.805673 1.206587 1.206587 1.206587 1.206587
0.809228 0.928914 0.850765 0.793523 0.866254 0.794952 1.194732 1.194732 1.194731 1.194731
0.811498 0.914466 0.852929 0.793911 0.867211 0.792855 1.200314 1.200314 1.200314 1.200314
0.792407 0.891602 0.834109 0.777540 0.850103 0.784503 1.188694 1.188694 1.188694 1.188694
0.789061 0.876776 0.827706 0.783673 0.856637 0.788089 1.198560 1.198560 1.198560 1.198560
0.779296 0.878702 0.826198 0.786930 0.854378 0.789342 1.196173 1.196173 1.196173 1.196173
0.786639 0.886554 0.830332 0.796091 0.857479 0.769191 1.212540 1.212540 1.212540 1.212540
0.784655 0.883670 0.823867 0.792739 0.844755 0.759103 1.210251 1.210251 1.210251 1.210251
0.778484 0.847107 0.809456 0.779372 0.835199 0.727858 1.205096 1.205096 1.205096 1.205096
0.757141 0.857106 0.819348 0.766064 0.847504 0.735389 1.215520 1.215520 1.215520 1.215520
0.770089 0.868413 0.825930 0.773587 0.863149 0.747391 1.241285 1.241285 1.241285 1.241285
0.775880 0.874223 0.831659 0.778732 0.869499 0.751445 1.247157 1.247157 1.247157 1.247157
0.754761 0.836006 0.806807 0.755471 0.846582 0.734888 1.215984 1.215984 1.215984 1.215984
0.754238 0.850575 0.821785 0.770342 0.859578 0.749133 1.246958 1.246958 1.246958 1.246958
0.739434 0.837387 0.803985 0.747381 0.845228 0.743765 1.245113 1.245113 1.245113 1.245113
0.735152 0.832285 0.788982 0.741026 0.839554 0.729520 1.236121 1.236121 1.236121 1.236121
0.755343 0.837682 0.810442 0.762386 0.864351 0.750607 1.273397 1.273397 1.273397 1.273397
0.697746 0.815391 0.775277 0.667720 0.841351 0.724350 1.242714 1.242714 1.242714 1.242714
0.719665 0.826694 0.796709 0.684471 0.860890 0.742133 1.285174 1.285174 1.285174 1.285174
