0.934357 0.972036 0.972436 0.944292 0.974849 0.970636 0.969006 0.969006 0.969007 0.969007
0.931688 0.970393 0.971138 0.925551 0.972292 0.970459 0.965312 0.965312 0.965313 0.965313
0.888413 0.975048 0.958975 0.836779 0.976956 0.966728 0.972448 0.972448 0.972448 0.972448
0.922282 0.993688 0.995274 0.866671 1.012479 0.998134 1.011399 1.011399 1.011400 1.011400
0.923313 0.992114 0.997339 0.843133 1.012922 1.000486 1.014856 1.014856 1.014856 1.014856
0.927210 1.003113 1.007007 0.852301 1.024196 1.010275 1.028072 1.028072 1.028072 1.028072
0.900565 0.962150 0.974677 0.837876 1.006661 0.989908 1.011086 1.011086 1.011087 1.011087
0.907667 0.955620 0.957047 0.832415 1.010721 0.991776 1.020909 1.020909 1.020909 1.020909
0.907865 0.946473 0.956676 0.836250 0.998167 0.992673 1.025481 1.025481 1.025481 1.025481
0.894840 0.949808 0.961121 0.841060 0.999641 0.998087 1.037232 1.037232 1.037232 1.037232
0.890605 0.932211 0.951346 0.827597 0.990579 0.989435 1.034402 1.034402 1.034402 1.034402
0.895593 0.943483 0.941318 0.834624 1.002136 1.002499 1.047617 1.047617 1.047617 1.047617
0.882770 0.933621 0.934562 0.821149 0.980415 0.978616 1.038275 1.038275 1.038275 1.038275
0.875777 0.924822 0.928545 0.817067 0.976432 0.983781 1.044654 1.044654 1.044654 1.044654
0.886307 0.935491 0.935595 0.828709 0.982501 0.961136 1.061676 1.061676 1.061677 1.061677
0.875370 0.922543 0.927821 0.821860 0.972800 0.948367 1.052764 1.052764 1.052765 1.052765
0.869227 0.919922 0.919400 0.807619 0.968864 0.953684 1.064729 1.064729 1.064730 1.064730
0.871753 0.930300 0.922795 0.812702 0.979061 0.964552 1.075245 1.075245 1.075245 1.075245
0.861309 0.888107 0.902892 0.795683 0.963969 0.921013 1.066221 1.066221 1.066222 1.066222
0.886395 0.895310 0.928949 0.819942 0.994044 0.949167 1.100148 1.100148 1.100149 1.100149
0.879462 0.873192 0.918315 0.808539 0.978437 0.935476 1.094459 1.094459 1.094460 1.094460
0.864237 0.854453 0.900518 0.792944 0.952960 0.904621 1.083332 1.083332 1.083333 1.083333
0.864140 0.839870 0.897952 0.790694 0.953699 0.909342 1.085688 1.085688 1.085689 1.085689
0.881623 0.851767 0.906515 0.793681 0.963142 0.917481 1.111046 1.111046 1.111047 1.111047
0.883603 0.854195 0.879331 0.797150 0.965650 0.915577 1.118512 1.118512 1.118514 1.118514
0.885238 0.849633 0.872130 0.793839 0.957269 0.891619 1.117597 1.117597 1.117598 1.117598
0.886539 0.852677 0.874524 0.790364 0.911527 0.894281 1.123836 1.123836 1.123837 1.123837
0.892955 0.863316 0.882130 0.800437 0.913202 0.904821 1.140359 1.140359 1.140360 1.140360
0.874168 0.847201 0.834861 0.782443 0.903880 0.887323 1.127103 1.127103 1.127104 1.127104
0.870387 0.855984 0.840133 0.792099 0.908845 0.895978 1.134027 1.134027 1.134028 1.134028
0.887193 0.871793 0.855859 0.806697 0.926244 0.911380 1.152725 1.152725 1.152725 1.152725
0.872514 0.850877 0.843742 0.783016 0.908843 0.893481 1.136089 1.136089 1.136090 1.136090
0.871378 0.857669 0.843064 0.787227 0.913892 0.895267 1.146726 1.146726 1.146727 1.146727
0.856972 0.851228 0.839187 0.776721 0.898513 0.827212 1.144698 1.144698 1.144699 1.144699
0.850206 0.857936 0.843392 0.772991 0.900726 0.831018 1.154606 1.154606 1.154607 1.154607
0.858085 0.869110 0.848320 0.778636 0.895156 0.841760 1.170606 1.170606 1.170606 1.170606
0.849923 0.862192 0.844183 0.772465 0.881510 0.842022 1.169760 1.169760 1.169761 1.169761
0.860515 0.855689 0.852729 0.782606 0.892262 0.843690 1.184739 1.184739 1.184740 1.184740
0.868180 0.860041 0.856078 0.788431 0.900272 0.849532 1.192715 1.192715 1.192716 1.192716
0.855863 0.847218 0.839479 0.775930 0.876542 0.828587 1.176543 1.176543 1.176544 1.176544
0.854368 0.850172 0.840971 0.779755 0.872738 0.827125 1.174639 1.174639 1.174640 1.174640
0.828488 0.830317 0.811624 0.750401 0.853526 0.813164 1.154300 1.154300 1.154301 1.154301
0.844252 0.856347 0.836617 0.771163 0.883070 0.841408 1.196502 1.196502 1.196503 1.196503
0.835213 0.849105 0.824845 0.766721 0.871029 0.831042 1.192549 1.192549 1.192550 1.192550
0.826836 0.847107 0.823305 0.765859 0.866479 0.824954 1.185902 1.185902 1.185903 1.185903
0.835100 0.857961 0.833157 0.775599 0.874330 0.833980 1.203108 1.203108 1.203109 1.203109
0.825270 0.862308 0.834882 0.774726 0.878917 0.835052 1.211546 1.211546 1.211546 1.211546
0.811952 0.849513 0.804779 0.733975 0.856461 0.793432 1.197897 1.197897 1.197897 1.197897
0.787529 0.843918 0.793223 0.721316 0.842480 0.779056 1.195901 1.195901 1.195902 1.195902
0.811913 0.870652 0.819335 0.741701 0.869350 0.802850 1.235940 1.235940 1.235941 1.235941
0.813518 0.868825 0.815415 0.742225 0.859000 0.801933 1.238698 1.238698 1.238699 1.238699
0.801622 0.851989 0.802404 0.720863 0.841962 0.794536 1.229297 1.229297 1.229297 1.229297
0.782117 0.851868 0.804487 0.719042 0.846570 0.796904 1.233698 1.233698 1.233699 1.233699
0.792223 0.864272 0.816421 0.727685 0.858373 0.809004 1.256363 1.256363 1.256364 1.256364
0.772084 0.842044 0.785365 0.707251 0.835776 0.777840 1.222660 1.222660 1.222661 1.222661
0.773466 0.842072 0.802202 0.722615 0.853446 0.763370 1.249439 1.249439 1.249439 1.249439
0.767670 0.838585 0.805047 0.718042 0.856902 0.755842 1.256677 1.256677 1.256677 1.256677
0.708663 0.823579 0.792474 0.670672 0.841011 0.724161 1.231594 1.231594 1.231594 1.231594
0.706401 0.814589 0.789060 0.676700 0.843895 0.729015 1.256429 1.256429 1.256429 1.256429
0.722791 0.830284 0.800170 0.687444 0.864629 0.745356 1.290756 1.290756 1.290756 1.290756
