0.967044 0.934380 0.957660 0.958274 0.963683 0.934591 0.970557 0.970557 0.970557 0.970557
0.967746 0.919201 0.955731 0.956355 0.965237 0.940254 0.973482 0.973482 0.973482 0.973482
0.972893 0.931256 0.968737 0.970091 0.975081 0.947837 0.983064 0.983064 0.983064 0.983064
0.967106 0.924093 0.981860 0.983508 0.988005 0.923018 0.996834 0.996834 0.996834 0.996834
0.971583 0.912573 0.982800 0.982000 0.984696 0.921120 1.004122 1.004122 1.004122 1.004122
0.974190 0.917574 0.987360 0.987289 0.986426 0.924457 1.011316 1.011316 1.011316 1.011316
0.969771 0.918164 0.984306 0.988186 0.976688 0.924420 1.014191 1.014191 1.014190 1.014190
0.950107 0.901727 0.932287 0.966722 0.967470 0.907249 1.003182 1.003182 1.003182 1.003182
0.972981 0.929749 0.959936 0.996554 0.997580 0.934239 1.036338 1.036338 1.036338 1.036338
0.958549 0.909384 0.936220 0.975888 0.972453 0.894641 1.018246 1.018246 1.018246 1.018246
0.948386 0.903526 0.924374 0.955516 0.965022 0.896409 1.026100 1.026100 1.026100 1.026100
0.945603 0.904407 0.928337 0.950945 0.955008 0.885159 1.028693 1.028693 1.028694 1.028694
0.946182 0.908019 0.939240 0.952645 0.966707 0.883589 1.043104 1.043104 1.043104 1.043104
0.956744 0.899407 0.949480 0.964555 0.979469 0.894706 1.057510 1.057510 1.057510 1.057510
0.941562 0.887148 0.931235 0.953995 0.961072 0.879072 1.048517 1.048517 1.048517 1.048517
0.941430 0.874729 0.926017 0.943055 0.956755 0.875472 1.050481 1.050481 1.050480 1.050480
0.931582 0.866590 0.917728 0.917289 0.946967 0.868637 1.038495 1.038495 1.038495 1.038495
0.947564 0.884739 0.930305 0.931211 0.948468 0.886743 1.061115 1.061115 1.061115 1.061115
0.930389 0.881520 0.923204 0.929637 0.940460 0.882982 1.052836 1.052836 1.052836 1.052836
0.921073 0.869010 0.912036 0.918478 0.922775 0.860200 1.049873 1.049873 1.049873 1.049873
0.946188 0.894151 0.938674 0.942683 0.948892 0.885629 1.084303 1.084303 1.084303 1.084303
0.928750 0.878831 0.902720 0.891018 0.922493 0.839528 1.069590 1.069590 1.069590 1.069590
0.937666 0.889139 0.912546 0.894319 0.885545 0.848870 1.084293 1.084293 1.084293 1.084293
0.951988 0.884883 0.924345 0.908576 0.898836 0.852913 1.101227 1.101227 1.101227 1.101227
0.905044 0.875173 0.914578 0.872957 0.891545 0.842339 1.085749 1.085749 1.085749 1.085749
0.908585 0.879973 0.922452 0.877777 0.889853 0.854021 1.099668 1.099668 1.099669 1.099669
0.922547 0.889861 0.930308 0.890136 0.891010 0.864446 1.116851 1.116851 1.116851 1.116851
0.916268 0.870939 0.900164 0.871443 0.881563 0.853452 1.111263 1.111263 1.111263 1.111263
0.919462 0.879616 0.888803 0.876995 0.889972 0.862902 1.123093 1.123093 1.123093 1.123093
0.908015 0.879167 0.887871 0.873419 0.892333 0.865292 1.128192 1.128192 1.128193 1.128193
0.914278 0.884504 0.893479 0.878686 0.898344 0.869450 1.132831 1.132831 1.132832 1.132832
0.905843 0.876873 0.856766 0.872425 0.890374 0.857715 1.127390 1.127390 1.127391 1.127391
0.909802 0.877320 0.852839 0.869966 0.895461 0.860803 1.136877 1.136877 1.136877 1.136877
0.895081 0.861814 0.842464 0.859421 0.883173 0.846064 1.122951 1.122951 1.122951 1.122951
0.900335 0.858387 0.846895 0.868259 0.877130 0.851614 1.134352 1.134352 1.134352 1.134352
0.897500 0.870265 0.856054 0.874849 0.889425 0.860148 1.152274 1.152274 1.152274 1.152274
0.888033 0.860454 0.842554 0.864155 0.869177 0.842037 1.140845 1.140845 1.140845 1.140845
0.883859 0.864372 0.839012 0.865847 0.871031 0.840850 1.147608 1.147608 1.147608 1.147608
0.865577 0.859954 0.832348 0.850581 0.861922 0.833830 1.142621 1.142621 1.142621 1.142621
0.846743 0.834724 0.813324 0.842239 0.848768 0.823783 1.143949 1.143949 1.143949 1.143949
0.851809 0.839461 0.807599 0.844967 0.853053 0.817573 1.149135 1.149135 1.149136 1.149136
0.851125 0.837518 0.808157 0.846800 0.855685 0.827786 1.164493 1.164493 1.164493 1.164493
0.860295 0.841507 0.808299 0.842119 0.856146 0.827452 1.180645 1.180645 1.180645 1.180645
0.796075 0.828432 0.797586 0.788452 0.842286 0.794673 1.159858 1.159858 1.159858 1.159858
0.831911 0.862447 0.829376 0.822750 0.880264 0.828814 1.209459 1.209459 1.209459 1.209459
0.810857 0.830147 0.805582 0.811680 0.868246 0.814972 1.193674 1.193674 1.193675 1.193675
0.817165 0.836200 0.808294 0.819793 0.869978 0.792873 1.208036 1.208036 1.208036 1.208036
0.823083 0.842841 0.815693 0.823565 0.877069 0.798289 1.219755 1.219755 1.219756 1.219756
0.821605 0.839058 0.815007 0.798866 0.874900 0.797841 1.220363 1.220363 1.220363 1.220363
0.823241 0.825337 0.816417 0.798607 0.875154 0.795090 1.225070 1.225070 1.225070 1.225070
0.794802 0.816581 0.809967 0.788251 0.870732 0.789111 1.216584 1.216584 1.216585 1.216585
0.745210 0.806776 0.786446 0.700729 0.860276 0.772931 1.205080 1.205080 1.205081 1.205081
0.761826 0.818519 0.805935 0.707022 0.877454 0.787679 1.234599 1.234599 1.234600 1.234600
0.752911 0.816361 0.806168 0.701012 0.866925 0.731377 1.238468 1.238468 1.238469 1.238469
0.731017 0.811821 0.795412 0.689633 0.853653 0.718866 1.237681 1.237681 1.237681 1.237681
0.744280 0.833451 0.810478 0.704515 0.875743 0.738103 1.268893 1.268893 1.268893 1.268893
0.738814 0.823339 0.803438 0.689294 0.864715 0.736699 1.268566 1.268566 1.268566 1.268566
0.728175 0.826197 0.807127 0.693221 0.865946 0.740677 1.283035 1.283035 1.283035 1.283035
0.700757 0.800775 0.773047 0.662060 0.840454 0.722646 1.251246 1.251246 1.251246 1.251246
0.716161 0.822669 0.792830 0.681139 0.856698 0.738520 1.278917 1.278917 1.278917 1.278917
