0.979184 0.980506 0.981998 0.979629 0.979584 0.984160 0.980535 0.984471 0.984471 0.984471
0.975268 0.975534 0.980550 0.978767 0.974373 0.983617 0.964234 0.975055 0.975055 0.975055
0.957073 0.974457 0.968204 0.973942 0.958439 0.977967 0.964274 0.974964 0.974963 0.974963
0.940967 0.949097 0.945769 0.951796 0.937579 0.952883 0.938078 0.904361 0.904361 0.904361
0.989671 0.995750 0.983913 1.003799 0.982007 1.003754 0.986937 0.951672 0.951672 0.951672
0.988108 0.965412 0.974754 0.989992 0.981675 1.001548 0.987870 0.951350 0.951350 0.951350
0.986955 0.966559 0.980648 0.997017 0.991449 1.009209 0.995242 0.962150 0.962150 0.962150
0.962485 0.960708 0.976354 0.995491 0.989432 1.003454 0.989233 0.962012 0.962012 0.962012
0.978782 0.977335 0.993875 1.011646 1.006256 1.017459 1.005362 0.975865 0.975865 0.975865
0.967978 0.966643 0.973350 0.997809 0.994665 1.003184 0.972712 0.965818 0.965818 0.965818
0.958030 0.956400 0.948865 0.984554 0.989045 0.992865 0.956477 0.930321 0.930320 0.930320
0.984448 0.983371 0.977072 1.009699 1.015263 1.020232 0.983635 0.954894 0.954894 0.954894
0.965610 0.974136 0.969140 0.986310 1.013132 1.015461 0.977678 0.953044 0.953043 0.953043
0.981970 0.989509 0.984968 1.001582 1.027945 1.030526 0.994266 0.969366 0.969366 0.969366
0.982539 0.988098 0.980791 0.999408 1.022636 1.027715 0.993408 0.968951 0.968951 0.968951
0.978285 0.970152 0.973051 0.995909 1.019433 1.019005 0.989275 0.967837 0.967837 0.967837
0.959251 0.971195 0.975559 0.997479 1.016213 1.015150 0.988184 0.969951 0.969950 0.969950
0.918260 0.945340 0.952072 0.970062 0.989610 0.989799 0.962560 0.924935 0.924935 0.924935
0.941567 0.977762 0.984699 0.993307 1.009344 1.017907 0.992881 0.957002 0.957002 0.957002
0.950487 0.985920 0.992859 1.003608 1.018678 1.028977 1.002989 0.968984 0.968984 0.968984
0.915716 0.961729 0.968721 0.980700 0.993349 0.999800 0.974135 0.934461 0.934461 0.934461
0.881933 0.958416 0.964924 0.975219 0.981147 0.995356 0.965498 0.891052 0.891052 0.891052
0.922162 0.997962 1.005208 1.016956 1.019599 1.034662 1.009745 0.934956 0.934955 0.934955
0.927769 1.002583 1.006409 1.021252 1.022916 1.038444 1.014011 0.939814 0.939814 0.939814
0.927897 1.003326 1.007502 1.023819 1.026908 1.039604 1.017724 0.943076 0.943076 0.943076
0.918419 0.990153 0.961643 1.009096 1.017204 1.027875 1.007608 0.936306 0.936305 0.936305
0.920705 0.990507 0.958236 1.012148 1.007482 1.031571 0.990728 0.934558 0.934558 0.934558
0.911080 0.982122 0.950587 1.005096 0.995535 1.024126 0.978720 0.898522 0.898522 0.898522
0.907691 0.954812 0.963077 1.008757 1.000023 1.032525 0.991092 0.913104 0.913103 0.913103
0.922220 0.960947 0.978678 1.017832 1.009341 1.009829 0.996888 0.917121 0.917121 0.917121
0.930654 0.968254 0.974523 1.019717 1.018992 1.018931 0.983215 0.923094 0.923093 0.923093
0.943406 0.975660 0.983160 1.033627 1.031251 1.035965 0.993775 0.934262 0.934261 0.934261
0.945469 0.976794 0.987404 1.039145 1.034041 1.034088 0.998683 0.940248 0.940248 0.940248
0.933603 0.977058 0.986341 1.038558 1.032928 1.034470 0.995391 0.940960 0.940959 0.940959
0.935491 0.980737 0.989186 1.045104 1.039039 1.040000 0.988621 0.948952 0.948951 0.948951
0.925976 0.979013 0.978043 1.046678 1.036686 1.037495 0.988521 0.950916 0.950916 0.950916
0.926461 0.980443 0.979408 1.049365 1.039924 1.038023 0.987612 0.952605 0.952605 0.952605
0.876286 0.921660 0.933826 1.015899 0.931421 0.995979 0.944489 0.916704 0.916704 0.916704
0.917426 0.969473 0.980677 1.065715 0.978962 1.042567 0.993997 0.965856 0.965856 0.965856
0.901229 0.943555 0.964223 1.047590 0.962367 1.022773 0.975485 0.922472 0.922472 0.922472
0.923218 0.959414 0.986853 1.068125 0.984316 1.031096 0.992250 0.942185 0.942184 0.942184
0.906356 0.942912 0.966206 1.049877 0.960820 1.011321 0.972924 0.888901 0.888901 0.888901
0.941863 0.981878 1.006245 1.093141 1.000294 1.049094 1.007248 0.926848 0.926847 0.926847
0.930394 0.968021 0.986448 1.086668 0.991880 1.044459 0.998137 0.916471 0.916471 0.916471
0.927725 0.975078 0.993219 1.091659 0.996627 1.046041 0.981685 0.915818 0.915817 0.915817
0.937467 0.986481 1.001253 1.092705 1.007703 1.049512 0.992118 0.925301 0.925300 0.925300
0.934357 0.988793 1.002179 1.091762 1.003778 1.050513 0.993923 0.928024 0.928023 0.928023
0.933404 0.988363 1.002197 1.081559 1.004984 1.052985 0.993939 0.929139 0.929139 0.929139
0.936613 0.990647 1.001540 1.087666 1.009767 1.057126 0.999194 0.933892 0.933892 0.933892
0.920120 0.986585 0.997873 1.082774 1.009801 1.053625 0.994679 0.934338 0.934338 0.934338
0.908335 0.973183 0.981956 1.070240 0.998024 1.037329 0.984007 0.921930 0.921930 0.921930
0.914110 0.983006 0.979572 1.080672 0.989140 1.046194 0.993823 0.928325 0.928325 0.928325
0.908348 0.988546 0.982702 1.086216 0.992400 1.048947 0.992726 0.926375 0.926375 0.926375
0.901671 0.965571 0.968833 1.084407 0.985562 1.047962 0.985788 0.921970 0.921970 0.921970
0.895268 0.963141 0.962404 1.070560 0.975292 1.040460 0.981834 0.908178 0.908177 0.908177
0.907893 0.982015 0.981169 1.093794 0.993638 1.056216 0.962817 0.924644 0.924643 0.924643
0.910965 0.988205 0.990289 1.080968 0.996106 1.063889 0.968923 0.931341 0.931340 0.931340
0.917157 0.991508 0.991832 1.086458 1.006845 1.071820 0.962506 0.941195 0.941194 0.941194
0.900524 0.970821 0.980514 1.075376 0.991272 1.059138 0.949746 0.925570 0.925570 0.925570
0.915400 0.986285 0.998859 1.091999 1.010445 1.081375 0.963834 0.945009 0.945009 0.945009
