0.967439 0.967127 0.952895 0.964499 0.971962 0.967430 0.961170 0.941559 0.941559 0.941559
0.975513 0.995619 0.982438 0.993410 0.996364 0.991096 0.987333 0.970370 0.970370 0.970370
0.965490 0.987713 0.979366 0.991337 0.997109 0.989571 0.985631 0.972438 0.972437 0.972437
0.917308 0.932669 0.937985 0.964037 0.897089 0.953759 0.946833 0.939997 0.939997 0.939997
0.964381 0.981449 0.986978 1.015578 0.945576 1.002688 0.993985 0.989472 0.989472 0.989472
0.955130 0.980295 0.976430 1.017702 0.943985 1.000856 0.994465 0.992099 0.992099 0.992099
0.951640 0.981311 0.975857 1.016006 0.944213 0.997036 0.996007 0.994772 0.994771 0.994771
0.932624 0.971254 0.967098 0.991612 0.941417 0.991515 0.989119 0.991986 0.991986 0.991986
0.920870 0.963442 0.955358 0.973526 0.926445 0.978964 0.979693 0.971732 0.971731 0.971731
0.940901 0.980300 0.972529 0.992022 0.940782 0.994398 1.001207 0.996341 0.996340 0.996340
0.937283 0.973655 0.934235 0.984048 0.937890 0.989506 0.997635 0.995554 0.995553 0.995553
0.938181 0.965399 0.935309 0.978196 0.932609 0.953424 0.988608 0.985125 0.985124 0.985124
0.952236 0.981185 0.952050 0.993301 0.946967 0.972625 1.004802 1.005282 1.005281 1.005281
0.944070 0.971284 0.931359 0.977666 0.939233 0.964158 0.973617 0.994061 0.994060 0.994060
0.943167 0.967658 0.936841 0.984625 0.940885 0.969420 0.977519 0.994662 0.994661 0.994661
0.926252 0.962187 0.931757 0.980774 0.935250 0.960163 0.967775 0.977792 0.977791 0.977791
0.937234 0.985292 0.951817 1.003821 0.955481 0.980283 0.984373 0.993569 0.993569 0.993569
0.940175 0.993997 0.958867 1.009450 0.957923 0.987573 0.992551 1.002947 1.002946 1.002946
0.937032 0.984758 0.951099 1.006016 0.953145 0.987199 0.986342 0.998012 0.998011 0.998011
0.948946 0.995280 0.958553 1.016007 0.959723 0.996447 0.997443 1.009683 1.009683 1.009683
0.933708 0.987810 0.951335 0.998308 0.939301 0.983329 0.987282 1.002468 1.002467 1.002467
0.923007 0.967465 0.941272 0.987518 0.929201 0.970743 0.975005 0.963477 0.963476 0.963476
0.949591 0.996505 0.966071 1.006366 0.956543 0.991603 1.003214 0.991083 0.991082 0.991082
0.949417 0.996928 0.967916 1.004188 0.955374 0.991410 1.003828 0.989780 0.989780 0.989780
0.953287 0.999868 0.967896 1.010501 0.960530 0.995942 1.009776 0.995476 0.995475 0.995475
0.941754 0.985672 0.950434 0.998811 0.937508 0.984979 0.978413 0.979160 0.979160 0.979160
0.955234 1.000382 0.964951 1.015514 0.954505 1.000055 0.995913 0.996485 0.996484 0.996484
0.919366 0.939540 0.944434 0.984605 0.926251 0.974020 0.974259 0.978271 0.978270 0.978270
0.942671 0.965034 0.969209 1.013876 0.953422 1.002023 0.990159 1.009547 1.009546 1.009546
0.942112 0.961152 0.963593 1.011545 0.956626 1.002082 0.976380 1.012740 1.012739 1.012739
0.938856 0.950731 0.959391 1.003328 0.951839 0.982766 0.966154 1.006254 1.006253 1.006253
0.919866 0.948163 0.945797 0.996786 0.934777 0.975558 0.964650 1.004550 1.004550 1.004550
0.941640 0.970966 0.969150 1.019675 0.956971 0.995728 0.986874 1.025770 1.025769 1.025769
0.921550 0.935038 0.942012 1.003636 0.936988 0.980778 0.966172 1.006510 1.006509 1.006509
0.893982 0.922333 0.931643 0.989118 0.924676 0.969090 0.953719 0.972649 0.972648 0.972648
0.920081 0.952782 0.950470 1.021423 0.937240 0.999550 0.985090 1.001619 1.001618 1.001618
0.914515 0.959314 0.955698 1.027567 0.942396 1.006503 0.988307 1.008976 1.008976 1.008976
0.918493 0.962928 0.961924 1.030959 0.949124 1.015333 0.990960 1.017835 1.017834 1.017834
0.911526 0.955719 0.945348 1.020408 0.941467 1.004584 0.962126 1.010873 1.010872 1.010872
0.862622 0.935854 0.925258 0.997049 0.913721 0.982717 0.937003 0.947142 0.947141 0.947141
0.892621 0.967638 0.954387 1.033010 0.946594 1.014153 0.971630 0.979611 0.979610 0.979610
0.891729 0.979963 0.966970 1.045750 0.962631 1.027885 0.983594 0.996650 0.996649 0.996649
0.891663 0.981918 0.969006 1.047719 0.964327 1.026004 0.979834 0.999945 0.999945 0.999945
0.893517 0.982858 0.969879 1.050830 0.966115 1.029565 0.982559 1.005049 1.005048 1.005048
0.867185 0.954928 0.938748 1.021088 0.932290 0.998293 0.952425 0.937388 0.937387 0.937387
0.908256 0.999013 0.982618 1.067914 0.974215 1.043407 0.997557 0.981962 0.981961 0.981961
0.899259 0.988107 0.974952 1.060661 0.965064 1.028950 0.990389 0.976330 0.976329 0.976329
0.902387 0.990116 0.973593 1.062388 0.965701 1.030042 0.992001 0.978866 0.978865 0.978865
0.902912 0.976929 0.970675 1.063892 0.967425 1.026350 0.992747 0.982565 0.982564 0.982564
0.877201 0.967347 0.962774 1.058252 0.961810 1.016644 0.983027 0.978713 0.978712 0.978712
0.878662 0.967916 0.966822 1.063334 0.962135 1.021862 0.972183 0.974865 0.974864 0.974864
0.865953 0.955833 0.955217 1.051645 0.946872 1.010376 0.956508 0.933477 0.933476 0.933476
0.883864 0.973691 0.967575 1.080195 0.970142 1.039373 0.979387 0.953731 0.953731 0.953731
0.886455 0.979388 0.976129 1.067048 0.972114 1.046453 0.985156 0.960207 0.960207 0.960207
0.862894 0.944438 0.944053 1.032442 0.941524 1.009500 0.948886 0.881839 0.881839 0.881839
0.901706 0.992267 0.991766 1.086967 0.988442 1.055990 0.958840 0.925165 0.925165 0.925165
0.907294 0.995943 0.987068 1.096693 0.990431 1.064177 0.965079 0.931388 0.931388 0.931388
0.905984 0.965730 0.978012 1.081755 0.990231 1.061981 0.966122 0.931199 0.931199 0.931199
0.914892 0.975798 0.988655 1.083288 1.002192 1.076045 0.976635 0.942448 0.942448 0.942448
0.903940 0.973937 0.986353 1.078327 0.997795 1.067836 0.951767 0.933178 0.933177 0.933177
