0.972804 0.982713 0.982298 0.980082 0.980271 0.977080 0.959520 0.974906 0.974906 0.974906
0.967645 0.961855 0.970434 0.980469 0.975525 0.978176 0.954781 0.972273 0.972272 0.972272
0.973534 0.975932 0.975260 0.998072 0.989300 0.991845 0.970363 0.990285 0.990285 0.990285
0.921862 0.918468 0.930933 0.967346 0.887092 0.952758 0.929053 0.954053 0.954053 0.954053
0.952001 0.948191 0.946916 0.995937 0.920378 0.983898 0.953210 0.958888 0.958888 0.958888
0.968263 0.962498 0.955782 1.019364 0.939669 1.008565 0.972567 0.976237 0.976237 0.976237
0.978742 0.974064 0.963821 1.020667 0.950415 1.012234 0.983217 0.986660 0.986660 0.986660
0.972441 0.971386 0.949256 1.017512 0.929978 1.007905 0.980399 0.980872 0.980872 0.980872
0.979129 0.978640 0.956777 1.015971 0.938456 1.018263 0.988166 0.989815 0.989815 0.989815
0.972959 0.975303 0.956349 0.994366 0.931707 1.015760 0.984836 0.987361 0.987361 0.987361
0.959373 0.981821 0.964185 1.001513 0.933966 1.017586 0.989260 0.995060 0.995060 0.995060
0.961446 0.984536 0.967184 1.006061 0.939507 1.020782 0.994890 1.000533 1.000533 1.000533
0.966288 0.988365 0.971471 1.009678 0.942083 1.023796 0.999924 1.005754 1.005753 1.005753
0.932237 0.971859 0.956857 0.997335 0.930096 1.007055 0.983242 0.994838 0.994837 0.994837
0.936553 0.976455 0.951942 0.999278 0.933947 1.008657 0.966382 1.000194 1.000193 1.000193
0.926993 0.963801 0.948677 0.997071 0.926926 1.004770 0.961270 0.991531 0.991531 0.991531
0.943645 0.980013 0.961780 1.017217 0.944819 1.023324 0.980341 1.011030 1.011030 1.011030
0.941148 0.963841 0.955803 1.015371 0.943452 1.016367 0.977913 1.011576 1.011576 1.011576
0.910697 0.944318 0.936658 0.996549 0.924031 0.991881 0.953949 0.979817 0.979816 0.979816
0.942132 0.977274 0.969955 1.030233 0.955994 1.023116 0.986267 1.011114 1.011114 1.011114
0.928332 0.960124 0.921658 1.010870 0.942719 1.007042 0.972091 0.999359 0.999359 0.999359
0.881465 0.943313 0.905090 0.991033 0.917998 0.988417 0.949875 0.939486 0.939486 0.939486
0.905291 0.978434 0.939995 1.013639 0.959187 1.030098 0.988558 0.981798 0.981798 0.981798
0.913392 0.989232 0.950473 1.024710 0.969546 1.037491 0.993665 0.993932 0.993932 0.993932
0.880440 0.930489 0.931686 0.995041 0.942286 1.012027 0.973545 0.977257 0.977257 0.977257
0.897195 0.947176 0.951822 1.017152 0.958944 1.034855 0.979496 0.990290 0.990290 0.990290
0.903199 0.949544 0.954648 1.021199 0.959431 1.035676 0.986252 1.000403 1.000403 1.000403
0.908658 0.953908 0.955755 1.025477 0.962518 1.039426 0.990384 1.005566 1.005566 1.005566
0.897750 0.941017 0.931751 1.005844 0.951356 1.026814 0.956327 0.990903 0.990903 0.990903
0.912254 0.957885 0.947619 1.026461 0.970484 1.046864 0.963221 1.013415 1.013415 1.013415
0.897817 0.955688 0.945864 1.023699 0.972278 1.045292 0.960610 1.015740 1.015740 1.015740
0.895254 0.951987 0.945168 1.023986 0.970005 1.038150 0.960499 1.017106 1.017106 1.017106
0.897735 0.954071 0.949829 1.025751 0.975394 1.045611 0.961563 1.024423 1.024423 1.024423
0.889372 0.946459 0.943686 1.016658 0.966703 1.041135 0.953920 1.020360 1.020360 1.020360
0.879661 0.948278 0.944228 1.017762 0.967258 1.043240 0.952345 1.022819 1.022819 1.022819
0.881486 0.950823 0.948168 1.017853 0.968257 1.045393 0.955080 1.023781 1.023781 1.023781
0.879478 0.942992 0.941492 1.015474 0.964458 1.046114 0.950121 1.019833 1.019833 1.019833
0.880511 0.941761 0.932355 1.019447 0.961575 1.048962 0.951530 1.021569 1.021569 1.021569
0.885668 0.944026 0.932936 1.023667 0.971034 1.055794 0.944345 1.031413 1.031413 1.031413
0.874733 0.934568 0.928071 1.019391 0.969724 1.051961 0.940742 1.031446 1.031446 1.031446
0.839231 0.911728 0.907759 0.993594 0.946455 1.027991 0.918403 0.985782 0.985782 0.985782
0.860441 0.942896 0.938767 1.017295 0.965226 1.057070 0.947232 1.019849 1.019850 1.019850
0.845637 0.928535 0.924919 1.003314 0.947273 1.042282 0.929367 0.973835 0.973835 0.973835
0.869272 0.959909 0.954817 1.033896 0.973184 1.076005 0.960266 1.007341 1.007341 1.007341
0.844919 0.949705 0.933804 1.018988 0.948141 1.059621 0.951147 0.997640 0.997641 0.997641
0.839609 0.948093 0.928370 1.006805 0.939032 1.052901 0.948110 0.983524 0.983524 0.983524
0.862940 0.973349 0.953047 1.035701 0.964910 1.083663 0.975140 1.013906 1.013906 1.013906
0.832344 0.930055 0.913324 0.992974 0.926025 1.035863 0.930674 0.922665 0.922665 0.922665
0.875187 0.982532 0.963292 1.046168 0.977497 1.089004 0.983691 0.976338 0.976338 0.976338
0.852962 0.958619 0.936288 1.020826 0.947234 1.060361 0.957526 0.914434 0.914434 0.914434
0.880747 0.961206 0.959302 1.041225 0.979306 1.094223 0.991218 0.945395 0.945394 0.945394
0.887609 0.961516 0.965899 1.044424 0.985403 1.085243 0.991907 0.949942 0.949942 0.949942
0.878533 0.942889 0.956876 1.034427 0.976024 1.072691 0.980796 0.914135 0.914134 0.914134
0.895014 0.958536 0.968963 1.054397 0.982387 1.094021 0.980018 0.927238 0.927238 0.927238
0.895697 0.958513 0.966615 1.056518 0.984277 1.091906 0.982831 0.927502 0.927502 0.927502
0.898799 0.952763 0.970148 1.052862 0.981184 1.054722 0.976374 0.920082 0.920082 0.920082
0.904658 0.970495 0.985805 1.071918 0.997120 1.071143 0.987881 0.929997 0.929996 0.929996
0.911261 0.978495 0.993866 1.081947 1.007008 1.078946 0.993656 0.937958 0.937957 0.937957
0.917351 0.983060 0.995689 1.086184 1.007918 1.082567 0.998855 0.943275 0.943275 0.943275
0.903197 0.973137 0.985543 1.077441 0.996975 1.066959 0.950985 0.932411 0.932411 0.932411
