0.981732 0.974456 0.980841 0.977135 0.980207 0.966148 0.974820 0.978828 0.978828 0.978828
0.971959 0.964445 0.956478 0.964468 0.974987 0.956521 0.958861 0.943160 0.943160 0.943160
0.964741 0.934138 0.965441 0.964380 0.975739 0.960777 0.967370 0.954900 0.954900 0.954900
0.989229 0.959517 0.990799 0.993083 1.004394 0.988432 0.983191 0.985462 0.985462 0.985462
0.975492 0.955831 0.986575 0.986619 0.998049 0.978990 0.956299 0.973877 0.973877 0.973877
0.956530 0.955261 0.987648 0.990519 1.001487 0.978753 0.955744 0.979084 0.979083 0.979083
0.960925 0.959746 0.982543 0.992415 1.005600 0.980277 0.939325 0.984321 0.984321 0.984321
0.961953 0.932973 0.975979 0.981362 1.007927 0.980717 0.942707 0.986598 0.986598 0.986598
0.968450 0.943696 0.985595 0.989960 1.018702 0.987179 0.954032 0.999590 0.999590 0.999590
0.946007 0.923679 0.965158 0.970424 0.993681 0.967456 0.930353 0.948692 0.948692 0.948692
0.973112 0.944469 0.988073 0.998169 1.020466 0.998135 0.954213 0.974330 0.974330 0.974330
0.934762 0.922517 0.967632 0.974103 0.997201 0.976587 0.932696 0.932336 0.932336 0.932336
0.949935 0.957121 1.005434 1.011147 1.030230 1.008302 0.965576 0.968379 0.968379 0.968379
0.958928 0.965079 1.014343 1.019256 1.037609 1.015738 0.974741 0.977724 0.977723 0.977723
0.954268 0.959007 1.004513 1.012433 1.029666 1.008367 0.968216 0.972119 0.972119 0.972119
0.954786 0.946197 1.001463 1.013827 1.031465 1.004715 0.968907 0.975754 0.975754 0.975754
0.954948 0.947244 1.002505 1.016069 1.034320 1.004870 0.967673 0.977141 0.977141 0.977141
0.956841 0.948056 1.000394 1.020325 1.037734 1.007358 0.971377 0.980715 0.980715 0.980715
0.940249 0.943712 0.994470 1.014802 1.031589 1.002842 0.963478 0.976696 0.976696 0.976696
0.929554 0.945807 0.997118 1.016649 1.038171 1.005865 0.965212 0.983364 0.983364 0.983364
0.929481 0.947689 0.999212 1.018557 1.039995 1.004020 0.961517 0.986611 0.986611 0.986611
0.924756 0.948227 0.998364 1.015876 1.034109 1.003197 0.961560 0.987762 0.987762 0.987762
0.915387 0.929770 0.988437 0.998646 1.016894 0.955906 0.942302 0.966585 0.966585 0.966585
0.931820 0.945494 1.008320 1.019770 1.035684 0.969184 0.961852 0.988081 0.988081 0.988081
0.927599 0.942482 1.006638 1.015613 1.031415 0.969698 0.958816 0.988917 0.988917 0.988917
0.917385 0.943303 1.005069 1.015986 1.029911 0.967643 0.953220 0.982164 0.982164 0.982164
0.922973 0.949605 1.012242 1.013655 1.038490 0.976825 0.960022 0.990345 0.990345 0.990345
0.913455 0.947982 1.010486 1.001813 1.022327 0.969593 0.955791 0.989009 0.989009 0.989009
0.900416 0.943732 1.007250 0.983456 1.025237 0.969842 0.954710 0.991985 0.991985 0.991985
0.889109 0.936184 0.995068 0.965563 1.008979 0.957608 0.945655 0.971775 0.971775 0.971775
0.904724 0.955398 1.018508 0.967725 1.025778 0.978195 0.965101 0.992645 0.992646 0.992646
0.903020 0.950791 0.980331 0.961837 1.024639 0.975300 0.963552 0.993815 0.993815 0.993815
0.906788 0.958302 0.975828 0.969104 1.013313 0.981500 0.971051 0.998535 0.998536 0.998536
0.888518 0.955790 0.962077 0.962862 0.995228 0.974379 0.969616 0.996925 0.996925 0.996925
0.886419 0.944719 0.960662 0.961221 0.993586 0.970760 0.966371 0.966967 0.966967 0.966967
0.900868 0.958238 0.968912 0.983077 1.013633 0.994333 0.985238 0.983707 0.983707 0.983707
0.908806 0.967270 0.979497 0.989774 1.021502 1.003084 0.994711 0.991252 0.991253 0.991253
0.906365 0.962282 0.966251 0.989815 1.014522 1.001936 0.992345 0.989111 0.989111 0.989111
0.887663 0.943449 0.943752 0.970557 0.987915 0.980349 0.970669 0.930922 0.930922 0.930922
0.915995 0.972513 0.976341 1.004670 1.018095 1.015140 0.988953 0.955267 0.955267 0.955267
0.894876 0.941204 0.947676 0.975606 0.989627 0.982838 0.955992 0.880478 0.880478 0.880478
0.886344 0.964606 0.970777 0.997712 1.005237 1.006265 0.974432 0.863425 0.863426 0.863426
0.898697 0.990279 0.996843 1.026062 1.031644 1.029001 0.996026 0.876326 0.876327 0.876327
0.919999 1.009531 1.016698 1.047553 1.049609 1.047220 1.019843 0.900235 0.900235 0.900235
0.907050 0.992554 1.009251 1.041155 1.037647 1.039108 1.010484 0.888951 0.888951 0.888951
0.921711 1.005136 1.020228 1.056178 1.058591 1.056593 1.013129 0.906714 0.906714 0.906714
0.924515 1.007065 1.022129 1.060332 1.061574 1.061279 1.016923 0.912217 0.912217 0.912217
0.910019 0.989761 0.992751 1.036163 1.045359 1.044501 0.978301 0.895571 0.895571 0.895571
0.917694 1.006591 1.000017 1.057228 1.062595 1.061569 0.996588 0.914293 0.914292 0.914292
0.908709 1.002136 0.995495 1.054724 1.057078 1.052256 0.954260 0.908938 0.908938 0.908938
0.919245 1.013167 1.009207 1.065838 1.072304 1.069143 0.963723 0.923531 0.923532 0.923532
0.905168 1.000004 1.000929 1.058198 1.067642 1.062063 0.957164 0.920787 0.920787 0.920787
0.860349 0.944662 0.959030 1.029479 0.960940 1.024046 0.919863 0.890434 0.890434 0.890434
0.904845 0.994117 1.009585 1.085293 1.014442 1.078062 0.970844 0.939606 0.939606 0.939606
0.909336 0.997049 1.009709 1.087683 1.013625 1.079833 0.974257 0.943319 0.943319 0.943319
0.905705 0.994241 1.003277 1.073110 1.010190 1.067877 0.970490 0.939417 0.939416 0.939416
0.898429 0.984157 0.989229 1.065058 0.990033 1.060466 0.944215 0.927821 0.927821 0.927821
0.918165 1.006148 1.011968 1.087701 1.011852 1.080591 0.964361 0.945842 0.945842 0.945842
0.900039 0.985509 0.988832 1.067559 0.993028 1.056404 0.947313 0.926727 0.926727 0.926727
0.898958 0.968570 0.980918 1.072384 0.992296 1.061951 0.946522 0.928035 0.928035 0.928035
