0.974119 0.972211 0.966727 0.980289 0.977833 0.981770 0.977208 0.975088 0.975088 0.975088
0.977756 0.977158 0.973125 0.984396 0.981885 0.990444 0.982209 0.984013 0.984013 0.984013
0.980885 0.981203 0.977089 0.989563 0.987587 0.993599 0.983931 0.988398 0.988398 0.988398
0.969902 0.975474 0.971290 0.985817 0.981063 0.983483 0.940803 0.981214 0.981213 0.981213
0.980747 0.987546 0.979806 0.987427 0.992635 0.987411 0.951443 0.992041 0.992041 0.992041
0.978492 0.984268 0.979630 0.988254 0.990865 0.981210 0.951862 0.993929 0.993929 0.993929
0.982693 0.987385 0.979823 0.994682 0.996429 0.985909 0.957710 0.999865 0.999865 0.999865
0.982370 0.985955 0.978350 0.995238 0.995878 0.986953 0.958066 1.002553 1.002553 1.002553
0.977193 0.981334 0.974205 0.981742 0.992834 0.985067 0.954006 0.999489 0.999488 0.999488
0.973732 0.983413 0.974887 0.980675 0.988744 0.985785 0.955526 1.002204 1.002204 1.002204
0.972825 0.984207 0.974817 0.983947 0.991662 0.988133 0.946231 1.007738 1.007737 1.007737
0.971744 0.983706 0.974657 0.985188 0.994288 0.988001 0.948509 1.009972 1.009971 1.009971
0.957723 0.968031 0.947846 0.963955 0.980346 0.973617 0.913645 0.992802 0.992801 0.992801
0.967686 0.949802 0.950292 0.962106 0.991776 0.983136 0.925484 1.004377 1.004376 1.004376
0.966462 0.950837 0.955945 0.968838 1.001552 0.990559 0.932299 1.015680 1.015679 1.015679
0.971392 0.955133 0.962892 0.972763 1.009458 0.999997 0.935501 1.025363 1.025362 1.025362
0.955589 0.938855 0.944211 0.958131 0.994186 0.981077 0.922218 1.008199 1.008198 1.008198
0.964245 0.947453 0.943503 0.964230 1.002705 0.986971 0.910401 1.018096 1.018095 1.018095
0.961872 0.936210 0.941361 0.955222 0.993653 0.947732 0.899081 1.003990 1.003988 1.003988
0.981825 0.957608 0.962981 0.976944 1.016127 0.965692 0.914291 1.028280 1.028279 1.028279
0.967033 0.954513 0.957540 0.973296 1.010486 0.959696 0.905228 1.017072 1.017071 1.017071
0.949527 0.938250 0.937661 0.956826 0.986529 0.941446 0.887744 0.959713 0.959711 0.959711
0.974561 0.972796 0.971774 0.989399 1.020309 0.970513 0.898707 0.987143 0.987142 0.987142
0.982747 0.981564 0.981989 0.995734 1.027811 0.978654 0.906977 0.994310 0.994308 0.994308
0.976810 0.974584 0.978530 0.992818 1.020247 0.976109 0.890071 0.982781 0.982779 0.982779
0.972048 0.983168 0.987584 1.001162 1.033505 0.985487 0.897534 0.995994 0.995993 0.995993
0.949270 0.962059 0.966850 0.981146 1.007854 0.965542 0.875026 0.945029 0.945028 0.945028
0.976075 0.986775 0.983350 1.011610 1.032005 0.994342 0.900012 0.972227 0.972226 0.972226
0.953724 0.981425 0.966771 1.002272 1.010741 0.984356 0.896159 0.967933 0.967932 0.967932
0.955055 0.995554 0.979370 1.015853 1.023912 0.998628 0.905819 0.982346 0.982345 0.982345
0.899201 0.969884 0.953663 0.987530 0.988664 0.971903 0.877663 0.915714 0.915713 0.915713
0.934429 1.005739 0.985062 1.026768 1.015051 1.011094 0.894541 0.947456 0.947455 0.947455
0.928772 1.020582 1.001100 1.042443 1.025675 1.021037 0.905768 0.962503 0.962501 0.962501
0.927216 1.012787 0.994651 1.040635 1.022267 1.022357 0.901608 0.959369 0.959368 0.959368
0.939404 1.026478 1.008730 1.053583 1.035777 1.032765 0.912895 0.969560 0.969559 0.969559
0.929888 1.008550 0.997606 1.038027 1.023693 1.006075 0.897286 0.956900 0.956899 0.956899
0.910576 1.006583 0.997337 1.040718 1.025827 1.004468 0.895550 0.960712 0.960711 0.960711
0.925771 1.022211 1.013370 1.056566 1.040563 1.019112 0.910515 0.976919 0.976919 0.976919
0.902833 0.987671 0.989145 1.031067 1.015507 0.992516 0.887081 0.926274 0.926273 0.926273
0.897451 0.994060 0.995772 1.039557 1.021731 0.995024 0.888945 0.921665 0.921664 0.921664
0.879965 0.991095 0.995400 1.035535 1.019148 0.993738 0.886923 0.900235 0.900234 0.900234
0.905834 1.024019 1.015717 1.069569 1.033201 1.025176 0.916279 0.927233 0.927232 0.927232
0.899964 1.001096 1.002260 1.068723 1.026981 1.025110 0.910673 0.923632 0.923632 0.923632
0.905452 1.015761 1.007258 1.087926 1.041496 1.039449 0.925548 0.940757 0.940756 0.940756
0.896173 1.014091 1.005576 1.075286 1.025354 1.031822 0.921528 0.939549 0.939548 0.939548
0.883540 1.009727 1.002536 1.055773 1.028458 1.032272 0.920653 0.942546 0.942545 0.942545
0.875645 0.997922 1.000381 1.054794 1.022037 1.029615 0.916959 0.935583 0.935582 0.935582
0.857820 0.953972 0.996601 1.040959 1.009501 1.020724 0.913044 0.934889 0.934888 0.934888
0.873771 0.968850 0.978926 1.055852 1.029069 1.038584 0.930282 0.955194 0.955193 0.955193
0.855105 0.939283 0.951831 1.027085 1.002028 1.007278 0.900834 0.881936 0.881936 0.881936
0.854821 0.933216 0.959178 1.050914 0.948552 1.021479 0.910526 0.896996 0.896996 0.896996
0.899465 0.968312 1.005662 1.106721 0.999292 1.070353 0.958243 0.946858 0.946858 0.946858
0.883316 0.950621 0.972759 1.083548 0.985939 1.051125 0.934940 0.904983 0.904983 0.904983
0.906125 0.971108 0.994187 1.108532 1.005185 1.071950 0.959278 0.931598 0.931598 0.931598
0.890041 0.958274 0.976997 1.082640 0.984041 1.052862 0.945182 0.907819 0.907818 0.907818
0.908235 0.982466 1.000038 1.106975 1.008084 1.074208 0.969542 0.932279 0.932279 0.932279
0.915488 0.988327 1.003169 1.112748 1.010301 1.079209 0.975876 0.938777 0.938777 0.938777
0.904671 0.979492 0.997157 1.083042 0.997469 1.070583 0.967190 0.931254 0.931253 0.931253
0.911827 0.985818 1.000165 1.089596 1.002535 1.076452 0.973043 0.937797 0.937796 0.937796
0.912482 0.983140 0.995674 1.088517 1.007223 1.077927 0.960760 0.941996 0.941995 0.941995
