0.980925 0.985542 0.983944 0.982881 0.984760 0.980764 0.986049 0.987174 0.987174 0.987174
0.982698 0.986751 0.987847 0.983629 0.989280 0.986864 0.986193 0.993321 0.993320 0.993320
0.972498 0.980134 0.969059 0.976699 0.964167 0.978744 0.979465 0.983575 0.983575 0.983575
0.962817 0.967679 0.965982 0.974790 0.957162 0.975221 0.974533 0.975305 0.975305 0.975305
0.978227 0.979793 0.976335 0.988701 0.976329 0.991476 0.976931 0.994639 0.994639 0.994639
0.950219 0.970028 0.968234 0.983303 0.970508 0.981943 0.967212 0.990581 0.990581 0.990581
0.958705 0.979608 0.977732 0.994111 0.981720 0.990698 0.974441 1.000679 1.000679 1.000679
0.944180 0.978032 0.976590 0.992116 0.984209 0.989889 0.972466 1.003662 1.003662 1.003662
0.938724 0.973693 0.973737 0.986831 0.978922 0.989170 0.968181 1.003251 1.003251 1.003251
0.938033 0.970568 0.962448 0.988802 0.974135 0.989971 0.967767 1.003041 1.003041 1.003041
0.939894 0.971499 0.966406 0.993879 0.976572 0.987977 0.972350 1.009263 1.009264 1.009264
0.922637 0.973631 0.969980 0.996559 0.974576 0.985340 0.972364 1.012598 1.012598 1.012598
0.911220 0.973137 0.967135 0.995551 0.971815 0.981898 0.965357 1.004298 1.004298 1.004298
0.913918 0.976115 0.960570 0.995834 0.974218 0.981827 0.947228 1.008028 1.008028 1.008028
0.913027 0.973090 0.953860 0.995396 0.961573 0.981952 0.928142 1.002671 1.002670 1.002670
0.916313 0.967384 0.957475 0.992086 0.958681 0.948640 0.922169 0.994784 0.994783 0.994783
0.935962 0.988723 0.978934 1.015767 0.982924 0.969931 0.945262 1.019502 1.019501 1.019501
0.926230 0.975562 0.934202 1.000974 0.973456 0.958811 0.935693 1.011995 1.011995 1.011995
0.928383 0.986139 0.935338 1.015136 0.983511 0.968574 0.947408 1.026890 1.026890 1.026890
0.912589 0.960405 0.920247 0.998525 0.967472 0.950807 0.930373 0.981407 0.981407 0.981407
0.921248 0.969205 0.915013 1.004936 0.981217 0.959819 0.933114 0.964215 0.964215 0.964215
0.928216 0.986236 0.932289 1.008378 1.005811 0.981335 0.952709 0.988542 0.988542 0.988542
0.906220 0.974905 0.921790 0.998540 0.993920 0.966262 0.937677 0.966073 0.966073 0.966073
0.937227 1.007112 0.952757 1.031225 1.025581 0.997252 0.969784 0.999309 0.999309 0.999309
0.927544 0.990753 0.938411 1.020510 1.013310 0.989883 0.956960 0.987419 0.987419 0.987419
0.933323 0.998103 0.942004 1.017171 1.020242 0.988971 0.963044 0.993427 0.993427 0.993427
0.911940 0.977195 0.922720 0.997367 0.995452 0.969474 0.939394 0.943097 0.943097 0.943097
0.930831 0.995484 0.934687 1.024475 1.019947 0.997329 0.961895 0.963591 0.963591 0.963591
0.919567 0.987978 0.923809 1.006301 1.004236 0.985203 0.953211 0.944396 0.944396 0.944396
0.941370 1.012018 0.947693 1.028120 1.026978 1.008552 0.976589 0.965695 0.965694 0.965694
0.900593 0.984475 0.924313 0.999250 0.999483 0.982765 0.950685 0.920315 0.920314 0.920314
0.935478 1.021136 0.955454 1.036042 1.035281 1.018374 0.985688 0.955124 0.955124 0.955124
0.936068 1.007585 0.952637 1.037560 1.037180 1.014774 0.986478 0.958780 0.958780 0.958780
0.925194 0.994358 0.929075 1.018094 1.025554 1.002854 0.952930 0.945169 0.945169 0.945169
0.929356 1.009007 0.942363 1.030326 1.038075 1.011793 0.944146 0.951473 0.951473 0.951473
0.931879 0.982473 0.937607 1.020525 1.042188 1.013911 0.949104 0.955242 0.955242 0.955242
0.930733 0.983578 0.943216 1.027701 1.052498 1.021602 0.956126 0.966025 0.966025 0.966025
0.884514 0.929005 0.903596 0.999659 0.947167 0.984885 0.918727 0.934040 0.934040 0.934040
0.917803 0.963211 0.934619 1.038576 0.983955 1.019199 0.955311 0.968730 0.968730 0.968730
0.927657 0.969499 0.941160 1.046898 0.988409 1.024106 0.965765 0.982555 0.982555 0.982555
0.930405 0.974063 0.944760 1.054484 0.995190 1.030546 0.960096 0.991830 0.991829 0.991829
0.899395 0.932790 0.907379 1.013210 0.957189 0.987261 0.918336 0.904565 0.904564 0.904564
0.948542 0.984338 0.957957 1.059671 1.011740 1.044726 0.969524 0.956117 0.956117 0.956117
0.924385 0.960310 0.931033 1.033925 0.980344 1.017171 0.943666 0.895428 0.895428 0.895428
0.901323 0.968870 0.938884 1.040897 0.980309 1.025209 0.946898 0.864420 0.864420 0.864420
0.912124 0.956774 0.966214 1.061155 1.000250 1.049907 0.973981 0.892294 0.892294 0.892294
0.910122 0.971751 0.970053 1.073638 1.000399 1.061388 0.990362 0.907178 0.907177 0.907177
0.921353 0.976452 0.981132 1.081797 1.011170 1.057429 0.995524 0.915656 0.915656 0.915656
0.928572 0.986138 0.990973 1.092405 1.020963 1.063842 0.999562 0.925950 0.925950 0.925950
0.917668 0.983029 0.987824 1.078082 1.003620 1.054441 0.993717 0.923364 0.923364 0.923364
0.917263 0.985456 0.993205 1.061380 1.002279 1.058052 0.996209 0.926507 0.926507 0.926507
0.929909 0.999411 1.007903 1.075268 1.016169 1.069501 1.009320 0.936943 0.936943 0.936943
0.914036 0.987674 0.995969 1.064835 1.003461 1.052324 0.959347 0.924608 0.924608 0.924608
0.910387 0.996503 1.003521 1.073457 1.011069 1.061837 0.964471 0.933328 0.933328 0.933328
0.915718 1.001213 1.005278 1.082120 1.018327 1.068581 0.971905 0.940362 0.940362 0.940362
0.908870 0.999371 1.002008 1.076674 1.010127 1.065136 0.969609 0.939192 0.939193 0.939193
0.911820 1.001492 1.004079 1.081128 1.013179 1.070078 0.973438 0.945085 0.945085 0.945085
0.901474 0.989063 0.995202 1.072208 1.000353 1.061597 0.950193 0.929140 0.929140 0.929140
0.896826 0.968213 0.983327 1.072790 0.995658 1.062945 0.945640 0.926768 0.926767 0.926767
0.917088 0.988104 1.000701 1.094012 1.012309 1.083369 0.965611 0.946752 0.946751 0.946751
