0.973440 0.971954 0.960523 0.966405 0.973842 0.973313 0.951388 0.970901 0.970901 0.970901
0.979931 0.983736 0.972073 0.980140 0.984888 0.980809 0.926122 0.981257 0.981257 0.981257
0.997308 0.999174 0.984545 0.994779 0.996598 0.994903 0.941186 0.997652 0.997652 0.997652
0.981350 0.991732 0.977187 0.977506 0.975448 0.981862 0.931651 0.990579 0.990579 0.990579
0.967411 0.987358 0.974128 0.959664 0.978295 0.982184 0.930665 0.993631 0.993631 0.993631
0.969409 0.993069 0.967618 0.964885 0.965451 0.986353 0.935940 0.996255 0.996256 0.996256
0.970728 0.965649 0.961433 0.954416 0.967967 0.987083 0.939583 0.998851 0.998851 0.998851
0.969526 0.966727 0.967178 0.961119 0.977535 0.994562 0.946527 1.010118 1.010118 1.010118
0.970201 0.966412 0.969908 0.964813 0.978722 0.991284 0.949788 1.015079 1.015079 1.015079
0.954426 0.950392 0.939794 0.946242 0.967310 0.975157 0.928290 0.971861 0.971862 0.971862
0.983642 0.978074 0.963859 0.973409 0.994119 1.002586 0.954941 1.000732 1.000732 1.000732
0.960219 0.956702 0.943256 0.953576 0.969069 0.981913 0.930632 0.949155 0.949156 0.949156
0.987865 0.976952 0.969533 0.976437 0.995421 0.994148 0.950685 0.973594 0.973595 0.973595
0.994807 0.985530 0.977187 0.987499 1.006312 1.004455 0.948936 0.986768 0.986769 0.986769
0.983135 0.964783 0.965906 0.969180 0.987959 0.955556 0.928426 0.964051 0.964051 0.964051
1.005253 0.985915 0.989764 0.989948 1.012990 0.981356 0.947738 0.990086 0.990087 0.990087
0.994124 0.972131 0.943896 0.974869 1.002552 0.969446 0.937508 0.982129 0.982129 0.982129
1.001818 0.973803 0.946660 0.982355 1.008643 0.979854 0.942003 0.988163 0.988164 0.988164
0.989019 0.958689 0.940965 0.977642 0.998463 0.973545 0.934588 0.977063 0.977064 0.977064
0.999536 0.968980 0.941727 0.985401 1.008590 0.980922 0.924053 0.988194 0.988195 0.988195
0.993037 0.975917 0.948888 0.992060 1.020027 0.988728 0.930278 0.999844 0.999845 0.999845
0.982183 0.963359 0.931394 0.987431 1.012725 0.985601 0.923028 0.989899 0.989900 0.989900
0.938795 0.915157 0.897419 0.966028 0.916633 0.955661 0.892041 0.962646 0.962646 0.962646
0.978250 0.951592 0.929509 1.007167 0.943679 0.996924 0.911690 0.998746 0.998747 0.998747
0.984716 0.956852 0.938024 1.016999 0.948657 1.006987 0.906083 0.999730 0.999731 0.999731
0.990136 0.959735 0.932938 1.025393 0.949912 1.014095 0.911351 1.005762 1.005763 1.005763
0.962806 0.944913 0.918741 1.011327 0.934927 0.994524 0.893384 0.978970 0.978970 0.978970
0.979522 0.969489 0.933659 1.041023 0.958755 1.019724 0.918140 1.008282 1.008283 1.008283
0.976016 0.971506 0.934277 1.039853 0.954771 1.020429 0.919569 1.010984 1.010985 1.010985
0.976104 0.972504 0.935175 1.042071 0.957338 1.020506 0.918326 1.012342 1.012342 1.012342
0.975985 0.958876 0.931716 1.042812 0.958373 1.016134 0.918370 1.015452 1.015453 1.015453
0.948827 0.948868 0.911389 1.027976 0.933893 1.000857 0.909827 1.005869 1.005870 1.005870
0.959581 0.964140 0.924556 1.041701 0.948171 1.012035 0.924946 1.023752 1.023752 1.023752
0.947996 0.962203 0.922308 1.036823 0.943913 1.004211 0.901301 1.013577 1.013577 1.013577
0.936263 0.954681 0.911320 1.018146 0.929114 0.991725 0.892916 0.993109 0.993110 0.993110
0.956609 0.971366 0.927680 1.037468 0.943472 1.007339 0.912506 1.018239 1.018239 1.018239
0.936138 0.951610 0.905371 1.016487 0.918010 0.984865 0.891876 0.957587 0.957587 0.957587
0.913521 0.960868 0.913744 1.024169 0.918720 0.993450 0.895654 0.925174 0.925174 0.925174
0.960717 1.009380 0.959823 1.078038 0.965969 1.046226 0.942587 0.975910 0.975909 0.975909
0.955727 1.004726 0.955830 1.063501 0.963089 1.044307 0.938665 0.973001 0.973001 0.973001
0.942691 1.002928 0.951804 1.061063 0.959129 1.039324 0.930706 0.963788 0.963788 0.963788
0.943927 1.005599 0.955791 1.062938 0.960779 1.045976 0.933212 0.970263 0.970263 0.970263
0.904866 0.980209 0.934097 1.035180 0.936948 1.021295 0.910296 0.926539 0.926538 0.926538
0.907664 0.974043 0.930940 1.032139 0.935126 1.015262 0.903509 0.876857 0.876857 0.876857
0.965742 1.035186 0.989912 1.096607 0.992689 1.077987 0.961344 0.933133 0.933132 0.933132
0.960193 1.030453 0.981875 1.080010 0.987584 1.064174 0.955941 0.927637 0.927636 0.927636
0.961299 1.032261 0.983936 1.083822 0.992441 1.066441 0.960412 0.931799 0.931798 0.931798
0.925510 0.969802 0.963335 1.051182 0.963384 1.039023 0.939841 0.915070 0.915070 0.915070
0.957445 1.003636 0.997569 1.086701 0.996696 1.071729 0.971671 0.944289 0.944288 0.944288
0.951798 0.994293 0.986525 1.078448 0.994738 1.066104 0.953063 0.942247 0.942246 0.942246
0.932941 0.995001 0.988709 1.079757 0.991237 1.061686 0.951667 0.943962 0.943961 0.943961
0.934376 0.998593 0.992386 1.083532 0.994583 1.061451 0.949557 0.948610 0.948609 0.948609
0.916458 0.970391 0.974225 1.063455 0.976208 1.039685 0.930429 0.904597 0.904596 0.904596
0.928176 0.967067 0.979961 1.083222 0.989149 1.059780 0.942671 0.918559 0.918559 0.918559
0.944717 0.983196 0.993356 1.104953 1.008101 1.079198 0.961237 0.936491 0.936490 0.936490
0.928324 0.978679 0.987462 1.098959 1.002120 1.074347 0.953409 0.932643 0.932642 0.932642
0.930229 0.981283 0.991560 1.099032 1.003133 1.076540 0.956126 0.933500 0.933499 0.933499
0.919265 0.968955 0.976754 1.087434 0.992459 1.060985 0.946846 0.922056 0.922055 0.922055
0.905105 0.972362 0.981840 1.096225 0.999977 1.065093 0.950191 0.930800 0.930800 0.930800
0.907078 0.977318 0.989777 1.082070 1.001258 1.071543 0.955071 0.936417 0.936417 0.936417
