0.915001 0.930493 0.948813 0.965034 0.964661 0.958594 0.956160 0.966143 0.966143 0.966143
0.901116 0.944765 0.963359 0.979612 0.984816 0.963999 0.975338 0.981766 0.981766 0.981766
0.917258 0.945495 0.966836 0.990403 0.996540 0.980331 0.988561 0.997960 0.997960 0.997960
0.915483 0.949473 0.969341 0.990582 0.994343 0.983787 0.979656 1.000627 1.000627 1.000627
0.887937 0.936904 0.954144 0.967801 0.981384 0.967064 0.962456 0.968248 0.968248 0.968248
0.910707 0.957661 0.980166 0.989223 0.975144 0.980542 0.986446 0.992608 0.992607 0.992607
0.921475 0.967552 0.989153 0.999459 0.983428 0.989912 0.995819 0.993816 0.993815 0.993815
0.886637 0.952632 0.981210 0.983999 0.969476 0.973902 0.959840 0.983968 0.983967 0.983967
0.881973 0.950097 0.988827 0.984566 0.964745 0.980740 0.958825 0.988422 0.988421 0.988421
0.867270 0.938949 0.977224 0.951741 0.953425 0.881395 0.943932 0.971289 0.971289 0.971289
0.900110 0.975961 0.995284 0.987689 0.990357 0.918748 0.981318 1.008682 1.008682 1.008682
0.898211 0.966397 0.992809 0.987367 0.991146 0.916172 0.973480 1.010937 1.010937 1.010937
0.859287 0.920784 0.931808 0.923125 0.941890 0.865105 0.925101 0.948106 0.948105 0.948105
0.883900 0.951713 0.980779 0.966211 0.928020 0.903243 0.973757 0.996707 0.996707 0.996707
0.916396 0.984465 1.016918 1.000580 0.954653 0.935892 1.007115 1.031990 1.031989 1.031989
0.908421 0.976645 1.002110 0.990951 0.946086 0.928139 0.969409 1.024272 1.024271 1.024271
0.907259 0.979143 1.004694 0.991689 0.951628 0.925686 0.971595 1.030115 1.030114 1.030114
0.881644 0.950366 0.978772 0.954534 0.901476 0.899511 0.928765 0.995400 0.995399 0.995399
0.908727 0.969520 0.992143 0.967243 0.925877 0.925668 0.952652 1.025886 1.025885 1.025885
0.891371 0.956893 0.974240 0.927937 0.911439 0.902635 0.945581 1.011998 1.011997 1.011997
0.909363 0.973540 0.986052 0.946851 0.933031 0.921472 0.960618 1.033823 1.033822 1.033822
0.915677 0.982554 0.991911 0.946339 0.938870 0.924011 0.964990 1.040373 1.040372 1.040372
0.907007 0.972462 0.987565 0.940973 0.925414 0.909326 0.961627 1.025749 1.025747 1.025747
0.918286 0.991469 1.005278 0.958600 0.943394 0.920757 0.979263 1.044922 1.044921 1.044921
0.913914 0.987564 0.998158 0.938231 0.911361 0.911463 0.975550 1.032103 1.032102 1.032102
0.901460 0.969227 0.982692 0.921152 0.896702 0.899113 0.941747 1.026748 1.026747 1.026747
0.919904 0.992234 1.007860 0.944661 0.920147 0.918201 0.943694 1.052524 1.052523 1.052523
0.916584 0.986560 0.981856 0.934957 0.914661 0.905036 0.931752 1.048702 1.048701 1.048701
0.924865 0.996326 0.983054 0.941199 0.922878 0.909340 0.940697 1.061713 1.061712 1.061712
0.904904 0.982428 0.945019 0.926491 0.904876 0.870069 0.905214 1.047649 1.047649 1.047649
0.918204 0.986146 0.957310 0.925650 0.916648 0.868000 0.902859 1.060143 1.060143 1.060143
0.913147 0.969077 0.949113 0.912407 0.839684 0.865361 0.867887 1.052214 1.052213 1.052213
0.946452 1.002931 0.981565 0.943707 0.871689 0.887555 0.898318 1.091546 1.091546 1.091546
0.956559 1.013149 0.991428 0.953544 0.879541 0.887630 0.906190 1.105250 1.105250 1.105250
0.931949 0.972030 0.962239 0.908676 0.862227 0.859744 0.867982 1.081755 1.081755 1.081755
0.938498 0.972325 0.973682 0.892851 0.857997 0.866364 0.838989 1.092025 1.092024 1.092024
0.951264 0.981417 0.969465 0.909165 0.868614 0.880752 0.840428 1.097887 1.097886 1.097886
0.966239 0.992648 0.983306 0.923135 0.879057 0.887924 0.851131 1.110564 1.110564 1.110564
0.937939 0.983871 0.960330 0.907609 0.828036 0.880354 0.842816 1.099431 1.099431 1.099431
0.962955 1.011467 0.986108 0.930248 0.850696 0.903951 0.863737 1.126863 1.126863 1.126863
0.929558 0.987890 0.971792 0.910161 0.831243 0.891376 0.846643 1.096210 1.096210 1.096210
0.920598 0.937798 0.929019 0.910047 0.832479 0.889579 0.849968 1.090564 1.090563 1.090563
0.941181 0.956678 0.954716 0.919042 0.846124 0.912163 0.870595 1.119746 1.119746 1.119746
0.922801 0.913863 0.931755 0.892717 0.815279 0.883243 0.842442 1.089160 1.089160 1.089160
0.942992 0.926789 0.946250 0.902260 0.823170 0.899829 0.859734 1.105420 1.105420 1.105420
0.906202 0.884882 0.898755 0.864239 0.806716 0.876997 0.824485 1.077863 1.077862 1.077862
0.968767 0.946692 0.962008 0.924803 0.858774 0.938257 0.880136 1.153076 1.153076 1.153076
0.929588 0.918592 0.927454 0.893777 0.824049 0.903334 0.848028 1.110991 1.110991 1.110991
0.949386 0.938602 0.946734 0.906971 0.840461 0.926299 0.866874 1.136704 1.136704 1.136704
0.952154 0.950587 0.957492 0.916434 0.848595 0.907208 0.873370 1.151007 1.151007 1.151007
0.913738 0.912289 0.936199 0.895977 0.832143 0.872083 0.853527 1.125820 1.125820 1.125820
0.906009 0.895595 0.938143 0.892163 0.833573 0.868481 0.856973 1.133255 1.133255 1.133255
0.926095 0.916184 0.957850 0.913738 0.853791 0.863109 0.878689 1.163065 1.163065 1.163065
0.922078 0.909945 0.947692 0.899494 0.849252 0.857302 0.863060 1.156735 1.156735 1.156735
0.934628 0.922717 0.962175 0.906837 0.851079 0.870902 0.875864 1.173840 1.173840 1.173840
0.938598 0.923985 0.965972 0.909369 0.849484 0.873756 0.877612 1.178150 1.178149 1.178149
0.927792 0.899150 0.955031 0.894030 0.838732 0.842527 0.863717 1.162502 1.162501 1.162501
0.940136 0.909021 0.966991 0.910812 0.851981 0.855332 0.875033 1.183418 1.183418 1.183418
0.938417 0.910164 0.966320 0.895836 0.840286 0.854934 0.874773 1.180648 1.180648 1.180648
0.925775 0.891343 0.950363 0.877887 0.808193 0.827493 0.852916 1.162047 1.162047 1.162047
