0.978290 0.978755 0.977802 0.972029 0.976966 0.982241 0.979176 0.980059 0.980059 0.980059
0.982269 0.983489 0.975977 0.975077 0.980671 0.986652 0.954657 0.985261 0.985260 0.985260
0.957193 0.957242 0.953442 0.941156 0.931575 0.961422 0.915114 0.954707 0.954707 0.954707
0.998310 0.995505 0.994100 0.980162 0.965669 1.001753 0.952285 0.995147 0.995146 0.995146
0.998254 0.993977 0.991434 0.978675 0.962438 0.999450 0.950045 0.984658 0.984658 0.984658
1.008562 1.001964 1.001752 0.987644 0.964811 1.009170 0.957534 0.993517 0.993516 0.993516
0.984608 0.970762 0.971909 0.953627 0.930650 0.982211 0.933553 0.963322 0.963321 0.963321
0.969994 0.960952 0.979740 0.955939 0.878182 0.982156 0.941111 0.969891 0.969890 0.969890
0.997795 0.988908 1.009483 0.978053 0.893139 1.012552 0.969253 0.998847 0.998846 0.998846
0.993468 0.991535 1.010567 0.979869 0.895409 1.008297 0.970679 1.000663 1.000662 1.000662
0.989053 0.987920 1.004929 0.977435 0.893248 0.975969 0.969362 1.000245 1.000244 1.000244
0.988109 0.990146 1.009038 0.981345 0.897368 0.975772 0.950981 1.003838 1.003837 1.003837
0.980065 0.971522 0.999155 0.958386 0.888582 0.951541 0.927159 0.992946 0.992945 0.992945
0.959931 0.973702 1.008914 0.960490 0.891692 0.952947 0.909694 1.000744 1.000743 1.000743
0.933529 0.976261 1.011558 0.962794 0.898927 0.946324 0.916324 1.004197 1.004196 1.004196
0.947650 0.991846 1.024462 0.961165 0.885756 0.955491 0.931089 1.011696 1.011695 1.011695
0.943741 0.986956 1.025478 0.960872 0.877773 0.945378 0.932851 1.002857 1.002856 1.002856
0.968727 1.013853 1.053944 0.987267 0.897211 0.971142 0.956166 1.030119 1.030118 1.030118
0.901279 0.937175 0.969157 0.915542 0.851269 0.916352 0.887755 0.972444 0.972444 0.972444
0.947462 0.975100 1.001957 0.946205 0.891719 0.961775 0.928718 1.022184 1.022183 1.022183
0.940777 0.953453 0.991095 0.918962 0.890919 0.949412 0.906609 1.019628 1.019628 1.019628
0.931497 0.934678 0.991744 0.913753 0.891185 0.944150 0.908978 1.024907 1.024906 1.024906
0.955908 0.962139 1.018891 0.923970 0.903639 0.970216 0.934231 1.051226 1.051225 1.051225
0.951971 0.961857 1.018612 0.922029 0.906347 0.964900 0.933675 1.054216 1.054215 1.054215
0.930417 0.928925 0.992492 0.893181 0.815944 0.945395 0.882047 1.028305 1.028304 1.028304
0.939252 0.898859 0.967140 0.910323 0.832946 0.961718 0.902619 1.042774 1.042773 1.042773
0.964743 0.925377 0.992399 0.928079 0.854969 0.983709 0.924913 1.070427 1.070426 1.070426
0.963097 0.921842 0.968641 0.920300 0.851494 0.971458 0.914952 1.068576 1.068575 1.068575
0.966696 0.918158 0.971892 0.925390 0.857165 0.974410 0.912963 1.077240 1.077239 1.077239
0.951751 0.906326 0.969395 0.916429 0.844237 0.971191 0.902646 1.071021 1.071020 1.071020
0.934017 0.904892 0.965468 0.905930 0.843077 0.965958 0.897274 1.048607 1.048606 1.048606
0.955672 0.927258 0.969402 0.926849 0.863347 0.992652 0.919617 1.073572 1.073571 1.073571
0.954055 0.931386 0.972151 0.927242 0.861653 0.996394 0.911554 1.076703 1.076703 1.076703
0.935761 0.908949 0.951703 0.905242 0.843024 0.977364 0.875019 1.065092 1.065091 1.065091
0.958891 0.915732 0.961523 0.921331 0.858762 1.000566 0.892810 1.089896 1.089895 1.089895
0.927830 0.886122 0.947934 0.908231 0.849093 0.969799 0.879758 1.074883 1.074882 1.074882
0.943623 0.898969 0.958002 0.913253 0.862697 0.983939 0.882647 1.091967 1.091965 1.091965
0.923682 0.884389 0.942464 0.878800 0.848705 0.880257 0.864995 1.068171 1.068170 1.068170
0.971095 0.929334 0.990224 0.923676 0.890795 0.915741 0.907672 1.125085 1.125084 1.125084
0.948889 0.902021 0.972255 0.880648 0.860112 0.895398 0.851309 1.102050 1.102049 1.102049
0.976482 0.929495 1.000695 0.904732 0.885721 0.921555 0.874486 1.132196 1.132195 1.132195
0.969465 0.921445 0.991316 0.896351 0.880749 0.905376 0.867022 1.125044 1.125043 1.125043
0.964228 0.914473 0.991074 0.880631 0.870878 0.903153 0.863949 1.123783 1.123782 1.123782
0.968417 0.915321 0.996961 0.881431 0.847370 0.896724 0.867095 1.128131 1.128130 1.128130
0.945996 0.899666 0.974925 0.842117 0.830710 0.870798 0.857102 1.108259 1.108258 1.108258
0.948170 0.878534 0.972659 0.836207 0.818246 0.861960 0.847849 1.101985 1.101984 1.101984
0.955935 0.896165 1.001110 0.854487 0.835044 0.887718 0.867979 1.119619 1.119618 1.119618
0.959299 0.892748 1.001534 0.851787 0.816982 0.874023 0.860867 1.120957 1.120956 1.120956
0.981962 0.909971 1.023716 0.871587 0.833221 0.887979 0.878596 1.142700 1.142699 1.142699
0.980902 0.909768 1.014691 0.868612 0.832280 0.883259 0.878141 1.145282 1.145281 1.145281
0.975431 0.900900 0.991181 0.867747 0.826636 0.880938 0.863003 1.129643 1.129642 1.129642
0.958463 0.903874 0.979880 0.863604 0.788197 0.884128 0.865041 1.132020 1.132019 1.132019
0.928548 0.872126 0.931328 0.817648 0.758519 0.845428 0.832470 1.075118 1.075117 1.075117
0.981654 0.919486 0.976814 0.864579 0.804655 0.894379 0.876387 1.138147 1.138146 1.138146
0.989824 0.936246 0.993239 0.878309 0.816822 0.880668 0.887714 1.158680 1.158679 1.158679
0.979870 0.912424 0.983436 0.864767 0.807672 0.850444 0.874946 1.144976 1.144975 1.144975
0.962548 0.906345 0.970606 0.855583 0.793400 0.838214 0.863027 1.129358 1.129357 1.129357
0.919198 0.880180 0.961143 0.861727 0.798788 0.838599 0.861232 1.138774 1.138773 1.138773
0.948175 0.905842 0.990679 0.893688 0.825995 0.866651 0.888204 1.180109 1.180108 1.180108
0.922102 0.887807 0.946593 0.874404 0.804987 0.824211 0.849533 1.157438 1.157437 1.157437
