0.967665 0.972727 0.969321 0.973012 0.964164 0.974680 0.980664 0.980664 0.980664 0.980664
0.949332 0.958119 0.962553 0.965500 0.954415 0.967483 0.968536 0.968536 0.968536 0.968536
0.934092 0.942917 0.947281 0.976073 0.964866 0.952132 0.977918 0.977918 0.977918 0.977918
0.948261 0.957220 0.951766 0.990879 0.979502 0.962660 0.984512 0.984512 0.984512 0.984512
0.956669 0.962401 0.957289 0.998739 0.986644 0.965504 0.994830 0.994830 0.994830 0.994830
0.928869 0.945259 0.945090 0.986925 0.982307 0.959893 0.988371 0.988371 0.988371 0.988371
0.914252 0.945707 0.935748 0.982408 0.978361 0.958554 0.992061 0.992061 0.992061 0.992061
0.895574 0.924352 0.918968 0.959851 0.958373 0.938971 0.954909 0.954909 0.954909 0.954909
0.929563 0.957528 0.959306 0.995729 0.997996 0.965291 0.997083 0.997083 0.997083 0.997083
0.944031 0.973844 0.975653 1.011526 1.015002 0.980316 1.012219 1.012219 1.012219 1.012219
0.889255 0.917337 0.919041 0.952833 0.956107 0.923433 0.921417 0.921417 0.921417 0.921417
0.935256 0.961549 0.961520 0.992024 1.004126 0.971146 0.973171 0.973171 0.973171 0.973171
0.940797 0.973326 0.974973 0.993505 1.016450 0.979794 0.988597 0.988597 0.988597 0.988597
0.871218 0.924660 0.909994 0.905841 0.949084 0.895674 0.929520 0.929520 0.929520 0.929520
0.906751 0.971436 0.953965 0.940778 0.987138 0.932988 0.981545 0.981545 0.981545 0.981545
0.918327 0.965771 0.965493 0.943491 0.999934 0.943496 0.999089 0.999089 0.999089 0.999089
0.877197 0.923286 0.942768 0.915455 0.979306 0.908338 0.982930 0.982930 0.982930 0.982930
0.904313 0.947059 0.960492 0.926215 0.993352 0.921338 1.011250 1.011250 1.011249 1.011249
0.903912 0.949540 0.954024 0.924266 0.980642 0.913034 1.012672 1.012672 1.012672 1.012672
0.907305 0.963756 0.965000 0.938455 0.989807 0.925527 1.026934 1.026934 1.026934 1.026934
0.899886 0.954659 0.957007 0.901648 0.978680 0.913957 1.017612 1.017612 1.017612 1.017612
0.890882 0.942983 0.909463 0.888141 0.942621 0.868088 1.011320 1.011320 1.011320 1.011320
0.797032 0.843644 0.813655 0.776024 0.822986 0.759162 0.911825 0.911825 0.911825 0.911825
0.897040 0.927076 0.912471 0.872830 0.917422 0.828132 1.031038 1.031038 1.031038 1.031038
0.933761 0.965665 0.947749 0.903371 0.947509 0.847981 1.076352 1.076352 1.076352 1.076352
0.927763 0.952638 0.941005 0.888336 0.939421 0.839487 1.072341 1.072341 1.072341 1.072341
0.897794 0.909049 0.931929 0.879980 0.919557 0.831501 1.067623 1.067623 1.067623 1.067623
0.913808 0.922590 0.948451 0.891145 0.936051 0.847018 1.087349 1.087349 1.087350 1.087350
0.864424 0.883713 0.917822 0.850929 0.901902 0.792226 1.057320 1.057320 1.057320 1.057320
0.897564 0.917385 0.949871 0.882839 0.935928 0.822575 1.100870 1.100870 1.100870 1.100870
0.895988 0.915775 0.948204 0.881289 0.934285 0.821131 1.086990 1.086990 1.086991 1.086991
0.903899 0.921432 0.949188 0.887575 0.936580 0.826609 1.100149 1.100149 1.100150 1.100150
0.909650 0.927295 0.955228 0.870851 0.942540 0.811033 1.106064 1.106064 1.106065 1.106065
0.881893 0.899000 0.930343 0.848164 0.860230 0.717757 1.068392 1.068392 1.068393 1.068393
0.901833 0.827308 0.951016 0.868656 0.851327 0.727860 1.096293 1.096293 1.096294 1.096294
0.917908 0.829121 0.960494 0.877721 0.868814 0.707850 1.119042 1.119042 1.119043 1.119043
0.927428 0.835338 0.970310 0.886019 0.876326 0.716202 1.130047 1.130047 1.130048 1.130048
0.930035 0.837438 0.972431 0.879012 0.880162 0.717707 1.137250 1.137250 1.137251 1.137251
0.913258 0.836465 0.940470 0.858248 0.872612 0.717855 1.141905 1.141905 1.141905 1.141905
0.880469 0.820770 0.922824 0.773043 0.856238 0.704386 1.108257 1.108257 1.108258 1.108258
0.922528 0.855314 0.968419 0.808826 0.898477 0.736020 1.164060 1.164060 1.164060 1.164060
0.916423 0.849654 0.962011 0.802196 0.882440 0.729131 1.151997 1.151997 1.151997 1.151997
0.921560 0.855933 0.965869 0.808368 0.887536 0.732280 1.164149 1.164149 1.164149 1.164149
0.923073 0.856472 0.967257 0.809492 0.890021 0.736166 1.169900 1.169900 1.169901 1.169901
0.910685 0.848645 0.951172 0.803172 0.883936 0.727852 1.165594 1.165594 1.165595 1.165595
0.854739 0.808644 0.892860 0.758321 0.855657 0.691557 1.137826 1.137826 1.137827 1.137827
0.886781 0.834062 0.927328 0.782398 0.889611 0.715876 1.186655 1.186655 1.186657 1.186657
0.880672 0.831865 0.921473 0.775387 0.887774 0.713586 1.175201 1.175201 1.175203 1.175203
0.885769 0.829441 0.913862 0.767391 0.894035 0.710913 1.184347 1.184347 1.184348 1.184348
0.884200 0.829111 0.905422 0.752148 0.876021 0.708409 1.180846 1.180846 1.180847 1.180847
0.900299 0.837475 0.920718 0.762331 0.890407 0.701773 1.202721 1.202721 1.202723 1.202723
0.888167 0.701804 0.908311 0.752058 0.878409 0.692317 1.182801 1.182801 1.182802 1.182802
0.911112 0.713833 0.929862 0.766848 0.895769 0.709705 1.217228 1.217228 1.217230 1.217230
0.907399 0.708251 0.927076 0.757774 0.885484 0.707018 1.219566 1.219566 1.219568 1.219568
0.897816 0.699550 0.925821 0.754411 0.887351 0.700302 1.227163 1.227163 1.227165 1.227165
0.897903 0.699617 0.925910 0.751937 0.887436 0.700369 1.213443 1.213443 1.213445 1.213445
0.910528 0.710416 0.938049 0.761788 0.897623 0.710776 1.234840 1.234840 1.234841 1.234841
0.887827 0.692462 0.909882 0.724819 0.875207 0.688773 1.214171 1.214171 1.214173 1.214173
0.890570 0.696216 0.912839 0.726810 0.861932 0.681724 1.216961 1.216961 1.216963 1.216963
0.862294 0.675585 0.877434 0.702769 0.828233 0.665221 1.188409 1.188409 1.188411 1.188411
0.840610 0.710046 0.922190 0.738616 0.870480 0.699153 1.246483 1.246483 1.246485 1.246485
0.839843 0.710041 0.884415 0.730383 0.870197 0.690694 1.250013 1.250013 1.250015 1.250015
0.849423 0.720472 0.894621 0.740023 0.882663 0.700009 1.272332 1.272332 1.272335 1.272335
0.851258 0.721386 0.895734 0.735744 0.883418 0.700517 1.274574 1.274574 1.274576 1.274576
0.845484 0.716079 0.888940 0.728561 0.873114 0.692843 1.271217 1.271217 1.271219 1.271219
0.831778 0.712745 0.856761 0.726069 0.840152 0.691835 1.269460 1.269460 1.269462 1.269462
0.829210 0.712778 0.863159 0.731491 0.777221 0.689700 1.277653 1.277653 1.277655 1.277655
0.807786 0.697105 0.840858 0.705194 0.758467 0.582428 1.241088 1.241088 1.241090 1.241090
0.813598 0.697480 0.850528 0.711089 0.766157 0.589866 1.272763 1.272763 1.272765 1.272765
0.821506 0.719768 0.868247 0.731722 0.790640 0.583897 1.312880 1.312880 1.312882 1.312882
0.821560 0.711245 0.868304 0.728462 0.787721 0.583935 1.296198 1.296198 1.296201 1.296201
0.822837 0.715042 0.873721 0.726033 0.787922 0.586779 1.310368 1.310368 1.310370 1.310370
0.830372 0.721590 0.881722 0.732682 0.795137 0.592153 1.311036 1.311036 1.311038 1.311038
0.824083 0.712035 0.874983 0.723940 0.789031 0.586276 1.296438 1.296438 1.296440 1.296440
0.821877 0.722080 0.882842 0.735543 0.801169 0.595012 1.318539 1.318539 1.318541 1.318541
0.811750 0.709860 0.880560 0.732438 0.801269 0.593114 1.318279 1.318279 1.318281 1.318281
0.826937 0.722855 0.897035 0.745103 0.814338 0.604266 1.343077 1.343077 1.343079 1.343079
0.809942 0.709635 0.884792 0.734188 0.802018 0.594726 1.327345 1.327345 1.327347 1.327347
0.774024 0.675100 0.821300 0.655598 0.770759 0.531064 1.270827 1.270827 1.270829 1.270829
0.807958 0.704940 0.857010 0.684340 0.797205 0.544073 1.312448 1.312448 1.312451 1.312451
0.825669 0.720594 0.880817 0.702832 0.813651 0.555864 1.348947 1.348947 1.348950 1.348950
0.785520 0.673977 0.835202 0.657364 0.757705 0.520956 1.278925 1.278925 1.278927 1.278927
0.812665 0.685856 0.863383 0.680628 0.777631 0.538325 1.321342 1.321342 1.321345 1.321345
0.828254 0.697738 0.877624 0.692857 0.792378 0.548596 1.348935 1.348935 1.348937 1.348937
0.831745 0.699211 0.879195 0.695050 0.797224 0.548362 1.359156 1.359156 1.359158 1.359158
0.790554 0.663878 0.847231 0.671211 0.776036 0.528780 1.331863 1.331863 1.331865 1.331865
0.821145 0.689567 0.880015 0.697184 0.806065 0.549242 1.381658 1.381658 1.381660 1.381660
0.770449 0.649594 0.820263 0.648627 0.735951 0.512722 1.309388 1.309388 1.309390 1.309390
0.780217 0.656139 0.762762 0.657819 0.751037 0.517888 1.337135 1.337135 1.337137 1.337137
0.801674 0.678567 0.790783 0.679249 0.774733 0.535044 1.387800 1.387800 1.387801 1.387801
0.795396 0.673841 0.788975 0.678107 0.769543 0.518862 1.388579 1.388579 1.388580 1.388580
0.798167 0.677166 0.791127 0.680276 0.767037 0.520597 1.399696 1.399696 1.399697 1.399697
0.594768 0.632660 0.739131 0.635566 0.716624 0.408058 1.299957 1.299957 1.299958 1.299958
0.656876 0.694312 0.812606 0.693627 0.788635 0.450694 1.439426 1.439426 1.439427 1.439427
0.649840 0.689606 0.807883 0.692383 0.785312 0.449390 1.437855 1.437855 1.437856 1.437856
0.599587 0.631400 0.793224 0.676874 0.767093 0.442249 1.414080 1.414080 1.414081 1.414081
0.620576 0.653503 0.820992 0.700568 0.793946 0.457731 1.455531 1.455531 1.455532 1.455532
0.618128 0.649297 0.817186 0.697399 0.792127 0.455375 1.450379 1.450379 1.450379 1.450379
0.603010 0.631166 0.794839 0.682789 0.767764 0.446082 1.427321 1.427321 1.427322 1.427322
0.618605 0.646608 0.812321 0.700462 0.786604 0.457450 1.462292 1.462292 1.462292 1.462292
