0.977990 0.977990 0.977990 0.976435 0.966933 0.975290 0.974303 0.974303 0.974303 0.974303
0.972377 0.975357 0.966258 0.969218 0.949504 0.961379 0.970504 0.970504 0.970504 0.970504
0.956315 0.956780 0.872616 0.954613 0.941031 0.943068 0.962496 0.962496 0.962496 0.962496
0.982449 0.987193 0.893547 0.986281 0.973199 0.970929 0.998561 0.998561 0.998561 0.998561
0.971721 0.974711 0.892012 0.981546 0.974897 0.961357 1.004416 1.004416 1.004416 1.004416
0.971891 0.981010 0.899323 0.977393 0.981221 0.964374 1.014505 1.014505 1.014505 1.014505
0.938537 0.951086 0.868460 0.934053 0.949209 0.807291 0.976890 0.976890 0.976890 0.976890
0.955194 0.979179 0.898726 0.967500 0.990594 0.841291 1.017336 1.017336 1.017336 1.017336
0.929743 0.948781 0.849687 0.879938 0.969619 0.765151 0.992060 0.992060 0.992060 0.992060
0.966056 1.002428 0.893192 0.931452 1.025733 0.809048 1.051193 1.051193 1.051193 1.051193
0.958981 0.994791 0.886097 0.914746 1.019812 0.802555 1.047201 1.047201 1.047201 1.047201
0.963631 0.996192 0.887689 0.918330 1.023157 0.801720 1.053962 1.053962 1.053962 1.053962
0.972108 1.004955 0.895498 0.926408 1.032157 0.808772 1.057386 1.057386 1.057386 1.057386
0.940420 0.988207 0.871458 0.906371 1.010401 0.793809 1.043152 1.043152 1.043152 1.043152
0.960353 1.009153 0.889929 0.902400 1.031818 0.790331 1.064218 1.064218 1.064218 1.064218
0.959508 1.005745 0.888530 0.901082 1.032622 0.788682 1.063714 1.063714 1.063714 1.063714
0.924291 0.969014 0.856081 0.891832 1.022021 0.759879 1.051478 1.051478 1.051478 1.051478
0.932021 0.980810 0.867278 0.894901 1.029232 0.768772 1.070199 1.070199 1.070199 1.070199
0.933691 0.974066 0.856697 0.882154 1.032373 0.762849 1.074243 1.074243 1.074243 1.074243
0.935726 0.977075 0.824148 0.875021 1.035231 0.755953 1.080619 1.080619 1.080619 1.080619
0.950884 0.991551 0.834342 0.889215 1.050645 0.767915 1.096667 1.096667 1.096667 1.096667
0.950512 0.984904 0.830227 0.878347 1.046489 0.767657 1.099080 1.099080 1.099080 1.099080
0.934064 0.952994 0.809562 0.856882 1.031124 0.720786 1.083166 1.083166 1.083167 1.083167
0.957406 0.974763 0.827789 0.877378 1.058892 0.735384 1.113952 1.113952 1.113952 1.113952
0.951853 0.966562 0.816632 0.870822 1.046102 0.729555 1.111089 1.111089 1.111089 1.111089
0.936521 0.953203 0.803607 0.856503 1.010519 0.708270 1.092330 1.092330 1.092330 1.092330
0.912117 0.928365 0.782667 0.834184 0.984187 0.689814 1.028085 1.028085 1.028085 1.028085
0.965799 0.976012 0.828153 0.874194 1.039895 0.727771 1.091547 1.091547 1.091547 1.091547
0.930140 0.938977 0.808626 0.855404 1.025678 0.711087 1.083809 1.083809 1.083809 1.083809
0.916400 0.912246 0.815334 0.862709 1.022178 0.717083 1.098588 1.098588 1.098588 1.098588
0.937415 0.933425 0.838812 0.886897 1.044297 0.733347 1.130256 1.130256 1.130257 1.130257
0.909690 0.902600 0.811593 0.863762 1.006868 0.714613 1.106452 1.106452 1.106452 1.106452
0.923105 0.915910 0.815096 0.876499 1.021715 0.722214 1.113449 1.113449 1.113449 1.113449
0.921860 0.914990 0.813716 0.875317 1.011024 0.707874 1.100136 1.100136 1.100135 1.100135
0.916259 0.925061 0.796560 0.865053 1.014562 0.716646 1.118097 1.118097 1.118096 1.118096
0.928541 0.937461 0.807238 0.876649 1.028162 0.726253 1.123375 1.123375 1.123374 1.123374
0.923602 0.933288 0.807431 0.877390 1.023859 0.706070 1.126851 1.126851 1.126850 1.126850
0.890116 0.884262 0.775571 0.831301 0.965856 0.670334 1.082248 1.082248 1.082247 1.082247
0.908258 0.902285 0.795021 0.852149 0.927788 0.624384 1.100268 1.100268 1.100267 1.100267
0.945930 0.939497 0.825270 0.886778 0.965702 0.650263 1.149051 1.149051 1.149050 1.149050
0.876887 0.893456 0.771073 0.809377 0.902642 0.595057 1.081516 1.081516 1.081515 1.081515
0.924595 0.926647 0.812384 0.854098 0.944153 0.626693 1.138824 1.138824 1.138823 1.138823
0.812874 0.814679 0.714222 0.733361 0.810055 0.538570 1.009011 1.009011 1.009010 1.009010
0.929181 0.936115 0.817810 0.842922 0.922608 0.620092 1.168875 1.168875 1.168874 1.168874
0.928639 0.932909 0.817211 0.841665 0.920495 0.620606 1.167573 1.167573 1.167571 1.167571
0.931537 0.931134 0.810130 0.828602 0.908527 0.612519 1.168830 1.168830 1.168829 1.168829
0.892061 0.892419 0.793059 0.806009 0.892031 0.591182 1.152828 1.152828 1.152827 1.152827
0.914186 0.913389 0.812641 0.800146 0.911331 0.603204 1.180348 1.180348 1.180347 1.180347
0.918645 0.912604 0.816549 0.800519 0.915679 0.604711 1.181850 1.181850 1.181849 1.181849
0.946115 0.939522 0.840966 0.823309 0.940839 0.622850 1.217312 1.217312 1.217311 1.217311
0.926266 0.919812 0.823324 0.803317 0.921102 0.609783 1.178336 1.178336 1.178336 1.178336
0.939238 0.925256 0.833777 0.810832 0.932364 0.601578 1.195211 1.195211 1.195211 1.195211
0.933588 0.908740 0.828761 0.802311 0.923273 0.597959 1.172849 1.172849 1.172849 1.172849
0.936402 0.915384 0.831740 0.803051 0.930553 0.601990 1.173111 1.173111 1.173111 1.173111
0.945059 0.916016 0.837705 0.805601 0.933598 0.607130 1.187734 1.187734 1.187734 1.187734
0.936972 0.918327 0.836949 0.807936 0.930764 0.607888 1.189688 1.189688 1.189688 1.189688
0.931378 0.918779 0.839430 0.807080 0.928854 0.607566 1.194542 1.194542 1.194542 1.194542
0.879812 0.878830 0.811186 0.769579 0.893715 0.567468 1.159927 1.159927 1.159927 1.159927
0.927027 0.927337 0.855959 0.811117 0.943043 0.597921 1.221711 1.221711 1.221711 1.221711
0.905828 0.907378 0.830130 0.778203 0.904513 0.583223 1.192355 1.192355 1.192356 1.192356
0.913968 0.910189 0.838492 0.780854 0.914572 0.587148 1.209364 1.209364 1.209364 1.209364
0.921184 0.917982 0.843267 0.782525 0.914584 0.582138 1.222441 1.222441 1.222442 1.222442
0.853763 0.917258 0.842602 0.781908 0.913864 0.581679 1.218989 1.218989 1.218990 1.218990
0.641766 0.864476 0.794116 0.736914 0.861276 0.459928 1.142040 1.142040 1.142041 1.142041
0.698367 0.936336 0.872673 0.808484 0.949050 0.505119 1.258020 1.258020 1.258021 1.258021
0.671699 0.894629 0.842938 0.778511 0.915477 0.488520 1.232000 1.232000 1.232000 1.232000
0.659991 0.894662 0.842969 0.714657 0.915511 0.488538 1.218608 1.218608 1.218608 1.218608
0.684030 0.910221 0.873084 0.733460 0.949041 0.505581 1.269363 1.269363 1.269363 1.269363
0.670040 0.900003 0.861420 0.716929 0.929016 0.495657 1.261543 1.261543 1.261543 1.261543
0.694922 0.933424 0.893408 0.743552 0.963515 0.514063 1.306742 1.306742 1.306742 1.306742
0.679698 0.916606 0.878164 0.733820 0.948597 0.506775 1.290544 1.290544 1.290544 1.290544
0.628360 0.840878 0.863912 0.718782 0.928398 0.499695 1.271681 1.271681 1.271681 1.271681
0.644402 0.859854 0.885874 0.733404 0.952193 0.512868 1.304967 1.304967 1.304967 1.304967
0.646677 0.862017 0.888819 0.735808 0.956659 0.516561 1.313885 1.313885 1.313885 1.313885
0.640078 0.851527 0.884787 0.727898 0.949993 0.506403 1.308264 1.308264 1.308264 1.308264
0.628574 0.835931 0.864344 0.697515 0.932879 0.494229 1.295546 1.295546 1.295546 1.295546
0.623134 0.826833 0.822523 0.688003 0.899733 0.470065 1.289292 1.289292 1.289292 1.289292
0.637865 0.843533 0.837556 0.697169 0.919682 0.481148 1.325338 1.325338 1.325338 1.325338
0.630291 0.851872 0.836720 0.702056 0.928773 0.466094 1.337875 1.337875 1.337875 1.337875
0.626652 0.849615 0.840696 0.705392 0.856889 0.463403 1.342882 1.342882 1.342882 1.342882
0.632419 0.857434 0.848433 0.711883 0.864774 0.467667 1.340505 1.340505 1.340506 1.340506
0.634504 0.862248 0.857230 0.718536 0.872429 0.471492 1.357061 1.357061 1.357062 1.357062
0.628596 0.851009 0.850169 0.706301 0.857878 0.467237 1.352520 1.352520 1.352520 1.352520
0.601831 0.818049 0.808626 0.670528 0.799252 0.445078 1.307949 1.307949 1.307950 1.307950
0.632393 0.860756 0.848893 0.703911 0.837700 0.468047 1.379210 1.379210 1.379210 1.379210
0.587111 0.811297 0.788216 0.657401 0.802113 0.439888 1.331764 1.331764 1.331765 1.331765
0.602754 0.842697 0.792777 0.683693 0.805454 0.458383 1.387857 1.387857 1.387857 1.387857
0.607449 0.850489 0.798349 0.688822 0.806275 0.461890 1.404970 1.404970 1.404971 1.404971
0.586712 0.802054 0.768335 0.664876 0.771327 0.432396 1.363356 1.363356 1.363356 1.363356
0.577256 0.790854 0.750459 0.653264 0.753138 0.428742 1.352866 1.352866 1.352867 1.352867
0.586353 0.801553 0.764229 0.661844 0.765006 0.435498 1.350310 1.350310 1.350310 1.350310
0.612056 0.835163 0.795625 0.690032 0.798368 0.454542 1.411851 1.411851 1.411851 1.411851
0.603370 0.699359 0.784334 0.680240 0.787039 0.448091 1.387459 1.387459 1.387460 1.387460
0.621256 0.716185 0.808847 0.699414 0.811576 0.460115 1.432108 1.432108 1.432108 1.432108
0.620454 0.717583 0.807910 0.699749 0.812868 0.460466 1.439379 1.439379 1.439379 1.439379
0.616589 0.712701 0.802230 0.693304 0.803835 0.455676 1.436389 1.436389 1.436390 1.436390
0.601657 0.625832 0.782503 0.677539 0.759087 0.440930 1.406406 1.406406 1.406406 1.406406
0.619721 0.645766 0.804718 0.699330 0.782009 0.453587 1.455752 1.455752 1.455753 1.455753
0.602918 0.630772 0.792447 0.688153 0.767657 0.446489 1.425777 1.425777 1.425778 1.425778
0.619553 0.647600 0.813567 0.701537 0.787811 0.458152 1.464535 1.464535 1.464535 1.464535
