0.959639 0.976132 0.945148 0.954183 0.968884 0.977469 0.981268 0.981268 0.981268 0.981268
0.933638 0.943407 0.923471 0.929404 0.945388 0.956249 0.972053 0.972053 0.972053 0.972053
0.979405 0.989262 0.968740 0.973606 0.989396 1.003216 1.019805 1.019805 1.019805 1.019805
0.953864 0.966492 0.953466 0.958255 0.894177 0.977054 1.002717 1.002717 1.002717 1.002717
0.963709 0.973125 0.960381 0.967250 0.901996 0.981354 1.014687 1.014687 1.014687 1.014687
0.960290 0.964013 0.958004 0.958488 0.900697 0.975685 1.016376 1.016376 1.016376 1.016376
0.949947 0.964832 0.928432 0.960493 0.871487 0.979655 1.020584 1.020584 1.020585 1.020585
0.943174 0.960179 0.921960 0.953319 0.849525 0.959751 1.012508 1.012508 1.012508 1.012508
0.954463 0.972518 0.938209 0.970709 0.860673 0.949297 1.033293 1.033293 1.033293 1.033293
0.950447 0.965674 0.934122 0.965747 0.855588 0.946639 1.028399 1.028399 1.028399 1.028399
0.932507 0.963049 0.921938 0.958260 0.849434 0.942303 1.028945 1.028945 1.028946 1.028946
0.937257 0.972156 0.923620 0.968621 0.859457 0.949144 1.044396 1.044396 1.044396 1.044396
0.936151 0.971009 0.913048 0.967478 0.858443 0.944184 1.034505 1.034505 1.034505 1.034505
0.949658 0.985669 0.924198 0.975831 0.864018 0.942193 1.052469 1.052469 1.052469 1.052469
0.928245 0.867010 0.903015 0.955273 0.817315 0.913263 1.032263 1.032263 1.032263 1.032263
0.947397 0.888241 0.925957 0.970225 0.833097 0.935192 1.063426 1.063426 1.063426 1.063426
0.966130 0.907120 0.945638 0.989701 0.850804 0.953684 1.084043 1.084043 1.084043 1.084043
0.950532 0.886127 0.929722 0.963707 0.835287 0.934893 1.069435 1.069435 1.069436 1.069436
0.927917 0.873192 0.914172 0.938774 0.814874 0.913417 1.059222 1.059222 1.059223 1.059223
0.947194 0.892621 0.932460 0.958004 0.826216 0.932263 1.086099 1.086099 1.086100 1.086100
0.927468 0.893277 0.923089 0.955978 0.826823 0.894911 1.086439 1.086439 1.086440 1.086440
0.922525 0.888823 0.917853 0.950884 0.814910 0.873647 1.069170 1.069170 1.069171 1.069171
0.929559 0.892590 0.920006 0.948477 0.819946 0.880256 1.081867 1.081867 1.081868 1.081868
0.921387 0.884433 0.907152 0.917386 0.812704 0.867127 1.081367 1.081367 1.081368 1.081368
0.895819 0.863347 0.876188 0.884410 0.768891 0.838794 1.061928 1.061928 1.061929 1.061929
0.891880 0.861431 0.865997 0.879315 0.759702 0.841611 1.066310 1.066310 1.066311 1.066311
0.903433 0.876037 0.877215 0.881458 0.770892 0.739012 1.077037 1.077037 1.077037 1.077037
0.938885 0.905216 0.911576 0.912027 0.801058 0.766194 1.115286 1.115286 1.115287 1.115287
0.955392 0.915313 0.923389 0.917077 0.812234 0.779707 1.137835 1.137835 1.137836 1.137836
0.926966 0.891636 0.906841 0.899973 0.795165 0.765424 1.111384 1.111384 1.111385 1.111385
0.916284 0.891571 0.911454 0.905389 0.805967 0.774720 1.124110 1.124110 1.124111 1.124111
0.925740 0.893137 0.918968 0.909231 0.809465 0.782167 1.139334 1.139334 1.139335 1.139335
0.876511 0.856282 0.890104 0.868991 0.780646 0.732237 1.108881 1.108881 1.108882 1.108882
0.915208 0.886955 0.928201 0.903195 0.813681 0.743859 1.158197 1.158197 1.158199 1.158199
0.918528 0.890421 0.936909 0.910996 0.815601 0.746375 1.169097 1.169097 1.169099 1.169099
0.917757 0.889673 0.936122 0.887433 0.814916 0.727070 1.166970 1.166970 1.166972 1.166972
0.906659 0.880124 0.917886 0.860811 0.790240 0.717017 1.151489 1.151489 1.151491 1.151491
0.905765 0.883856 0.918550 0.864714 0.786605 0.721503 1.165808 1.165808 1.165809 1.165809
0.911317 0.890852 0.922715 0.871822 0.791559 0.724997 1.178719 1.178719 1.178721 1.178721
0.911678 0.888977 0.922442 0.871661 0.793189 0.724409 1.179667 1.179667 1.179669 1.179669
0.861239 0.840495 0.890793 0.836429 0.768256 0.689721 1.147784 1.147784 1.147785 1.147785
0.893935 0.875235 0.924733 0.869721 0.799724 0.717377 1.198955 1.198955 1.198956 1.198956
0.666335 0.817962 0.864220 0.812808 0.747391 0.562472 1.113862 1.113862 1.113863 1.113863
0.728393 0.893875 0.944117 0.879009 0.818274 0.614421 1.221924 1.221924 1.221925 1.221925
0.677986 0.853542 0.885720 0.805563 0.767966 0.564555 1.154804 1.154804 1.154806 1.154806
0.696147 0.872444 0.883357 0.772875 0.792969 0.541646 1.187929 1.187929 1.187931 1.187931
0.729409 0.910694 0.926567 0.803496 0.824678 0.567691 1.252183 1.252183 1.252184 1.252184
0.724987 0.904022 0.920853 0.773629 0.817148 0.561790 1.243463 1.243463 1.243465 1.243465
0.712198 0.867102 0.901371 0.759490 0.795082 0.534902 1.227244 1.227244 1.227245 1.227245
0.733894 0.882878 0.928829 0.779088 0.816224 0.551197 1.248478 1.248478 1.248480 1.248480
0.720962 0.867321 0.916663 0.768884 0.754852 0.494292 1.221994 1.221994 1.221996 1.221996
0.749277 0.901384 0.952664 0.797810 0.775628 0.512286 1.265198 1.265198 1.265200 1.265200
0.698335 0.833660 0.944850 0.787836 0.765306 0.509250 1.256877 1.256877 1.256879 1.256879
0.713727 0.852034 0.965675 0.802483 0.782173 0.520474 1.270095 1.270095 1.270097 1.270097
0.712198 0.722207 0.963607 0.800765 0.780498 0.519360 1.263408 1.263408 1.263410 1.263410
0.725859 0.740846 0.990918 0.820157 0.798605 0.532219 1.300661 1.300661 1.300664 1.300664
0.722178 0.735625 0.991537 0.815546 0.797151 0.524458 1.301811 1.301811 1.301813 1.301813
0.717433 0.717371 0.984358 0.802281 0.792066 0.520239 1.299779 1.299779 1.299781 1.299781
0.725555 0.724759 0.995299 0.811161 0.801959 0.528054 1.318822 1.318822 1.318825 1.318825
0.702869 0.700519 0.925538 0.781849 0.755822 0.490780 1.282519 1.282519 1.282522 1.282522
0.675521 0.725858 0.959016 0.810129 0.783161 0.508532 1.326202 1.326202 1.326205 1.326205
0.657283 0.704446 0.856847 0.789419 0.767902 0.493531 1.301243 1.301243 1.301246 1.301246
0.635960 0.691976 0.829162 0.768359 0.766296 0.483404 1.309481 1.309481 1.309483 1.309483
0.659584 0.711471 0.847953 0.784145 0.795762 0.496609 1.360818 1.360818 1.360821 1.360821
0.639918 0.690389 0.822827 0.781644 0.793224 0.481894 1.354782 1.354782 1.354785 1.354785
0.626160 0.675547 0.805137 0.764840 0.776171 0.471534 1.281070 1.281070 1.281072 1.281072
0.654401 0.704784 0.849279 0.804280 0.821563 0.493329 1.361567 1.361567 1.361569 1.361569
0.647116 0.686233 0.833342 0.789554 0.814586 0.466118 1.350281 1.350281 1.350284 1.350284
0.669864 0.710357 0.862637 0.817310 0.843222 0.482504 1.395989 1.395989 1.395991 1.395991
0.658743 0.698564 0.848315 0.803741 0.829222 0.474493 1.357888 1.357888 1.357890 1.357890
0.636497 0.663575 0.816944 0.763485 0.784264 0.451640 1.307505 1.307505 1.307507 1.307507
0.670891 0.700380 0.860282 0.803979 0.824537 0.476419 1.383012 1.383012 1.383014 1.383014
0.667348 0.696278 0.855047 0.797333 0.816152 0.471913 1.381455 1.381455 1.381456 1.381456
0.667751 0.692921 0.856903 0.796687 0.817862 0.470910 1.385697 1.385697 1.385698 1.385698
0.663009 0.689590 0.856815 0.795797 0.816550 0.469840 1.388270 1.388270 1.388272 1.388272
0.640487 0.664702 0.829820 0.766779 0.788812 0.453880 1.317811 1.317811 1.317812 1.317812
0.661133 0.689067 0.857063 0.789844 0.818192 0.470250 1.356503 1.356503 1.356505 1.356505
0.667880 0.694089 0.865719 0.793870 0.826625 0.475435 1.371210 1.371210 1.371212 1.371212
0.673985 0.699809 0.872832 0.794776 0.833093 0.479093 1.383192 1.383192 1.383193 1.383193
0.668010 0.693450 0.862246 0.787096 0.825223 0.474833 1.374695 1.374695 1.374697 1.374697
0.642820 0.658024 0.849159 0.775337 0.803261 0.467689 1.361002 1.361002 1.361004 1.361004
0.645775 0.663075 0.847695 0.777607 0.796983 0.465811 1.369790 1.369790 1.369791 1.369791
0.647940 0.662198 0.858921 0.786613 0.809732 0.471693 1.391253 1.391253 1.391255 1.391255
0.559506 0.571819 0.741693 0.663390 0.682358 0.398149 1.210722 1.210722 1.210723 1.210723
0.645283 0.656181 0.845351 0.750875 0.774320 0.451795 1.393490 1.393490 1.393491 1.393491
0.657681 0.667877 0.858345 0.765318 0.788180 0.460306 1.418378 1.418378 1.418380 1.418380
0.659647 0.669874 0.860911 0.767606 0.790536 0.461682 1.414795 1.414795 1.414797 1.414797
0.652603 0.666887 0.858548 0.756063 0.787030 0.458105 1.413498 1.413498 1.413500 1.413500
0.641693 0.645006 0.843530 0.744022 0.767695 0.449917 1.388000 1.388000 1.388001 1.388001
0.646014 0.656607 0.855768 0.757687 0.777170 0.457427 1.411727 1.411727 1.411729 1.411729
0.648042 0.657466 0.856189 0.759158 0.779441 0.458815 1.418519 1.418519 1.418520 1.418520
0.642581 0.652518 0.814942 0.745051 0.773328 0.449856 1.411837 1.411837 1.411839 1.411839
0.633698 0.641210 0.801295 0.737393 0.757712 0.445479 1.404536 1.404536 1.404538 1.404538
0.646028 0.651969 0.810579 0.750477 0.767577 0.453176 1.436518 1.436518 1.436519 1.436519
0.640945 0.649412 0.808184 0.751286 0.766541 0.453165 1.439075 1.439075 1.439076 1.439076
0.630473 0.649551 0.804271 0.752870 0.767670 0.453617 1.443557 1.443557 1.443558 1.443558
0.602015 0.619574 0.778608 0.730403 0.750716 0.439437 1.421098 1.421098 1.421099 1.421099
0.618774 0.635487 0.798350 0.749952 0.773075 0.449583 1.465548 1.465548 1.465550 1.465550
0.585497 0.612001 0.768846 0.662973 0.744505 0.432967 1.395992 1.395992 1.395993 1.395993
0.614004 0.641799 0.806280 0.695253 0.780754 0.454048 1.451416 1.451416 1.451417 1.451417
