0.979072 0.972109 0.978390 0.969002 0.976990 0.975531 0.981729 0.981729 0.981730 0.981730
0.741613 0.923206 0.929171 0.920255 0.927842 0.777267 0.926821 0.926821 0.926821 0.926821
0.756145 0.965649 0.954858 0.923820 0.953871 0.782317 0.959473 0.959473 0.959473 0.959473
0.780631 0.997109 0.985966 0.979910 1.011786 0.807803 1.016456 1.016456 1.016456 1.016456
0.792088 1.009735 1.006165 0.993743 1.029992 0.811824 1.037549 1.037549 1.037549 1.037549
0.743829 0.962660 0.944991 0.938756 0.997578 0.771758 1.013378 1.013378 1.013378 1.013378
0.771534 0.994763 0.981252 0.966138 1.027039 0.800736 1.057452 1.057452 1.057452 1.057452
0.757361 0.993273 0.948683 0.943000 1.017887 0.800632 1.061423 1.061423 1.061423 1.061423
0.758042 0.844490 0.949535 0.943847 1.018801 0.801351 1.059052 1.059052 1.059052 1.059052
0.749260 0.830935 0.911614 0.871708 1.012660 0.740103 1.048719 1.048719 1.048720 1.048720
0.751349 0.835074 0.907512 0.872939 1.007777 0.747947 1.060645 1.060645 1.060646 1.060646
0.752006 0.839164 0.902343 0.866339 0.981520 0.744811 1.072245 1.072245 1.072246 1.072246
0.767786 0.854846 0.884356 0.880071 0.974946 0.729573 1.098970 1.098970 1.098971 1.098971
0.773646 0.864819 0.901972 0.896935 0.991234 0.743806 1.114783 1.114783 1.114784 1.114784
0.784552 0.872619 0.903942 0.892676 0.989052 0.742146 1.128195 1.128195 1.128196 1.128196
0.800489 0.890345 0.922304 0.910810 1.009143 0.757222 1.144782 1.144782 1.144782 1.144782
0.801634 0.890405 0.920143 0.912132 1.009284 0.758026 1.144898 1.144898 1.144899 1.144899
0.801270 0.884380 0.915547 0.900928 1.005228 0.757723 1.147345 1.147345 1.147345 1.147345
0.794203 0.871464 0.908449 0.888043 0.998469 0.749360 1.143173 1.143173 1.143174 1.143174
0.800057 0.879078 0.914288 0.893742 1.003269 0.755478 1.155657 1.155657 1.155658 1.155658
0.791461 0.859279 0.904465 0.880142 0.988760 0.747360 1.128640 1.128640 1.128640 1.128640
0.796949 0.868679 0.915247 0.894237 1.002157 0.758492 1.147518 1.147518 1.147519 1.147519
0.771840 0.851055 0.901306 0.881431 0.995236 0.752183 1.137194 1.137194 1.137195 1.137195
0.782796 0.858456 0.915530 0.892679 1.010868 0.760779 1.156179 1.156179 1.156179 1.156179
0.749972 0.817024 0.880890 0.856238 0.971312 0.732913 1.127856 1.127856 1.127856 1.127856
0.767220 0.841248 0.909249 0.880257 0.997566 0.753873 1.165460 1.165460 1.165461 1.165461
0.663249 0.727244 0.786031 0.743197 0.841585 0.637045 1.015363 1.015363 1.015364 1.015364
0.745727 0.798370 0.880614 0.835076 0.937222 0.694230 1.146971 1.146971 1.146971 1.146971
0.772395 0.828116 0.911418 0.864693 0.964217 0.718956 1.193340 1.193340 1.193341 1.193341
0.767697 0.823078 0.905874 0.856533 0.958352 0.714582 1.172708 1.172708 1.172709 1.172709
0.778648 0.828162 0.917611 0.864768 0.970319 0.705149 1.189808 1.189808 1.189809 1.189809
0.750090 0.800940 0.883956 0.824404 0.936370 0.588848 1.142896 1.142896 1.142897 1.142897
0.755341 0.792928 0.887187 0.816157 0.922971 0.584138 1.146926 1.146926 1.146927 1.146927
0.794299 0.831634 0.925741 0.856808 0.964445 0.612952 1.210000 1.210000 1.210001 1.210001
0.776007 0.809594 0.901743 0.840087 0.936150 0.601323 1.192507 1.192507 1.192508 1.192508
0.782332 0.812391 0.918056 0.853881 0.955675 0.611830 1.216986 1.216986 1.216987 1.216987
0.725007 0.747091 0.905361 0.838424 0.937608 0.604755 1.202125 1.202125 1.202126 1.202126
0.742902 0.766890 0.926237 0.860903 0.960912 0.618889 1.237852 1.237852 1.237853 1.237853
0.739437 0.763313 0.921917 0.855524 0.945617 0.614301 1.227433 1.227433 1.227434 1.227434
0.750743 0.774294 0.935156 0.861721 0.958824 0.622800 1.245704 1.245704 1.245705 1.245705
0.737645 0.759817 0.918743 0.820186 0.939186 0.609267 1.222860 1.222860 1.222861 1.222861
0.732708 0.771352 0.922638 0.830265 0.953444 0.593298 1.240899 1.240899 1.240900 1.240900
0.749120 0.788317 0.943303 0.847679 0.972503 0.606643 1.268820 1.268820 1.268821 1.268821
0.725736 0.751212 0.913139 0.821881 0.934627 0.587016 1.227563 1.227563 1.227564 1.227564
0.686201 0.765776 0.930843 0.837815 0.952747 0.598396 1.248813 1.248813 1.248814 1.248814
0.680688 0.761952 0.917554 0.829704 0.933415 0.588500 1.241073 1.241073 1.241075 1.241075
0.658198 0.749876 0.903011 0.749552 0.918621 0.579173 1.208082 1.208082 1.208083 1.208083
0.689417 0.787994 0.945968 0.786496 0.964970 0.607891 1.273452 1.273452 1.273453 1.273453
0.678241 0.778540 0.931171 0.772132 0.953937 0.600258 1.249321 1.249321 1.249322 1.249322
0.688627 0.790985 0.943365 0.779478 0.960971 0.599516 1.272125 1.272125 1.272126 1.272126
0.681948 0.783080 0.933632 0.763666 0.953137 0.593280 1.264260 1.264260 1.264262 1.264262
0.682788 0.785856 0.941371 0.769215 0.959594 0.596901 1.277239 1.277239 1.277241 1.277241
0.680357 0.780377 0.935170 0.765767 0.954685 0.591290 1.274728 1.274728 1.274730 1.274730
0.671099 0.778800 0.903704 0.765168 0.921075 0.591993 1.276336 1.276336 1.276337 1.276337
0.676735 0.784887 0.910558 0.769279 0.924246 0.594458 1.292431 1.292431 1.292433 1.292433
0.678627 0.787300 0.918336 0.775279 0.925657 0.595973 1.303511 1.303511 1.303513 1.303513
0.669067 0.776913 0.869105 0.756528 0.913154 0.580999 1.289964 1.289964 1.289966 1.289966
0.668948 0.772339 0.868891 0.753073 0.912895 0.579520 1.285108 1.285108 1.285110 1.285110
0.648430 0.747855 0.853909 0.741669 0.906258 0.569909 1.284279 1.284279 1.284281 1.284281
0.661450 0.756405 0.869265 0.752011 0.918983 0.580946 1.314245 1.314245 1.314248 1.314248
0.659396 0.758797 0.873516 0.746373 0.921912 0.580858 1.323094 1.323094 1.323096 1.323096
0.651796 0.750310 0.863150 0.737771 0.902967 0.563523 1.293951 1.293951 1.293953 1.293953
0.653429 0.740637 0.858633 0.734251 0.907646 0.539783 1.300924 1.300924 1.300926 1.300926
0.640267 0.715629 0.861036 0.736484 0.899618 0.541366 1.311475 1.311475 1.311477 1.311477
0.644868 0.723037 0.876405 0.749630 0.840808 0.545256 1.333542 1.333542 1.333544 1.333544
0.650775 0.729660 0.884433 0.756496 0.848510 0.550251 1.331126 1.331126 1.331129 1.331129
0.645581 0.736016 0.887628 0.764531 0.856979 0.555479 1.346616 1.346616 1.346618 1.346618
0.655039 0.746799 0.900632 0.775732 0.869534 0.563617 1.364624 1.364624 1.364626 1.364626
0.644577 0.732749 0.886154 0.759482 0.855731 0.555065 1.343675 1.343675 1.343677 1.343677
0.634900 0.720490 0.880972 0.752708 0.853676 0.547318 1.345960 1.345960 1.345962 1.345962
0.632363 0.718237 0.882355 0.754347 0.851235 0.532817 1.351921 1.351921 1.351923 1.351923
0.599425 0.681393 0.855002 0.726338 0.827303 0.509042 1.319891 1.319891 1.319893 1.319893
0.608178 0.691103 0.862954 0.719110 0.839349 0.513284 1.350419 1.350419 1.350421 1.350421
0.600216 0.680557 0.853828 0.707862 0.828361 0.506564 1.309583 1.309583 1.309585 1.309585
0.618303 0.703714 0.883671 0.725634 0.852216 0.523557 1.361678 1.361678 1.361680 1.361680
0.597181 0.679674 0.853484 0.700845 0.823103 0.505671 1.270928 1.270928 1.270929 1.270929
0.627409 0.711677 0.891987 0.728899 0.863527 0.531236 1.340892 1.340892 1.340894 1.340894
0.615331 0.704551 0.881150 0.713345 0.846343 0.521448 1.334266 1.334266 1.334268 1.334268
0.636328 0.729650 0.912540 0.737904 0.876493 0.539241 1.379272 1.379272 1.379274 1.379274
0.626715 0.718466 0.895795 0.726171 0.862745 0.531080 1.362167 1.362167 1.362168 1.362168
0.628070 0.718219 0.897111 0.727318 0.866047 0.531586 1.365668 1.365668 1.365670 1.365670
0.622141 0.709417 0.888508 0.719798 0.856406 0.527312 1.352057 1.352057 1.352058 1.352058
0.631252 0.718297 0.899342 0.729575 0.870592 0.532561 1.376449 1.376449 1.376450 1.376450
0.623244 0.703049 0.875533 0.708790 0.860630 0.520821 1.361683 1.361683 1.361685 1.361685
0.607649 0.683695 0.783846 0.692073 0.845575 0.506484 1.338771 1.338771 1.338772 1.338772
0.619638 0.700831 0.800679 0.709627 0.859138 0.520221 1.383523 1.383523 1.383524 1.383524
0.624990 0.705596 0.805465 0.714902 0.866373 0.524661 1.397800 1.397800 1.397801 1.397801
0.617779 0.698415 0.790218 0.693846 0.840610 0.517697 1.380032 1.380032 1.380033 1.380033
0.590514 0.675991 0.772709 0.669473 0.818426 0.489280 1.355975 1.355975 1.355976 1.355976
0.595224 0.681382 0.782457 0.677918 0.776610 0.450199 1.361791 1.361791 1.361792 1.361792
0.615107 0.691212 0.808050 0.693728 0.802708 0.464547 1.414378 1.414378 1.414380 1.414380
0.618452 0.694971 0.804093 0.697500 0.807072 0.465181 1.410266 1.410266 1.410266 1.410266
0.614209 0.691807 0.798704 0.692478 0.786947 0.455853 1.399485 1.399485 1.399486 1.399486
0.611235 0.619547 0.794535 0.690170 0.757895 0.449860 1.397482 1.397482 1.397483 1.397483
0.632326 0.640277 0.821782 0.713805 0.784953 0.467086 1.450463 1.450463 1.450464 1.450464
0.611289 0.629169 0.799165 0.697881 0.767873 0.458125 1.429942 1.429942 1.429944 1.429944
0.612877 0.637852 0.807427 0.707778 0.774155 0.463858 1.448409 1.448409 1.448410 1.448410
0.616012 0.641115 0.811557 0.711398 0.778115 0.466231 1.443343 1.443343 1.443344 1.443344
0.620947 0.646251 0.818058 0.699137 0.784349 0.458195 1.453480 1.453480 1.453480 1.453480
0.613380 0.641146 0.805460 0.694546 0.779960 0.453586 1.449941 1.449941 1.449941 1.449941
