0.977479 0.977479 0.967433 0.977479 0.977479 0.973520 0.969366 0.969366 0.969366 0.969366
0.985460 0.987209 0.973785 0.987507 0.985626 0.980213 0.982085 0.982085 0.982085 0.982085
0.962213 0.980487 0.936456 0.958730 0.971647 0.974873 0.980530 0.980530 0.980530 0.980530
0.972080 0.982146 0.944116 0.962737 0.975802 0.984180 0.993746 0.993746 0.993746 0.993746
0.940365 0.950283 0.913486 0.956886 0.969871 0.952251 0.986472 0.986472 0.986472 0.986472
0.920756 0.914756 0.891467 0.921112 0.929551 0.918506 0.962570 0.962570 0.962570 0.962570
0.962046 0.955777 0.931443 0.959171 0.971236 0.959695 0.994395 0.994395 0.994395 0.994395
0.971540 0.962420 0.940535 0.963737 0.980917 0.969951 1.004840 1.004840 1.004840 1.004840
0.968281 0.950893 0.924289 0.945129 0.978856 0.957534 1.003455 1.003455 1.003455 1.003455
0.961958 0.960580 0.928986 0.956566 0.990073 0.968047 1.016618 1.016618 1.016618 1.016618
0.963201 0.960849 0.929996 0.957562 0.992498 0.972844 1.021283 1.021283 1.021283 1.021283
0.952610 0.951113 0.924910 0.952903 0.982704 0.940412 1.018597 1.018597 1.018597 1.018597
0.954951 0.953235 0.924129 0.954474 0.984540 0.942696 1.023904 1.023904 1.023904 1.023904
0.937358 0.956278 0.917088 0.954794 0.987682 0.907148 1.026739 1.026739 1.026739 1.026739
0.948282 0.965396 0.925535 0.964912 1.001085 0.913479 1.042183 1.042183 1.042182 1.042182
0.903498 0.918827 0.894042 0.934070 0.976834 0.882988 1.023723 1.023723 1.023722 1.023722
0.916186 0.914619 0.905986 0.937944 0.990743 0.894058 1.043334 1.043334 1.043333 1.043333
0.916674 0.912504 0.906332 0.937591 0.989578 0.895798 1.043334 1.043334 1.043334 1.043334
0.893754 0.887735 0.885924 0.911786 0.964835 0.873400 0.999573 0.999573 0.999573 0.999573
0.903812 0.876523 0.892687 0.921449 0.966392 0.856056 1.015551 1.015551 1.015551 1.015551
0.940318 0.912181 0.934067 0.963452 1.004155 0.890415 1.062659 1.062659 1.062658 1.062658
0.907437 0.880284 0.905554 0.934042 0.912254 0.784389 1.021749 1.021749 1.021748 1.021748
0.711790 0.865724 0.890576 0.918593 0.897166 0.647193 0.998899 0.998899 0.998898 0.998898
0.780519 0.942565 0.975887 0.996930 0.981702 0.707118 1.098323 1.098323 1.098322 1.098322
0.749187 0.904728 0.936713 0.956911 0.942295 0.678732 1.018777 1.018777 1.018776 1.018776
0.784516 0.958521 0.960957 1.015065 0.965125 0.721401 1.082900 1.082900 1.082899 1.082899
0.766297 0.933854 0.861912 0.992953 0.949991 0.702836 1.066642 1.066642 1.066641 1.066641
0.769818 0.949012 0.880422 1.015217 0.978598 0.722971 1.096448 1.096448 1.096447 1.096447
0.782806 0.965661 0.893321 1.026449 0.987326 0.723185 1.118175 1.118175 1.118173 1.118173
0.781210 0.961936 0.889149 1.023134 0.985102 0.721637 1.117756 1.117756 1.117755 1.117755
0.781643 0.965593 0.889759 1.025515 0.988493 0.723521 1.125506 1.125506 1.125505 1.125505
0.769174 0.946996 0.870979 0.998986 0.971331 0.711938 1.112226 1.112226 1.112225 1.112225
0.773092 0.947053 0.865131 0.985414 0.960587 0.704043 1.115613 1.115613 1.115611 1.115611
0.771171 0.929239 0.862301 0.983757 0.950551 0.701467 1.111345 1.111345 1.111344 1.111344
0.786037 0.944663 0.872137 1.001035 0.962756 0.713460 1.136449 1.136449 1.136448 1.136448
0.727417 0.867510 0.858869 0.981532 0.943227 0.704219 1.120994 1.120994 1.120993 1.120993
0.735274 0.881467 0.869631 0.997616 0.949965 0.716985 1.148323 1.148323 1.148322 1.148322
0.743756 0.884526 0.878528 1.004497 0.959239 0.705616 1.161933 1.161933 1.161932 1.161932
0.735485 0.870614 0.877323 1.001474 0.960527 0.704221 1.163117 1.163117 1.163116 1.163116
0.736707 0.873322 0.878119 1.002853 0.955661 0.705293 1.170301 1.170301 1.170300 1.170300
0.727896 0.865588 0.876801 1.001348 0.876208 0.696857 1.167370 1.167370 1.167369 1.167369
0.721584 0.857782 0.864654 0.968640 0.868573 0.686545 1.166970 1.166970 1.166969 1.166969
0.701368 0.848574 0.855372 0.879614 0.859249 0.679176 1.141852 1.141852 1.141851 1.141851
0.685756 0.842324 0.836445 0.865157 0.866475 0.672241 1.161172 1.161172 1.161171 1.161171
0.704387 0.863701 0.867165 0.894161 0.901413 0.691246 1.212959 1.212959 1.212958 1.212958
0.688977 0.848188 0.858538 0.884607 0.889632 0.684092 1.194378 1.194378 1.194377 1.194377
0.674288 0.826353 0.816131 0.808948 0.875559 0.625583 1.171075 1.171075 1.171074 1.171074
0.722446 0.885372 0.874421 0.866724 0.938092 0.670263 1.253134 1.253134 1.253134 1.253134
0.714811 0.870482 0.861249 0.847415 0.924868 0.663215 1.243104 1.243104 1.243104 1.243104
0.708336 0.857563 0.854367 0.835095 0.918430 0.655738 1.238288 1.238288 1.238287 1.238287
0.707171 0.845960 0.852962 0.829952 0.913473 0.654659 1.220463 1.220463 1.220462 1.220462
0.618804 0.740250 0.746377 0.709283 0.780054 0.559963 1.076269 1.076269 1.076268 1.076268
0.699130 0.834460 0.809468 0.797326 0.857418 0.606972 1.220672 1.220672 1.220671 1.220671
0.728239 0.869204 0.843171 0.809721 0.893118 0.616409 1.270249 1.270249 1.270248 1.270248
0.721621 0.864731 0.839647 0.809598 0.890816 0.615636 1.270947 1.270947 1.270946 1.270946
0.715059 0.862439 0.839491 0.806200 0.886195 0.613377 1.272124 1.272124 1.272123 1.272123
0.717017 0.860111 0.843107 0.807265 0.889945 0.613379 1.278751 1.278751 1.278750 1.278750
0.717517 0.861877 0.842904 0.807063 0.888298 0.614289 1.284149 1.284149 1.284148 1.284148
0.673356 0.819007 0.809211 0.764526 0.849099 0.569993 1.238777 1.238777 1.238776 1.238776
0.709512 0.864237 0.853900 0.805815 0.895991 0.600599 1.304799 1.304799 1.304798 1.304798
0.650102 0.853733 0.843522 0.796021 0.885101 0.593299 1.286314 1.286314 1.286313 1.286313
0.647281 0.853717 0.837129 0.797075 0.887140 0.591997 1.293376 1.293376 1.293375 1.293375
0.660377 0.870646 0.854066 0.812070 0.902958 0.604030 1.319676 1.319676 1.319675 1.319675
0.619139 0.819558 0.795475 0.754941 0.823793 0.563442 1.249704 1.249704 1.249703 1.249703
0.629568 0.841212 0.814731 0.766022 0.837115 0.573414 1.289294 1.289294 1.289293 1.289293
0.624174 0.847740 0.812553 0.768070 0.839825 0.576785 1.303532 1.303532 1.303532 1.303532
0.619480 0.757150 0.806134 0.763449 0.806643 0.567670 1.298162 1.298162 1.298162 1.298162
0.635680 0.775407 0.831952 0.782981 0.830443 0.576946 1.340084 1.340084 1.340084 1.340084
0.633047 0.769294 0.829405 0.773666 0.820854 0.574724 1.342570 1.342570 1.342570 1.342570
0.588588 0.733770 0.777243 0.708238 0.769536 0.527495 1.267421 1.267421 1.267420 1.267420
0.623467 0.780583 0.823778 0.748644 0.819097 0.560830 1.338792 1.338792 1.338791 1.338791
0.628006 0.786266 0.829776 0.752895 0.815732 0.563353 1.343454 1.343454 1.343454 1.343454
0.637643 0.798330 0.842508 0.764447 0.828249 0.571998 1.356567 1.356567 1.356566 1.356566
0.599036 0.750621 0.809106 0.729495 0.797781 0.541598 1.312609 1.312609 1.312608 1.312608
0.619615 0.776407 0.836901 0.754556 0.825187 0.560204 1.342941 1.342941 1.342941 1.342941
0.600664 0.755634 0.811305 0.723884 0.801351 0.470767 1.298148 1.298148 1.298147 1.298147
0.624029 0.786108 0.836560 0.738412 0.817196 0.488221 1.347043 1.347043 1.347042 1.347042
0.634737 0.799596 0.850915 0.751082 0.831217 0.496599 1.358415 1.358415 1.358414 1.358414
0.611762 0.759941 0.839318 0.741024 0.810369 0.489896 1.346998 1.346998 1.346998 1.346998
0.597755 0.737633 0.823606 0.724895 0.794128 0.481329 1.340107 1.340107 1.340106 1.340106
0.615839 0.757347 0.845946 0.746135 0.816877 0.492985 1.382859 1.382859 1.382858 1.382858
0.585763 0.721936 0.798785 0.708722 0.771086 0.472561 1.326582 1.326582 1.326582 1.326582
0.613964 0.756255 0.836566 0.740613 0.804237 0.493231 1.396257 1.396257 1.396257 1.396257
0.609211 0.750178 0.829571 0.727024 0.799258 0.489067 1.390370 1.390370 1.390370 1.390370
0.605631 0.754104 0.831064 0.731103 0.798987 0.491002 1.396424 1.396424 1.396423 1.396423
0.597216 0.745353 0.819648 0.720698 0.773545 0.477749 1.375933 1.375933 1.375933 1.375933
0.605746 0.757746 0.837215 0.735398 0.788937 0.486930 1.408178 1.408178 1.408178 1.408178
0.598102 0.748442 0.826365 0.726117 0.771871 0.471875 1.375638 1.375638 1.375638 1.375638
0.603030 0.750300 0.833117 0.728886 0.778148 0.474636 1.381997 1.381997 1.381997 1.381997
0.607233 0.760280 0.845652 0.730734 0.788518 0.479361 1.405363 1.405363 1.405363 1.405363
0.602091 0.754524 0.804878 0.717124 0.782299 0.469980 1.398683 1.398683 1.398683 1.398683
0.599439 0.638106 0.801334 0.713966 0.778854 0.467911 1.388165 1.388165 1.388166 1.388166
0.607696 0.648877 0.807259 0.722598 0.779826 0.470289 1.409891 1.409891 1.409891 1.409891
0.617399 0.657589 0.819580 0.733708 0.793593 0.477221 1.432985 1.432985 1.432985 1.432985
0.620729 0.660237 0.820895 0.737682 0.796845 0.479619 1.438803 1.438803 1.438803 1.438803
0.622387 0.661411 0.822335 0.733790 0.797933 0.480211 1.442072 1.442072 1.442073 1.442073
0.608264 0.636474 0.797470 0.711934 0.781907 0.448419 1.413402 1.413402 1.413403 1.413403
0.612008 0.642811 0.806132 0.712820 0.785700 0.452673 1.435417 1.435417 1.435417 1.435417
0.609194 0.639041 0.802339 0.687334 0.779671 0.448627 1.427519 1.427519 1.427520 1.427520
0.603797 0.631130 0.792877 0.683696 0.767775 0.446500 1.427290 1.427290 1.427290 1.427290
