0.981482 0.978121 0.978501 0.980573 0.979950 0.975730 0.983052 0.983052 0.983052 0.983052
0.979234 0.978136 0.983141 0.984224 0.983118 0.978231 0.989650 0.989650 0.989650 0.989650
0.931106 0.946597 0.951441 0.874333 0.951418 0.946689 0.947294 0.947294 0.947294 0.947294
0.972446 0.990380 0.992109 0.915050 0.993829 0.987457 0.994217 0.994217 0.994217 0.994217
0.977901 0.994580 0.993914 0.920204 0.998116 0.992630 0.998468 0.998468 0.998468 0.998468
0.954159 0.991803 0.980456 0.915020 0.995328 0.949500 0.995259 0.995259 0.995260 0.995260
0.945667 0.981262 0.980772 0.912487 0.999101 0.942059 1.003140 1.003140 1.003140 1.003140
0.899564 0.934202 0.953712 0.881698 0.974429 0.903190 0.982819 0.982819 0.982819 0.982819
0.894761 0.913523 0.945468 0.862181 0.948715 0.884985 0.974199 0.974199 0.974199 0.974199
0.897573 0.920077 0.942212 0.857600 0.926091 0.883271 0.987085 0.987085 0.987085 0.987085
0.935143 0.959459 0.942300 0.884345 0.965421 0.909939 1.032255 1.032255 1.032255 1.032255
0.933850 0.962236 0.941540 0.881279 0.968768 0.912056 1.027959 1.027959 1.027959 1.027959
0.940060 0.968635 0.938060 0.887140 0.975210 0.914402 1.026206 1.026206 1.026206 1.026206
0.943185 0.971567 0.940591 0.880574 0.979980 0.916792 1.033275 1.033275 1.033275 1.033275
0.930348 0.862419 0.927435 0.869905 0.935486 0.896767 1.022704 1.022704 1.022704 1.022704
0.961551 0.889115 0.957876 0.898558 0.968467 0.925725 1.057434 1.057434 1.057434 1.057434
0.890305 0.844535 0.893904 0.819151 0.904147 0.846122 0.994097 0.994097 0.994097 0.994097
0.920812 0.871556 0.926892 0.845031 0.935129 0.875115 1.010297 1.010297 1.010297 1.010297
0.976610 0.924004 0.983058 0.894989 0.989459 0.928229 1.071625 1.071625 1.071625 1.071625
0.957777 0.906185 0.964101 0.877729 0.970377 0.910328 1.039533 1.039533 1.039534 1.039534
0.928117 0.874154 0.907446 0.794747 0.945613 0.824264 1.009204 1.009204 1.009205 1.009205
0.973607 0.912407 0.940740 0.818207 0.976018 0.850741 1.056512 1.056512 1.056512 1.056512
0.916995 0.926486 0.955256 0.830832 0.991078 0.863869 1.070628 1.070628 1.070629 1.070629
0.912835 0.925181 0.960990 0.835819 0.915509 0.859950 1.075972 1.075972 1.075973 1.075973
0.886833 0.892887 0.937608 0.812951 0.892031 0.840079 1.064345 1.064345 1.064346 1.064346
0.915131 0.920845 0.966745 0.836373 0.915971 0.863244 1.102895 1.102895 1.102896 1.102896
0.910523 0.916208 0.961876 0.830838 0.901054 0.856526 1.093204 1.093204 1.093205 1.093205
0.918052 0.921357 0.962341 0.836300 0.902767 0.861761 1.105825 1.105825 1.105826 1.105826
0.872202 0.877257 0.907636 0.793444 0.851172 0.825100 1.059591 1.059591 1.059592 1.059592
0.909867 0.915139 0.946830 0.824914 0.887928 0.860730 1.092884 1.092884 1.092886 1.092886
0.868766 0.884794 0.924845 0.795072 0.863556 0.812599 1.072665 1.072665 1.072667 1.072667
0.894257 0.907694 0.946994 0.810153 0.887620 0.836393 1.108798 1.108798 1.108800 1.108800
0.896067 0.906945 0.948769 0.811055 0.887898 0.839270 1.110451 1.110451 1.110453 1.110453
0.891961 0.888922 0.937130 0.801478 0.886188 0.798229 1.108542 1.108542 1.108544 1.108544
0.875327 0.860218 0.941186 0.805142 0.879689 0.801791 1.119236 1.119236 1.119239 1.119239
0.886315 0.860646 0.953001 0.811563 0.887385 0.811857 1.118814 1.118814 1.118816 1.118816
0.898444 0.873685 0.965314 0.822435 0.893486 0.822852 1.139234 1.139234 1.139237 1.139237
0.898783 0.874014 0.965678 0.822745 0.893824 0.823162 1.129898 1.129898 1.129900 1.129900
0.891304 0.862704 0.967084 0.822591 0.897557 0.823860 1.134252 1.134252 1.134254 1.134254
0.885251 0.841109 0.959869 0.809032 0.891634 0.817050 1.132230 1.132230 1.132232 1.132232
0.881579 0.711514 0.955887 0.805676 0.887935 0.813661 1.124004 1.124004 1.124006 1.124006
0.893040 0.729230 0.948641 0.826763 0.879784 0.836603 1.155780 1.155780 1.155782 1.155782
0.895989 0.725309 0.938482 0.816216 0.883801 0.831411 1.161898 1.161898 1.161899 1.161899
0.909659 0.736375 0.952800 0.807913 0.897284 0.822954 1.178467 1.178467 1.178469 1.178469
0.895749 0.727337 0.932327 0.794238 0.872647 0.803423 1.162596 1.162596 1.162598 1.162598
0.907204 0.730394 0.942309 0.799556 0.878575 0.813127 1.181219 1.181219 1.181221 1.181221
0.906094 0.724313 0.940501 0.790364 0.875634 0.809195 1.182976 1.182976 1.182978 1.182978
0.900960 0.716096 0.935108 0.782436 0.870580 0.802705 1.172054 1.172054 1.172056 1.172056
0.907407 0.717011 0.942813 0.783677 0.878665 0.806641 1.186615 1.186615 1.186618 1.186618
0.918141 0.724847 0.953093 0.786663 0.887901 0.815013 1.200174 1.200174 1.200176 1.200176
0.873728 0.689052 0.919555 0.760602 0.865350 0.786862 1.177498 1.177498 1.177500 1.177500
0.826155 0.646539 0.925261 0.762005 0.866236 0.793561 1.186747 1.186747 1.186749 1.186749
0.861504 0.674203 0.964851 0.794609 0.903301 0.827516 1.235967 1.235967 1.235968 1.235968
0.824273 0.651142 0.929837 0.758649 0.863691 0.792419 1.199805 1.199805 1.199807 1.199807
0.852378 0.674322 0.962938 0.784749 0.894437 0.819439 1.240246 1.240246 1.240247 1.240247
0.834834 0.661018 0.948389 0.773360 0.877026 0.784442 1.224992 1.224992 1.224994 1.224994
0.814214 0.644692 0.929222 0.757731 0.805238 0.698388 1.190367 1.190367 1.190368 1.190368
0.848800 0.670135 0.968590 0.785922 0.839525 0.728643 1.241711 1.241711 1.241712 1.241712
0.853086 0.673706 0.979061 0.793833 0.842698 0.732143 1.255172 1.255172 1.255174 1.255174
0.836534 0.663130 0.964555 0.774631 0.825276 0.720314 1.242342 1.242342 1.242344 1.242344
0.726710 0.576071 0.837923 0.657219 0.699643 0.611667 1.087642 1.087642 1.087644 1.087644
0.839075 0.669326 0.975243 0.755496 0.812921 0.708336 1.268208 1.268208 1.268209 1.268209
0.844561 0.673702 0.981620 0.760435 0.818236 0.712967 1.269479 1.269479 1.269480 1.269480
0.809502 0.645858 0.941050 0.748872 0.805794 0.683501 1.248613 1.248613 1.248614 1.248614
0.795577 0.637256 0.924862 0.728350 0.793322 0.582310 1.223629 1.223629 1.223630 1.223630
0.808255 0.645747 0.862794 0.741047 0.812187 0.590068 1.253577 1.253577 1.253578 1.253578
0.841266 0.667875 0.893953 0.762184 0.842344 0.614201 1.308158 1.308158 1.308158 1.308158
0.824974 0.656463 0.876781 0.747169 0.810997 0.594307 1.281812 1.281812 1.281813 1.281813
0.845304 0.671231 0.896218 0.764781 0.832556 0.606138 1.317797 1.317797 1.317798 1.317798
0.826734 0.667533 0.886776 0.762008 0.829011 0.603271 1.314337 1.314337 1.314337 1.314337
0.798737 0.629696 0.853678 0.735726 0.793302 0.564910 1.275768 1.275768 1.275769 1.275769
0.829941 0.649078 0.885884 0.760963 0.822849 0.571084 1.326023 1.326023 1.326023 1.326023
0.822515 0.647453 0.885850 0.757880 0.818701 0.569073 1.327446 1.327446 1.327446 1.327446
0.801587 0.633506 0.873839 0.747048 0.805055 0.561130 1.302345 1.302345 1.302345 1.302345
0.811675 0.639067 0.885795 0.750558 0.809123 0.568356 1.326674 1.326674 1.326674 1.326674
0.818840 0.645135 0.891663 0.752859 0.809882 0.564027 1.342259 1.342259 1.342260 1.342260
0.807142 0.643025 0.885711 0.750679 0.802759 0.561468 1.336700 1.336700 1.336701 1.336701
0.785865 0.636384 0.867489 0.739176 0.790904 0.554632 1.327205 1.327205 1.327206 1.327206
0.784660 0.625010 0.865477 0.738637 0.783387 0.553131 1.323390 1.323390 1.323391 1.323391
0.791224 0.632974 0.869878 0.749053 0.795211 0.558960 1.347635 1.347635 1.347636 1.347636
0.784943 0.627150 0.862881 0.719848 0.786462 0.552106 1.335723 1.335723 1.335724 1.335724
0.774646 0.617531 0.817434 0.706835 0.755103 0.522748 1.323290 1.323290 1.323291 1.323291
0.803087 0.636733 0.848772 0.731751 0.783994 0.540462 1.375256 1.375256 1.375257 1.375257
0.784313 0.621630 0.824598 0.697349 0.765634 0.524566 1.354391 1.354391 1.354393 1.354393
0.797564 0.631991 0.835768 0.708559 0.778112 0.533414 1.381057 1.381057 1.381058 1.381058
0.790143 0.626973 0.821800 0.689244 0.756680 0.527524 1.366583 1.366583 1.366584 1.366584
0.803468 0.636901 0.835488 0.700691 0.770330 0.538383 1.394204 1.394204 1.394206 1.394206
0.801210 0.637173 0.833249 0.699959 0.770382 0.537973 1.399149 1.399149 1.399151 1.399151
0.594547 0.592814 0.775240 0.651229 0.716749 0.419920 1.294034 1.294034 1.294035 1.294035
0.637481 0.646548 0.818672 0.694288 0.775912 0.458610 1.418754 1.418754 1.418755 1.418755
0.640251 0.651940 0.826301 0.703592 0.784403 0.464244 1.438775 1.438775 1.438777 1.438777
0.624942 0.634090 0.804154 0.689238 0.760704 0.455025 1.416695 1.416695 1.416696 1.416696
0.611663 0.620617 0.787068 0.674593 0.744540 0.445357 1.339958 1.339958 1.339959 1.339959
0.606011 0.624249 0.779901 0.672341 0.760800 0.446679 1.380775 1.380775 1.380776 1.380776
0.612200 0.637930 0.801106 0.691261 0.788092 0.462046 1.427298 1.427298 1.427299 1.427299
0.615761 0.640367 0.810380 0.694898 0.795267 0.460291 1.444194 1.444194 1.444195 1.444195
0.611249 0.635894 0.804164 0.689805 0.782233 0.448451 1.418382 1.418382 1.418382 1.418382
0.612113 0.640124 0.806678 0.694597 0.780505 0.452340 1.439467 1.439467 1.439468 1.439468
0.618772 0.647965 0.814691 0.701489 0.786987 0.457621 1.460254 1.460254 1.460254 1.460254
0.616222 0.644117 0.809192 0.697764 0.783574 0.455688 1.456658 1.456658 1.456659 1.456659
