0.944415 0.938173 0.948453 0.945508 0.947176 0.949643 0.961601 0.961601 0.961601 0.961601
0.903321 0.890471 0.965376 0.958207 0.959113 0.968806 0.980363 0.980363 0.980363 0.980363
0.927373 0.915502 0.990333 0.983441 0.978036 0.994464 1.011002 1.011002 1.011002 1.011002
0.926724 0.914332 0.988840 0.979803 0.972548 0.989593 1.014514 1.014514 1.014514 1.014514
0.921318 0.907193 0.988701 0.973549 0.970034 0.974416 1.014633 1.014633 1.014633 1.014633
0.865637 0.865351 0.929074 0.920160 0.939999 0.926809 0.991514 0.991514 0.991514 0.991514
0.890112 0.900271 0.935934 0.958480 0.945412 0.967309 1.034917 1.034917 1.034917 1.034917
0.899966 0.909316 0.946100 0.968847 0.956983 0.981596 1.049818 1.049818 1.049818 1.049818
0.895445 0.902134 0.941248 0.959104 0.952269 0.977456 1.045201 1.045201 1.045202 1.045202
0.898463 0.900268 0.945898 0.960978 0.956903 0.978076 1.051310 1.051310 1.051310 1.051310
0.888093 0.893739 0.931939 0.955291 0.952170 0.968870 1.049434 1.049434 1.049435 1.049435
0.879571 0.871567 0.915871 0.939256 0.945550 0.916850 1.042353 1.042353 1.042353 1.042353
0.867852 0.857744 0.829799 0.928108 0.940156 0.902309 1.037110 1.037110 1.037110 1.037110
0.906219 0.895664 0.866484 0.969139 0.981720 0.942199 1.077004 1.077004 1.077004 1.077004
0.867332 0.853356 0.805513 0.866699 0.944875 0.842607 1.032694 1.032694 1.032695 1.032695
0.901293 0.885224 0.844842 0.906207 0.994444 0.876539 1.091340 1.091340 1.091340 1.091340
0.900838 0.879613 0.845325 0.900741 0.996046 0.874137 1.096495 1.096495 1.096495 1.096495
0.886256 0.884431 0.840794 0.903094 1.001500 0.843089 1.102035 1.102035 1.102035 1.102035
0.880916 0.882423 0.839637 0.893272 0.994175 0.840785 1.105651 1.105651 1.105651 1.105651
0.894069 0.894801 0.851394 0.899423 1.007705 0.852116 1.121712 1.121712 1.121713 1.121713
0.851334 0.851126 0.821929 0.870151 0.982703 0.823178 1.101182 1.101182 1.101182 1.101182
0.838241 0.826386 0.828238 0.877041 0.978747 0.829607 1.115510 1.115510 1.115511 1.115511
0.856897 0.845922 0.845877 0.895711 0.997981 0.848738 1.144353 1.144353 1.144354 1.144354
0.823278 0.815945 0.812691 0.851636 0.960508 0.706874 1.096316 1.096316 1.096316 1.096316
0.856896 0.846850 0.845750 0.885607 0.998023 0.736779 1.140477 1.140477 1.140477 1.140477
0.859586 0.839394 0.848404 0.884371 0.997394 0.739091 1.129446 1.129446 1.129447 1.129447
0.869828 0.849204 0.855686 0.894187 1.008685 0.747877 1.146043 1.146043 1.146043 1.146043
0.841906 0.820140 0.830330 0.863247 0.976306 0.723870 1.089981 1.089981 1.089982 1.089982
0.874283 0.851679 0.853399 0.896445 1.013851 0.748662 1.122504 1.122504 1.122503 1.122503
0.884022 0.861167 0.862906 0.906431 1.025146 0.757003 1.125282 1.125282 1.125282 1.125282
0.878475 0.840047 0.856913 0.891953 1.018909 0.751135 1.123860 1.123860 1.123859 1.123859
0.876902 0.834637 0.863812 0.897659 1.029903 0.756723 1.135620 1.135620 1.135619 1.135619
0.858962 0.814656 0.843634 0.882456 1.002319 0.744320 1.122148 1.122148 1.122147 1.122147
0.878739 0.826767 0.861944 0.898635 1.023599 0.740837 1.148343 1.148343 1.148342 1.148342
0.869059 0.816620 0.852359 0.860919 1.009197 0.729483 1.134663 1.134663 1.134662 1.134662
0.868298 0.817801 0.851749 0.859872 0.989962 0.719163 1.132774 1.132774 1.132774 1.132774
0.880347 0.829149 0.863569 0.868863 1.003699 0.729143 1.135544 1.135544 1.135544 1.135544
0.883670 0.835589 0.871122 0.880006 1.014107 0.737681 1.150915 1.150915 1.150915 1.150915
0.894545 0.847100 0.883122 0.891098 1.028077 0.746759 1.164637 1.164637 1.164637 1.164637
0.879504 0.832857 0.868273 0.874721 0.999362 0.732176 1.140738 1.140738 1.140737 1.140737
0.900834 0.852720 0.889332 0.894689 1.021189 0.750001 1.168521 1.168521 1.168521 1.168521
0.880651 0.834370 0.834555 0.865684 0.998896 0.724989 1.146621 1.146621 1.146621 1.146621
0.890153 0.841835 0.841334 0.873980 1.009456 0.732736 1.160924 1.160924 1.160924 1.160924
0.883383 0.835185 0.834414 0.858061 1.003344 0.726649 1.156188 1.156188 1.156188 1.156188
0.866989 0.833773 0.806563 0.837350 0.994211 0.726415 1.160307 1.160307 1.160307 1.160307
0.874941 0.841420 0.813961 0.845029 1.003329 0.733077 1.158218 1.158218 1.158219 1.158219
0.840091 0.822269 0.795434 0.758036 0.980493 0.716392 1.119511 1.119511 1.119512 1.119512
0.884247 0.865488 0.837243 0.777895 1.032028 0.735160 1.177199 1.177199 1.177199 1.177199
0.846666 0.814711 0.798996 0.732257 0.967255 0.693430 1.123278 1.123278 1.123279 1.123279
0.884001 0.847439 0.835134 0.758592 1.002397 0.724218 1.179872 1.179872 1.179872 1.179872
0.894151 0.856003 0.841539 0.767319 1.012600 0.732263 1.191836 1.191836 1.191837 1.191837
0.878051 0.714036 0.826386 0.753502 0.994367 0.719078 1.166713 1.166713 1.166713 1.166713
0.839163 0.735722 0.851484 0.776387 1.024567 0.740917 1.199698 1.199698 1.199698 1.199698
0.728501 0.638701 0.739198 0.658263 0.868009 0.628737 1.049599 1.049599 1.049599 1.049599
0.838597 0.740007 0.858560 0.761489 1.003127 0.727719 1.220439 1.220439 1.220439 1.220439
0.835875 0.739309 0.861805 0.763592 1.005406 0.728885 1.227453 1.227453 1.227454 1.227454
0.822732 0.729914 0.842916 0.750338 0.977370 0.711274 1.210390 1.210390 1.210391 1.210391
0.811326 0.731649 0.836172 0.748324 0.975296 0.711633 1.217219 1.217219 1.217219 1.217219
0.801161 0.720858 0.792605 0.735235 0.936967 0.674195 1.206609 1.206609 1.206610 1.206610
0.820463 0.741387 0.812170 0.751378 0.964200 0.693002 1.232241 1.232241 1.232241 1.232241
0.842823 0.761592 0.834304 0.771855 0.990477 0.711888 1.264229 1.264229 1.264229 1.264229
0.817490 0.751131 0.818685 0.762694 0.978102 0.702660 1.250480 1.250480 1.250480 1.250480
0.819906 0.753849 0.819312 0.760580 0.973322 0.693249 1.257807 1.257807 1.257807 1.257807
0.756615 0.713655 0.762036 0.691046 0.905639 0.631516 1.178511 1.178511 1.178511 1.178511
0.786475 0.748807 0.797844 0.716788 0.940757 0.656991 1.242893 1.242893 1.242894 1.242894
0.790336 0.756419 0.803133 0.724287 0.941955 0.665002 1.265774 1.265774 1.265774 1.265774
0.780217 0.746473 0.788706 0.697709 0.929855 0.652431 1.260066 1.260066 1.260067 1.260067
0.765621 0.732648 0.774098 0.703447 0.937502 0.640348 1.268842 1.268842 1.268842 1.268842
0.785214 0.749823 0.791991 0.720695 0.963314 0.653700 1.305670 1.305670 1.305670 1.305670
0.775621 0.745317 0.788589 0.708753 0.957550 0.647626 1.302444 1.302444 1.302444 1.302444
0.757481 0.655030 0.769852 0.693227 0.905014 0.627201 1.276342 1.276342 1.276342 1.276342
0.774037 0.669577 0.786407 0.708378 0.916353 0.629033 1.290384 1.290384 1.290384 1.290384
0.791085 0.684515 0.808334 0.727593 0.935351 0.642729 1.326403 1.326403 1.326403 1.326403
0.785934 0.678357 0.802514 0.722435 0.930804 0.637773 1.318302 1.318302 1.318302 1.318302
0.760471 0.663984 0.789563 0.711435 0.923526 0.631887 1.305240 1.305240 1.305240 1.305240
0.737915 0.644290 0.766144 0.690333 0.896133 0.613145 1.223929 1.223929 1.223928 1.223928
0.782120 0.677098 0.810373 0.727288 0.944195 0.649421 1.301388 1.301388 1.301387 1.301387
0.785273 0.682035 0.813747 0.731513 0.950738 0.653379 1.314965 1.314965 1.314965 1.314965
0.772336 0.672906 0.808813 0.727078 0.867712 0.642615 1.305679 1.305679 1.305679 1.305679
0.779858 0.677134 0.814210 0.733480 0.874795 0.645070 1.320505 1.320505 1.320504 1.320504
0.781318 0.676618 0.809435 0.733617 0.870897 0.644896 1.327275 1.327275 1.327275 1.327275
0.736326 0.645678 0.780362 0.697886 0.835982 0.600919 1.285786 1.285786 1.285786 1.285786
0.729873 0.642592 0.768444 0.685939 0.806360 0.592636 1.287330 1.287330 1.287330 1.287330
0.755955 0.672993 0.802050 0.718660 0.839827 0.619885 1.347054 1.347054 1.347054 1.347054
0.756209 0.674414 0.801048 0.720395 0.840251 0.619300 1.354131 1.354131 1.354131 1.354131
0.747158 0.664102 0.787314 0.704599 0.829005 0.611853 1.343569 1.343569 1.343568 1.343568
0.730313 0.633799 0.766809 0.688268 0.802590 0.579659 1.319422 1.319422 1.319421 1.319421
0.750131 0.651566 0.792018 0.711326 0.825309 0.581938 1.366689 1.366689 1.366688 1.366688
0.715475 0.622823 0.749938 0.677533 0.781207 0.559376 1.314707 1.314707 1.314706 1.314706
0.747121 0.645745 0.782562 0.700223 0.814025 0.582005 1.376583 1.376583 1.376582 1.376582
0.708330 0.612728 0.758437 0.674343 0.791279 0.556133 1.344205 1.344205 1.344205 1.344205
0.729377 0.625476 0.770066 0.683265 0.815816 0.567230 1.386893 1.386893 1.386892 1.386892
0.548539 0.589777 0.726114 0.644267 0.769253 0.448727 1.299990 1.299990 1.299990 1.299990
0.605817 0.647247 0.798292 0.703120 0.846548 0.495609 1.439456 1.439456 1.439455 1.439455
0.594423 0.624680 0.782661 0.690451 0.823996 0.485716 1.410484 1.410484 1.410484 1.410484
0.601345 0.628789 0.782472 0.685510 0.820193 0.483460 1.424000 1.424000 1.424000 1.424000
0.592887 0.622428 0.780874 0.683601 0.815938 0.482278 1.413385 1.413385 1.413385 1.413385
0.585618 0.614797 0.774852 0.678329 0.758706 0.434848 1.390952 1.390952 1.390952 1.390952
0.605137 0.631661 0.800624 0.697861 0.783911 0.448278 1.432157 1.432157 1.432158 1.432158
0.606540 0.633997 0.796478 0.686801 0.771263 0.448528 1.433772 1.433772 1.433773 1.433773
