0.928875 0.928875 0.928875 0.928875 0.928875 0.928875 0.893312 0.893312 0.893312 0.893312
1.013587 1.013587 1.013587 1.013587 1.013587 1.013587 0.973841 0.973841 0.973840 0.973840
1.010752 1.010752 1.010752 1.010752 1.010752 1.010752 0.968638 0.968638 0.968638 0.968638
1.002422 1.002422 1.002422 1.002422 1.002422 1.002422 0.953730 0.953730 0.953729 0.953729
1.006770 1.006770 1.006770 1.006770 1.006770 1.006770 0.951700 0.951700 0.951699 0.951699
1.020101 1.020101 1.020101 1.020101 1.020101 1.020101 0.963236 0.963236 0.963235 0.963235
1.000778 1.000778 1.000778 1.000778 1.000778 1.000778 0.934662 0.934662 0.934662 0.934662
1.007405 1.007405 1.007405 1.007405 1.007405 1.007405 0.931710 0.931710 0.931709 0.931709
1.025101 1.025101 1.025101 1.025101 1.025101 1.025101 0.945380 0.945380 0.945380 0.945380
1.029387 1.029387 1.029387 1.029387 1.029387 1.029387 0.948091 0.948091 0.948091 0.948091
1.031128 1.031128 1.031128 1.031128 1.031128 1.031128 0.949015 0.949015 0.949014 0.949014
1.030040 1.030040 1.030040 1.030040 1.030040 1.030040 0.946708 0.946708 0.946708 0.946708
1.030241 1.030241 1.030241 1.030241 1.030241 1.030241 0.945437 0.945437 0.945437 0.945437
1.002086 1.002086 1.002086 1.002086 1.002086 1.002086 0.905088 0.905088 0.905087 0.905087
1.035552 1.035552 1.035552 1.035552 1.035552 1.035552 0.933206 0.933206 0.933205 0.933205
1.035265 1.035265 1.035265 1.035265 1.035265 1.035265 0.930323 0.930323 0.930323 0.930323
0.917430 0.917430 0.917430 0.917430 0.917430 0.917430 0.769161 0.769161 0.769161 0.769161
1.054638 1.054638 1.054638 1.054638 1.054638 1.054638 0.878251 0.878251 0.878251 0.878251
1.067014 1.067014 1.067014 1.067014 1.067014 1.067014 0.886649 0.886649 0.886649 0.886649
1.065059 1.065059 1.065059 1.065059 1.065059 1.065059 0.881992 0.881992 0.881992 0.881992
1.064439 1.064439 1.064439 1.064439 1.064439 1.064439 0.877676 0.877676 0.877676 0.877676
1.068345 1.068345 1.068345 1.068345 1.068345 1.068345 0.878020 0.878020 0.878020 0.878020
1.071421 1.071421 1.071421 1.071421 1.071421 1.071421 0.878417 0.878417 0.878418 0.878418
1.076070 1.076070 1.076070 1.076070 1.076070 1.076070 0.881596 0.881596 0.881597 0.881597
1.053029 1.053029 1.053029 1.053029 1.053029 1.053029 0.852761 0.852761 0.852761 0.852761
1.061040 1.061040 1.061040 1.061040 1.061040 1.061040 0.850839 0.850839 0.850839 0.850839
0.923340 0.923340 0.923340 0.923340 0.923340 0.923340 0.677155 0.677155 0.677155 0.677155
1.103783 1.103783 1.103783 1.103783 1.103783 1.103783 0.803969 0.803969 0.803969 0.803969
1.116143 1.116143 1.116143 1.116143 1.116143 1.116143 0.810951 0.810951 0.810952 0.810952
1.121823 1.121823 1.121823 1.121823 1.121823 1.121823 0.814734 0.814734 0.814735 0.814735
1.073107 1.073107 1.073107 1.073107 1.073107 1.073107 0.761928 0.761928 0.761929 0.761929
1.110434 1.110434 1.110434 1.110434 1.110434 1.110434 0.781341 0.781341 0.781341 0.781341
1.133125 1.133125 1.133125 1.133125 1.133125 1.133125 0.796845 0.796845 0.796846 0.796846
1.113031 1.113031 1.113031 1.113031 1.113031 1.113031 0.775398 0.775398 0.775398 0.775398
1.134322 1.134322 1.134322 1.134322 1.134322 1.134322 0.788970 0.788970 0.788970 0.788970
1.128707 1.128707 1.128707 1.128707 1.128707 1.128707 0.781738 0.781738 0.781739 0.781739
1.127141 1.127141 1.127141 1.127141 1.127141 1.127141 0.776316 0.776316 0.776317 0.776317
1.130570 1.130570 1.130570 1.130570 1.130570 1.130570 0.774837 0.774837 0.774838 0.774838
1.143359 1.143359 1.143359 1.143359 1.143359 1.143359 0.783397 0.783397 0.783398 0.783398
1.123115 1.123115 1.123115 1.123115 1.123115 1.123115 0.762649 0.762649 0.762650 0.762650
1.144912 1.144912 1.144912 1.144912 1.144912 1.144912 0.776678 0.776678 0.776679 0.776679
1.125795 1.125795 1.125795 1.125795 1.125795 1.125795 0.756619 0.756619 0.756620 0.756620
1.128912 1.128912 1.128912 1.128912 1.128912 1.128912 0.751629 0.751629 0.751630 0.751630
1.148570 1.148570 1.148570 1.148570 1.148570 1.148570 0.762892 0.762892 0.762893 0.762893
1.094707 1.094707 1.094707 1.094707 1.094707 1.094707 0.707987 0.707987 0.707989 0.707989
1.144238 1.144238 1.144238 1.144238 1.144238 1.144238 0.733765 0.733765 0.733767 0.733767
1.167531 1.167531 1.167531 1.167531 1.167531 1.167531 0.748702 0.748702 0.748704 0.748704
1.164261 1.164261 1.164261 1.164261 1.164261 1.164261 0.745606 0.745606 0.745608 0.745608
1.164258 1.164258 1.164258 1.164258 1.164258 1.164258 0.744464 0.744464 0.744466 0.744466
1.145138 1.145138 1.145138 1.145138 1.145138 1.145138 0.725127 0.725127 0.725128 0.725128
1.149115 1.149115 1.149115 1.149115 1.149115 1.149115 0.720781 0.720781 0.720783 0.720783
1.161280 1.161280 1.161280 1.161280 1.161280 1.161280 0.724259 0.724259 0.724261 0.724261
1.173055 1.173055 1.173055 1.173055 1.173055 1.173055 0.730374 0.730374 0.730376 0.730376
1.167020 1.167020 1.167020 1.167020 1.167020 1.167020 0.723436 0.723436 0.723438 0.723438
1.177711 1.177711 1.177711 1.177711 1.177711 1.177711 0.729596 0.729596 0.729598 0.729598
1.169526 1.169526 1.169526 1.169526 1.169526 1.169526 0.721590 0.721590 0.721591 0.721591
1.161784 1.161784 1.161784 1.161784 1.161784 1.161784 0.711218 0.711218 0.711219 0.711219
1.180582 1.180582 1.180582 1.180582 1.180582 1.180582 0.721848 0.721848 0.721849 0.721849
1.168501 1.168501 1.168501 1.168501 1.168501 1.168501 0.709965 0.709965 0.709966 0.709966
1.162704 1.162704 1.162704 1.162704 1.162704 1.162704 0.699694 0.699694 0.699695 0.699695
1.186080 1.186080 1.186080 1.186080 1.186080 1.186080 0.712796 0.712796 0.712798 0.712798
1.187596 1.187596 1.187596 1.187596 1.187596 1.187596 0.713045 0.713045 0.713046 0.713046
1.172230 1.172230 1.172230 1.172230 1.172230 1.172230 0.698708 0.698708 0.698710 0.698710
1.111722 1.111722 1.111722 1.111722 1.111722 1.111722 0.639926 0.639926 0.639927 0.639927
1.185535 1.185535 1.185535 1.185535 1.185535 1.185535 0.677287 0.677287 0.677289 0.677289
1.165987 1.165987 1.165987 1.165987 1.165987 1.165987 0.655121 0.655121 0.655123 0.655123
1.205701 1.205701 1.205701 1.205701 1.205701 1.205701 0.675641 0.675641 0.675642 0.675642
1.212711 1.212711 1.212711 1.212711 1.212711 1.212711 0.679395 0.679395 0.679396 0.679396
1.193902 1.193902 1.193902 1.193902 1.193902 1.193902 0.663715 0.663715 0.663717 0.663717
1.195397 1.195397 1.195397 1.195397 1.195397 1.195397 0.659174 0.659174 0.659176 0.659176
1.211192 1.211192 1.211192 1.211192 1.211192 1.211192 0.665952 0.665952 0.665954 0.665954
1.208919 1.208919 1.208919 1.208919 1.208919 1.208919 0.661946 0.661946 0.661947 0.661947
1.217986 1.217986 1.217986 1.217986 1.217986 1.217986 0.666144 0.666144 0.666146 0.666146
1.216928 1.216928 1.216928 1.216928 1.216928 1.216928 0.664434 0.664434 0.664435 0.664435
1.200932 1.200932 1.200932 1.200932 1.200932 1.200932 0.650339 0.650339 0.650340 0.650340
1.207240 1.207240 1.207240 1.207240 1.207240 1.207240 0.649363 0.649363 0.649365 0.649365
1.199404 1.199404 1.199404 1.199404 1.199404 1.199404 0.638271 0.638271 0.638273 0.638273
1.224023 1.224023 1.224023 1.224023 1.224023 1.224023 0.649831 0.649831 0.649832 0.649832
1.222023 1.222023 1.222023 1.222023 1.222023 1.222023 0.646545 0.646545 0.646547 0.646547
1.229200 1.229200 1.229200 1.229200 1.229200 1.229200 0.649629 0.649629 0.649631 0.649631
1.218709 1.218709 1.218709 1.218709 1.218709 1.218709 0.640696 0.640696 0.640697 0.640697
1.204837 1.204837 1.204837 1.204837 1.204837 1.204837 0.626222 0.626222 0.626222 0.626222
1.233937 1.233937 1.233937 1.233937 1.233937 1.233937 0.640417 0.640417 0.640417 0.640417
1.224422 1.224422 1.224422 1.224422 1.224422 1.224422 0.632135 0.632135 0.632136 0.632136
1.230488 1.230488 1.230488 1.230488 1.230488 1.230488 0.632999 0.632999 0.633000 0.633000
1.214057 1.214057 1.214057 1.214057 1.214057 1.214057 0.618084 0.618084 0.618084 0.618084
1.241427 1.241427 1.241427 1.241427 1.241427 1.241427 0.631328 0.631328 0.631329 0.631329
1.221509 1.221509 1.221509 1.221509 1.221509 1.221509 0.615719 0.615719 0.615719 0.615719
1.244751 1.244751 1.244751 1.244751 1.244751 1.244751 0.626797 0.626797 0.626798 0.626798
1.245880 1.245880 1.245880 1.245880 1.245880 1.245880 0.626919 0.626919 0.626920 0.626920
1.247545 1.247545 1.247545 1.247545 1.247545 1.247545 0.627649 0.627649 0.627650 0.627650
1.247870 1.247870 1.247870 1.247870 1.247870 1.247870 0.627768 0.627768 0.627769 0.627769
1.235983 1.235983 1.235983 1.235983 1.235983 1.235983 0.618958 0.618958 0.618958 0.618958
1.241567 1.241567 1.241567 1.241567 1.241567 1.241567 0.619904 0.619904 0.619905 0.619905
1.196721 1.196721 1.196721 1.196721 1.196721 1.196721 0.585083 0.585083 0.585084 0.585084
1.252531 1.252531 1.252531 1.252531 1.252531 1.252531 0.611360 0.611360 0.611361 0.611361
1.247850 1.247850 1.247850 1.247850 1.247850 1.247850 0.606895 0.606895 0.606896 0.606896
1.233196 1.233196 1.233196 1.233196 1.233196 1.233196 0.594047 0.594047 0.594048 0.594048
1.256350 1.256350 1.256350 1.256350 1.256350 1.256350 0.604043 0.604043 0.604044 0.604044
1.252462 1.252462 1.252462 1.252462 1.252462 1.252462 0.600022 0.600022 0.600023 0.600023
