0.995055 0.995055 0.995055 0.995055 0.995055 0.995055 0.992583 0.992583 0.992583 0.992583
0.936748 0.936748 0.936748 0.936748 0.936748 0.936748 0.902387 0.902387 0.902387 0.902387
0.991887 0.991887 0.991887 0.991887 0.991887 0.991887 0.944474 0.944474 0.944475 0.944475
1.014285 1.014285 1.014285 1.014285 1.014285 1.014285 0.963337 0.963337 0.963338 0.963338
1.007743 1.007743 1.007743 1.007743 1.007743 1.007743 0.951102 0.951102 0.951102 0.951102
1.021090 1.021090 1.021090 1.021090 1.021090 1.021090 0.962803 0.962803 0.962804 0.962804
1.016352 1.016352 1.016352 1.016352 1.016352 1.016352 0.955052 0.955052 0.955053 0.955053
1.018616 1.018616 1.018616 1.018616 1.018616 1.018616 0.954332 0.954332 0.954332 0.954332
1.006543 1.006543 1.006543 1.006543 1.006543 1.006543 0.934026 0.934026 0.934027 0.934027
1.029673 1.029673 1.029673 1.029673 1.029673 1.029673 0.955490 0.955490 0.955490 0.955490
1.020947 1.020947 1.020947 1.020947 1.020947 1.020947 0.943379 0.943379 0.943379 0.943379
1.029077 1.029077 1.029077 1.029077 1.029077 1.029077 0.949854 0.949854 0.949854 0.949854
1.026755 1.026755 1.026755 1.026755 1.026755 1.026755 0.945417 0.945417 0.945417 0.945417
1.013415 1.013415 1.013415 1.013415 1.013415 1.013415 0.924332 0.924332 0.924332 0.924332
1.036294 1.036294 1.036294 1.036294 1.036294 1.036294 0.945133 0.945133 0.945133 0.945133
1.021578 1.021578 1.021578 1.021578 1.021578 1.021578 0.924995 0.924995 0.924995 0.924995
1.036078 1.036078 1.036078 1.036078 1.036078 1.036078 0.936681 0.936681 0.936682 0.936682
1.006264 1.006264 1.006264 1.006264 1.006264 1.006264 0.894707 0.894707 0.894707 0.894707
1.041362 1.041362 1.041362 1.041362 1.041362 1.041362 0.923703 0.923703 0.923704 0.923704
1.035358 1.035358 1.035358 1.035358 1.035358 1.035358 0.913142 0.913142 0.913143 0.913143
1.039946 1.039946 1.039946 1.039946 1.039946 1.039946 0.913013 0.913013 0.913014 0.913014
1.040899 1.040899 1.040899 1.040899 1.040899 1.040899 0.909342 0.909342 0.909343 0.909343
1.044446 1.044446 1.044446 1.044446 1.044446 1.044446 0.908657 0.908657 0.908658 0.908658
1.047559 1.047559 1.047559 1.047559 1.047559 1.047559 0.908242 0.908242 0.908243 0.908243
0.929154 0.929154 0.929154 0.929154 0.929154 0.929154 0.751576 0.751576 0.751577 0.751577
1.065720 1.065720 1.065720 1.065720 1.065720 1.065720 0.855314 0.855314 0.855315 0.855315
1.030065 1.030065 1.030065 1.030065 1.030065 1.030065 0.804950 0.804950 0.804952 0.804952
1.087799 1.087799 1.087799 1.087799 1.087799 1.087799 0.847032 0.847032 0.847033 0.847033
1.016795 1.016795 1.016795 1.016795 1.016795 1.016795 0.761431 0.761431 0.761432 0.761432
1.110349 1.110349 1.110349 1.110349 1.110349 1.110349 0.831008 0.831008 0.831010 0.831010
1.110245 1.110245 1.110245 1.110245 1.110245 1.110245 0.830335 0.830335 0.830336 0.830336
1.091843 1.091843 1.091843 1.091843 1.091843 1.091843 0.809228 0.809228 0.809229 0.809229
1.089899 1.089899 1.089899 1.089899 1.089899 1.089899 0.798629 0.798629 0.798629 0.798629
1.116567 1.116567 1.116567 1.116567 1.116567 1.116567 0.817065 0.817065 0.817066 0.817066
1.118529 1.118529 1.118529 1.118529 1.118529 1.118529 0.817914 0.817914 0.817914 0.817914
1.116028 1.116028 1.116028 1.116028 1.116028 1.116028 0.814525 0.814525 0.814525 0.814525
1.071409 1.071409 1.071409 1.071409 1.071409 1.071409 0.764476 0.764476 0.764476 0.764476
1.127920 1.127920 1.127920 1.127920 1.127920 1.127920 0.804283 0.804283 0.804283 0.804283
1.129042 1.129042 1.129042 1.129042 1.129042 1.129042 0.804873 0.804873 0.804873 0.804873
1.123110 1.123110 1.123110 1.123110 1.123110 1.123110 0.798367 0.798367 0.798367 0.798367
1.124593 1.124593 1.124593 1.124593 1.124593 1.124593 0.797304 0.797304 0.797304 0.797304
1.129482 1.129482 1.129482 1.129482 1.129482 1.129482 0.799997 0.799997 0.799997 0.799997
1.119163 1.119163 1.119163 1.119163 1.119163 1.119163 0.788284 0.788284 0.788284 0.788284
1.128825 1.128825 1.128825 1.128825 1.128825 1.128825 0.793297 0.793297 0.793297 0.793297
1.119922 1.119922 1.119922 1.119922 1.119922 1.119922 0.781972 0.781972 0.781972 0.781972
1.116741 1.116741 1.116741 1.116741 1.116741 1.116741 0.772871 0.772871 0.772872 0.772872
1.130156 1.130156 1.130156 1.130156 1.130156 1.130156 0.778732 0.778732 0.778732 0.778732
1.119357 1.119357 1.119357 1.119357 1.119357 1.119357 0.763800 0.763800 0.763800 0.763800
1.144938 1.144938 1.144938 1.144938 1.144938 1.144938 0.781055 0.781055 0.781055 0.781055
1.140529 1.140529 1.140529 1.140529 1.140529 1.140529 0.776376 0.776376 0.776376 0.776376
1.136790 1.136790 1.136790 1.136790 1.136790 1.136790 0.770695 0.770695 0.770695 0.770695
1.145222 1.145222 1.145222 1.145222 1.145222 1.145222 0.775554 0.775554 0.775554 0.775554
1.126394 1.126394 1.126394 1.126394 1.126394 1.126394 0.755722 0.755722 0.755722 0.755722
1.144658 1.144658 1.144658 1.144658 1.144658 1.144658 0.765754 0.765754 0.765754 0.765754
1.148660 1.148660 1.148660 1.148660 1.148660 1.148660 0.767166 0.767166 0.767166 0.767166
1.116289 1.116289 1.116289 1.116289 1.116289 1.116289 0.733781 0.733781 0.733781 0.733781
0.981434 0.981434 0.981434 0.981434 0.981434 0.981434 0.590014 0.590014 0.590014 0.590014
1.187057 1.187057 1.187057 1.187057 1.187057 1.187057 0.712846 0.712846 0.712846 0.712846
1.186828 1.186828 1.186828 1.186828 1.186828 1.186828 0.711756 0.711756 0.711756 0.711756
1.177534 1.177534 1.177534 1.177534 1.177534 1.177534 0.702467 0.702467 0.702467 0.702467
1.165447 1.165447 1.165447 1.165447 1.165447 1.165447 0.687659 0.687659 0.687658 0.687658
1.145542 1.145542 1.145542 1.145542 1.145542 1.145542 0.661853 0.661853 0.661852 0.661852
1.200120 1.200120 1.200120 1.200120 1.200120 1.200120 0.692543 0.692543 0.692542 0.692542
1.199729 1.199729 1.199729 1.199729 1.199729 1.199729 0.691258 0.691258 0.691258 0.691258
1.182887 1.182887 1.182887 1.182887 1.182887 1.182887 0.675793 0.675793 0.675792 0.675792
1.202887 1.202887 1.202887 1.202887 1.202887 1.202887 0.686123 0.686123 0.686122 0.686122
1.188072 1.188072 1.188072 1.188072 1.188072 1.188072 0.672462 0.672462 0.672461 0.672461
1.189365 1.189365 1.189365 1.189365 1.189365 1.189365 0.667690 0.667690 0.667690 0.667690
1.203604 1.203604 1.203604 1.203604 1.203604 1.203604 0.673264 0.673264 0.673264 0.673264
1.207875 1.207875 1.207875 1.207875 1.207875 1.207875 0.674054 0.674054 0.674054 0.674054
1.211368 1.211368 1.211368 1.211368 1.211368 1.211368 0.675119 0.675119 0.675120 0.675120
1.190511 1.190511 1.190511 1.190511 1.190511 1.190511 0.657049 0.657049 0.657049 0.657049
1.216536 1.216536 1.216536 1.216536 1.216536 1.216536 0.670935 0.670935 0.670935 0.670935
1.214857 1.214857 1.214857 1.214857 1.214857 1.214857 0.669037 0.669037 0.669037 0.669037
1.210659 1.210659 1.210659 1.210659 1.210659 1.210659 0.664548 0.664548 0.664549 0.664549
1.193002 1.193002 1.193002 1.193002 1.193002 1.193002 0.647875 0.647875 0.647876 0.647876
1.219282 1.219282 1.219282 1.219282 1.219282 1.219282 0.661035 0.661035 0.661036 0.661036
1.206622 1.206622 1.206622 1.206622 1.206622 1.206622 0.649711 0.649711 0.649712 0.649712
1.225968 1.225968 1.225968 1.225968 1.225968 1.225968 0.660015 0.660015 0.660015 0.660015
1.223473 1.223473 1.223473 1.223473 1.223473 1.223473 0.657915 0.657915 0.657915 0.657915
1.201684 1.201684 1.201684 1.201684 1.201684 1.201684 0.639873 0.639873 0.639874 0.639874
1.203357 1.203357 1.203357 1.203357 1.203357 1.203357 0.634133 0.634133 0.634133 0.634133
1.215868 1.215868 1.215868 1.215868 1.215868 1.215868 0.636422 0.636422 0.636422 0.636422
1.234410 1.234410 1.234410 1.234410 1.234410 1.234410 0.645854 0.645854 0.645855 0.645855
1.211401 1.211401 1.211401 1.211401 1.211401 1.211401 0.627897 0.627897 0.627897 0.627897
1.235010 1.235010 1.235010 1.235010 1.235010 1.235010 0.639253 0.639253 0.639254 0.639254
1.227728 1.227728 1.227728 1.227728 1.227728 1.227728 0.632742 0.632742 0.632743 0.632743
1.222820 1.222820 1.222820 1.222820 1.222820 1.222820 0.625977 0.625977 0.625978 0.625978
1.228716 1.228716 1.228716 1.228716 1.228716 1.228716 0.625686 0.625686 0.625686 0.625686
1.241559 1.241559 1.241559 1.241559 1.241559 1.241559 0.631584 0.631584 0.631585 0.631585
1.221123 1.221123 1.221123 1.221123 1.221123 1.221123 0.615637 0.615637 0.615638 0.615638
1.222812 1.222812 1.222812 1.222812 1.222812 1.222812 0.610725 0.610725 0.610727 0.610727
1.245789 1.245789 1.245789 1.245789 1.245789 1.245789 0.621142 0.621142 0.621144 0.621144
1.230966 1.230966 1.230966 1.230966 1.230966 1.230966 0.609141 0.609141 0.609142 0.609142
1.231771 1.231771 1.231771 1.231771 1.231771 1.231771 0.604612 0.604612 0.604613 0.604613
1.253063 1.253063 1.253063 1.253063 1.253063 1.253063 0.614452 0.614452 0.614452 0.614452
1.230690 1.230690 1.230690 1.230690 1.230690 1.230690 0.597715 0.597715 0.597716 0.597716
1.239592 1.239592 1.239592 1.239592 1.239592 1.239592 0.597667 0.597667 0.597668 0.597668
1.253650 1.253650 1.253650 1.253650 1.253650 1.253650 0.602745 0.602745 0.602746 0.602746
1.252462 1.252462 1.252462 1.252462 1.252462 1.252462 0.600022 0.600022 0.600023 0.600023
