0.981666 0.981666 0.981666 0.981666 0.981666 0.981666 0.972499 0.972499 0.972499 0.972499
0.984908 0.984908 0.984908 0.984908 0.984908 0.984908 0.966388 0.966388 0.966389 0.966389
0.993225 0.993225 0.993225 0.993225 0.993225 0.993225 0.967524 0.967524 0.967524 0.967524
1.007368 1.007368 1.007368 1.007368 1.007368 1.007368 0.979800 0.979800 0.979800 0.979800
1.009616 1.009616 1.009616 1.009616 1.009616 1.009616 0.981283 0.981283 0.981283 0.981283
1.004445 1.004445 1.004445 1.004445 1.004445 1.004445 0.972912 0.972912 0.972912 0.972912
1.009382 1.009382 1.009382 1.009382 1.009382 1.009382 0.976084 0.976084 0.976084 0.976084
1.012196 1.012196 1.012196 1.012196 1.012196 1.012196 0.978239 0.978239 0.978239 0.978239
1.011641 1.011641 1.011641 1.011641 1.011641 1.011641 0.976759 0.976759 0.976760 0.976760
1.011040 1.011040 1.011040 1.011040 1.011040 1.011040 0.974763 0.974763 0.974763 0.974763
0.865822 0.865822 0.865822 0.865822 0.865822 0.865822 0.763432 0.763432 0.763432 0.763432
1.030101 1.030101 1.030101 1.030101 1.030101 1.030101 0.899793 0.899793 0.899794 0.899794
1.039102 1.039102 1.039102 1.039102 1.039102 1.039102 0.901555 0.901555 0.901555 0.901555
1.038826 1.038826 1.038826 1.038826 1.038826 1.038826 0.894030 0.894030 0.894031 0.894031
1.053716 1.053716 1.053716 1.053716 1.053716 1.053716 0.904591 0.904591 0.904592 0.904592
1.053005 1.053005 1.053005 1.053005 1.053005 1.053005 0.901029 0.901029 0.901031 0.901031
1.037300 1.037300 1.037300 1.037300 1.037300 1.037300 0.877527 0.877527 0.877528 0.877528
1.043620 1.043620 1.043620 1.043620 1.043620 1.043620 0.873738 0.873738 0.873738 0.873738
1.067270 1.067270 1.067270 1.067270 1.067270 1.067270 0.892563 0.892563 0.892564 0.892564
1.053274 1.053274 1.053274 1.053274 1.053274 1.053274 0.873983 0.873983 0.873984 0.873984
1.038006 1.038006 1.038006 1.038006 1.038006 1.038006 0.847093 0.847093 0.847094 0.847094
0.948677 0.948677 0.948677 0.948677 0.948677 0.948677 0.722290 0.722290 0.722291 0.722291
1.087177 1.087177 1.087177 1.087177 1.087177 1.087177 0.820972 0.820972 0.820973 0.820973
1.084681 1.084681 1.084681 1.084681 1.084681 1.084681 0.810356 0.810356 0.810357 0.810357
1.109481 1.109481 1.109481 1.109481 1.109481 1.109481 0.827776 0.827776 0.827777 0.827777
1.109382 1.109382 1.109382 1.109382 1.109382 1.109382 0.826380 0.826380 0.826382 0.826382
1.067623 1.067623 1.067623 1.067623 1.067623 1.067623 0.778730 0.778730 0.778731 0.778731
1.099854 1.099854 1.099854 1.099854 1.099854 1.099854 0.794673 0.794673 0.794674 0.794674
1.049938 1.049938 1.049938 1.049938 1.049938 1.049938 0.732601 0.732601 0.732602 0.732602
1.132458 1.132458 1.132458 1.132458 1.132458 1.132458 0.788483 0.788483 0.788483 0.788483
1.135947 1.135947 1.135947 1.135947 1.135947 1.135947 0.790125 0.790125 0.790126 0.790126
1.132636 1.132636 1.132636 1.132636 1.132636 1.132636 0.785812 0.785812 0.785812 0.785812
1.133939 1.133939 1.133939 1.133939 1.133939 1.133939 0.784838 0.784838 0.784839 0.784839
1.089555 1.089555 1.089555 1.089555 1.089555 1.089555 0.737257 0.737257 0.737258 0.737258
1.142770 1.142770 1.142770 1.142770 1.142770 1.142770 0.771394 0.771394 0.771395 0.771395
1.139139 1.139139 1.139139 1.139139 1.139139 1.139139 0.765626 0.765626 0.765626 0.765626
1.134769 1.134769 1.134769 1.134769 1.134769 1.134769 0.757489 0.757489 0.757490 0.757490
1.144828 1.144828 1.144828 1.144828 1.144828 1.144828 0.761473 0.761473 0.761474 0.761474
1.143757 1.143757 1.143757 1.143757 1.143757 1.143757 0.757298 0.757298 0.757298 0.757298
1.148036 1.148036 1.148036 1.148036 1.148036 1.148036 0.757526 0.757526 0.757527 0.757527
1.147519 1.147519 1.147519 1.147519 1.147519 1.147519 0.754046 0.754046 0.754047 0.754047
1.135810 1.135810 1.135810 1.135810 1.135810 1.135810 0.739100 0.739100 0.739101 0.739101
1.161979 1.161979 1.161979 1.161979 1.161979 1.161979 0.755998 0.755998 0.755999 0.755999
1.156036 1.156036 1.156036 1.156036 1.156036 1.156036 0.750140 0.750140 0.750140 0.750140
1.147872 1.147872 1.147872 1.147872 1.147872 1.147872 0.740046 0.740046 0.740047 0.740047
1.162961 1.162961 1.162961 1.162961 1.162961 1.162961 0.748946 0.748946 0.748946 0.748946
1.163566 1.163566 1.163566 1.163566 1.163566 1.163566 0.748575 0.748575 0.748575 0.748575
1.163594 1.163594 1.163594 1.163594 1.163594 1.163594 0.747733 0.747733 0.747734 0.747734
1.158091 1.158091 1.158091 1.158091 1.158091 1.158091 0.741532 0.741532 0.741533 0.741533
1.161195 1.161195 1.161195 1.161195 1.161195 1.161195 0.741428 0.741428 0.741429 0.741429
1.163254 1.163254 1.163254 1.163254 1.163254 1.163254 0.740985 0.740985 0.740987 0.740987
1.146258 1.146258 1.146258 1.146258 1.146258 1.146258 0.723012 0.723012 0.723014 0.723014
1.173291 1.173291 1.173291 1.173291 1.173291 1.173291 0.740064 0.740064 0.740065 0.740065
1.146885 1.146885 1.146885 1.146885 1.146885 1.146885 0.715502 0.715502 0.715503 0.715503
1.175513 1.175513 1.175513 1.175513 1.175513 1.175513 0.732893 0.732893 0.732894 0.732894
1.174312 1.174312 1.174312 1.174312 1.174312 1.174312 0.731254 0.731254 0.731254 0.731254
1.174504 1.174504 1.174504 1.174504 1.174504 1.174504 0.730416 0.730416 0.730417 0.730417
1.157555 1.157555 1.157555 1.157555 1.157555 1.157555 0.713790 0.713790 0.713791 0.713791
1.173955 1.173955 1.173955 1.173955 1.173955 1.173955 0.721809 0.721809 0.721810 0.721810
1.169935 1.169935 1.169935 1.169935 1.169935 1.169935 0.715789 0.715789 0.715790 0.715790
1.167250 1.167250 1.167250 1.167250 1.167250 1.167250 0.709348 0.709348 0.709350 0.709350
1.176052 1.176052 1.176052 1.176052 1.176052 1.176052 0.711801 0.711801 0.711802 0.711802
1.169551 1.169551 1.169551 1.169551 1.169551 1.169551 0.702726 0.702726 0.702728 0.702728
1.179078 1.179078 1.179078 1.179078 1.179078 1.179078 0.705349 0.705349 0.705351 0.705351
1.169636 1.169636 1.169636 1.169636 1.169636 1.169636 0.693528 0.693528 0.693529 0.693529
1.185527 1.185527 1.185527 1.185527 1.185527 1.185527 0.700441 0.700441 0.700442 0.700442
1.188539 1.188539 1.188539 1.188539 1.188539 1.188539 0.700223 0.700223 0.700224 0.700224
1.195592 1.195592 1.195592 1.195592 1.195592 1.195592 0.704081 0.704081 0.704082 0.704082
1.168197 1.168197 1.168197 1.168197 1.168197 1.168197 0.680008 0.680008 0.680009 0.680009
1.178354 1.178354 1.178354 1.178354 1.178354 1.178354 0.679790 0.679790 0.679791 0.679791
1.203063 1.203063 1.203063 1.203063 1.203063 1.203063 0.693867 0.693867 0.693868 0.693868
1.200362 1.200362 1.200362 1.200362 1.200362 1.200362 0.691374 0.691374 0.691375 0.691375
1.203589 1.203589 1.203589 1.203589 1.203589 1.203589 0.693051 0.693051 0.693053 0.693053
1.189932 1.189932 1.189932 1.189932 1.189932 1.189932 0.681281 0.681281 0.681282 0.681282
1.192914 1.192914 1.192914 1.192914 1.192914 1.192914 0.679396 0.679396 0.679397 0.679397
1.202245 1.202245 1.202245 1.202245 1.202245 1.202245 0.683166 0.683166 0.683168 0.683168
1.189739 1.189739 1.189739 1.189739 1.189739 1.189739 0.670981 0.670981 0.670983 0.670983
1.200435 1.200435 1.200435 1.200435 1.200435 1.200435 0.674146 0.674146 0.674147 0.674147
1.210811 1.210811 1.210811 1.210811 1.210811 1.210811 0.679485 0.679485 0.679486 0.679486
1.207979 1.207979 1.207979 1.207979 1.207979 1.207979 0.676599 0.676599 0.676600 0.676600
1.200081 1.200081 1.200081 1.200081 1.200081 1.200081 0.668639 0.668639 0.668640 0.668640
1.199187 1.199187 1.199187 1.199187 1.199187 1.199187 0.663937 0.663937 0.663938 0.663938
1.192628 1.192628 1.192628 1.192628 1.192628 1.192628 0.653892 0.653892 0.653893 0.653893
1.200828 1.200828 1.200828 1.200828 1.200828 1.200828 0.653326 0.653326 0.653327 0.653327
1.157802 1.157802 1.157802 1.157802 1.157802 1.157802 0.613345 0.613345 0.613347 0.613347
1.191366 1.191366 1.191366 1.191366 1.191366 1.191366 0.621166 0.621166 0.621168 0.621168
1.232709 1.232709 1.232709 1.232709 1.232709 1.232709 0.641734 0.641734 0.641736 0.641736
1.233626 1.233626 1.233626 1.233626 1.233626 1.233626 0.641328 0.641328 0.641330 0.641330
1.233205 1.233205 1.233205 1.233205 1.233205 1.233205 0.640018 0.640018 0.640020 0.640020
1.230396 1.230396 1.230396 1.230396 1.230396 1.230396 0.636661 0.636661 0.636662 0.636662
1.237305 1.237305 1.237305 1.237305 1.237305 1.237305 0.639781 0.639781 0.639782 0.639782
1.144869 1.144869 1.144869 1.144869 1.144869 1.144869 0.569320 0.569320 0.569321 0.569321
1.227912 1.227912 1.227912 1.227912 1.227912 1.227912 0.605124 0.605124 0.605125 0.605125
1.249992 1.249992 1.249992 1.249992 1.249992 1.249992 0.614970 0.614970 0.614971 0.614971
1.229737 1.229737 1.229737 1.229737 1.229737 1.229737 0.599235 0.599235 0.599236 0.599236
1.255028 1.255028 1.255028 1.255028 1.255028 1.255028 0.610888 0.610888 0.610889 0.610889
1.258142 1.258142 1.258142 1.258142 1.258142 1.258142 0.612360 0.612360 0.612361 0.612361
1.233636 1.233636 1.233636 1.233636 1.233636 1.233636 0.594858 0.594858 0.594859 0.594859
1.258704 1.258704 1.258704 1.258704 1.258704 1.258704 0.606382 0.606382 0.606383 0.606383
1.246556 1.246556 1.246556 1.246556 1.246556 1.246556 0.597193 0.597193 0.597194 0.597194
