0.997256 0.997256 0.997256 0.997256 0.997256 0.997256 0.995884 0.995884 0.995884 0.995884
0.984629 0.984629 0.984629 0.984629 0.984629 0.984629 0.975326 0.975326 0.975326 0.975326
0.984644 0.984644 0.984644 0.984644 0.984644 0.984644 0.965868 0.965868 0.965868 0.965868
1.005051 1.005051 1.005051 1.005051 1.005051 1.005051 0.984595 0.984595 0.984596 0.984596
0.999895 0.999895 0.999895 0.999895 0.999895 0.999895 0.975483 0.975483 0.975483 0.975483
1.007911 1.007911 1.007911 1.007911 1.007911 1.007911 0.982354 0.982354 0.982354 0.982354
0.988570 0.988570 0.988570 0.988570 0.988570 0.988570 0.952974 0.952974 0.952974 0.952974
1.007368 1.007368 1.007368 1.007368 1.007368 1.007368 0.967618 0.967618 0.967618 0.967618
1.004816 1.004816 1.004816 1.004816 1.004816 1.004816 0.959804 0.959804 0.959804 0.959804
1.014818 1.014818 1.014818 1.014818 1.014818 1.014818 0.967730 0.967730 0.967731 0.967731
1.016667 1.016667 1.016667 1.016667 1.016667 1.016667 0.968430 0.968430 0.968430 0.968430
1.001568 1.001568 1.001568 1.001568 1.001568 1.001568 0.945630 0.945630 0.945630 0.945630
1.008997 1.008997 1.008997 1.008997 1.008997 1.008997 0.946149 0.946149 0.946149 0.946149
1.023183 1.023183 1.023183 1.023183 1.023183 1.023183 0.958350 0.958350 0.958349 0.958349
1.023496 1.023496 1.023496 1.023496 1.023496 1.023496 0.957477 0.957477 0.957477 0.957477
1.008203 1.008203 1.008203 1.008203 1.008203 1.008203 0.934688 0.934688 0.934688 0.934688
1.012763 1.012763 1.012763 1.012763 1.012763 1.012763 0.930979 0.930979 0.930978 0.930978
1.031266 1.031266 1.031266 1.031266 1.031266 1.031266 0.947025 0.947025 0.947025 0.947025
1.027771 1.027771 1.027771 1.027771 1.027771 1.027771 0.941086 0.941086 0.941085 0.941085
0.993139 0.993139 0.993139 0.993139 0.993139 0.993139 0.890457 0.890457 0.890456 0.890456
1.041182 1.041182 1.041182 1.041182 1.041182 1.041182 0.932666 0.932666 0.932665 0.932665
1.039918 1.039918 1.039918 1.039918 1.039918 1.039918 0.929949 0.929949 0.929948 0.929948
0.968903 0.968903 0.968903 0.968903 0.968903 0.968903 0.833271 0.833271 0.833270 0.833270
1.051977 1.051977 1.051977 1.051977 1.051977 1.051977 0.901616 0.901616 0.901615 0.901615
1.049397 1.049397 1.049397 1.049397 1.049397 1.049397 0.894673 0.894673 0.894672 0.894672
1.046033 1.046033 1.046033 1.046033 1.046033 1.046033 0.884845 0.884845 0.884845 0.884845
1.050130 1.050130 1.050130 1.050130 1.050130 1.050130 0.881860 0.881860 0.881860 0.881860
1.066320 1.066320 1.066320 1.066320 1.066320 1.066320 0.894566 0.894566 0.894565 0.894565
1.061125 1.061125 1.061125 1.061125 1.061125 1.061125 0.887027 0.887027 0.887027 0.887027
1.067293 1.067293 1.067293 1.067293 1.067293 1.067293 0.890978 0.890978 0.890977 0.890977
1.023942 1.023942 1.023942 1.023942 1.023942 1.023942 0.835677 0.835677 0.835676 0.835676
1.059102 1.059102 1.059102 1.059102 1.059102 1.059102 0.856292 0.856292 0.856291 0.856291
1.057903 1.057903 1.057903 1.057903 1.057903 1.057903 0.845450 0.845450 0.845450 0.845450
1.066887 1.066887 1.066887 1.066887 1.066887 1.066887 0.844668 0.844668 0.844667 0.844667
1.089942 1.089942 1.089942 1.089942 1.089942 1.089942 0.862556 0.862556 0.862556 0.862556
1.085141 1.085141 1.085141 1.085141 1.085141 1.085141 0.856482 0.856482 0.856482 0.856482
1.086347 1.086347 1.086347 1.086347 1.086347 1.086347 0.855246 0.855246 0.855245 0.855245
1.071590 1.071590 1.071590 1.071590 1.071590 1.071590 0.835432 0.835432 0.835431 0.835431
1.084923 1.084923 1.084923 1.084923 1.084923 1.084923 0.841376 0.841376 0.841376 0.841376
1.026047 1.026047 1.026047 1.026047 1.026047 1.026047 0.768439 0.768439 0.768438 0.768438
1.108115 1.108115 1.108115 1.108115 1.108115 1.108115 0.828626 0.828626 0.828625 0.828625
1.054729 1.054729 1.054729 1.054729 1.054729 1.054729 0.767956 0.767956 0.767956 0.767956
1.112078 1.112078 1.112078 1.112078 1.112078 1.112078 0.806218 0.806218 0.806218 0.806218
1.118382 1.118382 1.118382 1.118382 1.118382 1.118382 0.808961 0.808961 0.808961 0.808961
1.123091 1.123091 1.123091 1.123091 1.123091 1.123091 0.811897 0.811897 0.811897 0.811897
1.088949 1.088949 1.088949 1.088949 1.088949 1.088949 0.774792 0.774792 0.774793 0.774793
1.123882 1.123882 1.123882 1.123882 1.123882 1.123882 0.797398 0.797398 0.797399 0.797399
1.128074 1.128074 1.128074 1.128074 1.128074 1.128074 0.799212 0.799212 0.799212 0.799212
1.131389 1.131389 1.131389 1.131389 1.131389 1.131389 0.801351 0.801351 0.801351 0.801351
1.110028 1.110028 1.110028 1.110028 1.110028 1.110028 0.778709 0.778709 0.778710 0.778710
1.127534 1.127534 1.127534 1.127534 1.127534 1.127534 0.788279 0.788279 0.788280 0.788280
1.132309 1.132309 1.132309 1.132309 1.132309 1.132309 0.790104 0.790104 0.790104 0.790104
1.136903 1.136903 1.136903 1.136903 1.136903 1.136903 0.793106 0.793106 0.793107 0.793107
1.130903 1.130903 1.130903 1.130903 1.130903 1.130903 0.786677 0.786677 0.786677 0.786677
1.117804 1.117804 1.117804 1.117804 1.117804 1.117804 0.770616 0.770616 0.770617 0.770617
1.139273 1.139273 1.139273 1.139273 1.139273 1.139273 0.784560 0.784560 0.784560 0.784560
1.119386 1.119386 1.119386 1.119386 1.119386 1.119386 0.763320 0.763320 0.763321 0.763321
1.140671 1.140671 1.140671 1.140671 1.140671 1.140671 0.776163 0.776163 0.776164 0.776164
1.130684 1.130684 1.130684 1.130684 1.130684 1.130684 0.764199 0.764199 0.764199 0.764199
1.145762 1.145762 1.145762 1.145762 1.145762 1.145762 0.773355 0.773355 0.773355 0.773355
1.143783 1.143783 1.143783 1.143783 1.143783 1.143783 0.770192 0.770192 0.770193 0.770193
1.139853 1.139853 1.139853 1.139853 1.139853 1.139853 0.764186 0.764186 0.764187 0.764187
1.134018 1.134018 1.134018 1.134018 1.134018 1.134018 0.754563 0.754563 0.754563 0.754563
1.146689 1.146689 1.146689 1.146689 1.146689 1.146689 0.760503 0.760503 0.760504 0.760504
1.151837 1.151837 1.151837 1.151837 1.151837 1.151837 0.762697 0.762697 0.762699 0.762699
1.139047 1.139047 1.139047 1.139047 1.139047 1.139047 0.748791 0.748791 0.748792 0.748792
1.145123 1.145123 1.145123 1.145123 1.145123 1.145123 0.748494 0.748494 0.748495 0.748495
1.148939 1.148939 1.148939 1.148939 1.148939 1.148939 0.747283 0.747283 0.747285 0.747285
1.160823 1.160823 1.160823 1.160823 1.160823 1.160823 0.754472 0.754472 0.754473 0.754473
0.984603 0.984603 0.984603 0.984603 0.984603 0.984603 0.585261 0.585261 0.585262 0.585262
1.170263 1.170263 1.170263 1.170263 1.170263 1.170263 0.689059 0.689059 0.689060 0.689060
1.195234 1.195234 1.195234 1.195234 1.195234 1.195234 0.703311 0.703311 0.703312 0.703312
1.191048 1.191048 1.191048 1.191048 1.191048 1.191048 0.699175 0.699175 0.699176 0.699176
1.191764 1.191764 1.191764 1.191764 1.191764 1.191764 0.697902 0.697902 0.697903 0.697903
1.178257 1.178257 1.178257 1.178257 1.178257 1.178257 0.684351 0.684351 0.684353 0.684353
1.197271 1.197271 1.197271 1.197271 1.197271 1.197271 0.694250 0.694250 0.694251 0.694251
1.178135 1.178135 1.178135 1.178135 1.178135 1.178135 0.676638 0.676638 0.676639 0.676639
1.164301 1.164301 1.164301 1.164301 1.164301 1.164301 0.657651 0.657651 0.657653 0.657653
1.194374 1.194374 1.194374 1.194374 1.194374 1.194374 0.670294 0.670294 0.670296 0.670296
1.212435 1.212435 1.212435 1.212435 1.212435 1.212435 0.680313 0.680313 0.680315 0.680315
1.202096 1.202096 1.202096 1.202096 1.202096 1.202096 0.671654 0.671654 0.671656 0.671656
1.188126 1.188126 1.188126 1.188126 1.188126 1.188126 0.656979 0.656979 0.656981 0.656981
1.207326 1.207326 1.207326 1.207326 1.207326 1.207326 0.664890 0.664890 0.664892 0.664892
1.201853 1.201853 1.201853 1.201853 1.201853 1.201853 0.657427 0.657427 0.657429 0.657429
1.221292 1.221292 1.221292 1.221292 1.221292 1.221292 0.668061 0.668061 0.668063 0.668063
1.205105 1.205105 1.205105 1.205105 1.205105 1.205105 0.655058 0.655058 0.655060 0.655060
1.223164 1.223164 1.223164 1.223164 1.223164 1.223164 0.664827 0.664827 0.664829 0.664829
1.194422 1.194422 1.194422 1.194422 1.194422 1.194422 0.641844 0.641844 0.641846 0.641846
1.215247 1.215247 1.215247 1.215247 1.215247 1.215247 0.650062 0.650062 0.650064 0.650064
1.219240 1.219240 1.219240 1.219240 1.219240 1.219240 0.649870 0.649870 0.649872 0.649872
1.221927 1.221927 1.221927 1.221927 1.221927 1.221927 0.649365 0.649365 0.649366 0.649366
1.224155 1.224155 1.224155 1.224155 1.224155 1.224155 0.648932 0.648932 0.648934 0.648934
1.075575 1.075575 1.075575 1.075575 1.075575 1.075575 0.531944 0.531944 0.531945 0.531945
1.228815 1.228815 1.228815 1.228815 1.228815 1.228815 0.602089 0.602089 0.602090 0.602090
1.252171 1.252171 1.252171 1.252171 1.252171 1.252171 0.612594 0.612594 0.612596 0.612596
1.254848 1.254848 1.254848 1.254848 1.254848 1.254848 0.613467 0.613467 0.613469 0.613469
1.236484 1.236484 1.236484 1.236484 1.236484 1.236484 0.599842 0.599842 0.599844 0.599844
1.231031 1.231031 1.231031 1.231031 1.231031 1.231031 0.590831 0.590831 0.590833 0.590833
1.259656 1.259656 1.259656 1.259656 1.259656 1.259656 0.603902 0.603902 0.603903 0.603903
1.261045 1.261045 1.261045 1.261045 1.261045 1.261045 0.604134 0.604134 0.604135 0.604135
