0.995249 0.995249 0.995249 0.995249 0.995249 0.995249 0.992873 0.992873 0.992873 0.992873
0.996461 0.996461 0.996461 0.996461 0.996461 0.996461 0.991841 0.991841 0.991842 0.991842
0.989112 0.989112 0.989112 0.989112 0.989112 0.989112 0.978187 0.978187 0.978187 0.978187
1.003922 1.003922 1.003922 1.003922 1.003922 1.003922 0.992578 0.992578 0.992579 0.992579
1.003692 1.003692 1.003692 1.003692 1.003692 1.003692 0.991931 0.991931 0.991932 0.991932
1.002844 1.002844 1.002844 1.002844 1.002844 1.002844 0.990173 0.990173 0.990174 0.990174
0.972902 0.972902 0.972902 0.972902 0.972902 0.972902 0.944749 0.944749 0.944750 0.944750
1.006032 1.006032 1.006032 1.006032 1.006032 1.006032 0.974172 0.974172 0.974174 0.974174
1.000194 1.000194 1.000194 1.000194 1.000194 1.000194 0.962425 0.962425 0.962427 0.962427
0.994044 0.994044 0.994044 0.994044 0.994044 0.994044 0.946312 0.946312 0.946313 0.946313
1.010809 1.010809 1.010809 1.010809 1.010809 1.010809 0.958120 0.958120 0.958122 0.958122
1.013986 1.013986 1.013986 1.013986 1.013986 1.013986 0.957690 0.957690 0.957692 0.957692
1.014433 1.014433 1.014433 1.014433 1.014433 1.014433 0.954229 0.954229 0.954231 0.954231
1.019214 1.019214 1.019214 1.019214 1.019214 1.019214 0.956344 0.956344 0.956346 0.956346
1.023247 1.023247 1.023247 1.023247 1.023247 1.023247 0.959174 0.959174 0.959176 0.959176
1.014929 1.014929 1.014929 1.014929 1.014929 1.014929 0.946373 0.946373 0.946375 0.946375
1.008338 1.008338 1.008338 1.008338 1.008338 1.008338 0.931243 0.931243 0.931245 0.931245
1.015778 1.015778 1.015778 1.015778 1.015778 1.015778 0.930901 0.930901 0.930904 0.930904
0.910957 0.910957 0.910957 0.910957 0.910957 0.910957 0.778870 0.778870 0.778872 0.778872
1.049381 1.049381 1.049381 1.049381 1.049381 1.049381 0.892107 0.892107 0.892110 0.892110
1.058059 1.058059 1.058059 1.058059 1.058059 1.058059 0.897103 0.897103 0.897105 0.897105
1.057096 1.057096 1.057096 1.057096 1.057096 1.057096 0.893087 0.893087 0.893089 0.893089
1.064072 1.064072 1.064072 1.064072 1.064072 1.064072 0.898113 0.898113 0.898115 0.898115
1.064992 1.064992 1.064992 1.064992 1.064992 1.064992 0.898250 0.898250 0.898252 0.898252
1.052376 1.052376 1.052376 1.052376 1.052376 1.052376 0.881643 0.881643 0.881645 0.881645
1.068001 1.068001 1.068001 1.068001 1.068001 1.068001 0.894160 0.894160 0.894162 0.894162
1.066993 1.066993 1.066993 1.066993 1.066993 1.066993 0.892231 0.892231 0.892233 0.892233
1.050056 1.050056 1.050056 1.050056 1.050056 1.050056 0.869859 0.869859 0.869861 0.869861
1.070209 1.070209 1.070209 1.070209 1.070209 1.070209 0.885139 0.885139 0.885141 0.885141
1.059749 1.059749 1.059749 1.059749 1.059749 1.059749 0.870599 0.870599 0.870602 0.870602
1.055888 1.055888 1.055888 1.055888 1.055888 1.055888 0.859002 0.859002 0.859004 0.859004
1.078173 1.078173 1.078173 1.078173 1.078173 1.078173 0.876170 0.876170 0.876172 0.876172
1.078573 1.078573 1.078573 1.078573 1.078573 1.078573 0.875527 0.875527 0.875529 0.875529
1.063610 1.063610 1.063610 1.063610 1.063610 1.063610 0.856322 0.856322 0.856324 0.856324
1.040118 1.040118 1.040118 1.040118 1.040118 1.040118 0.819988 0.819988 0.819989 0.819989
1.036349 1.036349 1.036349 1.036349 1.036349 1.036349 0.795523 0.795523 0.795525 0.795525
1.077276 1.077276 1.077276 1.077276 1.077276 1.077276 0.817563 0.817563 0.817565 0.817565
1.086542 1.086542 1.086542 1.086542 1.086542 1.086542 0.817179 0.817179 0.817181 0.817181
1.106561 1.106561 1.106561 1.106561 1.106561 1.106561 0.830956 0.830956 0.830958 0.830958
1.089166 1.089166 1.089166 1.089166 1.089166 1.089166 0.810092 0.810092 0.810093 0.810093
1.111032 1.111032 1.111032 1.111032 1.111032 1.111032 0.825219 0.825219 0.825220 0.825220
1.108181 1.108181 1.108181 1.108181 1.108181 1.108181 0.820760 0.820760 0.820761 0.820761
1.080426 1.080426 1.080426 1.080426 1.080426 1.080426 0.787576 0.787576 0.787577 0.787577
1.104961 1.104961 1.104961 1.104961 1.104961 1.104961 0.799612 0.799612 0.799614 0.799614
1.118780 1.118780 1.118780 1.118780 1.118780 1.118780 0.807696 0.807696 0.807698 0.807698
1.115539 1.115539 1.115539 1.115539 1.115539 1.115539 0.802017 0.802017 0.802018 0.802018
1.123508 1.123508 1.123508 1.123508 1.123508 1.123508 0.806655 0.806655 0.806656 0.806656
1.120420 1.120420 1.120420 1.120420 1.120420 1.120420 0.802111 0.802111 0.802112 0.802112
1.125083 1.125083 1.125083 1.125083 1.125083 1.125083 0.804372 0.804372 0.804374 0.804374
1.121762 1.121762 1.121762 1.121762 1.121762 1.121762 0.799612 0.799612 0.799613 0.799613
1.127226 1.127226 1.127226 1.127226 1.127226 1.127226 0.802630 0.802630 0.802631 0.802631
1.103676 1.103676 1.103676 1.103676 1.103676 1.103676 0.776790 0.776790 0.776792 0.776792
1.116254 1.116254 1.116254 1.116254 1.116254 1.116254 0.779512 0.779512 0.779513 0.779513
1.129546 1.129546 1.129546 1.129546 1.129546 1.129546 0.786218 0.786218 0.786220 0.786220
1.135314 1.135314 1.135314 1.135314 1.135314 1.135314 0.789200 0.789200 0.789202 0.789202
1.088087 1.088087 1.088087 1.088087 1.088087 1.088087 0.739459 0.739459 0.739460 0.739460
1.135301 1.135301 1.135301 1.135301 1.135301 1.135301 0.767739 0.767739 0.767741 0.767741
1.138687 1.138687 1.138687 1.138687 1.138687 1.138687 0.766767 0.766767 0.766769 0.766769
1.149655 1.149655 1.149655 1.149655 1.149655 1.149655 0.773951 0.773951 0.773953 0.773953
1.128112 1.128112 1.128112 1.128112 1.128112 1.128112 0.752285 0.752285 0.752287 0.752287
1.145183 1.145183 1.145183 1.145183 1.145183 1.145183 0.760940 0.760940 0.760942 0.760942
1.146789 1.146789 1.146789 1.146789 1.146789 1.146789 0.759396 0.759396 0.759399 0.759399
1.142928 1.142928 1.142928 1.142928 1.142928 1.142928 0.752634 0.752634 0.752637 0.752637
1.141882 1.141882 1.141882 1.141882 1.141882 1.141882 0.746819 0.746819 0.746821 0.746821
1.155415 1.155415 1.155415 1.155415 1.155415 1.155415 0.754047 0.754047 0.754049 0.754049
1.143349 1.143349 1.143349 1.143349 1.143349 1.143349 0.740567 0.740567 0.740569 0.740569
1.162278 1.162278 1.162278 1.162278 1.162278 1.162278 0.752288 0.752288 0.752290 0.752290
1.151555 1.151555 1.151555 1.151555 1.151555 1.151555 0.741426 0.741426 0.741428 0.741428
0.987231 0.987231 0.987231 0.987231 0.987231 0.987231 0.581317 0.581317 0.581319 0.581319
1.192540 1.192540 1.192540 1.192540 1.192540 1.192540 0.701016 0.701016 0.701017 0.701017
1.107148 1.107148 1.107148 1.107148 1.107148 1.107148 0.625902 0.625902 0.625904 0.625904
1.198849 1.198849 1.198849 1.198849 1.198849 1.198849 0.674658 0.674658 0.674660 0.674660
1.189617 1.189617 1.189617 1.189617 1.189617 1.189617 0.663556 0.663556 0.663558 0.663558
1.210566 1.210566 1.210566 1.210566 1.210566 1.210566 0.674108 0.674108 0.674110 0.674110
1.197055 1.197055 1.197055 1.197055 1.197055 1.197055 0.661779 0.661779 0.661780 0.661780
1.193091 1.193091 1.193091 1.193091 1.193091 1.193091 0.653179 0.653179 0.653180 0.653180
1.199371 1.199371 1.199371 1.199371 1.199371 1.199371 0.651066 0.651066 0.651068 0.651068
1.203006 1.203006 1.203006 1.203006 1.203006 1.203006 0.647760 0.647760 0.647762 0.647762
1.224907 1.224907 1.224907 1.224907 1.224907 1.224907 0.659171 0.659171 0.659173 0.659173
1.217691 1.217691 1.217691 1.217691 1.217691 1.217691 0.653043 0.653043 0.653044 0.653044
1.223415 1.223415 1.223415 1.223415 1.223415 1.223415 0.655032 0.655032 0.655034 0.655034
1.228065 1.228065 1.228065 1.228065 1.228065 1.228065 0.657475 0.657475 0.657477 0.657477
1.216885 1.216885 1.216885 1.216885 1.216885 1.216885 0.648638 0.648638 0.648640 0.648640
1.203033 1.203033 1.203033 1.203033 1.203033 1.203033 0.634618 0.634618 0.634620 0.634620
1.148339 1.148339 1.148339 1.148339 1.148339 1.148339 0.585000 0.585000 0.585001 0.585001
1.239044 1.239044 1.239044 1.239044 1.239044 1.239044 0.630001 0.630001 0.630002 0.630002
1.244736 1.244736 1.244736 1.244736 1.244736 1.244736 0.632895 0.632895 0.632897 0.632897
1.219078 1.219078 1.219078 1.219078 1.219078 1.219078 0.613782 0.613782 0.613783 0.613783
1.245908 1.245908 1.245908 1.245908 1.245908 1.245908 0.626840 0.626840 0.626842 0.626842
1.244980 1.244980 1.244980 1.244980 1.244980 1.244980 0.625654 0.625654 0.625655 0.625655
1.244533 1.244533 1.244533 1.244533 1.244533 1.244533 0.624523 0.624523 0.624524 0.624524
1.224398 1.224398 1.224398 1.224398 1.224398 1.224398 0.608714 0.608714 0.608716 0.608716
1.227093 1.227093 1.227093 1.227093 1.227093 1.227093 0.604358 0.604358 0.604359 0.604359
1.254232 1.254232 1.254232 1.254232 1.254232 1.254232 0.617617 0.617617 0.617619 0.617619
1.250632 1.250632 1.250632 1.250632 1.250632 1.250632 0.614903 0.614903 0.614904 0.614904
1.226314 1.226314 1.226314 1.226314 1.226314 1.226314 0.596357 0.596357 0.596358 0.596358
1.251734 1.251734 1.251734 1.251734 1.251734 1.251734 0.607165 0.607165 0.607166 0.607166
1.256659 1.256659 1.256659 1.256659 1.256659 1.256659 0.608935 0.608935 0.608936 0.608936
1.235873 1.235873 1.235873 1.235873 1.235873 1.235873 0.593511 0.593511 0.593513 0.593513
1.255915 1.255915 1.255915 1.255915 1.255915 1.255915 0.601676 0.601676 0.601678 0.601678
