0.964099 0.958389 0.961001 0.965329 0.971302 0.958884 0.970662 0.967978 0.967978 0.967978
0.962911 0.954877 0.960340 0.957376 0.965483 0.853585 0.966402 0.960604 0.960604 0.960604
0.994906 0.983158 0.990182 0.989292 0.997464 0.881924 0.996642 0.995863 0.995863 0.995863
0.978593 0.953860 0.939874 0.972334 0.964264 0.867654 0.979390 0.963878 0.963878 0.963878
0.998838 0.971505 0.959318 0.993480 0.985235 0.885604 0.990020 0.957375 0.957375 0.957375
1.009304 0.971235 0.964171 1.004696 0.991376 0.894012 0.997220 0.971804 0.971804 0.971804
0.972580 0.951626 0.939524 0.986063 0.971674 0.875577 0.974583 0.937076 0.937076 0.937076
0.912406 0.909246 0.860902 0.934012 0.649507 0.834316 0.917988 0.903191 0.903191 0.903191
1.022551 1.014980 0.958733 1.043578 0.728827 0.933114 1.026369 1.009764 1.009764 1.009764
0.995815 0.976156 0.926970 1.002585 0.709356 0.904066 0.987109 0.990000 0.989999 0.989999
1.018367 0.996812 0.945568 1.014509 0.715539 0.919882 0.974944 1.009041 1.009040 1.009040
1.033917 1.007929 0.962250 1.029912 0.726843 0.935208 0.988888 1.026796 1.026796 1.026796
1.039957 1.013123 0.958628 1.030502 0.732502 0.910474 0.996815 1.035108 1.035108 1.035108
0.976792 0.913209 0.900768 0.973919 0.652194 0.873514 0.908081 0.976514 0.976514 0.976514
1.001674 0.939612 0.926811 0.998728 0.671050 0.898769 0.934335 0.988746 0.988746 0.988746
1.027785 0.961072 0.954397 1.025458 0.687405 0.924747 0.962363 0.998006 0.998005 0.998005
1.025937 0.945604 0.929801 1.001156 0.677653 0.901690 0.862004 0.983821 0.983820 0.983820
1.090790 1.005379 0.969653 1.054936 0.713776 0.958689 0.907954 1.043663 1.043663 1.043663
1.077410 0.990706 0.870554 1.043497 0.703128 0.944529 0.896573 1.031058 1.031058 1.031058
1.101330 1.012701 0.888594 1.065121 0.718739 0.965499 0.916479 1.035885 1.035886 1.035886
1.090163 0.976480 0.861698 1.064452 0.718550 0.964500 0.915764 1.032688 1.032688 1.032688
1.107191 0.992378 0.871505 1.076928 0.726592 0.975847 0.925226 1.051708 1.051708 1.051708
1.103110 0.980650 0.860268 1.070011 0.712903 0.968740 0.911754 1.036581 1.036581 1.036581
1.110759 0.988416 0.859300 1.075372 0.718516 0.974657 0.919111 1.036430 1.036431 1.036431
0.916972 0.917202 0.786535 0.984310 0.666747 0.892124 0.847335 0.948112 0.948112 0.948112
0.981907 0.989247 0.851933 1.066371 0.698032 0.964141 0.918393 1.032450 1.032450 1.032450
1.005314 1.011124 0.870265 1.068937 0.714130 0.985705 0.934012 1.053035 1.053035 1.053035
1.013501 1.010674 0.874644 1.077313 0.719376 0.995429 0.937630 1.062908 1.062909 1.062909
0.995297 0.993465 0.862251 1.062423 0.706543 0.974836 0.902868 1.048891 1.048891 1.048891
1.010347 1.012816 0.872591 1.078488 0.720305 0.990891 0.920454 1.059304 1.059305 1.059305
1.009251 0.961860 0.870160 1.070967 0.716960 0.988194 0.911053 1.060839 1.060839 1.060839
0.955204 0.919130 0.826469 1.014967 0.685109 0.935274 0.863396 0.997213 0.997214 0.997214
0.996919 0.941730 0.857250 1.057851 0.714011 0.978090 0.904761 1.054631 1.054632 1.054632
0.962429 0.917409 0.800885 1.021344 0.697023 0.954160 0.867610 1.033015 1.033015 1.033015
1.019222 0.971546 0.828564 1.081615 0.738155 1.010465 0.881677 1.093200 1.093200 1.093200
0.969607 0.917438 0.785458 1.036427 0.706187 0.981631 0.822532 1.049011 1.049010 1.049010
1.008981 0.950858 0.817798 1.069269 0.730628 1.015597 0.855920 1.077345 1.077345 1.077345
1.023305 0.969777 0.832291 1.088795 0.743624 1.030806 0.871216 1.098284 1.098284 1.098284
1.031155 0.977216 0.838676 1.097147 0.749329 1.038713 0.877900 1.095844 1.095844 1.095844
1.021508 0.969359 0.832164 1.089346 0.745001 1.031922 0.870782 1.088380 1.088380 1.088380
0.983606 0.939493 0.805594 1.031176 0.724996 0.939015 0.816688 1.061155 1.061155 1.061155
1.013614 0.965579 0.807195 1.066820 0.746890 0.965420 0.841943 1.091322 1.091321 1.091321
1.003701 0.975129 0.817402 1.080461 0.753186 0.976283 0.851942 1.107409 1.107408 1.107408
0.967664 0.927161 0.791463 1.042978 0.706897 0.933557 0.806123 1.054568 1.054567 1.054567
0.977870 0.945203 0.799926 1.016241 0.716199 0.930296 0.803549 1.075180 1.075179 1.075179
0.947423 0.922308 0.802068 0.998915 0.702097 0.919880 0.802136 1.061728 1.061727 1.061727
1.008775 0.982034 0.854007 1.063602 0.747562 0.979449 0.854080 1.111190 1.111189 1.111189
1.005443 0.976201 0.852209 1.060433 0.744382 0.977539 0.846058 1.098355 1.098354 1.098354
1.022303 0.992571 0.866499 1.078216 0.737367 0.993931 0.860245 1.111400 1.111399 1.111399
0.998294 0.972631 0.845811 1.044792 0.721663 0.941265 0.836250 1.069647 1.069646 1.069646
1.001587 0.981457 0.852164 1.052039 0.729396 0.954534 0.833437 1.079290 1.079289 1.079289
0.987948 0.974643 0.814696 1.021837 0.720063 0.940492 0.813600 1.057050 1.057049 1.057049
1.028599 1.012156 0.847123 1.061399 0.749295 0.978872 0.847187 1.102268 1.102268 1.102268
1.010945 0.994784 0.832583 0.957522 0.736435 0.962072 0.832647 1.048772 1.048771 1.048771
0.986087 1.011925 0.834108 0.978140 0.744780 0.982428 0.854004 1.065141 1.065140 1.065140
0.932060 0.941295 0.769280 0.951894 0.702095 0.940336 0.806510 1.031087 1.031087 1.031087
1.003432 1.004639 0.824972 1.022343 0.745842 1.006354 0.866486 1.110982 1.110981 1.110981
1.000821 1.001456 0.820464 1.018718 0.741660 1.003258 0.862099 1.104972 1.104972 1.104972
1.004528 1.007701 0.822727 1.004959 0.743779 1.006453 0.863420 1.105922 1.105921 1.105921
0.981986 1.000465 0.814961 0.995849 0.741684 0.999977 0.859158 1.104348 1.104347 1.104347
0.941349 0.958642 0.768884 0.923719 0.682740 0.764719 0.785526 1.036475 1.036475 1.036475
1.030716 1.054905 0.846078 1.017161 0.743112 0.838003 0.853707 1.136451 1.136450 1.136450
1.009673 1.033178 0.800330 1.003285 0.725435 0.826902 0.770554 1.113344 1.113344 1.113344
1.011694 1.037707 0.807491 1.011576 0.733291 0.747330 0.764091 1.116596 1.116596 1.116596
1.041004 1.070186 0.817494 1.042100 0.741322 0.768679 0.786290 1.150440 1.150440 1.150440
0.986031 1.074369 0.821992 1.045717 0.740407 0.768419 0.791653 1.154951 1.154951 1.154951
0.992470 1.089550 0.827360 1.052546 0.745242 0.779276 0.802839 1.166978 1.166978 1.166978
0.939537 1.045914 0.789075 0.988995 0.712672 0.750531 0.774310 1.127390 1.127390 1.127390
0.979560 1.088880 0.819270 1.022602 0.740190 0.757026 0.793542 1.174101 1.174102 1.174102
0.954336 1.059143 0.794058 0.998493 0.720955 0.740625 0.765277 1.135781 1.135781 1.135781
0.897512 1.001219 0.786515 0.972200 0.635895 0.734837 0.738445 1.118510 1.118510 1.118510
0.960477 1.059351 0.841694 1.026173 0.680507 0.786390 0.790251 1.180864 1.180865 1.180865
0.938169 1.058904 0.832842 1.013632 0.678151 0.785140 0.772960 1.167065 1.167065 1.167065
0.897581 1.026709 0.781478 0.979076 0.648980 0.733740 0.752944 1.147225 1.147225 1.147225
0.948174 1.086473 0.806233 1.037181 0.687495 0.768496 0.791330 1.204680 1.204680 1.204680
0.931650 1.061236 0.779708 1.014664 0.654534 0.742294 0.778053 1.186173 1.186173 1.186173
0.933361 1.064284 0.778120 1.019341 0.650447 0.742689 0.738355 1.191482 1.191482 1.191482
0.955065 1.085459 0.791370 1.029946 0.663772 0.754935 0.753439 1.221775 1.221776 1.221776
0.968684 1.100949 0.784811 1.026481 0.672186 0.766117 0.748106 1.237204 1.237205 1.237205
0.857987 1.044300 0.701572 0.909179 0.597137 0.680580 0.709612 1.166792 1.166793 1.166793
0.906006 1.100389 0.741871 0.963907 0.595147 0.704274 0.721305 1.237967 1.237968 1.237968
0.898231 1.094933 0.729324 0.954194 0.574808 0.700367 0.715199 1.223532 1.223534 1.223534
0.921781 1.124487 0.701338 0.970343 0.588327 0.713797 0.708849 1.243210 1.243211 1.243211
0.942247 1.137839 0.717182 0.994711 0.598014 0.726069 0.721372 1.262488 1.262489 1.262489
0.939987 1.140250 0.720180 0.952611 0.600240 0.732642 0.726779 1.276349 1.276350 1.276350
0.945236 1.127415 0.724402 0.950002 0.602333 0.732847 0.721176 1.285482 1.285483 1.285483
0.954976 1.139272 0.731947 0.947365 0.609133 0.732918 0.730125 1.293719 1.293720 1.293720
0.942389 1.123584 0.725705 0.940734 0.597419 0.708025 0.713638 1.260955 1.260955 1.260955
0.935438 1.113974 0.710254 0.932509 0.591632 0.696636 0.691309 1.257835 1.257836 1.257836
0.959198 1.147667 0.725010 0.962737 0.610728 0.717305 0.705286 1.291118 1.291119 1.291119
0.971288 1.159886 0.731368 0.973450 0.616269 0.713754 0.712688 1.308506 1.308507 1.308507
0.974649 1.164611 0.734624 0.973825 0.613053 0.714804 0.715253 1.312758 1.312758 1.312758
0.964541 1.162538 0.731196 0.965771 0.611051 0.712087 0.712966 1.312114 1.312114 1.312114
0.841126 1.070274 0.683234 0.891358 0.552410 0.660916 0.650434 1.211551 1.211551 1.211551
0.902328 1.143208 0.728675 0.945500 0.585400 0.692447 0.697538 1.262580 1.262580 1.262580
0.877619 1.111903 0.609072 0.919609 0.569370 0.597000 0.678436 1.188472 1.188473 1.188473
0.956905 1.210025 0.665245 1.004489 0.621629 0.649667 0.738744 1.294037 1.294037 1.294037
0.974874 1.232748 0.677737 1.023352 0.633302 0.661867 0.752616 1.300216 1.300216 1.300216
0.875855 1.142322 0.635527 0.950816 0.590946 0.608382 0.664411 1.233079 1.233079 1.233079
0.912985 1.198303 0.659696 0.995208 0.616535 0.632861 0.696664 1.301509 1.301510 1.301510
