0.922188 0.937929 0.934860 0.948293 0.948293 0.941183 0.925231 0.950978 0.950978 0.950978
0.963282 0.975122 0.962569 0.984869 0.988253 0.979933 0.963611 0.992084 0.992084 0.992084
0.941809 0.950791 0.941112 0.963929 0.910065 0.841204 0.890741 0.966349 0.966349 0.966349
0.974726 0.990915 0.977902 1.005539 0.946091 0.870480 0.926583 1.005235 1.005235 1.005235
0.982982 0.999582 0.984658 1.008461 0.954366 0.881493 0.938307 1.013394 1.013394 1.013394
0.991555 1.008300 0.993246 1.017257 0.962689 0.889181 0.946490 1.004787 1.004787 1.004787
0.981272 0.995020 0.985458 1.003002 0.952258 0.873068 0.938922 0.990425 0.990424 0.990424
0.985639 1.004194 0.996038 1.015008 0.962659 0.882186 0.950063 1.001509 1.001509 1.001509
0.963225 1.000683 0.985882 1.011749 0.957943 0.877644 0.945120 0.998289 0.998289 0.998289
0.964696 1.002647 0.992098 1.015299 0.958522 0.883991 0.945929 0.998029 0.998029 0.998029
0.919965 0.909039 0.944040 0.948431 0.907228 0.808038 0.913060 0.958785 0.958784 0.958784
0.941103 0.958511 0.964619 0.997132 0.938995 0.836566 0.964443 1.009234 1.009233 1.009233
0.960217 0.972301 0.982882 0.927731 0.955324 0.851052 0.982703 1.027383 1.027383 1.027383
0.972695 0.984266 0.995924 0.941143 0.969950 0.863019 0.997075 1.042850 1.042849 1.042849
0.967504 0.970655 0.985774 0.935866 0.961097 0.851964 0.991284 1.036089 1.036088 1.036088
0.969261 0.970820 0.988875 0.939875 0.965213 0.847859 0.988386 1.039186 1.039185 1.039185
0.972907 0.973081 0.991520 0.942821 0.970955 0.849852 0.989700 1.042161 1.042160 1.042160
0.988772 0.988612 1.007748 0.958253 0.986788 0.863416 1.005496 1.056650 1.056648 1.056648
0.923530 0.944857 0.964469 0.913793 0.921325 0.818582 0.949657 1.008411 1.008410 1.008410
0.968344 0.990706 1.011269 0.958134 0.966031 0.858303 0.995739 1.045746 1.045744 1.045744
0.948717 0.979002 0.999837 0.946576 0.957855 0.843258 0.985774 1.040145 1.040144 1.040144
0.950385 0.968493 0.979860 0.945334 0.959539 0.844741 0.987507 1.020596 1.020594 1.020594
0.966067 0.980243 0.994124 0.954441 0.954441 0.856511 1.000450 1.036030 1.036028 1.036028
0.953508 0.967896 0.986464 0.943641 0.941854 0.842503 0.993698 1.033790 1.033788 1.033788
0.954274 0.961040 0.987865 0.940496 0.940711 0.840719 0.991784 1.035538 1.035535 1.035535
0.918623 0.939571 0.943504 0.910031 0.916395 0.821818 0.962191 1.011343 1.011341 1.011341
0.950934 0.969945 0.970911 0.938191 0.945821 0.849374 0.979730 1.045508 1.045505 1.045505
0.913072 0.937697 0.941293 0.909237 0.920646 0.823823 0.949495 0.956136 0.956133 0.956133
0.895696 0.951816 0.952540 0.925976 0.927152 0.826284 0.970812 0.971790 0.971787 0.971787
0.936185 0.995243 0.995999 0.966394 0.968620 0.829529 1.012375 1.017903 1.017901 1.017901
0.944414 1.005321 1.004731 0.977951 0.972871 0.838308 1.020545 1.027082 1.027079 1.027079
0.934896 1.000602 1.001163 0.967726 0.966719 0.831692 1.008296 1.023795 1.023792 1.023792
0.927326 0.992433 0.999044 0.942443 0.955001 0.827931 0.994412 1.015571 1.015569 1.015569
0.951867 1.018696 1.025483 0.967384 0.980274 0.849841 0.985089 1.040461 1.040458 1.040458
0.946277 1.010180 1.016984 0.959921 0.972259 0.843329 0.980074 1.034476 1.034473 1.034473
0.945859 1.008928 1.018828 0.961086 0.972328 0.844625 0.982630 1.038279 1.038276 1.038276
0.934788 0.991539 1.006435 0.945150 0.957389 0.828976 0.973714 1.022217 1.022214 1.022214
0.935564 0.992850 1.007271 0.933804 0.958184 0.829664 0.974523 0.995121 0.995118 0.995118
0.944625 1.004560 1.018878 0.940317 0.969112 0.841429 0.975286 0.998790 0.998787 0.998787
0.956012 1.019526 1.030632 0.951143 0.981648 0.849675 0.983316 1.009945 1.009942 1.009942
0.956014 1.015413 1.034322 0.949191 0.974344 0.849873 0.987148 1.010989 1.010987 1.010987
0.901909 0.976231 0.990918 0.901549 0.912899 0.805079 0.921972 0.963772 0.963770 0.963770
0.953899 1.026012 1.045570 0.952341 0.958372 0.848302 0.972519 1.020208 1.020205 1.020205
0.955952 1.026500 1.048286 0.951961 0.958565 0.848240 0.972702 1.023114 1.023111 1.023111
0.954098 1.022943 1.041116 0.945674 0.955641 0.836973 0.969812 1.016585 1.016583 1.016583
0.947823 1.022324 1.044133 0.943474 0.954033 0.835009 0.971207 1.005337 1.005335 1.005335
0.934985 0.925539 1.022201 0.930694 0.941110 0.817469 0.884311 0.984543 0.984540 0.984540
0.879357 0.931694 1.015857 0.932293 0.885118 0.818874 0.893734 0.977173 0.977171 0.977171
0.885053 0.955410 1.037448 0.956025 0.910846 0.842676 0.916484 0.992263 0.992260 0.992260
0.900638 0.975275 1.061266 0.978702 0.924999 0.862018 0.936459 1.004324 1.004321 1.004321
0.887293 0.958869 1.051103 0.966868 0.911168 0.846564 0.914657 0.990727 0.990725 0.990725
0.920547 0.994806 1.079735 1.003105 0.945317 0.878291 0.948936 1.011382 1.011379 1.011379
0.909955 0.976658 1.066949 0.988925 0.931514 0.861653 0.934423 0.989445 0.989442 0.989442
0.924309 0.991221 1.089197 1.005638 0.948981 0.873822 0.952168 1.007597 1.007595 1.007595
0.846885 0.978834 1.080830 0.994318 0.940808 0.861344 0.943815 0.997721 0.997719 0.997719
0.863735 0.996739 1.086625 1.014460 0.960323 0.881711 0.963608 1.020741 1.020739 1.020739
0.843082 0.988959 1.078379 0.993616 0.949322 0.873729 0.938306 1.013681 1.013679 1.013679
0.839128 0.986943 1.069026 0.948697 0.944727 0.864292 0.929340 1.002256 1.002254 1.002254
0.855631 1.006831 1.092940 0.948942 0.966949 0.870286 0.949482 1.026995 1.026993 1.026993
0.836146 0.960059 1.055529 0.927332 0.944929 0.840495 0.927859 0.958562 0.958560 0.958560
0.796788 0.962831 1.009373 0.936009 0.940894 0.841110 0.926328 0.963553 0.963551 0.963551
0.810329 0.993311 1.039759 0.969196 0.976445 0.876046 0.934535 0.991981 0.991980 0.991980
0.731381 0.896536 0.938458 0.874770 0.814418 0.674164 0.841300 0.887396 0.887395 0.887395
0.820605 1.011737 1.060032 0.988671 0.891282 0.729026 0.950287 1.008485 1.008484 1.008484
0.786402 0.969568 1.001639 0.947463 0.849464 0.690840 0.903319 0.954091 0.954089 0.954089
0.844346 1.046294 1.076803 1.014393 0.910338 0.741045 0.975388 1.020582 1.020581 1.020581
0.802256 1.023284 1.045622 0.965836 0.863474 0.698859 0.851017 0.997586 0.997585 0.997585
0.836015 1.070752 1.069367 0.986425 0.896412 0.713757 0.882483 1.045009 1.045008 1.045008
0.806316 1.075115 1.053204 0.988007 0.857193 0.696751 0.886286 1.043982 1.043981 1.043981
0.808258 1.077952 1.069887 0.991589 0.856662 0.700183 0.891187 1.060425 1.060423 1.060423
0.788204 1.067899 1.054491 0.983361 0.848609 0.688352 0.878726 1.057150 1.057149 1.057149
0.798208 1.081373 1.060632 0.994770 0.858990 0.696773 0.886748 1.046079 1.046077 1.046077
0.805842 1.100067 1.076039 1.012198 0.876863 0.712652 0.904279 1.068847 1.068845 1.068845
0.805144 1.105570 1.072797 1.017507 0.884846 0.713528 0.908786 1.078062 1.078060 1.078060
0.812390 1.111565 1.081374 1.018738 0.889865 0.713886 0.914386 1.085254 1.085252 1.085252
0.815180 1.114298 1.085130 1.021071 0.889231 0.712818 0.913852 1.090551 1.090550 1.090550
0.812167 1.108620 1.077713 1.015014 0.881679 0.709338 0.908562 1.085861 1.085860 1.085860
0.820619 1.118054 1.089603 1.027496 0.892524 0.718570 0.918554 1.093885 1.093883 1.093883
0.791767 1.092663 1.051316 0.991016 0.871139 0.674161 0.802213 1.062869 1.062868 1.062868
0.761460 0.777451 1.013947 0.955790 0.831995 0.479679 0.771506 1.025089 1.025088 1.025088
0.833574 0.826522 1.109099 1.046811 0.915797 0.521524 0.814580 1.119218 1.119217 1.119217
0.857337 0.843097 1.126376 0.978957 0.926627 0.531983 0.834816 1.147006 1.147004 1.147004
0.818667 0.832921 1.115155 0.934802 0.878353 0.525094 0.826485 1.144128 1.144126 1.144126
0.855560 0.869977 1.161235 0.980928 0.922723 0.552097 0.867547 1.205454 1.205453 1.205453
0.841626 0.856792 1.136705 0.960207 0.903231 0.540434 0.850342 1.180368 1.180366 1.180366
0.839626 0.794837 1.106520 0.953248 0.901084 0.524864 0.844180 1.162493 1.162491 1.162491
0.821472 0.783358 1.079341 0.947175 0.886576 0.525431 0.824564 1.133973 1.133971 1.133971
0.858451 0.808762 1.123036 0.985656 0.922812 0.545336 0.817858 1.178240 1.178238 1.178238
0.853975 0.791955 1.112349 0.962521 0.906525 0.536209 0.815334 1.174797 1.174796 1.174796
0.880115 0.816081 1.142935 0.992369 0.935457 0.551977 0.834858 1.211232 1.211231 1.211231
0.854339 0.809218 1.127708 0.983423 0.928250 0.542284 0.828354 1.191072 1.191071 1.191071
0.884108 0.837415 1.167003 1.017690 0.960595 0.561180 0.857217 1.229473 1.229470 1.229470
0.863330 0.817734 1.139576 0.967785 0.938019 0.521326 0.815182 1.179155 1.179152 1.179152
0.879734 0.833333 1.164239 0.987398 0.960927 0.533878 0.833705 1.210731 1.210729 1.210729
0.831105 0.791388 1.091028 0.944806 0.921583 0.508848 0.791605 1.141405 1.141403 1.141403
0.859958 0.811015 1.128906 0.976844 0.944861 0.521701 0.809807 1.168996 1.168994 1.168994
0.878016 0.808454 1.151607 0.993492 0.963707 0.524981 0.823070 1.173374 1.173372 1.173372
0.862375 0.798282 1.115427 0.987797 0.960099 0.523270 0.822193 1.173472 1.173470 1.173470
0.775165 0.795001 1.110230 0.989412 0.963707 0.520869 0.823088 1.175397 1.175394 1.175394
0.797640 0.813684 1.124302 1.012283 0.989969 0.537059 0.844669 1.210726 1.210724 1.210724
