0.964233 0.961885 0.964760 0.957469 0.959640 0.859406 0.961186 0.958069 0.958069 0.958069
0.925282 0.929616 0.958099 0.932151 0.931753 0.841663 0.950325 0.937040 0.937040 0.937040
0.950376 0.957097 0.990904 0.963413 0.965453 0.779739 0.965978 0.963335 0.963335 0.963335
0.978777 0.983586 1.020517 0.993235 0.995338 0.803041 0.985260 0.965456 0.965457 0.965457
0.985859 0.987452 1.021647 0.987858 0.999828 0.803503 0.989650 0.974505 0.974506 0.974506
1.000816 1.002444 1.014090 0.985420 1.013413 0.816138 0.983528 0.987699 0.987700 0.987700
0.968410 0.992631 0.994024 0.964256 1.000440 0.807205 0.952993 0.967010 0.967011 0.967011
0.990405 1.006891 1.007206 0.983448 1.007600 0.822559 0.964000 0.978355 0.978356 0.978356
0.997393 1.019070 1.019371 0.996016 1.008676 0.829040 0.963584 0.986627 0.986628 0.986628
0.993230 1.003348 1.015116 0.978290 1.004466 0.825579 0.959562 0.969281 0.969282 0.969282
1.014816 1.025155 1.037179 0.999552 1.026297 0.843522 0.980417 0.976734 0.976736 0.976736
1.006377 0.966531 1.026802 0.985396 1.014136 0.835136 0.963378 0.971068 0.971069 0.971069
1.020058 0.980307 1.036417 0.994957 1.023441 0.843276 0.971391 0.986981 0.986982 0.986982
1.015388 0.977522 1.007560 0.993195 1.021629 0.832264 0.962013 0.976617 0.976618 0.976618
0.891607 0.906182 0.947998 0.923026 0.929990 0.777813 0.883725 0.908020 0.908022 0.908022
0.920086 0.948249 0.985574 0.945421 0.969458 0.816603 0.929099 0.956237 0.956238 0.956238
0.902789 0.892897 0.967437 0.933405 0.901712 0.818434 0.884184 0.942386 0.942388 0.942388
0.972342 0.961688 1.040464 1.003862 0.971182 0.881489 0.952304 0.997595 0.997597 0.997597
0.972927 0.961720 1.038102 1.003516 0.968839 0.881599 0.950526 0.995386 0.995388 0.995388
0.962787 0.938728 0.991344 0.992305 0.942281 0.872603 0.939747 0.969268 0.969270 0.969270
0.995896 0.971010 1.001760 1.026428 0.974684 0.902610 0.932780 1.001891 1.001892 1.001892
0.920786 0.883521 0.903736 0.977085 0.898769 0.845081 0.861677 0.948691 0.948693 0.948693
0.983356 0.950684 0.965148 1.043481 0.959843 0.909322 0.927180 1.017066 1.017068 1.017068
0.933528 0.902114 0.901756 0.958522 0.875000 0.688653 0.839504 0.945308 0.945310 0.945310
1.022819 0.985788 0.989195 1.050546 0.957778 0.755547 0.914182 1.027156 1.027158 1.027158
0.979087 0.936683 0.943571 1.012924 0.922004 0.738557 0.858166 0.991772 0.991774 0.991774
1.010251 0.956730 0.973973 1.048140 0.946010 0.758330 0.881551 1.016636 1.016638 1.016638
0.912322 0.925268 0.887717 0.946538 0.856841 0.686851 0.852561 0.977548 0.977550 0.977550
0.984382 0.995997 0.870622 1.022772 0.922037 0.739223 0.919651 1.054960 1.054963 1.054963
1.006724 1.009822 0.886925 1.043493 0.930468 0.751530 0.938594 1.079817 1.079819 1.079819
0.994259 1.002034 0.871994 1.037625 0.925111 0.745317 0.922289 1.067551 1.067553 1.067553
1.006158 1.010483 0.880590 1.050154 0.936088 0.754216 0.931577 1.083963 1.083965 1.083965
0.939742 0.956467 0.806636 0.990237 0.874525 0.688083 0.885880 1.040203 1.040205 1.040205
0.971670 0.983122 0.820907 1.019417 0.876152 0.699391 0.916583 1.077803 1.077805 1.077805
0.993011 1.013437 0.843775 1.044019 0.901826 0.719498 0.943505 1.112472 1.112475 1.112475
0.956177 0.962395 0.815990 1.006556 0.845357 0.687160 0.891659 1.058082 1.058084 1.058084
0.987494 0.997373 0.842379 1.031525 0.875000 0.688227 0.916707 1.076978 1.076981 1.076981
0.993070 0.998689 0.842198 1.025727 0.869243 0.675949 0.921588 1.052123 1.052125 1.052125
0.992166 0.996596 0.829637 1.023381 0.866431 0.669407 0.898567 1.056356 1.056358 1.056358
1.029450 1.036656 0.860002 1.043631 0.898233 0.694203 0.930316 1.092945 1.092948 1.092948
0.937162 0.948593 0.824566 0.983622 0.766897 0.666730 0.868961 1.041873 1.041875 1.041875
0.977237 0.974989 0.839176 1.003181 0.789765 0.679127 0.813088 1.072913 1.072915 1.072915
1.033245 1.022088 0.884534 1.060353 0.834369 0.719276 0.856047 1.135793 1.135795 1.135795
1.014535 0.997636 0.865726 1.042481 0.825381 0.702431 0.846268 1.119713 1.119715 1.119715
1.007505 1.010404 0.879197 1.058850 0.834735 0.712380 0.858784 1.139490 1.139492 1.139492
1.011312 1.019921 0.885586 1.067109 0.840855 0.715619 0.865152 1.149703 1.149705 1.149705
0.981433 0.996068 0.855826 1.039850 0.816725 0.693041 0.844547 1.129762 1.129764 1.129764
1.008528 1.023567 0.862617 1.059014 0.831452 0.712173 0.859775 1.158345 1.158347 1.158347
0.942791 0.966077 0.809238 0.991307 0.784753 0.665753 0.804789 1.075492 1.075494 1.075494
0.960615 0.987642 0.827302 1.010049 0.802270 0.680614 0.822754 1.081989 1.081991 1.081991
0.966967 1.010882 0.842125 1.035551 0.821414 0.696323 0.839956 1.089878 1.089881 1.089881
0.986755 1.004863 0.841884 1.066897 0.846587 0.717109 0.865250 1.120107 1.120109 1.120109
0.993260 1.000720 0.842889 1.074792 0.848588 0.721134 0.868192 1.132616 1.132618 1.132618
0.937735 1.001350 0.844758 1.075000 0.844772 0.718534 0.871258 1.133343 1.133345 1.133345
0.948521 1.014213 0.855848 1.089830 0.857578 0.728866 0.882391 1.149324 1.149326 1.149326
0.926397 0.990373 0.807167 1.071770 0.834691 0.717074 0.794078 1.122612 1.122613 1.122613
0.949684 1.011190 0.827908 1.089294 0.850741 0.730858 0.814027 1.135794 1.135795 1.135795
0.957334 1.015202 0.836527 1.097974 0.858040 0.737754 0.819802 1.147566 1.147568 1.147568
0.925480 0.987838 0.813039 1.043478 0.838321 0.674003 0.771934 1.123312 1.123314 1.123314
0.870360 0.958182 0.798053 1.014851 0.818832 0.648507 0.713330 1.115125 1.115127 1.115127
0.922055 1.012392 0.822053 1.079362 0.867206 0.685433 0.756003 1.178973 1.178974 1.178974
0.914369 1.009732 0.818624 1.074245 0.866334 0.687035 0.744722 1.175806 1.175808 1.175808
0.925421 1.022152 0.828609 1.073154 0.877661 0.688314 0.755293 1.185429 1.185430 1.185430
0.926055 1.020887 0.830611 1.075818 0.879425 0.687445 0.754806 1.184589 1.184591 1.184591
0.765066 0.948044 0.760847 0.985458 0.816676 0.629705 0.696384 1.084460 1.084461 1.084461
0.819312 1.022597 0.824177 1.067704 0.855067 0.680595 0.754845 1.181025 1.181026 1.181026
0.790818 1.029351 0.817061 1.079300 0.855723 0.687736 0.766119 1.186927 1.186928 1.186928
0.765063 1.004875 0.764944 1.044244 0.837120 0.672320 0.736206 1.165044 1.165045 1.165045
0.806507 1.057261 0.803327 1.099206 0.879389 0.696453 0.774470 1.229203 1.229203 1.229203
0.804606 1.050598 0.796370 1.093277 0.878415 0.693385 0.770814 1.223326 1.223326 1.223326
0.772870 1.012847 0.758531 1.048572 0.821986 0.668074 0.740498 1.171426 1.171426 1.171426
0.810115 1.062696 0.788722 1.097002 0.862401 0.699694 0.777058 1.219244 1.219245 1.219245
0.813494 1.065332 0.790216 1.078517 0.865341 0.701603 0.775093 1.219665 1.219666 1.219666
0.786818 1.039484 0.764413 1.005801 0.839128 0.669168 0.739484 1.190174 1.190175 1.190175
0.821719 1.082821 0.797290 1.047964 0.875887 0.698623 0.772385 1.244914 1.244916 1.244916
0.802651 1.062484 0.783924 0.982678 0.860811 0.690245 0.761945 1.232332 1.232333 1.232333
0.816797 1.080470 0.790123 0.994759 0.877676 0.679862 0.777050 1.256862 1.256863 1.256863
0.812689 1.077467 0.773478 0.990912 0.857969 0.676176 0.773202 1.252167 1.252168 1.252168
0.792303 1.048757 0.750186 0.968211 0.836244 0.661979 0.746170 1.212125 1.212127 1.212127
0.833848 1.103749 0.789523 1.018981 0.880093 0.696691 0.785297 1.263161 1.263162 1.263162
0.836265 1.106948 0.791811 1.021934 0.859907 0.698710 0.787573 1.260726 1.260728 1.260728
0.803055 1.049776 0.754914 0.968114 0.825275 0.667529 0.746896 1.218831 1.218833 1.218833
0.809384 1.074566 0.770983 0.989095 0.848476 0.683806 0.766262 1.254849 1.254851 1.254851
0.820484 1.089968 0.782327 0.999585 0.852673 0.691809 0.776877 1.271789 1.271790 1.271790
0.800893 1.060596 0.766399 0.976381 0.830938 0.677157 0.761232 1.221214 1.221216 1.221216
0.822359 1.093696 0.784514 1.002550 0.856871 0.696231 0.784990 1.247531 1.247532 1.247532
0.813688 1.080592 0.774281 0.981549 0.836287 0.685419 0.750153 1.230257 1.230259 1.230259
0.812375 1.078204 0.776677 0.986104 0.829819 0.669901 0.741808 1.213156 1.213157 1.213157
0.810670 1.073641 0.776129 0.987974 0.781575 0.655103 0.712569 1.216380 1.216381 1.216381
0.757006 1.021096 0.707900 0.931506 0.520028 0.621353 0.668094 1.166988 1.166989 1.166989
0.835533 1.128090 0.784351 1.032469 0.574044 0.683905 0.723047 1.294305 1.294306 1.294306
0.799451 1.079374 0.644958 0.987882 0.549254 0.580056 0.691822 1.198542 1.198544 1.198544
0.867266 1.170934 0.699668 0.983681 0.595846 0.629261 0.750507 1.258712 1.258713 1.258713
0.887732 1.178493 0.716377 0.998561 0.608634 0.640712 0.758062 1.290428 1.290430 1.290430
0.881031 1.148212 0.706591 0.989675 0.603180 0.637160 0.755395 1.297753 1.297754 1.297754
0.877956 1.145067 0.659806 0.977288 0.599493 0.630579 0.727014 1.280450 1.280451 1.280451
0.882469 1.158741 0.642791 0.967283 0.603078 0.633118 0.723207 1.277913 1.277914 1.277914
0.913551 1.197808 0.662667 0.993076 0.621933 0.634078 0.735925 1.321445 1.321446 1.321446
0.895683 1.175595 0.647194 0.976348 0.604851 0.620868 0.683462 1.299013 1.299015 1.299015
0.932570 1.224009 0.673848 1.016557 0.629761 0.646437 0.711608 1.329429 1.329430 1.329430
