0.943969 0.972987 0.942882 0.970149 0.955077 0.955346 0.974697 0.971320 0.971320 0.971320
0.966415 0.991841 0.963457 0.986508 0.956804 0.975592 0.994541 0.993069 0.993069 0.993069
0.967970 0.988770 0.951223 0.982429 0.956121 0.973991 0.993204 0.993395 0.993394 0.993394
0.957259 0.969793 0.928872 0.883399 0.930206 0.955297 0.978714 0.978888 0.978888 0.978888
0.987521 0.997948 0.955909 0.909638 0.957389 0.983723 1.010448 1.009957 1.009956 1.009956
0.987213 0.996068 0.941992 0.909675 0.957885 0.987032 1.011197 1.012786 1.012785 1.012785
0.973040 0.982171 0.933449 0.898146 0.943954 0.969555 1.002993 1.009208 1.009207 1.009207
0.935836 0.959356 0.890720 0.868261 0.918717 0.946895 0.972180 0.984731 0.984730 0.984730
0.961989 0.988228 0.917280 0.890130 0.946002 0.977691 0.990539 1.006238 1.006237 1.006237
0.858906 0.882333 0.818988 0.794747 0.780521 0.744276 0.882105 0.890447 0.890446 0.890446
0.979349 0.935536 0.911201 0.901770 0.889972 0.826158 1.000891 1.002319 1.002318 1.002318
0.963409 0.874959 0.894423 0.868961 0.868928 0.779003 0.996599 0.993291 0.993290 0.993290
1.018425 0.925326 0.950011 0.920402 0.917702 0.828180 1.052804 1.048141 1.048139 1.048139
1.011681 0.912934 0.943400 0.911875 0.908771 0.816505 1.041824 1.030473 1.030471 1.030471
1.028553 0.920235 0.954452 0.926830 0.920406 0.823886 1.058697 1.046450 1.046449 1.046449
1.005068 0.885152 0.928626 0.889046 0.888148 0.795748 1.036735 1.024912 1.024911 1.024911
1.008991 0.900072 0.932270 0.892197 0.901964 0.776795 0.942083 1.036170 1.036169 1.036169
0.951989 0.893744 0.882688 0.891639 0.889231 0.769676 0.931227 1.031265 1.031264 1.031264
0.988931 0.934930 0.920609 0.933592 0.927875 0.799428 0.972305 1.076757 1.076757 1.076757
1.005630 0.948931 0.936734 0.951132 0.945310 0.815024 0.989302 1.091669 1.091669 1.091669
0.916401 0.931995 0.924501 0.935329 0.932091 0.799032 0.975308 1.075111 1.075111 1.075111
0.935269 0.949592 0.943956 0.952157 0.949430 0.813673 0.993439 1.098009 1.098009 1.098009
0.924445 0.939064 0.933031 0.929068 0.938442 0.804256 0.981942 1.055657 1.055657 1.055657
0.925598 0.931224 0.934195 0.929500 0.931024 0.797899 0.972028 1.046203 1.046202 1.046202
0.937638 0.951478 0.955005 0.949477 0.954498 0.810537 0.994984 1.075944 1.075944 1.075944
0.885711 0.905380 0.899404 0.910874 0.906725 0.783415 0.938329 1.013332 1.013332 1.013332
0.893319 0.930374 0.920447 0.936020 0.935038 0.807878 0.964233 1.031139 1.031139 1.031139
0.872006 0.945466 0.917502 0.948863 0.904946 0.798170 0.980103 1.042587 1.042587 1.042587
0.835193 0.669962 0.881265 0.911387 0.860743 0.565587 0.938726 1.001410 1.001409 1.001409
0.919247 0.735381 0.969955 1.004167 0.892306 0.546564 0.976844 1.098078 1.098078 1.098078
0.963030 0.770463 1.018789 1.053302 0.939780 0.575450 1.027109 1.159160 1.159160 1.159160
0.943686 0.758108 0.979766 1.011579 0.917425 0.552655 1.001546 1.141825 1.141824 1.141824
0.893751 0.742942 0.957225 0.994616 0.891994 0.535159 0.988659 1.120432 1.120431 1.120431
0.931336 0.755867 0.996610 1.032428 0.928546 0.549629 1.025572 1.147819 1.147819 1.147819
0.930210 0.757314 1.000638 1.037372 0.925537 0.551848 1.028546 1.140287 1.140286 1.140286
0.936699 0.760439 1.010195 1.040764 0.931556 0.551345 1.038207 1.143690 1.143689 1.143689
0.898934 0.746754 0.993376 1.019747 0.893656 0.537079 1.007495 1.121469 1.121468 1.121468
0.922135 0.765975 1.025159 1.027053 0.913001 0.552926 1.027587 1.150488 1.150487 1.150487
0.821122 0.755685 1.010829 1.019101 0.907853 0.545236 1.019075 1.141586 1.141585 1.141585
0.819649 0.758348 0.995041 1.029785 0.919206 0.552324 1.034593 1.160303 1.160302 1.160302
0.827673 0.770270 1.002623 1.046227 0.937467 0.558901 1.050838 1.182788 1.182787 1.182787
0.835549 0.772710 1.009779 1.054880 0.939379 0.562108 1.058009 1.195074 1.195073 1.195073
0.816628 0.767673 1.003416 1.034545 0.929822 0.557742 1.031565 1.188348 1.188347 1.188347
0.819585 0.774111 1.013350 1.046064 0.939200 0.563101 1.042943 1.200654 1.200653 1.200653
0.821981 0.773622 1.015301 1.041023 0.938839 0.559991 1.043051 1.201385 1.201385 1.201385
0.792713 0.750400 0.985741 1.011305 0.883127 0.520502 1.012683 1.173541 1.173541 1.173541
0.821793 0.776819 1.020797 1.047751 0.917520 0.538839 1.047289 1.215504 1.215503 1.215503
0.794514 0.729361 0.986135 1.013457 0.891939 0.517397 0.976568 1.172063 1.172063 1.172063
0.826724 0.749466 1.003846 1.051311 0.928099 0.538373 1.016159 1.194556 1.194555 1.194555
0.826406 0.740155 0.999108 1.046493 0.924064 0.534493 0.964108 1.187266 1.187266 1.187266
0.844613 0.758587 1.020596 1.068977 0.945244 0.545052 0.981629 1.212361 1.212361 1.212361
0.827701 0.749083 1.005076 1.055827 0.936632 0.541135 0.971696 1.202443 1.202442 1.202442
0.835583 0.755155 1.011450 1.063489 0.941000 0.545638 0.978889 1.213157 1.213157 1.213157
0.836149 0.751634 0.996085 1.058132 0.940043 0.547117 0.976913 1.215236 1.215236 1.215236
0.842511 0.756748 1.005928 1.067949 0.947680 0.552370 0.987349 1.229526 1.229526 1.229526
0.841688 0.755495 1.005218 1.068447 0.948918 0.552411 0.987973 1.230823 1.230823 1.230823
0.831730 0.740672 0.993937 1.051442 0.935801 0.544282 0.973620 1.217338 1.217338 1.217338
0.844628 0.752158 0.999390 1.067747 0.950313 0.552723 0.988719 1.216400 1.216400 1.216400
0.804229 0.727554 0.961758 1.033893 0.919159 0.530557 0.951882 1.184019 1.184019 1.184019
0.828961 0.750284 0.993961 1.045402 0.951007 0.540044 0.983084 1.226434 1.226434 1.226434
0.831350 0.749410 1.000394 1.046262 0.946650 0.541726 0.989759 1.231239 1.231239 1.231239
0.833671 0.747139 1.001833 0.956728 0.946576 0.541644 0.991182 1.231861 1.231861 1.231861
0.839168 0.749998 1.002472 0.959102 0.949999 0.544351 0.981386 1.238317 1.238317 1.238317
0.782730 0.699558 0.921971 0.894599 0.881264 0.502072 0.907985 1.140262 1.140262 1.140262
0.862310 0.770681 1.015706 0.985551 0.970861 0.553117 1.000299 1.242412 1.242411 1.242411
0.829342 0.739708 0.982070 0.950495 0.933614 0.530291 0.953790 1.196463 1.196463 1.196463
0.853723 0.760807 1.015995 0.979522 0.963877 0.544993 0.984939 1.234756 1.234756 1.234756
0.828049 0.738098 0.998646 0.951218 0.932066 0.529930 0.958293 1.213563 1.213563 1.213563
0.845909 0.753603 1.016531 0.975714 0.957135 0.544655 0.983289 1.249865 1.249864 1.249864
0.790207 0.724620 0.970475 0.913366 0.892575 0.505000 0.843465 1.201132 1.201131 1.201131
0.841604 0.772774 1.033574 0.975829 0.946483 0.538803 0.897686 1.279544 1.279543 1.279543
0.838742 0.768967 1.025000 0.967964 0.942213 0.530867 0.893707 1.269516 1.269515 1.269515
0.759097 0.744894 0.980230 0.933067 0.852742 0.511728 0.869174 1.212504 1.212503 1.212503
0.812337 0.797139 1.048981 0.998510 0.912551 0.547619 0.897659 1.295073 1.295072 1.295072
0.761659 0.751320 0.975620 0.948249 0.868603 0.518017 0.845916 1.211730 1.211730 1.211730
0.786932 0.776193 1.001156 0.978658 0.897018 0.534963 0.870911 1.223300 1.223299 1.223299
0.785627 0.791572 1.015934 0.997439 0.915442 0.540527 0.888721 1.237177 1.237176 1.237176
0.813031 0.819183 1.051372 1.032232 0.947374 0.559382 0.919721 1.277110 1.277108 1.277108
0.793465 0.794995 1.025593 1.002420 0.921152 0.542151 0.899978 1.241628 1.241626 1.241626
0.794546 0.800865 1.036786 1.008080 0.926951 0.545202 0.908475 1.237703 1.237702 1.237702
0.772586 0.789958 1.021126 0.998013 0.919758 0.542926 0.876301 1.218299 1.218298 1.218298
0.743008 0.772683 0.995527 0.986974 0.909585 0.532896 0.845533 1.208236 1.208235 1.208235
0.718865 0.773437 0.998625 0.954902 0.873584 0.532941 0.848150 1.221119 1.221118 1.221118
0.754625 0.811123 1.048344 1.001262 0.913253 0.556704 0.886777 1.283715 1.283713 1.283713
0.759696 0.816574 1.055389 1.007991 0.919390 0.560445 0.892736 1.270287 1.270284 1.270284
0.747632 0.804529 1.033520 0.987104 0.900339 0.548833 0.875392 1.244364 1.244361 1.244361
0.750223 0.809468 1.032952 0.950203 0.903325 0.547354 0.874133 1.240421 1.240419 1.240419
0.762216 0.826881 1.056384 0.965025 0.921245 0.557332 0.886380 1.269006 1.269004 1.269004
0.719930 0.795915 1.013253 0.917673 0.864172 0.528582 0.828837 1.211171 1.211169 1.211169
0.756537 0.836722 1.065203 0.962900 0.907698 0.533523 0.868989 1.275494 1.275492 1.275492
0.773663 0.855372 1.089381 0.984756 0.928246 0.545415 0.888357 1.301282 1.301279 1.301279
0.756066 0.835917 1.064604 0.937193 0.907133 0.507073 0.845450 1.248993 1.248991 1.248991
0.771164 0.852842 1.084182 0.950634 0.925501 0.519343 0.865908 1.273487 1.273485 1.273485
0.754069 0.850359 1.073756 0.948137 0.921507 0.516972 0.861908 1.270136 1.270134 1.270134
0.741500 0.815920 1.043478 0.932333 0.906147 0.502395 0.847542 1.192907 1.192905 1.192905
0.742782 0.822922 1.055418 0.942655 0.920191 0.508365 0.856925 1.138137 1.138135 1.138135
0.775994 0.864082 1.104003 0.982013 0.959524 0.530596 0.900326 1.184606 1.184604 1.184604
0.785324 0.873034 1.118759 0.996267 0.973451 0.533419 0.906840 1.200252 1.200250 1.200250
0.785854 0.873499 1.116131 0.997326 0.975342 0.533156 0.901584 1.201533 1.201530 1.201530
0.769678 0.785161 1.084890 0.976797 0.955265 0.518232 0.815059 1.168284 1.168282 1.168282
