0.962800 0.953573 0.962800 0.962048 0.953999 0.953999 0.951892 0.952989 0.952988 0.952988
0.973383 0.965161 0.968595 0.967838 0.959741 0.959741 0.958885 0.959031 0.959031 0.959031
0.946103 0.952749 0.934069 0.945567 0.943998 0.947260 0.939294 0.945706 0.945705 0.945705
0.923627 0.945992 0.924408 0.949234 0.947658 0.943805 0.920005 0.952062 0.952061 0.952061
0.939928 0.981645 0.952798 0.985291 0.981991 0.977752 0.953044 0.988222 0.988221 0.988221
0.935271 0.977182 0.953162 0.982081 0.976939 0.969600 0.954328 0.994123 0.994122 0.994122
0.945147 0.986541 0.963266 0.991320 0.983177 0.975026 0.960544 1.006070 1.006069 1.006069
0.913024 0.958088 0.917640 0.969408 0.963368 0.955846 0.943721 0.989587 0.989586 0.989586
0.842237 0.945965 0.894458 0.952452 0.888678 0.939127 0.935488 0.963346 0.963345 0.963345
0.892426 0.999829 0.945457 1.007340 0.939453 0.993300 0.992014 1.020876 1.020875 1.020875
0.869089 0.971034 0.920733 0.982032 0.861712 0.849313 0.913378 0.990469 0.990468 0.990468
0.880883 0.989915 0.939510 1.002645 0.851910 0.829677 0.932005 1.016850 1.016849 1.016849
0.844407 0.981898 0.929047 0.997809 0.838358 0.813172 0.931190 1.009921 1.009920 1.009920
0.804254 0.984235 0.887973 1.006636 0.834356 0.813355 0.929183 1.014666 1.014665 1.014665
0.820991 0.975727 0.905739 1.028078 0.856402 0.824616 0.914837 1.033057 1.033056 1.033056
0.865794 1.028974 0.955167 1.084182 0.903137 0.869616 0.931076 1.087356 1.087355 1.087355
0.845156 1.011483 0.936129 1.066739 0.885558 0.848766 0.913525 1.066862 1.066861 1.066861
0.858952 1.027994 0.942021 1.084152 0.900014 0.862620 0.928437 1.066896 1.066895 1.066895
0.865367 1.035672 0.949057 1.092250 0.906736 0.869063 0.935371 1.056521 1.056520 1.056520
0.819745 0.932726 0.897068 1.013517 0.852497 0.789101 0.896855 1.008216 1.008215 1.008215
0.874029 0.988238 0.954219 1.079300 0.902218 0.838208 0.953696 1.075909 1.075908 1.075908
0.863992 0.976822 0.948948 1.047513 0.888239 0.831568 0.937352 1.063622 1.063621 1.063621
0.860726 0.976173 0.950331 1.049821 0.883081 0.832775 0.937650 1.053923 1.053922 1.053922
0.871883 0.983550 0.947383 1.057356 0.893014 0.845283 0.947245 1.068689 1.068689 1.068689
0.875006 0.985687 0.947782 1.058762 0.891898 0.847301 0.948641 1.071867 1.071866 1.071866
0.816080 0.951110 0.916486 0.987461 0.825743 0.816851 0.917302 1.044276 1.044275 1.044275
0.808484 0.947187 0.900645 0.990842 0.830468 0.816437 0.913361 1.032384 1.032383 1.032383
0.857768 1.003039 0.956137 1.053208 0.882742 0.868440 0.969604 1.092045 1.092044 1.092044
0.851063 0.993562 0.949922 1.047549 0.877999 0.855945 0.957474 1.084778 1.084777 1.084777
0.834227 0.989977 0.946701 1.030364 0.871612 0.851784 0.936276 1.081831 1.081831 1.081831
0.818063 0.971020 0.940798 1.011627 0.852142 0.837377 0.920994 1.074990 1.074990 1.074990
0.789997 0.976206 0.927747 1.014528 0.815888 0.818457 0.926130 1.075288 1.075288 1.075288
0.805853 1.001648 0.944333 1.041220 0.840568 0.836635 0.950249 1.107286 1.107285 1.107285
0.788193 0.992338 0.923658 1.018038 0.831690 0.795704 0.841286 1.090658 1.090658 1.090658
0.815520 1.027024 0.954203 1.047524 0.860761 0.826706 0.874064 1.128077 1.128077 1.128077
0.791285 1.017936 0.941074 1.037620 0.853751 0.811829 0.866870 1.108810 1.108809 1.108809
0.799990 1.029581 0.955966 1.051111 0.862348 0.825435 0.875819 1.119007 1.119007 1.119007
0.794887 1.016042 0.949546 1.041629 0.854165 0.813998 0.866897 1.100414 1.100414 1.100414
0.810469 1.035132 0.970344 1.063807 0.871355 0.831597 0.886587 1.126608 1.126607 1.126607
0.803633 1.002116 0.961321 1.050747 0.863115 0.812702 0.875131 1.098228 1.098227 1.098227
0.830140 1.035170 0.993030 1.085405 0.891584 0.839508 0.903996 1.131597 1.131596 1.131596
0.791439 0.984902 0.951771 1.037667 0.849901 0.797843 0.854447 1.080243 1.080242 1.080242
0.813862 1.013288 0.981331 1.046756 0.877285 0.810203 0.880384 1.116313 1.116312 1.116312
0.806432 1.012702 0.981269 1.045887 0.879750 0.805051 0.881483 1.122959 1.122958 1.122958
0.810012 1.015747 0.984559 1.049875 0.885581 0.807489 0.883251 1.126935 1.126934 1.126934
0.809690 1.013790 0.979334 1.044552 0.884242 0.797993 0.881987 1.121473 1.121472 1.121472
0.814857 1.018552 0.986023 1.048541 0.888153 0.801302 0.885876 1.129414 1.129413 1.129413
0.765837 0.975550 0.941077 0.992150 0.829001 0.756201 0.824261 1.072598 1.072597 1.072597
0.807243 1.015471 0.970432 1.042587 0.873822 0.797086 0.868826 1.107393 1.107392 1.107392
0.800624 0.936544 0.939149 1.028991 0.866657 0.769604 0.857496 1.084258 1.084256 1.084256
0.809090 0.931638 0.944976 1.020788 0.864874 0.768733 0.868417 1.098248 1.098247 1.098247
0.805586 0.940977 0.953012 1.034817 0.878732 0.783874 0.857739 1.106943 1.106941 1.106941
0.808088 0.951120 0.960671 1.046211 0.891278 0.796610 0.869101 1.123800 1.123799 1.123799
0.819275 0.958689 0.972654 0.967225 0.901031 0.805267 0.879942 1.136759 1.136758 1.136758
0.819351 0.964543 0.982024 0.971453 0.905554 0.808772 0.887125 1.131730 1.131729 1.131729
0.819417 0.959222 0.981646 0.966738 0.902274 0.803253 0.889559 1.127509 1.127508 1.127508
0.820057 0.961977 0.984202 0.964896 0.904517 0.807459 0.882405 1.121687 1.121686 1.121686
0.730216 0.856588 0.876377 0.859186 0.744288 0.613033 0.783697 0.989943 0.989942 0.989942
0.786537 0.922656 0.930766 0.925455 0.797312 0.652944 0.837320 1.052659 1.052658 1.052658
0.848554 0.992588 1.006722 0.994750 0.859774 0.698910 0.905509 1.131156 1.131155 1.131155
0.860808 1.006237 1.021537 1.010572 0.874183 0.709749 0.920064 1.149824 1.149823 1.149823
0.792367 0.685264 0.942989 0.932867 0.799109 0.483351 0.846912 1.061412 1.061410 1.061410
0.895454 0.774307 1.062452 1.054642 0.904217 0.545597 0.950906 1.199971 1.199970 1.199970
0.895200 0.773662 1.058346 1.058660 0.908674 0.548762 0.954837 1.209430 1.209428 1.209428
0.895532 0.770313 1.043615 1.052979 0.906903 0.547184 0.952375 1.208331 1.208329 1.208329
0.874451 0.733951 1.007101 1.028192 0.885555 0.528039 0.929957 1.126929 1.126928 1.126928
0.880496 0.761743 1.012896 1.064013 0.902169 0.538097 0.966866 1.167597 1.167595 1.167595
0.845480 0.736816 0.969690 1.037624 0.871179 0.528687 0.926881 1.117826 1.117824 1.117824
0.910093 0.792855 1.043857 1.116987 0.937756 0.568896 0.997375 1.200405 1.200403 1.200403
0.889579 0.774984 1.020328 1.063259 0.916619 0.529014 0.949400 1.152410 1.152409 1.152409
0.902936 0.790898 1.042476 1.078812 0.933910 0.538143 0.961782 1.177841 1.177839 1.177839
0.863328 0.770463 1.011381 1.050939 0.912985 0.526086 0.936932 1.136205 1.136203 1.136203
0.887128 0.795462 1.045766 1.087995 0.944198 0.543814 0.969869 1.175363 1.175361 1.175361
0.876044 0.789512 1.034006 1.071358 0.930644 0.536514 0.963192 1.156362 1.156360 1.156360
0.885844 0.796149 1.039387 1.078917 0.938272 0.541655 0.958025 1.167727 1.167725 1.167725
0.889643 0.799622 1.046550 1.084890 0.947308 0.546688 0.965647 1.181686 1.181684 1.181684
0.877588 0.782304 1.019391 0.973080 0.919317 0.534849 0.949168 1.161504 1.161502 1.161502
0.904271 0.804822 1.035417 1.003022 0.948055 0.553137 0.979059 1.200547 1.200545 1.200545
0.900507 0.800791 1.036261 0.999953 0.946875 0.549939 0.978071 1.198577 1.198575 1.198575
0.882164 0.784422 1.008267 0.978530 0.927167 0.538493 0.954778 1.147304 1.147302 1.147302
0.901633 0.802128 1.030520 0.987300 0.947630 0.550377 0.975849 1.140595 1.140593 1.140593
0.808445 0.796853 1.023177 0.986464 0.948834 0.546495 0.974491 1.139635 1.139632 1.139632
0.834322 0.824668 1.055385 1.017494 0.980056 0.562730 1.001885 1.175082 1.175079 1.175079
0.794756 0.798034 1.016079 0.985654 0.948333 0.540394 0.964971 1.144291 1.144288 1.144288
0.826320 0.826162 1.054414 1.017878 0.964837 0.560437 0.999945 1.188126 1.188123 1.188123
0.813597 0.815608 1.034024 0.961407 0.949838 0.548420 0.979735 1.162097 1.162095 1.162095
0.822453 0.814556 1.040746 0.967790 0.956370 0.550607 0.940030 1.168026 1.168024 1.168024
0.839667 0.824505 1.057343 0.987778 0.972666 0.557908 0.959250 1.191098 1.191096 1.191096
0.799651 0.803475 1.031788 0.960429 0.925958 0.539316 0.923756 1.159025 1.159023 1.159023
0.822890 0.820309 1.062428 0.984256 0.950947 0.553370 0.948008 1.193765 1.193763 1.193763
0.793582 0.796504 1.034523 0.958053 0.929683 0.539071 0.922770 1.096494 1.096492 1.096492
0.843322 0.847549 1.099340 1.021300 0.983644 0.573877 0.979908 1.165482 1.165480 1.165480
0.841902 0.843121 1.096395 1.011707 0.978748 0.568085 0.975506 1.160834 1.160832 1.160832
0.788957 0.813265 1.050039 0.950062 0.915624 0.528394 0.839442 1.119108 1.119106 1.119106
0.834413 0.860469 1.110985 1.003306 0.967937 0.536769 0.885776 1.186133 1.186131 1.186131
0.838068 0.860749 1.119844 1.005630 0.964940 0.539244 0.893121 1.192558 1.192556 1.192556
0.767909 0.850038 1.111301 0.994364 0.956681 0.531572 0.885333 1.180932 1.180930 1.180930
0.766884 0.852413 1.089189 0.973252 0.951798 0.520286 0.879820 1.185533 1.185531 1.185531
0.766512 0.781931 1.080426 0.972779 0.951335 0.516100 0.811706 1.176382 1.176380 1.176380
0.808598 0.824864 1.139749 1.026191 1.003570 0.544438 0.856274 1.227361 1.227358 1.227358
