0.974433 0.976636 0.958727 0.975572 0.957368 0.974049 0.974509 0.975700 0.975700 0.975700
0.985592 0.987821 0.968303 0.985316 0.968332 0.985204 0.985669 0.969960 0.969960 0.969960
0.992479 0.994734 0.953392 0.974961 0.973576 0.992629 0.971674 0.975167 0.975167 0.975167
0.991965 0.945224 0.951275 0.968710 0.969605 0.990488 0.962295 0.977133 0.977134 0.977134
0.957478 0.915697 0.910488 0.933623 0.911736 0.958979 0.928949 0.940234 0.940235 0.940235
0.979494 0.937722 0.927824 0.957734 0.925179 0.979754 0.900169 0.964389 0.964389 0.964389
0.998505 0.960441 0.941567 0.983004 0.949461 1.002931 0.913004 0.984124 0.984125 0.984125
0.995892 0.933128 0.920007 0.989853 0.956426 1.009508 0.919225 0.988543 0.988543 0.988543
0.949668 0.927967 0.901067 0.988540 0.945620 1.007801 0.921707 0.981507 0.981507 0.981507
0.968964 0.946285 0.916738 1.007673 0.961928 1.027790 0.938116 0.998632 0.998633 0.998633
0.980020 0.957082 0.927197 1.019170 0.972903 1.039516 0.948819 0.992790 0.992790 0.992790
0.975772 0.949164 0.917345 1.011663 0.969898 1.032884 0.942467 0.986084 0.986084 0.986084
0.964265 0.938862 0.910027 1.003947 0.958580 1.017871 0.913227 0.979192 0.979192 0.979192
0.983805 0.949631 0.924864 1.021851 0.965045 1.032355 0.929821 0.999880 0.999880 0.999880
0.972930 0.923405 0.914893 1.002191 0.952385 1.015556 0.907385 0.990372 0.990371 0.990371
0.965630 0.934683 0.928593 1.017340 0.962622 1.029344 0.920274 1.007282 1.007281 1.007281
0.963513 0.932831 0.926659 1.001968 0.961450 1.016711 0.920169 1.001198 1.001197 1.001197
0.898190 0.855780 0.842877 0.961664 0.893874 0.959757 0.857036 0.955851 0.955851 0.955851
0.927956 0.891937 0.870935 0.957960 0.925884 0.977788 0.873400 0.996321 0.996321 0.996321
0.925929 0.904948 0.878793 0.973564 0.939694 0.991614 0.883870 0.994815 0.994816 0.994816
0.945768 0.922994 0.895353 0.983967 0.946752 1.007757 0.871935 1.012739 1.012739 1.012739
0.903691 0.893784 0.839056 0.949204 0.904867 0.940576 0.848268 0.994246 0.994246 0.994246
0.924568 0.913347 0.846406 0.969794 0.923616 0.953860 0.846956 1.022237 1.022237 1.022237
0.940113 0.932909 0.866313 0.946635 0.944908 0.981031 0.869738 1.053363 1.053363 1.053363
0.958530 0.949345 0.879939 0.963771 0.960057 0.982908 0.884930 1.074914 1.074914 1.074914
0.958576 0.950652 0.881395 0.966003 0.963575 0.985752 0.886088 1.077728 1.077727 1.077727
0.949247 0.949572 0.877849 0.958632 0.961049 0.982639 0.883825 1.077894 1.077893 1.077893
0.920232 0.909104 0.844914 0.916795 0.931128 0.947728 0.846159 1.051999 1.051998 1.051998
0.892790 0.890500 0.822612 0.890643 0.912073 0.919467 0.822004 1.013700 1.013700 1.013700
0.938274 0.923114 0.834276 0.935308 0.942082 0.966522 0.863080 1.048316 1.048315 1.048315
0.956565 0.939301 0.852011 0.955253 0.961718 0.983446 0.878735 1.067264 1.067263 1.067263
0.943745 0.926158 0.844556 0.948354 0.943012 0.949831 0.858699 1.040002 1.040001 1.040001
0.926586 0.912368 0.831981 0.931111 0.928971 0.935689 0.845913 1.008200 1.008199 1.008199
0.975789 0.958364 0.875029 0.978267 0.977784 0.985055 0.890949 1.063400 1.063399 1.063399
0.971234 0.958665 0.875289 0.979234 0.967434 0.981259 0.880198 1.059907 1.059907 1.059907
0.984431 0.971691 0.887182 0.992540 0.955318 0.994591 0.892157 1.069140 1.069139 1.069139
0.955293 0.925690 0.855621 0.961852 0.925722 0.967102 0.869267 1.051320 1.051319 1.051319
0.952862 0.924030 0.799727 0.950715 0.920938 0.958021 0.837402 1.038287 1.038286 1.038286
0.971166 0.936202 0.812470 0.970214 0.945641 0.971142 0.859298 1.062489 1.062489 1.062489
0.980969 0.943625 0.820671 0.981026 0.956179 0.980945 0.859608 1.044367 1.044367 1.044367
0.962078 0.923971 0.800716 0.964281 0.937538 0.966089 0.834515 1.017014 1.017014 1.017014
0.998035 0.956889 0.828759 0.979379 0.971839 1.000754 0.859928 1.051004 1.051004 1.051004
1.005613 0.963495 0.827077 0.981645 0.981111 0.975983 0.868330 1.061357 1.061357 1.061357
0.990819 0.947009 0.815355 0.960419 0.962073 0.857082 0.852852 1.039058 1.039058 1.039058
1.016128 0.967298 0.836637 0.976509 0.980961 0.873902 0.874624 1.051676 1.051676 1.051676
0.932497 0.904091 0.749928 0.904817 0.641434 0.814584 0.805890 0.991570 0.991569 0.991569
1.016939 0.983853 0.818978 0.990702 0.660236 0.870552 0.846001 1.086514 1.086514 1.086514
1.050557 1.012256 0.848029 1.023365 0.682417 0.900564 0.873136 1.125004 1.125004 1.125004
1.029781 0.986378 0.818168 0.998755 0.648146 0.867779 0.856435 1.105072 1.105072 1.105072
1.049177 1.002587 0.757680 1.019032 0.658581 0.881882 0.872328 1.126101 1.126101 1.126101
1.006811 0.962103 0.624853 0.977884 0.631987 0.750164 0.837104 1.045840 1.045840 1.045840
1.072253 1.009964 0.649487 1.018597 0.664713 0.780408 0.799983 1.099966 1.099967 1.099967
1.091780 1.052364 0.669919 1.048832 0.690512 0.812221 0.815673 1.133230 1.133230 1.133230
1.125554 1.084919 0.677422 1.071620 0.705240 0.837348 0.833071 1.165664 1.165664 1.165664
1.094638 1.061814 0.656058 1.046481 0.686468 0.812663 0.814970 1.147896 1.147897 1.147897
1.110500 1.085334 0.665565 1.061645 0.696415 0.830665 0.833022 1.169023 1.169024 1.169024
1.116076 1.091450 0.669567 1.063706 0.693858 0.833180 0.837319 1.174645 1.174645 1.174645
1.110540 1.087932 0.650675 1.061415 0.692364 0.821985 0.828918 1.161865 1.161865 1.161865
1.056835 1.049849 0.623827 1.002570 0.665585 0.795825 0.803664 1.128349 1.128350 1.128350
1.088803 1.070676 0.642940 1.035837 0.681868 0.815879 0.824299 1.154865 1.154866 1.154866
1.068587 1.057665 0.634394 0.999400 0.676332 0.756715 0.787975 1.147654 1.147654 1.147654
1.044145 1.095356 0.658044 1.034563 0.696845 0.780365 0.818423 1.188566 1.188567 1.188567
1.070008 1.122488 0.674343 1.060188 0.714106 0.799694 0.838695 1.206048 1.206049 1.206049
0.993608 1.000301 0.626448 0.990600 0.628596 0.758521 0.755362 1.124861 1.124861 1.124861
0.993370 1.007198 0.648156 1.004763 0.635869 0.773946 0.778079 1.146209 1.146210 1.146210
0.992445 1.015402 0.626657 1.003918 0.642388 0.781340 0.772149 1.161868 1.161869 1.161869
0.857024 0.985629 0.600003 0.961218 0.623552 0.748107 0.744627 1.111800 1.111801 1.111801
0.897279 1.031472 0.618254 0.973773 0.626900 0.624835 0.743560 1.139644 1.139644 1.139644
0.967350 1.107237 0.662650 1.038054 0.667639 0.657897 0.801370 1.193546 1.193546 1.193546
0.974223 1.132510 0.676233 1.059733 0.685880 0.673420 0.821515 1.227869 1.227870 1.227870
0.982800 1.147385 0.680084 1.069063 0.694889 0.680252 0.832305 1.232343 1.232343 1.232343
0.969269 1.135523 0.670453 1.046232 0.686857 0.650618 0.817141 1.197850 1.197850 1.197850
1.003569 1.175706 0.694178 1.083256 0.711163 0.673641 0.846058 1.223191 1.223191 1.223191
0.995678 1.164764 0.685860 1.065855 0.702875 0.646585 0.825106 1.212217 1.212217 1.212217
0.981705 1.148206 0.653001 1.058164 0.690626 0.642176 0.749590 1.195307 1.195307 1.195307
1.003592 1.169954 0.663499 1.068171 0.704113 0.652152 0.764187 1.224549 1.224549 1.224549
1.001368 1.167360 0.662028 0.978285 0.702552 0.650706 0.762493 1.182836 1.182837 1.182837
1.039758 1.212902 0.684540 1.011891 0.726306 0.673088 0.787604 1.231567 1.231568 1.231568
1.036429 1.212069 0.681705 0.991356 0.723371 0.670585 0.783383 1.224144 1.224145 1.224145
1.035660 1.197482 0.681199 0.977069 0.722834 0.670088 0.782801 1.206767 1.206768 1.206768
1.046232 1.210891 0.682646 0.985157 0.730894 0.676373 0.791684 1.210515 1.210516 1.210516
0.917076 1.120545 0.641161 0.913945 0.664163 0.631009 0.725977 1.123509 1.123510 1.123510
0.971071 1.189342 0.683619 0.973804 0.709464 0.602660 0.760752 1.190751 1.190752 1.190752
1.005110 1.227776 0.708431 1.008266 0.733631 0.624631 0.782607 1.222291 1.222292 1.222292
0.912829 1.150073 0.671525 0.946975 0.692000 0.580392 0.698391 1.171769 1.171770 1.171770
0.939269 1.167075 0.693964 0.975629 0.693171 0.592334 0.705293 1.190936 1.190938 1.190938
0.976472 1.210073 0.701483 1.018267 0.720410 0.614368 0.733524 1.235608 1.235610 1.235610
0.994504 1.232418 0.697942 1.037070 0.733713 0.625713 0.716879 1.257535 1.257536 1.257536
0.877238 1.164201 0.621354 0.914785 0.649117 0.553569 0.677198 1.181094 1.181095 1.181095
0.950466 1.247955 0.669611 0.991942 0.700347 0.599194 0.731400 1.285503 1.285504 1.285504
0.924138 1.222151 0.658561 0.975773 0.665754 0.587989 0.719804 1.271068 1.271068 1.271068
0.927002 1.222081 0.662982 0.979462 0.666714 0.591442 0.724801 1.254252 1.254253 1.254253
0.923924 1.226266 0.640449 0.961275 0.665054 0.588825 0.714936 1.241232 1.241233 1.241233
0.958584 1.261883 0.658333 0.994596 0.679507 0.608709 0.733659 1.273968 1.273969 1.273969
0.875802 1.158860 0.633488 0.940795 0.582249 0.586732 0.687751 1.218825 1.218826 1.218826
0.921754 1.226685 0.669525 0.993747 0.617329 0.624163 0.719029 1.290083 1.290084 1.290084
0.939492 1.239642 0.680304 1.012562 0.628711 0.637261 0.729762 1.316519 1.316520 1.316520
0.939269 1.235017 0.678724 1.012429 0.628498 0.637092 0.728221 1.320636 1.320636 1.320636
0.938730 1.241244 0.680692 1.015901 0.630361 0.637214 0.730439 1.326695 1.326696 1.326696
0.889206 1.167093 0.642514 0.969288 0.600477 0.616378 0.678519 1.267612 1.267612 1.267612
