0.997017 0.997017 0.997017 0.997017 0.997017 0.997017 0.997017 0.993040 0.993040 0.993040
0.998739 0.998739 0.998739 0.998739 0.998739 0.998739 0.998739 0.991492 0.991492 0.991492
0.990895 0.990895 0.990895 0.990895 0.990895 0.990895 0.990895 0.968795 0.968795 0.968795
0.999904 0.999904 0.999904 0.999904 0.999904 0.999904 0.999904 0.968753 0.968753 0.968753
0.993483 0.993483 0.993483 0.993483 0.993483 0.993483 0.993483 0.942109 0.942109 0.942109
1.012431 1.012431 1.012431 1.012431 1.012431 1.012431 1.012431 0.955932 0.955932 0.955932
1.013391 1.013391 1.013391 1.013391 1.013391 1.013391 1.013391 0.952333 0.952333 0.952333
1.009246 1.009246 1.009246 1.009246 1.009246 1.009246 1.009246 0.937155 0.937155 0.937155
1.017965 1.017965 1.017965 1.017965 1.017965 1.017965 1.017965 0.940479 0.940479 0.940479
1.019890 1.019890 1.019890 1.019890 1.019890 1.019890 1.019890 0.938064 0.938063 0.938063
1.016919 1.016919 1.016919 1.016919 1.016919 1.016919 1.016919 0.926049 0.926049 0.926049
1.017146 1.017146 1.017146 1.017146 1.017146 1.017146 1.017146 0.913948 0.913948 0.913948
1.028329 1.028329 1.028329 1.028329 1.028329 1.028329 1.028329 0.920432 0.920431 0.920431
1.026408 1.026408 1.026408 1.026408 1.026408 1.026408 1.026408 0.911656 0.911655 0.911655
1.030223 1.030223 1.030223 1.030223 1.030223 1.030223 1.030223 0.909907 0.909906 0.909906
1.030667 1.030667 1.030667 1.030667 1.030667 1.030667 1.030667 0.903875 0.903874 0.903874
1.038320 1.038320 1.038320 1.038320 1.038320 1.038320 1.038320 0.910586 0.910586 0.910586
1.030440 1.030440 1.030440 1.030440 1.030440 1.030440 1.030440 0.894781 0.894781 0.894781
1.039152 1.039152 1.039152 1.039152 1.039152 1.039152 1.039152 0.900154 0.900154 0.900154
1.036050 1.036050 1.036050 1.036050 1.036050 1.036050 1.036050 0.891071 0.891070 0.891070
1.030552 1.030552 1.030552 1.030552 1.030552 1.030552 1.030552 0.871734 0.871733 0.871733
1.043302 1.043302 1.043302 1.043302 1.043302 1.043302 1.043302 0.876939 0.876939 0.876939
1.046108 1.046108 1.046108 1.046108 1.046108 1.046108 1.046108 0.874874 0.874874 0.874874
1.051176 1.051176 1.051176 1.051176 1.051176 1.051176 1.051176 0.878617 0.878616 0.878616
1.028432 1.028432 1.028432 1.028432 1.028432 1.028432 1.028432 0.834801 0.834800 0.834800
1.050053 1.050053 1.050053 1.050053 1.050053 1.050053 1.050053 0.842302 0.842301 0.842301
1.060899 1.060899 1.060899 1.060899 1.060899 1.060899 1.060899 0.848778 0.848777 0.848777
1.037935 1.037935 1.037935 1.037935 1.037935 1.037935 1.037935 0.804404 0.804402 0.804402
1.072217 1.072217 1.072217 1.072217 1.072217 1.072217 1.072217 0.830810 0.830809 0.830809
1.060359 1.060359 1.060359 1.060359 1.060359 1.060359 1.060359 0.809945 0.809944 0.809944
1.066746 1.066746 1.066746 1.066746 1.066746 1.066746 1.066746 0.805793 0.805792 0.805792
1.077383 1.077383 1.077383 1.077383 1.077383 1.077383 1.077383 0.812125 0.812124 0.812124
1.068705 1.068705 1.068705 1.068705 1.068705 1.068705 1.068705 0.795259 0.795258 0.795258
1.068341 1.068341 1.068341 1.068341 1.068341 1.068341 1.068341 0.781377 0.781376 0.781376
1.058318 1.058318 1.058318 1.058318 1.058318 1.058318 1.058318 0.747682 0.747681 0.747681
1.090660 1.090660 1.090660 1.090660 1.090660 1.090660 1.090660 0.765437 0.765437 0.765437
1.035304 1.035304 1.035304 1.035304 1.035304 1.035304 1.035304 0.672995 0.672994 0.672994
1.108366 1.108366 1.108366 1.108366 1.108366 1.108366 1.108366 0.713515 0.713514 0.713514
1.103741 1.103741 1.103741 1.103741 1.103741 1.103741 1.103741 0.698267 0.698266 0.698266
1.118392 1.118392 1.118392 1.118392 1.118392 1.118392 1.118392 0.703405 0.703403 0.703403
1.122973 1.122973 1.122973 1.122973 1.122973 1.122973 1.122973 0.704568 0.704566 0.704566
1.119542 1.119542 1.119542 1.119542 1.119542 1.119542 1.119542 0.697702 0.697701 0.697701
1.112285 1.112285 1.112285 1.112285 1.112285 1.112285 1.112285 0.681941 0.681940 0.681940
1.125022 1.125022 1.125022 1.125022 1.125022 1.125022 1.125022 0.685173 0.685172 0.685172
1.118335 1.118335 1.118335 1.118335 1.118335 1.118335 1.118335 0.670615 0.670614 0.670614
1.133814 1.133814 1.133814 1.133814 1.133814 1.133814 1.133814 0.677995 0.677993 0.677993
1.136098 1.136098 1.136098 1.136098 1.136098 1.136098 1.136098 0.678618 0.678617 0.678617
1.136225 1.136225 1.136225 1.136225 1.136225 1.136225 1.136225 0.677864 0.677862 0.677862
1.132915 1.132915 1.132915 1.132915 1.132915 1.132915 1.132915 0.672528 0.672526 0.672526
1.125042 1.125042 1.125042 1.125042 1.125042 1.125042 1.125042 0.658204 0.658203 0.658203
1.129476 1.129476 1.129476 1.129476 1.129476 1.129476 1.129476 0.652059 0.652058 0.652058
1.134313 1.134313 1.134313 1.134313 1.134313 1.134313 1.134313 0.647467 0.647465 0.647465
0.987406 0.987406 0.987406 0.987406 0.987406 0.987406 0.987406 0.458965 0.458964 0.458964
1.170634 1.170634 1.170634 1.170634 1.170634 1.170634 1.170634 0.533320 0.533318 0.533318
1.185926 1.185926 1.185926 1.185926 1.185926 1.185926 1.185926 0.535523 0.535522 0.535522
1.187605 1.187605 1.187605 1.187605 1.187605 1.187605 1.187605 0.531545 0.531543 0.531543
1.191428 1.191428 1.191428 1.191428 1.191428 1.191428 1.191428 0.529625 0.529623 0.529623
1.185520 1.185520 1.185520 1.185520 1.185520 1.185520 1.185520 0.519800 0.519799 0.519799
1.193713 1.193713 1.193713 1.193713 1.193713 1.193713 1.193713 0.519033 0.519031 0.519031
1.185860 1.185860 1.185860 1.185860 1.185860 1.185860 1.185860 0.506724 0.506723 0.506723
1.182206 1.182206 1.182206 1.182206 1.182206 1.182206 1.182206 0.493163 0.493161 0.493161
1.210112 1.210112 1.210112 1.210112 1.210112 1.210112 1.210112 0.503970 0.503969 0.503969
1.208011 1.208011 1.208011 1.208011 1.208011 1.208011 1.208011 0.501151 0.501149 0.501149
1.209551 1.209551 1.209551 1.209551 1.209551 1.209551 1.209551 0.500236 0.500234 0.500234
1.204303 1.204303 1.204303 1.204303 1.204303 1.204303 1.204303 0.493848 0.493846 0.493846
1.211152 1.211152 1.211152 1.211152 1.211152 1.211152 1.211152 0.494889 0.494887 0.494887
1.205160 1.205160 1.205160 1.205160 1.205160 1.205160 1.205160 0.487676 0.487674 0.487674
1.209604 1.209604 1.209604 1.209604 1.209604 1.209604 1.209604 0.485965 0.485963 0.485963
1.216936 1.216936 1.216936 1.216936 1.216936 1.216936 1.216936 0.488113 0.488111 0.488111
1.194591 1.194591 1.194591 1.194591 1.194591 1.194591 1.194591 0.468346 0.468344 0.468344
1.211049 1.211049 1.211049 1.211049 1.211049 1.211049 1.211049 0.469609 0.469606 0.469606
1.214741 1.214741 1.214741 1.214741 1.214741 1.214741 1.214741 0.466667 0.466664 0.466664
1.185637 1.185637 1.185637 1.185637 1.185637 1.185637 1.185637 0.438280 0.438278 0.438278
1.228642 1.228642 1.228642 1.228642 1.228642 1.228642 1.228642 0.452332 0.452331 0.452331
1.216550 1.216550 1.216550 1.216550 1.216550 1.216550 1.216550 0.440916 0.440914 0.440914
1.211936 1.211936 1.211936 1.211936 1.211936 1.211936 1.211936 0.429557 0.429556 0.429556
1.216102 1.216102 1.216102 1.216102 1.216102 1.216102 1.216102 0.421775 0.421774 0.421774
1.223594 1.223594 1.223594 1.223594 1.223594 1.223594 1.223594 0.416823 0.416821 0.416821
1.225856 1.225856 1.225856 1.225856 1.225856 1.225856 1.225856 0.409970 0.409968 0.409968
1.248222 1.248222 1.248222 1.248222 1.248222 1.248222 1.248222 0.416993 0.416992 0.416992
1.105981 1.105981 1.105981 1.105981 1.105981 1.105981 1.105981 0.318999 0.318998 0.318998
1.257519 1.257519 1.257519 1.257519 1.257519 1.257519 1.257519 0.358455 0.358454 0.358454
1.260176 1.260176 1.260176 1.260176 1.260176 1.260176 1.260176 0.355323 0.355321 0.355321
1.271229 1.271229 1.271229 1.271229 1.271229 1.271229 1.271229 0.357445 0.357444 0.357444
1.267669 1.267669 1.267669 1.267669 1.267669 1.267669 1.267669 0.354279 0.354278 0.354278
1.271419 1.271419 1.271419 1.271419 1.271419 1.271419 1.271419 0.354039 0.354038 0.354038
1.270407 1.270407 1.270407 1.270407 1.270407 1.270407 1.270407 0.352031 0.352030 0.352030
1.273469 1.273469 1.273469 1.273469 1.273469 1.273469 1.273469 0.351864 0.351864 0.351864
1.250814 1.250814 1.250814 1.250814 1.250814 1.250814 1.250814 0.337886 0.337885 0.337885
1.265290 1.265290 1.265290 1.265290 1.265290 1.265290 1.265290 0.337511 0.337510 0.337510
1.267523 1.267523 1.267523 1.267523 1.267523 1.267523 1.267523 0.334037 0.334036 0.334036
1.280383 1.280383 1.280383 1.280383 1.280383 1.280383 1.280383 0.336534 0.336533 0.336533
1.281863 1.281863 1.281863 1.281863 1.281863 1.281863 1.281863 0.336347 0.336346 0.336346
1.280727 1.280727 1.280727 1.280727 1.280727 1.280727 1.280727 0.335099 0.335099 0.335099
1.245530 1.245530 1.245530 1.245530 1.245530 1.245530 1.245530 0.315217 0.315216 0.315216
1.253107 1.253107 1.253107 1.253107 1.253107 1.253107 1.253107 0.307713 0.307713 0.307713
1.265043 1.265043 1.265043 1.265043 1.265043 1.265043 1.265043 0.303608 0.303607 0.303607
1.292615 1.292615 1.292615 1.292615 1.292615 1.292615 1.292615 0.309542 0.309541 0.309541
1.287668 1.287668 1.287668 1.287668 1.287668 1.287668 1.287668 0.306374 0.306374 0.306374
1.294768 1.294768 1.294768 1.294768 1.294768 1.294768 1.294768 0.307663 0.307663 0.307663
