0.983847 0.985960 0.954943 0.985076 0.983504 0.985361 0.985365 0.977752 0.977752 0.977752
1.000404 1.002553 0.971028 1.001654 1.000071 1.001959 1.001963 0.989585 0.989585 0.989585
0.994672 0.998193 0.965080 0.995090 0.993618 0.996444 0.992511 0.976408 0.976408 0.976408
0.977743 0.980349 0.950325 0.976582 0.972592 0.975319 0.971529 0.927971 0.927972 0.927972
1.014865 1.019058 0.987776 1.013286 1.009276 1.012349 1.009816 0.964403 0.964403 0.964403
1.007944 1.014472 0.978511 1.008775 1.004676 1.002878 1.005157 0.953963 0.953963 0.953963
1.012194 1.019339 0.982338 1.013526 1.008309 1.004201 1.009621 0.957111 0.957112 0.957112
1.009306 1.017979 0.980871 1.012059 1.005457 1.002503 1.006647 0.945799 0.945799 0.945799
1.010086 1.019469 0.982257 1.012019 1.007334 1.005445 1.009868 0.942945 0.942946 0.942946
0.995121 1.015439 0.978942 1.010290 1.004024 1.002381 1.008262 0.932423 0.932424 0.932424
0.992544 1.007714 0.971474 1.005170 0.999807 0.997014 1.003969 0.923110 0.923110 0.923110
0.999718 1.014997 0.970500 1.016523 1.000843 1.008672 1.006416 0.923753 0.923753 0.923753
0.995090 1.015475 0.970480 1.006735 1.000659 0.987893 1.002565 0.922234 0.922234 0.922234
1.003162 1.006736 0.980559 1.019098 1.006919 0.999856 1.014831 0.927072 0.927072 0.927072
0.968262 0.968101 0.941810 0.980729 0.989949 0.983491 0.973322 0.902165 0.902166 0.902166
1.001453 1.003480 0.976886 1.016908 1.019219 1.018052 1.007483 0.925934 0.925935 0.925935
1.010124 1.011198 0.987268 1.027631 1.030078 1.029071 1.016629 0.930170 0.930170 0.930170
1.015179 1.008868 0.992208 1.032773 1.036058 1.026699 1.021717 0.935570 0.935571 0.935571
1.009983 1.003446 0.980463 1.028462 1.014027 1.022740 1.017853 0.929453 0.929454 0.929454
0.998476 0.983719 0.969292 1.014195 0.999961 1.005334 1.006256 0.895374 0.895375 0.895375
1.006837 0.991957 0.985161 1.028559 1.017072 1.021366 1.023208 0.896039 0.896039 0.896039
1.028068 1.013113 1.005935 1.050596 1.037624 1.042903 1.045130 0.913674 0.913674 0.913674
1.022279 1.006198 1.000760 1.044873 1.032068 1.037030 1.039534 0.903255 0.903256 0.903256
1.026508 1.010361 1.004142 1.048843 1.035741 1.041098 1.043483 0.900659 0.900660 0.900660
1.004593 0.987144 0.981068 1.026230 1.004280 1.020122 1.019511 0.852894 0.852895 0.852895
1.041726 1.023790 1.017489 1.064163 1.041383 1.057729 1.057095 0.880519 0.880520 0.880520
1.037286 1.019933 1.012534 1.041504 1.033981 1.053385 1.052590 0.874804 0.874805 0.874805
1.031210 1.015748 0.987375 1.013964 1.028323 1.043036 1.047125 0.868159 0.868160 0.868160
1.048384 1.028142 1.003830 1.030296 1.044076 1.058288 1.062650 0.878778 0.878779 0.878779
1.028657 1.008795 0.984941 1.010909 1.024430 1.038374 1.024568 0.837180 0.837181 0.837181
1.032637 1.024669 1.002718 1.024998 1.041125 1.055136 1.029879 0.844351 0.844352 0.844352
1.051064 1.038742 1.017230 1.043747 1.060168 1.073478 1.048224 0.855745 0.855746 0.855746
1.058039 1.044076 1.024010 1.049289 1.065037 1.080766 1.053541 0.861024 0.861025 0.861025
1.042545 1.031938 1.009225 1.038232 1.054966 1.069647 1.043058 0.842102 0.842104 0.842104
1.057109 1.045631 1.023475 1.052347 1.068748 1.084179 1.054338 0.851185 0.851186 0.851186
1.051936 1.036131 1.013761 1.047196 1.060338 1.078795 1.049178 0.838377 0.838379 0.838379
1.018682 1.003377 0.981714 0.960560 0.976256 1.045972 1.016211 0.793867 0.793868 0.793868
1.062121 1.048914 1.023421 1.001521 1.019244 1.090357 1.059333 0.826129 0.826130 0.826130
1.066238 1.053963 1.027588 1.005541 1.017007 1.094733 1.059309 0.822765 0.822767 0.822767
1.081758 1.069259 1.043276 1.020392 1.032458 1.111365 1.071179 0.830830 0.830832 0.830832
1.076789 1.062781 1.038446 1.015360 1.027480 1.106081 1.065668 0.817108 0.817109 0.817109
1.087380 1.072409 1.048680 1.024692 1.037023 1.116569 1.076272 0.822739 0.822741 0.822741
1.047098 1.029365 0.901983 0.982493 0.995400 1.034628 1.033074 0.788106 0.788107 0.788107
1.062172 1.055369 0.927769 1.011206 1.019653 1.064864 1.061697 0.787663 0.787664 0.787664
1.101034 1.093480 0.961010 1.049142 1.057100 1.104813 1.100713 0.811836 0.811838 0.811838
1.099539 1.091996 0.959706 1.038622 1.055122 1.101855 1.091666 0.799508 0.799510 0.799510
1.092153 1.091841 0.954102 1.023555 1.054870 1.098535 1.092892 0.797826 0.797827 0.797827
1.102820 1.102505 0.963421 1.032989 1.065173 1.108660 1.102965 0.796846 0.796848 0.796848
1.108129 1.108832 0.967168 1.035994 1.070460 1.114163 1.104982 0.799558 0.799560 0.799560
1.090261 1.090953 0.951573 1.019656 1.053579 1.096199 1.087556 0.762192 0.762194 0.762194
1.108702 1.108590 0.965904 1.034324 1.068017 1.114801 1.103352 0.768777 0.768779 0.768779
1.109368 1.103053 0.970969 1.038541 1.050824 1.119440 1.107709 0.769873 0.769875 0.769875
1.123841 1.117506 0.983691 1.052090 1.064593 1.134108 1.122160 0.774189 0.774191 0.774191
1.111318 1.108935 0.976146 1.040136 1.057361 1.118304 1.112410 0.764274 0.764276 0.764276
1.117231 1.119494 0.984143 1.046758 1.067671 1.130611 1.122210 0.770866 0.770868 0.770868
1.089315 1.090210 0.939448 1.020603 1.039742 1.101035 1.092854 0.729056 0.729058 0.729058
1.138020 1.138919 0.981453 1.064943 1.086076 1.150297 1.141534 0.761382 0.761383 0.761383
1.127331 1.113360 0.970853 1.045897 1.075875 1.139492 1.130432 0.748181 0.748183 0.748183
1.124179 1.112887 0.970231 1.038671 1.051425 1.131530 1.125231 0.747674 0.747676 0.747676
1.110539 1.098468 0.954055 1.021355 1.033896 1.117722 1.107479 0.725948 0.725949 0.725949
