0.990721 0.989771 0.992655 0.992573 0.992681 0.992848 0.991134 0.986709 0.986709 0.986709
0.979022 0.980656 0.980785 0.980853 0.982269 0.980928 0.979235 0.973185 0.973185 0.973185
0.973662 0.986039 0.986741 0.988460 0.988323 0.987211 0.986947 0.971449 0.971449 0.971449
0.987613 1.001631 1.002271 1.002254 1.002244 1.001356 1.002479 0.986596 0.986596 0.986596
0.973453 0.989012 0.969030 0.967428 0.988257 0.983060 0.988768 0.970750 0.970750 0.970750
0.978147 0.993781 0.965748 0.976020 0.986919 0.992181 0.988811 0.969106 0.969107 0.969107
0.988451 1.006595 0.973405 0.988652 0.999587 1.000073 1.001446 0.975364 0.975365 0.975365
0.990214 1.008891 0.974545 0.973475 0.998508 1.002012 1.003232 0.974917 0.974917 0.974917
0.949546 0.963860 0.929944 0.930727 0.975292 0.979198 0.955937 0.942552 0.942553 0.942553
0.985216 1.004247 0.967633 0.966695 1.016388 1.021727 0.995290 0.981173 0.981174 0.981174
0.978935 0.999988 0.933218 0.961732 1.009557 1.016775 0.990470 0.968878 0.968879 0.968879
0.989465 1.010745 0.943256 0.971547 1.020416 1.027152 1.000579 0.968637 0.968638 0.968638
0.990720 1.010537 0.944419 0.972449 1.021477 1.028289 1.001292 0.958248 0.958250 0.958250
0.987462 1.010752 0.944620 0.969038 1.022597 1.022014 1.000478 0.953491 0.953493 0.953493
1.002355 1.024466 0.958894 0.982357 1.035912 1.037586 1.013990 0.967422 0.967424 0.967424
1.003416 1.025794 0.959909 0.983724 1.036117 1.038685 1.015401 0.967114 0.967116 0.967116
0.983841 1.012441 0.942016 0.956970 1.022531 1.022221 1.003452 0.952652 0.952653 0.952653
0.997913 1.026979 0.955543 0.970657 1.037215 1.036900 1.017804 0.959181 0.959182 0.959182
1.001090 1.022756 0.958585 0.973747 1.041347 1.032636 1.021044 0.963002 0.963003 0.963003
1.000546 1.017724 0.958075 0.972695 1.039415 1.030013 1.018655 0.958292 0.958293 0.958293
1.001261 1.014339 0.955584 0.973818 1.040615 1.030283 1.019351 0.954879 0.954880 0.954880
1.000338 1.014811 0.954323 0.972114 1.038900 1.029566 1.014618 0.946720 0.946721 0.946721
1.007638 1.022173 0.961960 0.979414 1.047137 1.037730 1.018646 0.949160 0.949161 0.949161
1.009628 1.023404 0.963878 0.980721 1.048636 1.039415 1.020775 0.948262 0.948263 0.948263
1.008170 1.022868 0.961601 0.977448 1.047278 1.038069 1.016274 0.945565 0.945566 0.945566
1.005247 1.020605 0.959425 0.973822 1.045382 1.037294 1.015784 0.939252 0.939253 0.939253
1.009589 1.024542 0.962864 0.978905 1.050038 1.042707 1.020331 0.937942 0.937943 0.937943
1.015571 1.030613 0.968584 0.984705 1.056276 1.048902 1.026392 0.939114 0.939115 0.939115
0.994806 1.009540 0.956305 0.970108 1.043643 1.035171 1.013852 0.912949 0.912951 0.912951
0.971126 0.996068 0.946605 0.960860 1.028815 1.025303 1.002708 0.878078 0.878079 0.878079
0.996279 1.024996 0.971325 0.989856 1.061019 1.056509 1.033578 0.894118 0.894120 0.894120
0.969874 0.994624 0.844593 0.959480 1.029579 0.989691 1.002952 0.865854 0.865856 0.865856
1.021997 1.048078 0.889984 1.002267 1.084353 1.041500 1.049590 0.899753 0.899755 0.899755
1.019855 1.040033 0.892239 1.003642 1.064021 1.043016 1.050895 0.898608 0.898609 0.898609
1.032739 1.053171 0.902829 1.015978 1.076841 1.055966 1.063812 0.903606 0.903608 0.903608
1.037396 1.058084 0.907040 1.020560 1.081680 1.060628 1.068509 0.903678 0.903680 0.903680
1.035417 1.056676 0.905035 1.019113 1.078970 1.055550 1.066709 0.901131 0.901133 0.901133
1.027246 1.047567 0.896256 1.008558 1.067077 1.047278 1.055804 0.886745 0.886747 0.886747
1.012614 1.044851 0.895969 1.004162 1.064899 1.044981 1.042127 0.878203 0.878206 0.878206
1.020388 1.055377 0.904799 1.007698 1.051629 1.048579 1.048227 0.886826 0.886828 0.886828
1.008668 1.042385 0.890297 0.991547 1.034774 1.036461 1.032365 0.861620 0.861622 0.861622
1.029765 1.065181 0.909095 1.012425 1.050028 1.058285 1.049865 0.872677 0.872679 0.872679
1.041886 1.076425 0.920246 1.024531 1.062683 1.070742 1.062518 0.877824 0.877826 0.877826
1.041662 1.077833 0.921303 1.025755 1.062480 1.071760 1.062191 0.869744 0.869746 0.869746
1.050221 1.085939 0.929010 1.033801 1.070254 1.080158 1.067586 0.874137 0.874139 0.874139
1.024719 1.057806 0.904942 1.008481 1.034633 1.055223 1.039933 0.825297 0.825299 0.825299
1.055393 1.089189 0.925735 1.039653 1.048309 1.088188 1.072500 0.848788 0.848790 0.848790
1.058381 1.077885 0.927038 1.033660 1.051278 1.091269 1.075177 0.844365 0.844367 0.844367
1.040913 1.059171 0.913342 1.014965 1.029570 1.068693 1.052998 0.802899 0.802901 0.802901
1.058618 1.077186 0.928877 1.032599 1.047458 1.086870 1.071293 0.791151 0.791153 0.791153
1.092701 1.111832 0.958783 1.064552 1.081028 1.121894 1.105606 0.816331 0.816332 0.816332
1.063678 1.082302 0.933317 1.036277 1.052316 1.092096 1.057572 0.771551 0.771553 0.771553
1.076240 1.100695 0.948711 1.043249 1.069498 1.087264 1.070926 0.783004 0.783006 0.783006
1.076072 1.091321 0.948563 1.040471 1.066651 1.080908 1.070759 0.762869 0.762870 0.762870
1.089488 1.099368 0.955537 1.050826 1.078205 1.091350 1.082295 0.766650 0.766652 0.766652
1.079060 1.087536 0.926563 1.040768 1.066601 1.079604 1.070647 0.736532 0.736534 0.736534
1.116075 1.120104 0.953920 1.076470 1.099891 1.116557 1.107374 0.754025 0.754027 0.754027
1.112829 1.098326 0.953291 1.077777 1.094673 1.117724 1.108668 0.749695 0.749697 0.749697
1.115267 1.103145 0.958118 1.082866 1.092075 1.121108 1.111976 0.745576 0.745578 0.745578
1.083185 1.071411 0.930556 0.996198 1.008430 1.090192 1.080201 0.708067 0.708068 0.708068
